# Created by Octave 3.8.2, Thu Jun 04 00:09:15 2015 PDT <charlie@dicke>
# name: outString
# type: sq_string
# elements: 1
# length: 114
Slope	Lambda	Gravity	Lambda	MagneticField	Lambda	MagneticField^2	Lambda	AttractorTemp	Lambda	AttractorTempGradient
# name: om
# type: matrix
# rows: 187
# columns: 31
 -9.481676986213618 0.0769235503840708 -74006455697.79898 2.744910569475642 0.1498771513462206 0.04696307274674072 -2.106923888172508e+19 692.8065736938098 1208.036258625347 0.9668421486894999 43.81324251244016 3130.339981176798 3605 191644 1 -4.259198962498581 -0.8290421394783278 3.099555050512981 0.9076463241814769 2.608425278265105 -1.381530939021216 3.6634720985335 0.002577633271273676 -9.378540824144022 0.6139962339927152 -9.739481447911778 3 812.6319830417633 2391 -1 9.273618278632099e-06
 -10.27943744325152 0.08185733368456601 -174006724566.1561 12548.59601386925 5769.745085173707 0.05424119833322734 -3.87749481253012e+18 390.3314783668293 390.4117871364636 766.0769379174011 555.8729127311384 2987.59050001647 3288 127772 1 -3.959303394337067 0.430399786463671 -5.352089118744282 -0.7691803809194848 -6.080054725681863 -0.001704820074209612 -1.829917177721958 -0.01166218125981276 -3.733452317114912 0.6495402205451075 8.083231561516468 6 547.0384790897369 2391 -1 2.825241200551472e-05
 -10.38905147480574 0.1087037720234754 -21201108.82521364 0.1690456540788401 63654.86602717097 0.4887915812387721 -62.79898304011949 38271.8098726253 3511734.804931328 1.324779436139884 12.45050193791297 3117.491371249613 3675 127767 1 -4.68340238709019 -1.477080011492253 8.053758546241559 0.5454983637781847 0.4725492976554495 -1.143904798617014 4.335381415787819 -1.159057144149407 6.772557711624358 -1.96089905599784 5.374250397093523 9 550.2622389793396 2391 -1 -2.573260161344807e-06
 -10.11460258182693 0.1386758710183017 -2104503.138156509 948.2572985251201 68.45158785091211 0.3813838708805489 -351.796734654444 54561.98269453718 6550135.552825366 44460.4423555199 5240594.872082246 3102.566420417957 1065 127760 1 -3.286383549742978 -1.522972218264394 -1.272572536607848 0.5542321093149889 -0.7884600286950176 0.9463231946037398 7.228085412311696 0.2894775279011395 1.071287353661679 -1.795866742001694 -9.014298190634952 12 546.4566819667816 2391 -1 1.540413862669763e-05
 -9.62843293946683 0.05894715692372408 -277762864010.7359 2624.985605163517 1175.307322193085 0.7194150896582102 -7.719953752634004 4045.140582803755 37552.07076979952 1.273671146822549 19.08988935372159 3142.334276885815 1710 191635 1 4.301533502658178 0.9987523060140799 4.146303694558157 -0.7840063833217235 -6.863597021097902 0.7831468108426485 -0.4247085304578717 0.4683155523943773 0.2016514240608109 -0.04385564577503505 -2.723153917954042 15 813.5524151325226 2391 -1 -2.190353922773908e-05
 -10.13778464581592 0.09479872476538947 -1379199799.339037 1.209711472477029 1.036954874077133 0.06787184056575903 -64940085355624.77 3172.880653393202 16432.3412773966 661.3315456310515 262.3915694883588 3181.571252260263 147 121162 1 4.653521954484859 -0.2266214415073842 4.353707024610258 -1.822644988645552 -0 0.1154257942730914 4.524490095636881 0.6166095481526188 -1.779901061614433 0.9510651312391025 -0.236752001024735 18 548.3730289936066 2391 -1 1.249641765389258e-05
 -10.34510712964579 0.05968938098153716 -3861018551403.983 1496.419692875029 77.83279219073756 0.3066346843662252 -834.7451746070878 142.4563463627479 41.90929076888788 0.1052493387376863 1519584314.575207 3035.604452062712 3593 191487 1 -4.284176752615271 0.6259290208349104 -2.22618010448429 0.7775184009505356 0.8879679404149976 0.3067294399701836 0.8829895386604023 -1.480541526369986 5.430586187602608 0.03926230859505877 5.455715932480737 21 654.3369770050049 2391 -1 -6.503816436435744e-06
 -13.6161707850404 6.007305564351271 -0.1115076601994709 422.8806738045216 24.50350189192414 0.1722335343113819 -377454.0902778285 13841.47431088087 498269.3244986787 1.732025925508548 8.440117196438438 3143.770437670002 1335 191556 1 -2.662304748966529 0.9538299331503026 8.254840581732239 -0.9647198399161603 -0 -0.7151680891785555 -5.666531457262121 0.4441956943624348 -0 0.6418331668450508 3.018107216383144 24 640.4606399536133 2391 -1 2.493600531851689e-07
 -10.14890036568001 0.08523092412675158 -602488676.5642544 723.7108197881929 76.91426546788307 0.06275640908592031 -24384390899239.47 21706.48850522885 1122839.567642527 1.311118376815024 4.981093818558294 3165.020099373366 3729 191647 1 4.369251532617184 -0.6317795395726069 -8.650634630539972 -1.802882740374508 -8.270315788710628 -0.1668482362307185 9.519918281928257 0.7541982261329068 -3.717502957595195 0.5353934796354034 -6.129015332640208 27 654.4620409011841 2391 -1 -1.052484686582145e-05
 -9.205397232296718 0.1247573894730607 -884169.2937888918 462.6603242698764 32.74714700510196 0.1732638505977767 -128115.6599869956 97.58967228632586 33.3891451758636 91.25031485625532 27.92927968626569 3074.982087888577 2645 191637 1 -4.513322685584092 -0.8490656639856091 7.357815471554854 -0.3446667985723906 -0.6544712918743607 0.239417217041439 6.937777931641635 -1.357435814948821 3.820662093977777 0.09440511372619519 -3.908746263729027 30 647.2573080062866 2391 -1 -1.451009941745394e-05
 -8.902840705904284 0.03554930488893072 -4.706511075098454e+19 6022.482950477393 8326.603010708361 0.2066063496112158 -24534.3565500873 287.045754559126 236.8141842032315 81835.76567269315 8318740.947583643 2997.02433982406 3545 191650 1 3.927294311343256 -0.8992709626173188 6.126784422847376 -0.3364741947565566 2.161808086936612 0.2685737892884167 6.322367059955123 -1.462368976143738 -0.9857849547064252 0.7185339645200775 -6.125034638331022 33 645.4104390144348 2391 -1 -8.666052448026428e-06
 -9.783353831513599 0.1433212979320854 -272991.3298330474 0.1138727799884768 26475625.58383142 0.2061141720638712 -43227.37816128169 4489.411714655141 49422.17912711314 3.679384297106331 2.613222905294426 3259.117131708315 1154 191655 1 4.37060561965275 0.4681643287148507 5.523167052432655 0.1634487859000488 7.319244139092552 0.1831734797518489 7.465758547171845 0.568485790083316 -4.340276832012782 -1.21020104505362 -8.896607085159459 36 650.2560880184174 2391 -1 -6.129171705114249e-06
 -10.39311046293408 0.1718962251638494 -75932.57161885237 0.4019656788431923 51.75044697499997 0.1517966915058323 -2379019.307999465 1273.365265002977 3033.732116524023 0.1409960097817533 33999749.49321671 3203.172872390066 1698 127776 1 -4.086819318136372 -1.247247264627678 -4.37206846271013 -1.302300330393524 -2.137911740027179 0.07554342491789477 -0 0.5501470264366226 4.874502940145241 -1.455387971997501 3.393947649544039 39 437.420245885849 2391 -1 3.229719877798222e-06
 -9.676506921987617 0.03546315144686511 -1.344995616472172e+20 0.1915640496152128 -16226.83023328275 0.3044166817380898 -1186.021579288674 786.6293250558115 1553.543048445872 4.442699659343105 1.177126337480902 3188.289953023397 4022 191662 1 -2.453579160444061 -0.424964879132296 1.128034267507706 0.4349779127495784 -9.288262218213291 0.5705425571956533 -7.739101986112908 0.5172119826208021 -5.758809072840544 -0.9915841782355583 -7.936970161274925 42 646.6428828239441 2391 -1 -6.968478689368292e-06
 -9.502677614660701 0.04637699383942202 -1938196910438022 2.06008204452788 0.1642431268984458 0.7273509892388458 -12.82098494781387 620.7985310839334 850.0573448033894 0.07162099013105815 807106950561.5751 2942.295758405479 3105 191659 1 4.505155787882914 -0.533866453774225 -8.114177676433535 -0.3591252420123974 -6.51302496316892 0.6347598260271101 -1.451668314788157 -0.7933140572316235 -6.352147445586639 -1.088318978820817 -0 45 650.40087890625 2391 -1 -1.140791039346925e-05
 -9.53293281360636 0.05895103500895064 -238371693925683.9 1128.128841648128 75.35249906844436 0.3328443799667732 -1291.228762043344 41.12302377649053 6.86088065324807 2.345868921229935 3.482696699396096 3032.652696542312 3672 191579 1 -4.159241695673389 -0.9502431077311098 -3.338830097657091 0.6971822850681031 9.38615223107853 -0.8568598092031392 -4.763088165002737 0.5966542972244215 7.309166751027933 0.3689288712117356 -5.758373115563298 48 647.605446100235 2391 -1 1.64768737617239e-05
 -10.44816666284417 0.1541235915118505 -244018.2937690032 2157.425309208297 237.4708566525647 0.3248088919103228 -820.3542735933556 610.891908932226 980.8361950640733 1.208474483429126 17.8895785348213 2871.497634444663 1996 191662 1 -3.275907359543927 -0.6790027679528876 6.949547530412769 -0.3096466985867332 0 -0.2091558103054982 0.6396226070684938 -1.383141451442519 2.562262265409913 -1.368115728648155 9.419337416054775 51 653.6151719093323 2391 -1 8.408008518363981e-06
 -9.900903385389514 0.06398547536368399 -1858267082591.994 3459.609826034043 2328.122384959039 1.296017518479088 -2.536248138956591 628.5945686037185 1097.24902363714 486.6654549504797 347.9495120051465 3090.798437204494 5234 191656 1 4.491868680006764 -1.521469135069343 3.124523800114597 0.504654636587945 -6.902613600975867 0.9310372714910136 3.243319290446641 0.1522525660403113 -6.844724526840826 -0.59928743424482 -7.446357765227273 54 647.5059521198273 2391 -1 1.243398674598382e-06
 -10.2723407788531 0.07628340262610719 -24162865385.13162 0.2361700693079583 3777.17630724223 0.3105166586755304 -968.684152149285 2102.837707478172 9038.483292800927 6575.421080186942 58927.21800757977 3056.129638198379 4084 127761 1 -4.493712655276772 -0.008497142974706103 6.784703579280575 -0.684318170156363 0 -0.4259172765094563 -0 -0.4999643856009968 8.872991477455292 -1.202371195454198 -5.294495782806156 57 442.0138220787048 2391 -1 -1.324371047085644e-06
 -9.647128441988926 0.06555107607268433 -96060710822.68452 5106.829125935544 2952.11687612417 0.3144956720854541 -658.835899507668 1045.438554729681 2620.376864436952 3767.494252108509 28248.0686277702 3364.105101730723 2143 191656 1 -4.319781537378568 -0.6139406491236148 -9.757493328615855 -1.009051363273849 8.837128277563828 0.57949280487315 6.744976717912997 -1.989703926533608 1.902283614200677 -1.796305463876349 -5.392443200991888 60 648.5009438991547 2391 -1 -1.447880326108659e-05
 -9.621761985918297 0.04688627826850212 -2.454116653696613e+17 1.507375772531153 0.6148969046475735 0.444267029615125 -160.6767386000118 685.3636759206198 878.4028082130741 0.2309295897335781 -108534.7996644849 3166.134700637036 3767 191663 1 4.087379323002971 0.3412274949089586 -9.966339831389551 -0.3134208245840995 -5.579661552979347 -0.5497880076627908 -3.507717507872996 0.3682519626794129 2.969607700130081 0.5602406242069797 2.728854981263749 63 652.2655379772186 2391 -1 1.151376958082716e-05
 -9.637822989762764 0.100581761945201 -156683947.820916 755.9390252854599 57.40316359506498 0.1018607208295721 -1879563739.706678 120.3996059192582 38.89809642734157 104.488677645366 25.21786738344554 2949.51908258039 3128 127719 1 -4.125278138942209 -0.607545240187001 -3.927205690433757 -1.449363117216266 1.931537359588957 -1.604420861174183 -5.390772881365967 0.2437073314432503 -0 -1.732687792346346 8.270954487625502 66 433.4352262020111 2391 -1 6.104126728067421e-06
 -9.918343103024712 0.0768808699899752 -1200181260.451946 0.1982172462373932 10505.05051868773 0.05675422921162151 -50862271109840.58 161.4895062722919 64.46661938907359 1.085719185703267 12.83973099831528 3115.236630247342 1769 191633 1 -4.663015792967069 -0.3761894320049226 -6.50768655574378 0.9470241077490433 -9.747228335417725 0.3813752713305804 8.102181502662766 0.7411029707280279 1.169883530941675 -1.862754427625442 -1.726532199787854 69 647.7030408382416 2391 -1 -2.329812043767072e-05
 -10.33350164218095 0.07964356462748749 -6019033958.055542 1828.591463226974 900.1410791115529 2.124234197987045 -0.5531716144949613 99616.88968614949 26820815.1294639 7.754264680148396 1.69078427423414 2960.88625307414 261 179258 2 4.553097620829289 -0.5592717625685601 -0 0.3071101305947675 -7.015307523020599 -1.180312591159161 -0 0.8439664338232062 8.586561983521293 -0.6662056539875607 0 72 648.92742395401 2391 -1 -5.856778332904852e-06
 -10.15494379909457 0.0964080137516047 -208808488.5713103 8162.937926356605 6698.373425611931 0.08902431705652271 -12407877255.11029 5879.585820451093 95169.38528460439 1.359528375103746 10.25931448037604 3223.194231585333 3401 191617 1 4.671072822603156 0.1210418979529284 6.689829310148363 0.9157499363859456 0.2363642176693896 0.05161337630643811 5.157501241241648 -1.564131420241742 4.366074611723183 -1.747673259391256 -4.204389751479098 75 653.3156678676605 2391 -1 -2.744826180198051e-06
 -9.444992435670079 0.08037143607163869 -1676177118.094648 0.03692818597763311 8.603695186785291e+20 0.2896595869333807 -901.8628259301216 27684.9958166011 2002757.82747467 0.04255715842815332 2.57998360700046e+19 2960.992249447788 3588 191615 1 -4.649737470738604 0.06585935985937132 1.18001964303436 0.1527963804682826 0 -1.729130795906887 9.91729879563904 -0.1990487187691619 -5.413328488642783 0.4117329716976461 -8.012566773025084 78 648.8142559528351 2391 -1 -1.177227275583646e-05
 -10.19743984528967 0.1022819928019404 -59480628.13294423 19.55485525999296 0.2444614079126727 1.441273091976201 -1.769992975024325 82.55943159572743 22.0324465193111 44253.61331732501 2391474.644148064 3194.115160672852 932 191639 1 -3.996330061615753 0.04166329792347324 1.487033045672094 -1.05906636409634 -0 0.9733318264625881 0 -0.4271966214530316 -1.286637792639709 0.5343361539793081 -3.192229687760035 81 656.6561880111694 2391 -1 -1.822071761789673e-06
 -10.17469836810147 0.04574618500490803 -3.658888561702594e+16 924.5461597310559 59.62948142058118 0.6956025613138397 -16.5017685371438 1154.339697053489 3865.758489049349 1.431002009875363 14.91789089874606 2922.842941073689 2803 191655 1 4.652022927520462 -1.750087949106705 -1.438133201541971 -1.798735222969947 9.066773814499768 -0.1909882139470866 0 -1.214362408574184 8.588353022121389 0.1279334316405083 8.881069695316125 84 651.0545420646667 2391 -1 -1.679740242159003e-06
 -9.424417756364114 0.04142348701724962 -2.745760393451681e+16 392.0466646092316 11.67997477152434 0.07435226006294925 -157772870960.2976 100.3878141697131 28.91725235693763 0.1153114774862709 79434562.32604121 3212.638788668542 3154 191639 1 4.233724775858514 -1.448749089565276 -6.117044760287446 -1.619511076871746 -8.578433959521673 -1.959112690665897 8.762801363766213 0.8717466364846049 -1.527491930838612 -0.7855899526112324 2.452589640453452 87 650.3303427696228 2391 -1 -1.697072448035543e-05
 -10.44216020218263 0.1484636140112324 -650554.5572451469 15.30248854961761 0.3576777232722163 557.586417052798 -184.3589243027051 4243.77930284315 46585.61274609886 1.405912338939455 9.88576902666011 2892.283420790101 235 184482 1 4.666019078914928 -0.7651548352631288 5.462280649712831 -1.809762474516789 -7.058720485586091 -0.6990795318947791 2.399418385920645 -1.958060314323391 1.49813539508324 -1.255106183518354 6.475813567055173 90 651.7979381084442 2391 -1 4.894568039825935e-06
 -9.909529110129565 0.07483876375349988 -6979260688.690595 3529.610570050848 1447.067247761282 0.2851956965640166 -1405.701059166788 70759.17107252739 12416315.00822668 28138.10489209005 2111100.096270488 3165.10511737384 5558 127767 1 4.676418530899401 -0.7899368404141782 -9.665293715959917 -0.2059830118846939 3.572716641980157 -0.3257387463327604 -1.408729246330682 -1.321041395675262 -9.503624329996043 0.9791141140558546 -1.603109508022064 93 437.6352710723877 2391 -1 -1.511619550263401e-05
 -10.09694814022172 0.07349108532176622 -2269307195.027712 223.8112549704702 44.79457619913553 28096.67795783635 -675129.2265989542 480.5175457656323 596.0115622371264 4.312842507072644 1.998718774567321 3079.611550666175 2600 191627 1 3.90040406798974 -0.6774077621270475 8.17726965048961 -0.5559501712319168 0 -1.975858866314137 -7.555664781862589 -1.177402462043371 -7.025959433907245 -0.238620319712954 -9.788439230134268 96 650.3601150512695 2391 -1 -2.520822645413032e-05
 -9.947950809858972 0.04426020406991071 -4.364994896497934e+16 32629.20170734769 210691.8991205536 0.4792037372338313 -65.09550111783237 446.5482384258951 372.5269447286584 1.244145966387654 1.917960784693955 3139.73953849665 4119 191663 1 3.896686241298694 -0.1174825224129421 -9.818388835464692 0.07797180535970843 -7.93593634571887 0.6461026651728585 3.56464673771749 -1.473604476067957 1.564196696070207 -0.7650909041761267 2.940290605320214 99 644.8631639480591 2391 -1 -5.872532809840351e-06
 -9.646581966667773 0.08154007173428199 -27475967112.97664 3.213259107289616 0.1142970536119289 0.1732119994881506 -745364.9377829705 1256.318898650637 3533.939682047842 2.196333141730334 2.191560395466893 3168.358559803707 4902 127776 1 4.549139344686042 -1.143930991814907 -6.815194846049976 -0.3772026425708415 9.54290822926512 0.3803660570909058 -3.6802353238475 -1.720751970927517 4.448259487056451 -0.3453814808513487 2.630325594025351 102 441.4754800796509 2391 -1 1.134015863368356e-05
 -9.968009238657402 0.08047170783667862 -71904891941.02858 3.144041217417219 0.1569596820931784 0.3165791665031378 -2217.667002049255 3822.527229211046 40019.68569590708 1.29310822480021 18.72311056015593 3099.057539170271 1460 191658 1 4.593491880349591 0.5774135286652329 8.109553335490238 0.6604202735247973 -5.191541893278717 -1.319123474617956 6.962571036301096 0.9219796308164678 -5.760625075415126 0.923590407006067 -2.536046142402108 105 651.9823350906372 2391 -1 1.9086068293264e-05
 -10.69020360302554 0.08747120019827218 -595579636.1767241 5.685504778006675 0.1166435559170958 0.05530123490033274 -1034342055613546 66.31586270783404 17.28545738612299 1.65089216952923 9.892215328745534 3032.872018686943 664 191640 1 4.536386245832799 -1.402248877826583 -0.2536702189240954 0.8995683920776454 5.343150224119772 -0.5600363694876425 -7.96749469805615 0.2949252304541443 6.928048608623005 0.4489169717328236 9.189728536670271 108 656.4032888412476 2391 -1 -1.055829470857838e-05
 -9.489338153303498 0.1125504659255489 -244142279.4098577 238.1205140553795 10.27559173244971 0.1193277202877406 -695150703.7497195 166.0742457476766 78.95789200904282 7675.090733749749 57023.64753970719 2826.261346751851 4054 191634 1 3.515693534951935 0.5189493077457978 4.007583589328992 0.2868143882350673 -5.225168801450881 -0.002842182733229714 9.20740193808842 -0.07017078714930405 1.105143037762398 -1.724522527195215 -6.612498282703117 111 650.7183830738068 2391 -1 2.862386060419598e-05
 -0.007582096538108083 17301.80128300406 142541.7279847956 13766.84241040812 39358.21287925718 0.1190372253509736 -120044130.9105033 100.4864713124509 24.99694072537944 1152.134271263472 -3374.411984623774 3297.05033450621 9831 159719 1 4.49876331697917 -0.9873031850257821 -3.043234042275091 0.4980524164880951 -9.09510421065368 -1.633204540644184 4.188710384058341 0.4350523704927736 -5.157348728071549 -1.987279625956231 -0 114 550.9509170055389 2391 -1 8.015933645264172e-06
 -9.704191656418908 0.07961099143328665 -322870156.075069 2295.855573135324 735.6862207009144 0.06673921858127051 -434313055168.4397 151.2515300284795 61.01923394350229 1.451060295769173 10.62763783652609 3147.020243636086 2668 191664 1 -4.55634277948857 -0.04423278641275192 -6.189053562845633 -0.360314574486333 -5.910574845751338 0.5519265422893493 -7.950668486542138 0.4231111316992764 4.636414760883158 -1.000981339383026 -0 117 653.1496639251709 2391 -1 -2.809251891375123e-05
 -9.677784173964371 0.05010432722978496 -5843671490627433 1.912474117122952 0.2502357695134522 0.2598731719237458 -4052.107635999966 98.84101153131589 34.96671831955508 72074.27321273292 18268800.72062708 3004.260003512466 2233 191664 1 -4.437200055951482 0.2017376148751961 3.786198157399675 -0.07400786744104611 7.761678444123504 0.5106223594533503 2.92064085778773 0.9236904121402398 7.395874847137774 -1.802070982099196 7.616553358982628 120 650.4798920154572 2391 -1 5.491881074736794e-06
 -10.07961980153671 0.06783706003819469 -41436895299.44386 91.94849087553399 0.7857849327439068 0.2550494324831347 -2578.761818267208 81.50681552858467 18.88949551599298 10011.00087769222 159102.5723208641 3200.405261119475 1171 191418 1 -4.645856815605049 0.4964249164467045 -3.291174569650427 0.3469536678463831 0 -0.9799555826995476 -5.845609245106335 -0.3936545641148986 -4.453688960333126 0.3825463552866601 0 123 640.9550139904022 2391 -1 -1.426105325099553e-05
 -10.08847280993692 0.07420265698238196 -35904681294.70068 0.3047893752546191 -129.4577516989536 0.144781656743691 -2729184.536654418 1182.565447767503 3637.302907229722 1.375925156765525 7.802975498721483 3110.26634813805 2213 191660 1 4.31414773106175 0.8147115336193607 -9.704567660577455 -1.990857812557127 -0 -1.929496011204791 7.15440564901605 -1.126962889620788 -8.955903721804686 0.5132760218443497 -0 126 654.8217039108276 2391 -1 -1.895138034703083e-06
 -10.1929333147902 0.08176701269281385 -4537697683.415794 18100.49867710225 58162.54254940444 1.579482224546312 -0.6859096497918326 2798.39200683022 19569.48959535299 1.912137612021678 8.228810938257354 3045.77023023341 811 191644 1 -4.683163419827753 0.3684852995329057 -0.8933533167554675 -1.114343270074314 -7.125801358717311 0.6411210027087875 1.410286783089181 -1.43753783339691 7.462567356647194 -1.444045626713775 -7.494275073358214 129 648.4994602203369 2391 -1 -2.918740125710594e-06
 -10.22398537705297 0.1107860846593427 -66060258.46669088 2555.884353524583 947.5378408439288 0.04901885706864199 -4.021893858424091e+18 174.7187165919751 89.15770884968185 0.1219719064241134 -240908883.1297038 2968.098828437693 2565 191663 1 4.641739117468624 -0.6707195158991217 -0.004471704945136601 -1.863593978095691 4.580296237609175 -1.835974235663122 -4.632133742611541 0.761963381847663 5.619822702821992 -1.553723359561707 7.855441870931786 132 648.483381986618 2391 -1 1.011323291585504e-05
 -9.996790852912493 0.1815068624721309 -8454.808421735193 0.9610706539757646 0.4720331242450345 0.04657852931448909 -5.368013636730865e+17 121.6252756654232 56.51025434986025 2631.221735015027 10512.0870365043 2969.530189664657 852 191649 1 4.541388628589182 -0.2015197956643986 -3.470851006269346 0.7632868385979208 5.179780083553961 -0.8570065973890451 -6.610911698094054 -0.01139233402597033 3.66744045452223 -0.7702496746715823 7.102699256448179 135 650.9748311042786 2391 -1 -9.951310001291569e-06
 -9.672005571393646 0.04651532127361522 -4054990829933635 8.501761315279893 0.171226566816437 1.508617394741048 -1.005855337698305 708.5934417115933 1343.6464072604 1.578154792762617 8.180617088138314 3205.30038455043 3491 191661 1 3.696692699985179 -1.711641670334233 -1.360425989885861 -1.072001696160537 -3.583401790859511 -1.710289912513825 -3.320426647651817 -0.8240230411645246 -0.6585780925225091 0.7061191965081015 2.040278616062672 138 650.7914819717407 2391 -1 -9.036530091778614e-06
 -9.787210139868201 0.05923213978608525 -6151080877623.175 25825.2708525309 87979.98613504844 0.07443493154965027 -941897039491.9911 8172.222562087383 166058.4193747047 57743.05463835306 5530409.209440694 3084.503895804819 5032 191660 1 3.807919341297795 -1.983021983420387 -0.2108825277584585 -0.1183482690406814 -8.884304750451973 -0.7858863667195051 4.409995709248265 0.5786484884632612 -0 -0.3860673985639362 -3.498421798044653 141 649.4245309829712 2391 -1 -4.479677344185642e-06
 -10.80450475421377 0.1745645252378508 -34991.48445357449 0.04393986387261297 3.750588168398669e+18 0.2313115731489612 -11632.45749231369 21085.71241504549 859017.4991297835 0.2859670444086259 -8023.225035824186 3000.150432482303 3713 191661 1 4.643943485936046 0.3430817855189682 -0.7433831731975387 0.692402504681696 -7.720671735359906 -0.3433158868277655 -8.030449491466003 -1.317907377511266 0.6738288794770755 0.2544889187733874 1.743448887062729 144 648.3367750644684 2391 -1 -8.256041900837258e-06
 -9.73405122122646 0.08266332881421753 -48194481901.71126 2.414709163837061 0.3400063140786671 0.7985691532493318 -10.85983299422794 136.7160784160334 64.95433260955279 17851.81310981706 186934.2398668025 3001.915356671717 1705 191655 1 -4.375624936857434 -0.1561341067353723 4.333653183072285 -1.657238563854194 -6.200513548300952 0.8296256745055595 4.597603511757036 -0.4382349913448672 -3.74752347647258 -1.75957598518319 7.136043428400139 147 648.3417649269104 2391 -1 1.813297461193646e-05
 -10.24209899755228 0.1453837757870551 -248167.3716512852 80905.49083129797 548701.592257606 0.09885856545928472 -431423001.6451445 25378.74769878545 1849408.92337208 0.923698463691817 48.24690031082433 3294.183670116494 1070 191425 1 4.669752471258608 -0.9761693694966578 8.369071489217816 -1.86252852762067 9.319510055701427 0.4596932503045296 8.184989401462275 -1.203671778653222 -5.862914749191603 -0.07218655663007487 -0.4293682360908218 150 650.7459828853607 2391 -1 -1.056986888153695e-05
 -9.981203674950747 0.1118076823410464 -57671816.07827238 0.5048917912375015 24.60781151863661 0.09661431688858298 -12512325942.64872 653.963174734136 1188.712492037929 96283.53573388563 32096577.2941921 2861.604018723056 1069 191360 1 -4.605213249758655 -1.172465020983779 1.836960054295761 -0.661896464231515 -0.4888688909969989 -0.8578619764508222 6.393949280141851 -0.6708867153129336 4.18923248787388 0.8895688737799445 7.368899271617899 153 653.0308818817139 2391 -1 1.213211107324991e-05
 -10.35222140561331 0.1209186213386092 -2006366.967810934 0.1135373630283831 -11378155.90682471 0.1583025484225757 -177490.150780366 644.5334394127248 1076.098313179575 69366.10431349088 13314592.3752244 2934.68890471074 2316 127774 1 -3.752221726410986 -1.126639236136454 1.513673661115241 -1.894313798548418 4.69532424712756 -0.1663778546068055 8.270771262004667 -0.9829860329052407 -7.779613565282601 -1.884461387281597 -9.531331205588749 156 442.6200160980225 2391 -1 -1.403131189705612e-05
 -10.39971607637142 0.07291385302769447 -45095255361.57272 245.1381542087255 5.216800209098802 0.07928765492936933 -210362306034.6591 85.3292582296086 20.53683494941543 0.04341881183066887 1.279462972366872e+20 3039.567460303979 2009 191648 1 4.422167954446496 -1.992912884191875 -5.282689656598383 -1.617894004731232 -3.290244129608311 0.04048572056356284 2.358423251971164 0.2123606363209883 6.576603370629326 -0.4839294048250142 0.6865113116527333 159 650.9066431522369 2391 -1 -3.103969519942768e-06
 -10.36945992402729 0.1063550851110167 -71522482.97802095 2.650448488111089 0.1161883671844296 0.4531709072826214 -118.1836273455574 194.560314564096 92.33409784668895 0.1419382177872336 -8821183.552078119 3073.743880960587 1839 191661 1 -4.112248963266143 0.6608383414197609 0 -1.649372974389052 -1.060491122007208 -0.6238331461242465 0 0.1744868324296025 -7.795700055188295 0.5938439603578297 -9.085477501817534 162 650.4116508960724 2391 -1 2.678656316871028e-06
 -10.02094412025568 0.07540426620317643 -14041450286.97653 2435.610598803289 453.674030225674 0.132991417891037 -6741059.619508475 46.19107730182708 9.2600927349514 93.23263645027473 20.53824336785826 2954.798340456899 3559 191663 1 -4.576160753441466 0.05598697047422884 -4.15318378314415 -1.629329860120249 -0.9340969083224229 -0.4259239371991903 -2.620492415549894 -0.5105836116620672 -4.813106931075909 0.5617246112055634 5.230950098067198 165 648.8415651321411 2391 -1 -6.465789344960891e-06
 -10.34288250241256 0.1419662714355603 -589994.7238070662 794.7103370430118 44.36241246156775 0.3702080142411298 -316.3688983070554 176.1314116838196 85.53714152986814 1.485246814132683 2.519026840175513 3031.134007925727 4392 191656 1 -4.297185315998705 0.8674933671638541 -3.031320409600268 0.8719116018368926 -0 0.6657322470629197 7.351892866321593 -1.989427380063375 -0 -0.6431076330498637 -4.201099470138012 168 648.3536548614502 2391 -1 3.017151440295413e-06
 -9.784179204510393 0.06730628761837416 -612031166253.7208 0.05285095849651614 2.948832029245898e+16 0.2205682627177149 -18365.41312872903 48.70030077489204 9.145741203407109 0.412774089109769 852.0565686697034 3092.988116501629 2316 191579 1 4.471567718839168 -0.8034506073660426 -7.77048495071744 -1.19089121979642 -8.38871708919185 -0.6618344773223193 9.925859219703165 -1.362948131170583 6.687934968854092 -0.9886404049948272 1.46771023894384 171 647.7335610389709 2391 -1 2.147177354602714e-06
 -9.197731027859261 0.05029520433347338 -6.529553798818531e+17 2263.551743778401 310.6282439027208 0.5388651517702986 -79.81956185600339 21951.32983194586 1268193.291379329 0.1126999430668208 17813857632.54545 3185.606228567205 4299 191653 1 4.535445266729098 0.420169582819609 6.27838623607733 -1.638858186476261 -3.887628790950595 0.4162820500266849 -0 -1.759409483745348 -8.350999215910146 -1.946705597649279 2.524601936303271 174 652.721508026123 2391 -1 3.064156516472725e-05
 -9.858033033747994 0.06250854256127715 -634493932391.6885 0.246054635458976 1815.870557583555 0.1633127304480456 -227797.111367491 19441.97776710902 814516.330024106 1.340705729464495 5.174093347221111 3034.60765453479 10088 207632 1 -4.051245317658795 0.9226603703093925 4.796378636581809 -0.6279993068172907 0.2934985563637253 -0.7381341325891092 8.8084887317482 -1.502706580200517 -2.926993832175122 -0.2394547813054242 -4.774269627663763 177 699.5830910205841 2391 -1 -1.282996393798004e-05
 -9.84025150609579 0.04819525781068004 -210070239119623.3 6.800748950192099 0.0938334531412465 0.2098960540324337 -16324.13418883626 2526.952778090877 17526.71398188838 2.16346031523834 4.390292398491889 2851.623916875837 5749 191660 1 -3.988438226045204 0.1419565503924409 8.458601334049732 -0.02554770494432916 0.2028887035742297 0.01768936124320937 7.372057712356181 0.1453024936656671 9.513309167538381 0.7469824736097599 8.985830664106093 180 654.0703389644623 2391 -1 -1.706921619869599e-05
 -9.769232279434927 0.07704005826714298 -6647782034.845131 116.0807560824523 2.134077305451272 0.08734794982485494 -12972708827.95248 1010.638386883222 2143.543546203947 0.2802619005280179 -1286.160972229229 3251.86351133885 4777 191655 1 4.223604028657735 -1.280507194501448 4.033320462871239 -1.530702931734931 -2.893495887269014 -1.929587816667342 -4.476321598102155 -0.930211355427681 5.269712941269324 -1.776823834106044 -9.844019604678412 183 646.9802539348602 2391 -1 -8.822236311106233e-06
 -9.964611569663065 0.123532201260166 -5130018.666074207 2.642527175391541 0.1645712231877541 0.1464830937509384 -2967563.266926806 29827.86012468044 2178914.427970755 34089.30956824839 1522892.70330215 3115.177011274089 953 191507 1 -4.299359994828474 -0.1987606361449394 -0.3104597879301672 0.04283554788638089 -9.238563311509367 -0.5639275489241431 0.8355703384838566 0.03406518337758152 -2.118219707594821 -1.116595251888429 6.690206559016175 186 658.9964401721954 2391 -1 -8.877883393658641e-07
 -9.406423156630421 0.06986732482979698 -110807322767.3523 5.298105350673101 0.08766494082903507 0.1509692521882993 -1862705.188197474 3388.769220596848 33885.18696962993 0.0889515778164317 35030163472.19289 2870.319108099802 2637 191664 1 4.308310228125773 0.395881566663843 5.143520326034268 -0.1434273049051074 1.377733432449233 -0.5591641937802736 -0 -0.3639001940123965 -8.920296018270578 0.4952304988953941 6.021081613680447 189 654.1323449611664 2391 -1 -4.444058428366481e-06
 -9.273973940558774 0.1082065882278502 -21512999.24049061 973.6199768713138 114.4412098165206 0.06149962678171129 -51013883220107.55 448.9265772184346 528.0350805430429 0.04775437204765578 8.862201510491808e+17 3112.518793637887 3574 191652 1 -4.288032268902597 -1.122481208609553 -0 -1.127323709464894 -0.06892263015761735 -1.490195560257458 1.319112963717161 0.3523191189167973 8.464680032838436 -1.841196339079926 -3.202643731461545 192 649.6873228549957 2391 -1 -8.358086041648434e-06
 -10.17306923656462 0.08567309467226293 -2133306258.512666 4.57471491409988 0.1016233570975615 0.8284426253392837 -4.72286611940461 99.34697804241803 31.26710048979981 0.07576604021790868 1422777798949.567 2989.068240404154 2429 191646 1 -3.798409177115778 -0.1725754962958632 -0 0.4921863378224636 -3.657060622187133 -0.9296117752175341 -0.6108038987102771 0.6851795412846196 -7.137391807281086 0.6038783583234258 2.269658063619302 195 646.4038119316101 2391 -1 -1.316877080591489e-06
 -10.36713112045273 0.1104513932924069 -27820257.31422746 1.577219314326088 0.2737991884502062 0.4327764363226613 -103.7104113455846 63.24623893129595 14.5112080063106 1470.543028391301 5516.387209387226 3002.372476974641 2584 191642 1 -4.374554961266472 -1.820268049385863 9.449662454815005 0.6872818899001576 -4.157244141808846 0.5342499257045987 1.425947937540202 -1.836096103524383 -9.942060808793181 -0.8979558565324046 4.586125709819339 198 653.4733209609985 2391 -1 -5.983514183518185e-08
 -10.63828987862039 0.08062220746722204 -10143300964.44079 25871.40613783782 78695.75544022927 0.09136272648804408 -17782242940.1488 73.236481948521 17.19125838345295 14672.92412431218 281474.5292222251 3050.72457764706 4465 191662 1 4.612109534437208 -1.609863887282168 -4.567236919770012 -1.031483205119645 -3.336033602054171 0.7808773598809728 9.829052030438733 -1.061631662573308 -7.5424871867316 0.1377902663763355 -1.796629169026176 201 651.1350719928741 2391 -1 1.980679519107041e-06
 -10.25253364034445 0.2006819796336582 -19235.04207256321 315.6198968172357 13.43368768351167 0.5656224528000178 -37.04674058822582 1166.844655952903 3441.564199662158 2.30789926373421 3.647945226816842 3233.235886731371 2037 191662 1 4.353553857921649 -0.3335410721170798 -0.6485378939514268 0.3297915666544008 1.787245693832258 -0.6025597229594002 -6.5533547308828 -1.111083532675862 -2.266194612711802 0.7961370318431387 -0.2962873990152133 204 645.6564481258392 2391 -1 1.507265524097785e-05
 -9.933394558524386 0.04383033342271229 -3.751206610263332e+16 0.05212576871834392 -3311550018811596 0.2000002682141237 -46097.51967245791 357.9876974820542 279.7420520080576 3191.805132160093 15553.89678603019 2943.394365221141 5421 191662 1 -4.617298698156518 -1.030856333091702 0.2278311049856807 -1.105890789581252 -6.690348365286821 0.03438921178723614 9.240115868670406 0.7410738059490812 -1.280847086950761 -0.5322681401422065 0.83502967381333 207 653.3473389148712 2391 -1 -5.268480032434871e-06
 -10.30622751889998 0.09264880338637264 -330284803.1177369 0.1358911073216822 2312558.184974335 0.5901081747275797 -19.6024303489011 1180.029019095299 3160.681691885053 44.87423129837985 3.947329757497113 3019.382620510586 3311 191645 1 4.632243822179626 0.904289195884906 -4.108121021111111 0.2740923612284267 -1.964298407995357 -1.808688249523761 -0 -1.860148418968393 0.8201706015125918 0.900188636790241 0.5415933392675036 210 650.434207201004 2391 -1 -3.669678928627521e-06
 -10.30714558961582 0.08564717206808237 -2437417293.530467 13995.8774803931 1345.34964809125 0.3509823566405276 -341.2595922164875 47.44222761453622 8.792962926572285 64601.96866124878 12637670.52578569 3018.053916254249 1377 191619 1 4.301535455527937 0.286397541328629 1.481735546471047 -1.628086572101539 6.898600774443636 0.4586730756340534 -1.80875039924875 -0.8011288784745032 -0.1203642189972474 0.4958528992609468 3.23958833068587 213 651.1094830036163 2391 -1 -2.725418332230057e-06
 -9.745732071153997 0.1199543932120309 -4366320.644647815 10853.54143703994 22480.82986430479 0.7879115188150041 -6.227366785468671 133.3046112419957 50.64346696995437 11657.96593266955 343952.5840091394 3153.978709229997 1873 191653 1 4.155426202699028 -0.7893981072859297 -3.447930893263692 -0.5957038479173917 5.982780455853806 -1.105907583909477 -5.269902652342727 -0.990623412840999 -5.905809338867035 -1.767772627360066 -2.783060179389715 216 651.6611790657043 2391 -1 -3.192703698852298e-06
 -10.20107377269831 0.09880382888667714 -249808945.0118542 3.959512626046653 0.07769767993082558 0.2850626923111125 -2865.208657636429 15565.75294996319 616084.4388254185 1.927422564226642 8.928465334871948 3052.178962314316 2638 191645 1 4.640790027055206 0.2026934345798312 3.602677424667626 -1.620101618993221 -9.341786097471115 -1.855767882364071 -9.671705582636092 -0.5236252647925035 -6.976622940576265 0.8350047594122572 4.032233554503772 219 651.5602719783783 2391 -1 3.496562279697343e-06
 -9.71676802296972 0.06437415430978102 -12339494493505.63 324.6150020054678 9.138963818432051 0.3137667566055388 -2331.913362184162 39.52314630813342 5.997860620850127 144.0987298505854 18.18490560982998 3192.584600531205 3295 191627 1 -4.605907800221728 0.7209793786579604 -9.528316467620453 0.4108721866892732 -1.149825226839392 0.3801755697960054 9.952490700426136 -0.4716135252515761 8.952978274023954 0.8347930436777724 -0 222 656.0576920509338 2391 -1 1.479868003787234e-05
 -9.994736951500789 0.08949584602836484 -473891985.3812103 0.1110086300130618 -22032627.52383104 0.04215414719606646 -1.11328105915078e+20 184.4680802898474 91.63645997307609 1.299525547026808 8.258343334667529 3231.707192979233 1771 127776 1 4.387626626481303 0.03502990493088504 -6.694858221561394 0.413367991625742 8.161671739154922 -0.9990596091418862 5.959624102422152 -1.724821647972507 -6.008950227073313 -1.950788229676407 8.580962047726871 225 438.1929790973663 2391 -1 -5.042364055339312e-06
 -9.455727501743754 0.1311300816596803 -15695043.56205042 2222.130191617821 141.1807460057132 0.07896322272846386 -4706846090407.43 69.71894372006992 12.88883618784589 0.7561248266444949 42.18925232057361 3045.530987669704 5019 191661 1 -4.112068550142767 -1.984532354437753 -0.7911177332972343 -0.647696024013758 -5.95783803585074 -1.352544318995421 4.300550268470598 -1.740874777091737 -3.199169994353528 -0.2907209171256309 0.3507605282798529 228 652.9071831703186 2391 -1 3.121729112544155e-05
 -9.760905653573792 0.06506995525851805 -1869056418334.12 0.1989011293237942 21792.35376620189 0.3087437879015605 -1324.915379469461 20647.68520783493 876268.9653109119 1.104139930756671 24.83891237200533 3291.165311054677 1345 191648 1 -4.402200863935049 -1.663100530332939 -4.16158269146201 0.0645471367347259 3.704212885874316 -1.452953551315758 0.4034718491998408 -1.300995422637893 -5.569501937588468 -0.2746690822558904 4.648795521439799 231 650.2014100551605 2391 -1 4.732330781623547e-06
 -10.2316782736301 0.07539057814877242 -16028613133.86277 0.8420622458870316 4.054247057104179 0.4883490809560938 -52.00041658955623 5421.065520642029 48006.80293540672 2501.546014622705 -5203.604781295366 3266.426620140042 1519 191639 1 4.545774553296584 -1.410814189269575 4.296195834552062 -0.4252159346068876 4.382322135914817 -1.286376955281928 -0.4120074088704477 -0.8421276857183688 -2.803878517058963 0.2578166053153019 -0 234 648.4020040035248 2391 -1 -7.915945939522524e-06
 -9.608653742398076 0.05894074423890022 -12541321944000.24 2.513388058880029 0.1309243070886141 0.1101521747951979 -329310061.7452583 117.8132804904509 42.31047137290984 1.007696772852302 10.9290305576361 2969.93414295025 2068 191643 1 -4.360009161481178 -1.468003540546941 3.304490568367652 -0.7691508497120925 -7.106777778157499 -1.219010494879853 -4.316790073563229 -1.378676328579982 6.584126353626703 -0.4984846217931214 3.344849348497791 237 649.3840279579163 2391 -1 -1.9891196976602e-06
 -9.963471259206496 0.05415143561728438 -551386998588894.4 214.5610662309897 8.42216671501866 0.08818404377271616 -51544453998.98292 106.2379001408134 33.82739310286144 1.096164662243458 17.47721475146803 3035.561204951601 4785 191641 1 -3.334939576970056 -0.084211330604262 -2.317601723284433 -1.812207817256494 -0 -1.410183195492142 -6.905102786811828 -1.56948223574498 -8.089857396692208 -0.7876467578133308 3.311994284761647 240 647.8120100498199 2391 -1 6.116003311911896e-06
 -10.54597688309168 0.0747012339313279 -5528541623.887525 1.310805844218503 0.3537103600438241 0.1512317782753671 -942730.8819095241 1961.319749757179 8118.8568913791 0.225092064386876 48337.75068135693 2909.803203772646 5423 191633 1 -4.289187851793383 0.0728640977705184 2.345230748836933 -0.1769367845248855 -4.391218723642059 0.7993286364678309 7.735174311206469 -1.908953581751612 6.185192978521006 -0.2543334695274098 -2.507537551663484 243 656.3189811706543 2391 -1 -1.372925617076775e-05
 -10.40607341830596 0.0803286791532543 -103019085583.0707 0.3504478088481071 -173.9290244234326 0.1150699252523048 -950088391.389107 203.0208926764967 101.7864629534912 0.1369778822969369 168677789.6030959 3139.97983555774 6369 191661 1 3.851647121065639 -0.1325390589778941 -9.892882427708384 -0.09927684996914189 -1.806273884675555 -1.319583100147301 -9.549830638874239 0.7523974226512723 -4.027499759921091 -1.473814048814694 6.787001953815604 246 654.0300159454346 2391 -1 1.734290356704978e-05
 -10.38489305714178 0.05340598782543968 -41960071345788.7 0.04620998569609581 1.492783156210556e+17 0.1992563816662422 -48238.34496135799 115.6225901414255 32.02243060987021 11544.0979464682 62393.86126321798 3151.367665395414 2240 127769 1 4.698588639504126 0.03879750719212982 1.718852588050968 0.5842675789131668 -8.140194929711047 -0.54129966009834 -7.553999946605211 -0.9929346649394075 6.687227671347233 -1.331326544467881 8.911891624212108 249 436.4229350090027 2391 -1 -1.097274984341934e-05
 -9.808635903998271 0.06052848376053777 -80269474001825.2 2.860293394661542 0.1095099106301335 0.5671297887918086 -41.83031008423791 10.59140516998961 1.542052798665505 0.8073664864109756 43.28505659353505 3244.441003094451 2705 191655 1 -4.41349152822072 0.8433308545030087 -6.83398226046757 0.567076431842338 0 -1.663545191387528 5.604689606656387 -0.1398126636721617 2.452394770074676 -1.218960683976673 0.8450231706816842 252 652.2497868537903 2391 -1 1.365951280642126e-05
 -9.766747846975584 0.0624311035655439 -646410794011.0154 671.0493879807943 59.72730713998228 0.3371739696215724 -354.1808479468245 8176.011964316825 176520.2389969868 59156.05639694326 6922506.240470869 3109.255080925715 897 191646 1 4.461455411068476 -0.6984721863325367 -9.480076809521011 0.9014891071515487 -0 -1.709556247429703 3.788604741491997 -0.9661503793819319 8.317612731308573 -0.2210332531906048 7.682167089876129 255 648.6583850383759 2391 -1 -1.115787894948051e-05
 -9.865065722167262 0.06403514588386292 -49511336587.52179 306.6507822077766 8.690476496980885 0.2747138071746304 -1202.727728029707 6638.288208839543 126227.0498116346 1.206563287241883 16.10349948629126 3120.179765844229 1889 191651 1 -4.485865457292306 0.5396918093188265 8.377338390149431 -0.7698096765112092 -3.332301117925851 -0.9936702820062253 -9.958192781790997 -0.631230469301193 9.422123564009301 -0.3034913720729078 4.443680496378031 258 654.4962179660797 2391 -1 -2.232908536410977e-05
 -9.522718274683648 0.1028525986392741 -382317124.4506742 3.474942476576595 0.06243039145405683 0.05990664054206687 -3964728717400952 489.1127337043792 629.6222594633283 1302.302033397539 779.925099851939 3028.825393389022 1133 191645 1 -4.144910358506944 -1.201822315946742 -3.462837879027528 -1.768689977629325 -7.016335483982109 0.413778503183245 0 0.5763640459654971 -6.189264013158937 -0.8752721114879485 4.266736209157022 261 656.4176819324493 2391 -1 1.369981539020031e-05
 -10.01540368824428 0.0923213718915185 -344536124.4274219 0.2976766424412983 -182.3950932724924 0.4565982532523826 -104.5370900483402 64184.67600136478 8968715.148366911 0.04029587730172848 9.988997236695425e+20 3076.274250555636 1344 191660 2 -4.634307205780855 -0.512805015504549 -5.353239470932046 0.5244815743391733 -5.995359355680957 0.025841314570806 9.512601725482538 -0.491225085671358 -2.722389571933137 -1.753555532894445 -4.596010600844878 264 649.7424821853638 2391 -1 -2.932233665820312e-06
 -10.03220185634772 0.05819034561319797 -149224731066701.8 728.3672768594656 15.51809819774586 0.07699196520994175 -2846008377753.306 381.7045976667799 361.8264876833007 53.35182416209554 10.80062388383591 3026.715481613954 1680 191545 1 -4.698631660783469 -1.033941595650306 2.900296041628862 -0.06646416608403435 9.907888101655926 -1.145179319700063 -6.818538027779883 -0.2352270537036194 -2.759701746203143 -0.1861161718266278 4.518834260869913 267 651.4035270214081 2391 -1 1.21520852649152e-05
 -10.5592045373936 0.04708489577777133 -3.393943298267222e+16 0.137376759472536 2241775.032037058 0.2689141428854456 -4223.723283061453 146.0355328429665 58.70165376851266 1.829530975290943 4.287199732111993 2961.617262223272 1484 191661 1 -4.601440691287158 -0.2530760610495291 8.837785127847495 -1.346840755024381 1.175339751154285 -0.3491605530122515 4.946940531116192 -1.422720408689034 -7.693883259913255 -1.02731460980645 0 270 659.1887528896332 2391 -1 4.090865090952053e-06
 -10.91879705815111 0.07555657454489154 -49863417700.83051 96.47915459118975 0.5480345369439069 0.256842345325804 -5587.467255084424 423.8536637052055 436.0892684546503 2.223164802343039 4.995064495274977 3146.456133435959 1300 191647 1 -4.293971202306019 0.8803138116354816 7.334142963354509 0.1550028082683092 6.664425704021148 -1.207990569066506 1.504917758311705 -0.8178141098279319 -1.784742037053698 0.5787826307561019 -7.60837078793786 273 655.6106050014496 2391 -1 7.375915831344036e-07
 -9.919422013325581 0.07961759994063711 -910630168.3891503 674.6125094023754 77.46226984158511 1.24004424102102 -1.634309328586982 531.478170063605 636.6617811300664 0.08253605783830117 -8129112359.257339 3024.625218827368 3345 191661 1 4.242281629959247 -0.4351379244422162 -6.777397823362493 0.3463810365236304 0 0.8560360075010087 3.277030936655707 0.4504370073271939 -7.980033418257049 -0.219642784698646 -6.58663452052766 276 650.9558041095734 2391 -1 -1.926083447478956e-05
 -9.709180018741536 0.06644932874449827 -7342544191318.307 0.1915401930693712 -65425.62657215803 0.055369138668544 -2.249630348303415e+17 250.169074810443 147.7130348689058 9880.973598976287 154716.8499000108 3017.794803220183 4854 191664 1 -4.689466715677093 -1.576475729217081 -0 -1.577191789454304 -9.169237604652375 -1.419996441726234 9.571731154711216 -0.6035518008453566 1.433863802850066 0.8014503860446371 3.741909113178838 279 655.8950390815735 2391 -1 1.623889949688478e-05
 -10.24473031835763 0.1169518749978711 -13744308.29879172 3841.968381609072 2079.254860971187 0.3963097634128981 -253.1601809302653 79.98672737782746 20.15841259920852 62408.63704659138 5836598.411258222 3122.290812147896 2369 191650 1 -4.613283492678881 -0.02875098282476169 6.861174629425704 -0.7302927782096678 7.834768246555109 0.7073960414764238 -3.520006507011004 -1.547689392049195 -1.047243553664292 0.1971555689029656 4.642505678050478 282 652.1683778762817 2391 -1 9.303735493355559e-06
 -10.57217206807788 0.1962050398324909 -3515.696153102925 0.2620370456212436 507.021262376786 0.3539333219556768 -142.1872733522024 438.7048509941984 454.2469266250536 0.6414681157687278 152.9335365875896 2955.819913513399 1552 191617 1 -4.51486394215004 -0.1927881894066666 9.570667406129299 0.688168453881091 -2.097247233073603 -0.6477352980549833 -2.307613575525668 0.5789683417132898 7.129681921822183 0.0239011112179099 -7.244681235952838 285 655.0027840137482 2391 -1 -1.352593258285047e-05
 -10.21526355345327 0.1241427075390491 -2011529.037647035 2027.232932125625 595.6267763514917 0.05293442540159497 -9692797533892670 25.58173957734228 3.347602691905303 1823.148897359069 10157.54768255549 3003.867985794785 2299 191664 1 -4.294429469485949 0.3548170768754981 -8.377364083454102 0.744016529004504 -0.7315377840708628 -1.367772829028933 0.6584677845617652 0.1045690767293674 9.112949688110492 0.7226799623610995 6.800294791802745 288 647.7404880523682 2391 -1 -6.553395198392165e-06
 -10.16137974316792 0.08995651476823707 -2467504631.936151 0.271671139926474 -1156.74093600232 0.1896219276942028 -189414.9697381126 37231.02544645446 3023440.17390548 1.253110862549113 -2.071607702213036 2977.799177743364 4862 191623 1 4.388323975740201 -0.5682442951012554 -5.195899134559699 -1.271459257122825 -4.609909004051101 -0.7468162316105982 -6.286834730607898 0.4832535730982963 -6.850339968281261 -0.728841001900804 -1.096934579599214 291 649.7266368865967 2391 -1 8.719652539655359e-06
 -9.637144780950539 0.1388184687873947 -1363721.889123617 106.1514121633322 1.34656115396074 0.3809694351265421 -378.3056452393478 218.0740933787347 114.5437981324118 1.181287691277537 23.41175357707608 3081.891745450898 2883 191623 1 4.337230554728741 0.275145906981097 -4.463072887366472 0.7670084517062756 -2.512375214816593 -0.4136178229112248 0 0.2288047966598476 -0.5993846017273112 -1.384545343168156 0.1527991182906607 294 651.4144830703735 2391 -1 8.081643472104584e-06
 -9.620771929931072 0.1047186103388743 -149750617.3242555 6050.636928246476 1938.089471402712 0.05651241711362417 -2.820256542831683e+16 150.9825707229134 54.29500254836176 0.9230257139698314 30.78007582624572 3270.142765469032 2599 191594 1 4.506090321125353 -1.920118044228991 0 -0.7986616138404781 -1.560154896735107 -1.554841498891084 -8.90954407768548 -0.8676503932181118 2.492762428963927 0.3914881981412042 1.47531146630108 297 650.0373339653015 2391 -1 1.280667863438464e-05
 -10.73752928400218 0.2348480598172604 -1453.282228183479 0.6648308776991239 5.500847191753253 0.1854789286110357 -169597.2644166505 187.1477110964559 81.14247950783499 1.423823691251988 5.91292031109006 2897.609207430686 1395 191615 1 -4.477286897897168 0.3936609219612714 1.202756028315527 -1.854370381946667 -7.242441023966073 -0.04279694564342409 -8.873241407150255 -1.924215634649068 0.1567011070098436 -0.1635234950905087 9.064811237665841 300 649.3959069252014 2391 -1 3.902571030071524e-07
 -9.709096965137213 0.03761934015284201 -5.164273302429499e+20 49628.09153596521 541860.0479233057 0.07198020400831026 -8740690068489.713 245.9028506295529 152.6810950668904 0.2374491465362306 130967.3634712559 2899.742279788913 2411 191580 1 4.43400205252024 -0.1603700154087217 0 0.918819675766005 -1.028714852078779 -0.9651781624256905 4.640789197713094 0.947019494139174 -4.759954322864895 -1.42102150894225 4.436006163183228 303 653.8898689746857 2391 -1 7.039351272586431e-06
 -9.425601449564832 0.04784521348724566 -5.509305813356077e+16 30600.40885381664 137090.5626532756 0.06394710377732116 -273181526959666.2 71017.16476429605 11865378.16292713 29460.88721488323 1326273.540012663 3078.781965417586 3255 191598 1 -4.446241936955321 -1.873882346962367 0 -0.07664929997825894 1.569975476309742 -0.003851681088450572 -1.796972070801622 0.03675461576076428 4.8782325558875 0.429181802650267 9.565034438067599 306 651.2054541110992 2391 -1 8.082996530639058e-06
 -9.47474176382687 0.1065735580100073 -65953657.20107532 256.2369498473113 6.511868076976838 0.2669074237423486 -984.880528804369 27864.57017936929 2057815.171169129 0.1125073274485997 2134509457.637859 2952.702242934504 2187 191653 1 4.495103586127182 0.1667301432588753 0.7883609886794858 -1.182510690527886 -8.193922945356148 -0.8850981576109893 4.837617310545998 -1.868797153978372 -6.181614995142782 0.8777760371176875 1.229570445221878 309 651.7500009536743 2391 -1 4.035689591616303e-06
 -9.284339604894907 0.03669523028189135 -3.548851468004318e+20 388.1953548236012 22.29815408105375 0.2471482126190129 -9318.96382474571 14901.65811686521 587762.7651610603 1712.663411292019 5990.327464416214 3097.163080251466 2359 191616 1 -4.697428803403963 -1.711251299986126 5.868104189181635 -0.5656907215775524 0 -1.109468921495383 -1.830788497748788 -1.201507357032735 -0.113128590957861 -1.558315560178777 0 312 650.0429620742798 2391 -1 1.055559036085593e-06
 -11.08355059310291 0.1180861069615341 -7206664.122208106 0.3484869529258826 -46.48447910046402 0.2898496806565793 -1639.12887371693 14084.88357791845 442165.4065779527 1.784388290890604 6.250951161145744 2934.781169135743 2581 191638 1 4.178569034643176 -1.184741477601098 7.061777206204448 -1.5548457984813 1.142397435867876 -1.142683949070634 0 0.4190720734182363 0 0.1664002381636322 -8.643532537528325 315 652.0543348789215 2391 -1 1.517591903719954e-07
 -9.776145662767512 0.1342927612825733 -1683464.375821972 259.2006033054906 14.47731481787619 0.04538941104648476 -2.010795043921657e+19 104.6764700901273 20.93189111356765 1150.143745444465 -2229.312478906752 3102.25663727179 3347 127723 1 -4.468544368485865 -1.914780314885201 -4.212224219243281 -0.2374288074354238 9.954112420720024 -0.9294708668921325 -8.036946726281931 0.8963756699013388 9.609096385790988 -0.3403263882164965 -3.894624620896025 318 438.3344798088074 2391 -1 3.378541185947243e-06
 -9.836001897164479 0.07610817870065521 -9657766076.832321 39596.89217008428 460833.6095804638 2.215542103119116 -0.6476419153285348 2261.659987607622 11057.89340094639 1773.993632636188 3654.029213842514 3026.239317264275 850 127734 1 -4.238431138266692 -0.5836113253463457 -9.026849604174949 0.2874941846909986 2.821526400555446 -1.831130473176946 -7.821781809315258 -0.7940198314687255 -9.835355982843948 0.1623610204820558 -1.17531633550398 321 434.5054738521576 2391 -1 -5.456926759605961e-06
 -9.991369774259011 0.07546816164726554 -1729602357.940415 20919.0922565093 25183.93621067371 0.08130315398482307 -12770710960.67247 4234.253883474891 43456.78913595593 139.1901196248274 48.58677172185719 3009.748502030553 3837 191663 1 -4.346003542521273 -0.969320395936295 2.618304529032179 0.3334259412188305 -1.019697404569346 0.812318050739389 6.782618847861064 -0.8117818275871391 7.924557709567338 -1.082789935072525 -3.035736437197861 324 651.1864659786224 2391 -1 -2.210909104262532e-05
 -9.984035630690229 0.04517476180636749 -1.582669692061487e+17 463.0733474286131 11.86744989144388 0.2712436112852843 -3438.697332731533 89.11010063590483 25.12612268735492 9.193045435314785 1.626899493420309 3131.103997824212 2837 191659 1 -4.115675226348084 -0.944489069449352 1.15266000034885 0.6776644524781172 -7.345074745347253 0.02265285615991266 -1.639274796024283 0.5703691297921947 8.791354013702469 -1.914494019412676 7.131368332200273 327 648.9855411052704 2391 -1 3.233219334251501e-06
 -10.48082476323708 0.112012350848443 -4046145.64491921 0.09078179313545755 -549724350.468236 0.06856171010209168 -1021962616192.688 7099.333565719561 105024.3430468303 474.5906839195824 -84.77301226206876 2959.134371493447 2308 191663 1 3.433958290132106 -1.889649951029925 -8.674661730194563 -1.272500581142878 2.452284806511738 0.4030456880108244 0.1148083744037955 0.7835248372901948 7.619162060747975 -0.7156469813094057 -4.993717802022481 330 645.7366218566895 2391 -1 -1.68811214049039e-05
 -9.526860701602821 0.07337977579483093 -20783519347.80969 1.075706743989721 -0.08894980777256986 0.1803007877224244 -95867.48383769314 2692.743426214429 15976.75727228996 1.103769634616078 11.57560626979197 2874.102067602988 4622 127766 1 -4.340688084591242 -1.111001160902434 0 -1.889515229578388 8.143025125505542 -0.06073341256339755 9.937494315141567 0.1104569111819731 4.212723809474076 0.367228173506327 4.6447696020846 333 435.7098309993744 2391 -1 -8.394165498762972e-06
 -10.0389138882222 0.09478419123956072 -298428493.2961868 6449.203643483651 6466.646894188519 0.3576275975308784 -362.8763111359792 550.8426041569463 733.1334821758612 5555.600423382156 28200.39011536901 3128.442106269545 3436 191660 1 4.467974290002537 -0.02293921060985232 -4.941792881440191 -0.3741698389911328 0.604637939675146 0.3787482435564326 -2.501058965595087 -0.5434287263366109 0 -1.813153318623894 2.845297266414236 336 650.1685810089111 2391 -1 -8.564886318324964e-07
 -10.50331248456085 0.08209040527654139 -882531685.5786752 72758.07114360666 221494.4763609527 0.2983080762894978 -1123.655348471046 400.7825648638077 361.2293798116626 4415.666054400084 -5864.657310585429 3199.148497427916 1521 191312 1 2.938867973434315 -0.7660581731683349 8.458143286469603 -0.04945585657278607 -9.14195587645067 -0.8906123552741594 -6.621517203300966 -0.530974482990537 -6.610569354978788 -1.729838845623412 6.58708460223596 339 653.0582411289215 2391 -1 -1.39578508924141e-05
 -9.745267501400726 0.08925421078256682 -3287781054.928487 396.8692425513806 16.15241249516832 0.08808269286273154 -108461197325.7947 12982.46895082452 417843.3676059032 1.608919936920974 5.410283254680521 3117.209488350481 792 191527 1 -4.031031275587334 0.2572972402693455 -6.362743130634236 0.3868172904782328 5.306066452454598 0.3394636244443032 6.931384576920877 -0.2118290844186203 7.308973594449776 -0.3126767770095276 -1.502766663647585 342 651.294538974762 2391 -1 1.080649318364409e-05
 -10.30213290085278 0.06785530971227191 -15247338875318.28 0.1127643640389132 -295968685.7990007 0.482097437563441 -107.0936792462088 43884.48940326485 3819418.575742603 1.342867788078138 11.06856719660869 3048.178513602416 1668 191652 1 -3.95575966879531 -1.361108715086159 -2.878293001567936 -1.927662968460274 -3.225561968770958 0.2131051450068328 -7.949234528726835 0.8021136316739814 -4.84963076579944 -0.6448514772278457 -0.04257201425399115 345 656.300696849823 2391 -1 2.497276318236729e-05
 -10.30975459150808 0.07517711704234488 -10293459946.86285 30449.30936922618 259757.8716699581 0.6109117952937605 -18.99480284065234 14696.13493702639 610099.9239768399 0.04191866023855804 2.456335528748927e+20 3065.911598522509 2977 191642 1 4.480734481846071 0.1034030348003188 0 0.1499917278881977 6.659397567776587 -1.846151921397318 -1.636808618907829 0.7411127361543226 -9.769759590582144 -0.08312761602327523 3.894511731891688 348 647.8679919242859 2391 -1 -7.454351087057732e-06
 -10.13478427219629 0.1163976120335644 -19396010.42723717 352.7275844959452 11.97780764440374 0.05527442097700986 -2.160073069773342e+16 7671.436512539495 124738.3989699096 55.93516170182401 11.37002774023125 2950.329131756479 1421 127737 1 -4.300370127471537 0.1651154946668746 -6.063614895964757 -0.6868312638695375 -7.84805089086691 -1.946754775645164 -2.027746205100653 0.1348681632776408 -4.979432183195746 0.4856844618485478 4.832933903570334 351 438.5077230930328 2391 -1 7.520023530919552e-06
 -9.318566740674752 0.08549104520379078 -310780580.1519088 643.2593767475075 89.85723706737529 0.5530551286720475 -30.75300759894694 150.9409583698915 55.63964233360175 1858.968127314046 -953.18859246719 3169.187958731522 3380 191636 1 -3.393839109895272 -1.696386249240662 -0.9716830808655237 -1.564299204099569 5.934096676164085 -0.7826630839380284 4.088351338436514 -0.8304886911403715 3.33197734120852 0.5450486995678124 1.250443585158795 354 655.3186979293823 2391 -1 -1.629056698590603e-05
 -9.997215160794644 0.03254894459906054 -1.365583403981042e+20 0.07476517385181057 -10736951892.07815 0.07994308336604464 -15419771044.76749 44606.69245391869 4855120.473195983 0.5824533640691262 81.66273078961267 3015.624037013583 661 191627 1 4.355253724947693 -1.674743082134219 -4.352346965907708 0.1145005956070291 9.375519879075014 0.07953651644997391 -3.525968454164001 -0.8694627395805767 3.889722506249176 0.3054985770954035 -6.259953904797737 357 651.1583340167999 2391 -1 -1.992156520541552e-05
 -10.13054050522968 0.09351837812468605 -1855118429.332315 2.359363482927302 0.1525002662289218 0.2304153578528934 -30107.1563066262 2578.371539050266 13496.40479810093 0.08790324595844679 1090080116936.578 3143.795300465035 2755 191637 1 4.585942391687567 -1.626994547843003 3.652533561453271 -1.633596812174456 3.719916690491902 -0.6167180436946476 -1.807699437585117 -0.4702426302352194 -2.557620517826074 0.7706643280710384 0 360 652.7772650718689 2391 -1 1.526903431618244e-05
 -10.00219845271672 0.106198387114697 -79006307.43198919 6.220064016083895 0.09386011655760049 0.2154213257383157 -10619.96784339365 4500.306586978076 56835.51646031158 0.06120096229046659 3289614944807762 2815.633374114171 1736 191617 1 3.624173038267035 0.1066971944777161 0 -1.100796714377322 -6.951409772553096 0.6270275356738813 6.467032030774738 -1.552987332146388 -0.93933286659147 -0.9552360079591482 6.130279814832468 363 651.1906621456146 2391 -1 5.73392867017738e-06
 -10.00711692996116 0.04605207774520242 -1.255114257535566e+17 111.3981317396859 2.350948225593227 4.004572671574516 -0.3309815951338197 20280.88542359123 1031267.42664478 1.505568015009305 11.03369194626147 2961.611086161178 4563 191664 1 4.655394384298615 0.5745273401903495 -5.761263866598418 0.9852056928562725 7.487381798049871 0.8730624757005141 -8.654824150405402 -1.551551163170534 9.123025749789663 -1.14961336541959 3.048500313795486 366 650.2268679141998 2391 -1 4.69759011080836e-06
 -9.762204933632068 0.08588672088775882 -25826012534.02578 0.06907092799102064 102487620935528.8 0.7760480267294254 -8.05927092788353 74.97916922548407 21.41809508049985 5088.08504438864 78692.72971579009 2947.514788025179 2609 191657 1 -4.309976384671491 -0.7371750482425732 -0 0.9260950916896538 9.615446958573864 0.3581713186091381 0.2726855401782702 -1.602908359240351 6.523390162501835 0.01750294127823795 -8.791900676158342 369 648.6155600547791 2391 -1 2.12620272401666e-05
 -10.40248202327392 0.08471312520562266 -4032783726.281634 1855.029886810913 130.1044006862255 0.6168300286207643 -23.11423608141494 228.6605645439729 129.1673191915467 489.0476135662932 260.9129550092114 3073.452472960425 1788 303456 1 -4.652464150345907 -1.964191579243965 2.939856287065277 -0.8074792062967369 -0 0.8355268845979964 1.805550003622395 -1.10493543949625 -5.290779743990782 -0.6881911560570435 7.311948249441599 372 1024.429794073105 2391 -1 1.615152063548048e-06
 -10.01620390801614 0.08613299164120303 -1832541042.596159 7.367412603108595 0.04186933343839588 0.2144567234340522 -32467.12982294316 532.4904750606221 632.4963146583503 0.04170204810491813 -9.997311929026293e+20 3020.496070954767 2059 191640 2 4.585625339174147 -1.791632381469819 7.279706003368275 -0.6048655842640613 -2.112650155845675 -0.005886556535649825 -3.181111583024259 -1.800769928142416 -7.641540127445499 0.7048387607261803 -1.059219634064038 375 651.346657037735 2391 -1 -1.697990417489937e-06
 -9.338427336417327 0.07019520959633389 -45748319069.54339 75.14727213203319 3.425992566022657 7649.946868703545 -30578.09079836298 1616.796613735435 6841.874930155451 1.493885395874953 -1.316643672251767 3087.312308338341 5134 191653 1 2.966895848630922 -1.03448518850276 4.408053612424395 -1.388247834460949 -5.420975165829366 0.06282239374262977 6.225931892577452 -1.887632553705033 5.125417439066108 0.8554750969157991 2.325986261666164 378 651.0210919380188 2391 -1 -7.894365828905566e-06
 -9.991605650590934 0.04108242230271975 -3.108005852994431e+17 499.286623753553 26.96036651668252 0.4803309537760149 -74.64407167221728 8640.793060056001 185345.6179211576 3671.655546205895 35563.08385032677 3266.460909645375 1826 191600 1 -3.5030810019163 -0.1475202855416251 -6.636156772483866 -0.630327408627041 -9.372361702254235 -1.479002508154524 0.6201255824034657 -0.09745109926901033 8.546980509160392 -0.3458136502170692 0.04051296242779845 381 651.4568071365356 2391 -1 -9.428352603651572e-06
 -9.798705577776738 0.09426377037145559 -5371687990.718247 591.3170154334204 16.21185917211998 0.2179747703992023 -51872.62099203304 1328.678171369018 5056.17781841595 4.614076336598959 2.246780909501858 3187.578389233822 3534 127774 1 -4.661437404584012 0.8549395904141512 9.130803489089912 -1.216923102985113 5.722287466746756 0.450034911769742 -8.071288150888321 0.2520573549348354 -0 -0.4723051852778957 -2.07956059012485 384 437.3139579296112 2391 -1 2.369536398686089e-05
 -9.782997146793758 0.0999610994115659 -16352103.70606501 4343.499780266175 2614.474805881824 0.1126355106833132 -39204305.22726527 90403.13260260258 19482447.7771082 0.06477639796699311 13527501954443.32 3107.324584851983 3443 191662 1 4.010317676104235 -0.6841924576377103 -7.466347722967779 0.08209415503174533 9.621124105167958 0.2699996881840017 -8.223734848902032 -0.1396225191854744 8.622552918889125 0.5198041759186016 -0 387 652.6561920642853 2391 -1 -1.828496244022814e-05
 -9.239389783876057 0.05734723647966467 -62968038818657.12 5035.29008467135 11933.99695739951 5742.766613926775 -16724.37137396414 85.00514132346949 23.24059706956918 0.04549017350899589 1.782119141727595e+19 3135.530808274213 1244 191651 1 4.698845064532431 -1.927870381182325 -0.1131380861341507 -0.3499586414732248 -7.581995119659672 0.7276473256867043 -9.951524642873656 -1.954496626194401 -0 -1.484141778580882 -3.364053724743832 390 656.2462449073792 2391 -1 3.5267867804744e-06
 -9.74311290842725 0.05991359652755308 -253122308439.172 6.594890648043678 0.1001009648781989 0.9596041237869285 -4.118262572321509 5988.408203189207 83292.89064931886 172.7519389119352 48.48994686120694 2932.033626922684 2560 127767 1 -4.528817364136705 0.7996767393682855 -9.516844469371915 -0.6511217575725681 -4.454064447004852 0.5861042580841151 3.321892389349653 -0.9477460377695444 -2.080869698722923 -0.5547396143402379 8.100637869874689 393 442.9796121120453 2391 -1 -2.086798959033708e-05
 -10.25219456350045 0.1408526297029388 -283016.6885627512 0.03861610375654662 9.988697493136046e+20 0.4156672370845057 -98.52274386646097 20950.73872812921 839187.8143991722 0.2532371267588613 41289.59548000755 2981.316535552495 2597 191661 2 4.10560710087391 -1.504169844679211 9.712858353433379 -0.8701195193475684 -9.58446324535967 -0.4176784811909684 -3.9583011919284 0.5027874461081425 -1.102237743546133 -1.367113861244809 0.6654422678159739 396 649.1162168979645 2391 -1 -3.078034066310282e-06
 -10.30842943520063 0.08602602843636423 -2590567489.010155 11122.61091128 9452.415348535049 0.1232726779629734 -38106193.49725769 51964.34706344758 5293063.204016807 0.1184742662085144 290209066.7290295 3027.076076400065 1587 191652 1 4.350521373936163 -1.24253179544486 1.443069756814578 -1.683743721294917 1.691257292562487 0.2480517938737181 -0 -0.8890080273209806 -7.569258381381253 -0.6603196456498228 6.277368218142507 399 647.8454730510712 2391 -1 2.825071947284023e-06
 -9.939978352842106 0.1620805406938721 -58001.66228638581 0.1243378517388571 7575378.082152584 0.09777229022526714 -1912168103.709306 191.104994087803 83.28578809156377 18004.13487461214 -248501.2961372103 3187.878427960746 1866 191490 1 -4.083655438595434 -1.536525214154055 -0 0.1468211770113514 4.706154662027975 -0.9327911055177154 0 0.6348433249445717 -9.851920079758408 -0.8585302744353527 9.470526964960765 402 652.4988930225372 2391 -1 -5.605182256227626e-06
 -9.330007757586094 0.08448775572557642 -10569721946.22819 681.8481413027416 30.6059630745038 0.2924126021841142 -1747.348469241344 169.7939999737175 74.90956425496448 161.371737345535 42.63597568564132 2914.203698730776 2510 191638 1 4.588262431213083 0.3282658607959448 -2.017546889092719 -0.9359681104795783 9.266801506629772 -0.6605822855724917 -4.553536603691144 -0.09869254293959792 9.587824938979818 0.13845260387383 -0.134018771371788 405 653.2998151779175 2391 -1 8.806889999587513e-06
 -10.33928791670153 0.1090845309738819 -54657966.36990537 1.659003487364261 0.2854595739341997 0.1263024387572094 -33846785.80438916 818.7101686717269 1745.487501824975 13418.5454004291 468267.1419029806 3099.410575082244 3333 191644 1 4.199948671318263 -1.426560318951369 -0.4475013998786048 0.1755511889976455 4.693333823709799 -1.101021414160857 0 0.4394576207167148 -6.783041701813321 0.8514060486601274 -3.596447335737831 408 650.6591811180115 2391 -1 5.577786323462991e-06
 -9.801698980518999 0.09374933198383942 -190144511.4168961 5.175636576222076 0.0753390319815932 0.1755055349736831 -104173.9617826896 218.3045253701392 116.8753997711544 10928.54760276249 92689.84294180824 2838.343623404521 2820 191649 1 4.63012272357695 -1.010665822520972 2.880887763282506 -0.7375205065329702 -6.89066162682281 -1.50852983950105 0.3828412158198224 -1.392820340778555 -3.263657293742122 -1.136128467688087 -4.805189789758346 411 647.4311988353729 2391 -1 -6.45525741104985e-06
 -10.01986856315914 0.09242083571607546 -189947092.7728582 0.7777425670429623 4.134536080529414 0.9380851971283347 -2.928547485034413 1441.864900912797 4222.398452160375 0.9326827614782114 24.35283375252405 3023.930851019993 1951 127773 1 4.646597783624728 0.0929272374170073 -2.989978942843051 -1.830259555620282 0.6268502656800123 0.8655009109424046 -7.783890644337472 0.09272052705558306 8.899458466434465 0.6666993366488168 8.590474488713367 414 437.9132101535797 2391 -1 -9.746796804114977e-06
 -9.906944410418523 0.1605231578821219 -51776.39771230988 9232.481406362953 8639.832698969878 0.1230488008161517 -15034670.05735529 336.98807729606 321.1429622915728 0.8427109898198381 64.12266187958764 3328.287723869424 2284 191659 1 3.095374439808474 -1.790954098645162 -1.685532687152168 -1.051695532318308 -4.968240025808618 0.8544505074688926 -3.123059510839981 -1.138273555849439 -2.208049814056408 -1.374954924248749 -7.211494977404737 417 651.3561079502106 2391 -1 -1.11561418330089e-05
 -9.222697805419294 0.07993380041686572 -646414161.0647166 1.864810361289631 0.2276832412503788 0.2007144490004716 -14000.06487662472 115.7894178302128 37.02252033281628 1701.34452214638 5657.474252234681 3129.008691839579 5182 191664 1 3.911727889054428 -0.734797982350158 -2.17556953310257 -0.3320298453029586 -5.651828411816101 0.8888452528759823 -8.09733443645961 0.2959539476056467 4.99653547152284 0.8625935914852829 -4.082093495676649 420 651.7562839984894 2391 -1 -2.210057171863663e-05
 -9.716816538373326 0.1506027667418527 -190520.6468079721 39965.20472074047 120728.8465312969 0.2179592190296557 -9895.213246722196 87498.82863830696 15730039.44898549 1.496706784397364 4.245987441750414 3255.573990874038 280 175206 1 -3.885754595561859 0.7909002991643526 1.291034632197054 0.5480220164536354 3.738683788873205 0.7403814826085044 2.959290055028017 -1.502706672631723 -8.640828214404923 0.08567431943306715 -6.248834485186157 423 593.3359479904175 2391 -1 -4.490294790434152e-06
 -9.716024860113849 0.08607733020823818 -1715205088.224146 114.7236858968412 5.393479792814744 2.549100846922604 -0.582032051907975 85627.90497243743 19201909.18009766 24457.70312325678 932360.0670415027 2958.303762214193 153 180411 1 4.384662638708317 -1.126816335496994 8.317414788638185 -1.261871344969821 2.435039353379792 0.02467960856869312 7.774065795692049 0.5787569873192009 1.669186581272669 -0.4256597294712821 -8.476036989952089 426 652.1512048244476 2391 -1 -2.369752642979216e-06
 -10.33938798517985 0.06550585706793918 -521685607069.2509 0.2098629034277602 2015.922817105988 0.1272139927876555 -18295744.10781457 5021.425071694345 62754.39168116888 70880.1212270377 10269303.5109542 3193.836994676341 1941 191647 1 4.539613262357952 -1.853129884764108 0 0.6478949754606065 2.251168960590301 -1.098242205463285 0 -0.1958202563142493 0 -0.3269945638406178 0.7859140029900269 429 648.1366379261017 2391 -1 -5.111090533223388e-06
 -10.13388444742192 0.1398299796561853 -974395.3957164388 12167.45988274232 79373.02391687623 1539.538908495477 -1143.51000146038 5228.08635017515 71107.91112986859 10091.2871155433 79148.35129336621 2966.476699635441 1051 191642 1 -4.174676703488815 0.6353254243073394 -3.157968192205008 -0.6216117075532868 -9.411453374509305 -1.481048622434219 9.930833694673808 -0.9011486761186145 1.800373794140119 0.3021966952134942 -1.965184126735077 432 648.8711090087891 2391 -1 1.087442243068943e-05
 -9.923639840212424 0.09721703351325826 -1131671672.140366 274.8609263229646 2.886956972195399 0.09872405061412465 -9655276103.48978 216.5409407644307 127.9007244263605 1.068742135967833 7.786986876253867 3055.014912564599 3909 191629 1 4.693074715482842 -1.231975334876594 2.178035822849071 -1.424905395879806 5.044876326545946 -0.692258358207992 0.1998162645233315 0.3683515776011554 6.49410954119024 -1.914617390202765 -8.652936336324585 435 645.268975019455 2391 -1 1.472420263681105e-05
 -9.744475139689754 0.05378968353417452 -15956088640722.29 5424.17441571783 2683.507836660552 0.1240170690184257 -11085606.68209826 39.76638035010349 5.893580777118836 0.1086460091091052 643646753.5668049 3029.06089170003 2462 191664 1 4.337049894846827 0.3933240640277345 0 0.5786043237186949 -4.77143576653287 -1.09726447879317 -8.631191471212166 -0.1515640583374411 -0.5083126394075879 -0.4014977130279328 -1.958238837308139 438 653.5071198940277 2391 -1 -1.337257983230149e-05
 -9.46463323791564 0.07311237742884874 -357870889122.2149 54375.9478157019 429308.0528081769 0.04428781379258664 -4.586674952830218e+20 169.547337760775 93.35873685687832 3554.637503484792 37074.14183374595 3097.672990749385 639 191648 1 -3.918010406327303 0.4641214188437166 2.310406564519405 0.07542220737878047 3.57808700843811 0.8716643045345944 7.459427261658565 -1.006531710422989 -8.710972457217233 -0.7355414667250884 -6.043044186332625 441 651.4318690299988 2391 -1 1.111995743196088e-05
 -9.618016911069734 0.09246611527971048 -174952542.3122746 0.158169650455892 -166017.9769757578 0.2999055780046355 -955.6289436955344 26322.13084325287 1564017.241253424 5942.633420865968 74760.97802509183 2859.817999630219 3135 191609 1 4.184601269141901 0.5393284033883674 6.408835759323272 -1.976927257265007 -4.228230487627455 0.9181971743471564 3.110354420338868 0.5857812303248497 -2.352588938595904 -1.049352624398309 8.878088064802931 444 655.0599830150604 2391 -1 -5.682204885219828e-06
 -9.91662500522312 0.05721958873614726 -9730189372686430 2.522546246516383 0.19022756448126 0.1003377989392622 -31728007331.86328 346.1101851874252 315.7761633093652 738.1906301839322 345.8467005468067 3117.981685663627 1580 127750 1 4.508305575645631 -0.02547067212786126 -7.959599802327453 0.1352930052779294 -5.879779803697011 -0.7405792899996815 -6.646331898501988 -0.2535101499200226 8.948966541479455 -1.163431707408821 4.809953182956457 447 437.7300460338593 2391 -1 3.142456532505308e-05
 -9.422284080423809 0.04366850425475158 -3.354664720435738e+17 181.9745942454192 5.499315788629549 0.1712307229771688 -362725.2679513015 17920.32431065726 819975.9281193382 0.05816192588716695 1.05207490555118e+16 2884.600007167448 4707 191601 1 3.945687786584632 -1.016520133566859 -7.015750847420016 -1.742729863050115 -8.552659637497364 -1.794856200972761 -3.92647985900113 -1.362205804170522 9.73415549345715 -1.946546270245663 -8.730559463334734 450 654.0792300701141 2391 -1 6.94937977635312e-07
 -10.23710673345209 0.1217965625655239 -24297161.44606072 352.156849174839 6.145530474977974 0.04711199728590081 -1.397883658957627e+20 197.6476949337408 100.2739850233013 1.712834192254602 10.54169401646365 3108.513445070577 3320 191645 1 4.543642116010137 -0.2287282696123105 1.853363849246727 0.7243692077171953 -7.129988433708615 -1.532474541059976 -7.747174000068554 0.9931332671620252 -1.515522330874781 0.8329807047833673 -0.2265667762655057 453 656.3126921653748 2391 -1 1.765767996482863e-05
 -9.620897276013181 0.06230310740596164 -1482538327764.876 0.08050658753366478 30725083410.81902 0.08599504538446441 -21837644110.49365 1571.254390929377 5872.660924897298 4011.539350580672 15374.6769551743 2958.354854276944 1565 127771 1 -4.022058496789965 -1.305104181214162 4.917565977514335 -1.286112367132432 0.396658399291447 0.1144193885459375 -9.410241900943577 0.1939207106426961 7.58813688758403 -1.930187171425462 9.896021070175355 456 437.1149761676788 2391 -1 -6.288320373713856e-06
 -10.61230665631063 0.1227549291775462 -10469188.84839667 22610.71408877262 -29946.01490894101 0.1062716908961222 -1763661483.533398 7343.367017508795 128991.3448419294 1.001240669606874 32.96286863578636 3136.431474994154 312 175492 1 4.255881137991806 0.6406196258951944 -7.253027585372402 -0.1930165112167633 5.124334966843314 -1.652738231900598 2.56466410212152 -0.4114309290015586 6.306505063831703 -1.544485322000631 0.3899458592990133 459 592.2269549369812 2391 -1 1.022908967495881e-05
 -9.232344235462977 0.0728164618648106 -997412741369.4171 481.2226978653374 21.13732080388364 0.1882804289048735 -397950.5485373001 5.784277141393441 1.825923471146136 775.4057878128818 1283.13591931251 3057.240926053715 4440 191658 1 -4.311432019315138 -1.452852908265839 -0.03405875076362719 -1.099173604977549 -7.423251747661304 -1.662876124578407 -2.764307486936912 -1.808427450815243 2.383787734941111 0.776353751824757 8.191528115500978 462 649.0859370231628 2391 -1 1.943880281746966e-05
 -9.336834536012267 0.07151625682003865 -4034848633182.045 416.2139598251113 24.23599011469772 0.5271725661359223 -60.52619600129524 750.844589124794 1452.834061583363 3565.821776298164 37566.32340846806 2984.765929373199 3277 191645 1 -4.468739122679313 -1.610746983754168 9.110613418627221 -1.454470425370976 8.947487251982656 0.8171985472281502 -7.612538204787514 -0.2943302221853151 3.179033667248684 -0.09940644743401172 2.976140648403017 465 658.3939688205719 2391 -1 2.635410614419479e-05
 -10.03923153713012 0.1505998594538655 -166190.0914076444 2712.934821248053 165.1274589392263 0.1205791461934494 -56455710.92007194 13943.88673970816 430991.9774940351 7587.168796868345 67248.94239225125 3099.168561565591 2653 191661 1 -4.421101571465586 -1.626729184471915 -8.156618456833829 -1.083388032900614 -1.453770358113381 0.2431407855491718 -4.2537019447528 -0.3377604866762987 -0.2411706799894917 0.1909239097814677 8.118194623963431 468 651.2415750026703 2391 -1 4.929733267252806e-07
 -10.21366350942126 0.08510412739517431 -34222518367.19142 0.437651207512957 -14.92178304802771 0.05244199497210666 -9.996193327565986e+18 2200.887007358564 12441.61759779772 0.0481802132249566 5.176216723808737e+20 3162.306865169788 2106 191615 1 -4.474180608793557 -0.8550091490993337 -7.408955956305654 0.08981832037603299 -8.824119246930948 -0.001538601003435527 -5.10830142160613 0.04683660240877344 0 -0.6777814794785427 -0.3134581569094301 471 649.8445060253143 2391 -1 2.552780671783508e-05
 -10.09767564609081 0.1367428766288391 -370369.4477227064 303.3133729614092 9.652047752525673 0.313124540869363 -519.5959490201841 2244.276373861076 14900.92349330993 0.07537125660782514 721690965801.6615 2977.853141482459 3463 191640 1 4.489853110832746 0.6525174559842557 -2.909496196922797 -0.5965906709161759 9.388268803267687 -0.08812947296674351 8.070480574277793 0.6329427924115052 7.325253326813202 0.6257490024315833 0.9346441371304635 474 651.3436431884766 2391 -1 -1.34993221075841e-05
 -9.748818343694021 0.101370279062864 -32686390.63467078 14985.53912766226 17651.57163924805 0.1086010704884828 -75067835.86821939 28699.73840131169 2091986.017360518 6064.840106011314 30544.73128427583 3145.642619695727 2073 191640 1 -4.102555448927193 -0.8497006613266347 -7.249585819530507 -0.7202858972628299 -7.099279103001125 -1.520306608426436 -3.843025486772967 -0.1954264408254592 4.754047594283476 -0.1070586873660844 -7.765109020852414 477 651.2765560150146 2391 -1 -1.53147135479077e-05
 -10.12741756728814 0.09487326928902128 -908397267.9981767 31273.8877073794 61294.15524547506 0.06966490218461928 -28097835389251.89 18144.00705891638 737534.8039772338 2451.447117432345 10756.23737687441 3160.615047422713 666 191610 1 -4.485706035976472 0.6956527398971453 0 0.7702686184244767 -1.202551879213417 -1.429716977996995 4.128598729958369 -0.8154491784811473 -9.375374684196247 0.4866368636157707 7.779173341132889 480 652.8852081298828 2391 -1 9.252607703950952e-06
 -9.661714855787997 0.07511212808530859 -158526567212.2911 12117.4463042425 4418.821756923319 0.325911764171487 -889.6744404338501 740.9233081012462 1364.621716073428 0.1675055894658413 7799364.404424205 3176.947862282654 3221 191651 1 -4.574941669512461 0.7300655594541712 7.645318676231541 0.169595207542577 -4.953405537800659 -1.507873486302199 -0.1041204987671489 -0.3458719106970145 -8.707325337661381 0.5361542299311584 5.572982495184685 483 650.3222811222076 2391 -1 1.179073984325488e-05
 -9.627043594662084 0.04510869461859739 -4.730346672760422e+17 3.973243691272473 0.1635488421639435 0.5184090408246301 -63.08525820214789 10930.73739053012 325971.617122118 0.04379639890041437 9.999569048531868e+20 3085.015969290786 2500 191647 2 4.273873870133875 -1.186370837816286 0 -1.548197096050741 -6.70092650162341 -1.151325569140589 -6.799648425016626 -1.306987388934304 -3.505850067577371 -1.455483555052496 -9.664019749403403 486 650.3486530780792 2391 -1 7.404072033683879e-06
 -9.908175443082152 0.05206552150239188 -5105846989084006 0.04777973709380241 -2.458122150026072e+18 0.2434140577876899 -15291.82043025777 105.8332092507515 34.07414151309474 1.324495305749572 19.72915107060875 2889.758345900113 2977 191654 1 4.582839241670199 0.7802595077261477 -6.554403603389108 -1.533862147375313 1.066139651755961 -0.7288622369517306 8.816583500893552 0.2340068009002647 -0.2094397982693419 0.8456960103283446 0 489 656.0130450725555 2391 -1 1.037688485758435e-05
 -10.10920637367579 0.09265397847846123 -177044543.9234688 12507.15632479505 6005.359890452174 0.4130680475625172 -140.1680034809885 40493.22643886078 3494174.775895819 0.04038301895730358 9.991640245004802e+20 2990.531360452183 2405 191582 2 4.237269077480648 -0.2812934714682989 -4.734288263385956 0.0220346236397124 -0.7259409259944403 0.1692220473293479 0.1979582211817501 0.7762938496598583 1.540254576237914 -0.07159290248599159 8.369112302709688 492 650.8534138202667 2391 -1 -6.601919152278661e-06
 -9.829393722137988 0.1059641006383163 -22373019.22200434 2456.863090795223 222.6894024379937 0.2399254812234575 -7553.822657275206 32067.88667440787 2807244.507889017 22528.94413982653 941333.5280525282 2909.826484796394 962 191371 1 -4.64042752468861 -1.859796054485623 -7.560408071512128 -1.669978684914089 3.180247439375269 -1.256932306609533 9.053948631269504 -0.06035768075578664 -7.598252827984055 -0.6595256217264334 -9.571477341184849 495 652.3230259418488 2391 -1 -5.003411536341036e-06
 -9.83233541909933 0.04533811925376411 -4.073437004488706e+18 3.026581593964535 0.07470457924755734 1.276498208506619 -1.108299205979657 754.2726678799208 1395.030692826903 2.132331415503677 4.257347691518699 2908.948733925413 1294 191664 1 -3.609562595020824 -0.01389426631382753 -9.894241431635111 -1.684389390468326 5.894816713989034 0.9992234403708093 -2.683131531732945 -0.6633432514641067 -5.168268243410828 -1.084959044072581 1.79588216825483 498 653.1141531467438 2391 -1 1.861459300817995e-05
 -9.960223822147359 0.08619137993041487 -9832878261.097727 434.8125139383235 23.04873592629076 0.2637652256752394 -7400.947464462915 77.17716718730053 18.58754881512438 73134.08988290837 9602107.066147733 3311.19710196069 5121 191661 1 4.459307081099277 -1.676684518551488 4.398861081886054 -0.3562684594052969 -0 0.9329173112961867 -0 -0.5721468230095761 -1.553483580586617 -0.5397767280685892 8.780636255886694 501 652.9473159313202 2391 -1 1.464876948180748e-05
 -10.19068977149819 0.1063392106107772 -42711075.24842469 261.7041751036284 8.54919942649108 0.280285514220095 -2070.763483091604 23.13892120536635 2.854479895107898 0.1774656505871072 1870256.949632684 2998.669924203517 3183 191641 1 4.547072393063552 -0.02142261117054467 5.245066001541338 -1.868013599765185 7.612282280082642 -1.44129662820823 -7.058855428821154 -0.6530129969231755 1.73965178128539 -0.7449267710530334 6.159155481861333 504 652.4265918731689 2391 -1 -1.317435345408205e-06
 -9.51120188356234 0.1021516117401332 -148044850.8013133 21637.95976843638 41236.44436905245 0.3109599493512494 -1294.786290167008 63248.22370283893 8781078.057418128 0.06186093845783293 1514631860748946 3181.148860109833 1860 191656 1 4.187926950399027 -1.964160558964909 7.686777819600906 -1.231986479668 -9.334990940987328 -1.998581171573979 2.841922916338336 -0.2781674376748118 -3.794170517313032 0.09275640574349972 7.108966200685542 507 654.1476948261261 2391 -1 5.615984394425935e-06
 -9.906478514252862 0.07504513764412474 -2060494091.201633 268.8541344377473 9.159110340380151 0.6816306067139394 -8.758076317342777 2702.46157883117 14471.62169126308 13243.44111314657 -171078.3073757367 2925.864237425724 1831 191645 1 -4.24085274044228 -1.799196445713931 -6.376729752204407 0.7687383034305446 -2.137626103935796 0.8300654725925009 6.559423641520214 -0.7090923009537908 7.718900906431752 -1.477300676966426 -6.736823153139738 510 655.405378818512 2391 -1 -2.265550533868018e-05
 -10.31793052378319 0.1309202371378162 -2960312.050360335 178.4281661609087 15.87872740621911 751.6424878195334 -279.2893384291777 16244.79916996942 594874.9259510414 13729.1104928348 178217.6766092706 3048.369881706627 1870 191625 1 -4.525399541988056 0.8735336161817804 0.3700011118198812 0.3779674240392215 9.880480334025091 0.2622986341580393 -5.683457625773107 -1.35052749913544 -9.164591559988363 -1.744794977357434 -3.723651978509968 513 654.2614529132843 2391 -1 3.955519802276309e-06
 -10.29698009055643 0.1546284070310922 -130238.1127234573 0.1186157763305134 10681541.72130936 0.3085922891545808 -1156.294067063286 122.421096630865 40.02043421032192 1.191014416093887 18.33945958869259 3124.412332367232 920 175674 1 3.878297229701515 -1.47254451062008 9.91501574639639 -1.341702670359517 -0 -1.103920423720257 3.086329126476508 -1.474271239104524 -0.9523675511812657 -0.4806899875504662 9.949319583697859 516 598.7564129829407 2391 -1 -4.254019237471467e-06
 -9.774835957223974 0.05647378547473363 -234967415521182.4 0.7375315384263693 -0.5863158097979044 0.08612321245255421 -85784085964.96793 2950.042336504928 19945.30766005033 11476.06862624754 269401.720791636 3038.59323489635 1228 191613 1 -4.66664701378333 -0.1474846735426896 -7.340825752347815 -0.1519271513851859 2.75990987379753 0.5599714734925385 -7.005588005668109 0.6139935221684012 0 -1.311239893551994 -8.118671088983646 519 649.2289988994598 2391 -1 7.562334827140736e-06
 -9.19069577953567 0.07773773682726876 -11168453638.04355 11373.65948029423 18321.99123735983 0.3563661025827906 -432.5133883470691 190.4713365146976 97.44809696169352 411.8502075073479 190.6450780386499 3188.018852206666 1834 191390 1 -4.306518066153213 -0.3122934744670412 -9.573448296692515 -1.155076737820036 -0 0.5800857062349909 -7.328436238278227 -0.3606618906700874 -1.198119670698375 -1.113522830853451 0.440517473603204 522 654.7460730075836 2391 -1 -3.441897799771743e-06
 -9.763759633681829 0.1314804844305324 -818184.6150383166 559.1676834918203 39.48200557373296 0.3647971581213703 -279.1723792699897 30.30058941413322 4.249949500674891 1.237423121765228 15.02527670909212 2850.712872133387 1461 191664 1 -4.442866035726405 -1.972053634029878 3.65576003557485 -0.9610308753782313 -2.107845304297537 -1.93436577838873 -5.179043347232861 -0.8334298836979963 8.663383842680007 0.5020077617152654 6.374052894592413 525 657.076709985733 2391 -1 -1.140826259894457e-05
 -10.48954243193979 0.172560630675251 -18206.89985714024 40.72171547943699 0.6391536289047591 0.1506831161012534 -909361.1162296305 58.79558429893678 11.10751191542234 0.1253546086778239 -20723519.59282837 3091.137900354923 3136 191632 1 -4.607079399848511 -0.7362299495611451 -6.20933276885334 -0.2312981646276011 1.363231593727715 -1.852014769944214 6.484561594293834 0.700453381327323 -7.860977624735831 0.9791931832925299 9.872961885449461 528 652.5119478702545 2391 -1 -1.27669840021548e-05
 -9.526451496117351 0.08110970838330847 -31419774176.50283 3223.178201283768 524.8712095201964 0.08978667731291413 -45890297044.30897 17868.57376485391 831600.6498747861 0.5240360043206915 -294.2756323941215 3138.401816503408 4714 191657 1 -4.696641073751732 -0.2185330456726363 -0 0.6560766139396721 -2.904985279333874 -1.780080632679695 -7.950260071124855 0.2228848890355452 8.296882925610266 0.5811439592759333 -4.525533425400591 531 646.6201200485229 2391 -1 9.997201791268099e-06
 -10.31252282588167 0.04728051205507087 -1513627609847908 0.5920184182257542 -4.015819669773445 0.04003733184055486 -1.32278800159689e+20 29461.40741251641 2222863.682362691 1.855937154066932 7.812860899349365 3006.306879622068 6076 127774 1 3.981961449722206 0.3029870287242193 -0 0.3126930056812442 -3.61605709185089 -1.974276937202313 3.20668595593624 0.17713236866794 9.56872149277387 -0.5814851975612738 -4.837493618669187 534 435.9213938713074 2391 -1 -1.191256333117521e-05
 -9.42619192185375 0.1012702259250653 -196865302.2722731 5243.406230990077 1359.445603093619 0.4156085699579625 -192.226462407518 776.2623118138035 1393.30383730795 0.2232236246100162 116056.1831331001 3115.244231881762 854 175654 1 -4.267299853032998 -0.04384899748498055 -2.900864799425242 0.6986939283382307 0 -0.06510202129232213 9.432168027523177 -0.6714983135859427 8.289995228310438 -1.763700949830928 5.50840974110545 537 602.2555298805237 2391 -1 5.916009210303196e-06
 -9.940952911814145 0.1104925524635351 -6333737.779944382 402.0944183026692 11.88460625305846 0.06470554370625231 -16994213567984.93 112.6069784731051 38.33122551947682 44.8192671616424 7.140751407110194 3098.161783868702 2516 191662 1 -4.270906063277959 0.7973119411391263 9.232676071543361 0.6129872374846581 -7.137954483650521 -1.721889673074004 3.72443765684231 -0.105193467535571 -0.7940877780764986 0.620482884147858 7.690524372450497 540 654.2726860046387 2391 -1 -9.005947673197583e-06
 -10.12562152980259 0.07640849576698872 -34550397148.29798 31866.77552570247 148073.2968151948 0.1441081129327467 -3125690.09715138 133.8832676065798 52.09800058343897 18506.10293401629 749463.3983761909 3079.27864733978 3303 191664 1 -4.152142784418912 -0.2893919528198001 -0.9146945580371773 -0.3389210117113875 9.97474960950886 -0.4947093046464204 -7.471294248598225 -0.7913487884736261 8.85472504079223 -0.2241106587184802 2.760170237382175 543 649.0642921924591 2391 -1 -3.247588142610492e-07
 -10.02021227897795 0.1046299953066488 -13866532.54997676 1345.102766455271 201.8198654560351 0.07149471332546818 -603920172144.7673 8022.586830806743 152685.9963402592 3207.455246417289 11384.74108346367 2931.739359970092 793 127652 1 -4.580145097384504 -1.746972987876509 0 0.9496794897538896 -3.154538983551935 -0.6522661333509064 -1.654534074318735 -0.8190322971441725 -6.821923279595337 0.1935580823053273 -0 546 436.3422610759735 2391 -1 -1.424975643462882e-05
 -9.725997518406842 0.08693652696451902 -370311887.4153661 689.2425654068709 37.39966346156034 0.1960420421460459 -36323.82173781739 1750.879955904357 8400.320006288914 1.130608607864124 25.4097690317704 3125.549338273141 3808 191598 1 -3.612683945063432 -0.4284804377827945 -3.249433915653452 -0.7115146353118345 -0.9985939753477195 -1.571590932120965 -0.2440785542819803 0.1194484234044544 -4.757487164087644 -0.4995055675372937 -4.86202141922288 549 626.0425508022308 2391 -1 -1.531168011820073e-05
 -9.963904905561522 0.1908360099343633 -24083.37107831353 11096.3755287844 13526.42065116232 0.1909342825920166 -153413.0463792322 2705.444632557395 17122.14427202664 1301.475576527615 2073.967479529665 3153.446190180578 430 127131 1 4.585209913166123 -0.5166594937042142 -4.805874188798031 -0.9103368405002792 4.273242906207807 -0.3186506490405447 -8.555948457678143 -1.754105977201263 3.325972091849715 -1.162047632377434 1.892933005462562 552 397.5545110702515 2391 -1 9.154312533500079e-06
 -9.609820054683052 0.06569460118853844 -14290551505.00506 80381.34731713898 930992.5456116808 0.0999015014056282 -145512385.9829544 13497.60299447821 509854.450053275 2133.138655961789 19046.8512100428 3037.127206506733 1014 191662 1 -4.493664681934938 0.642775250571296 -8.42353990551865 -0.8827996325865932 -3.771040155850925 -0.6928179816019605 9.476968235246643 -1.404314736695309 -2.544299131038489 -0.6181601735665643 -3.808813376876691 555 593.0689129829407 2391 -1 -2.576740208312359e-05
 -9.495492113739983 0.1358796838800171 -3794794.492251227 2089.165245811989 192.4968478908487 0.2825336355603827 -3368.037612364474 161.2152011410655 83.18475302933851 3093.450562649503 -3996.889413249812 3132.597118375572 1529 127775 1 3.408317377010704 -0.5191430837236286 -0.3137824172269834 -1.68874330500068 -3.655217732973386 0.03999371691430652 8.846144347612704 -0.6341595215687903 7.604099051725969 -1.89007066889577 -0.8620191210074259 558 394.6705322265625 2391 -1 1.410630170594697e-05
 -10.28350558190859 0.08715491140171146 -9324030663.639429 0.2203099166367032 7034.548321574502 0.690026164787587 -11.77466016120966 324.0183962067197 218.769860949594 49883.06174159826 1608157.759904066 2926.480286234757 4130 191628 1 -4.114173732889514 -1.137568955028843 2.800198127765083 -0.1293646687950628 -7.15652576756947 0.761030050494953 4.234622620170455 -0.6647913118265185 5.992281402276021 -1.607267118282404 -4.674559669874419 561 582.4413151741028 2391 -1 1.525037117722333e-05


# name: injParameters
# type: matrix
# rows: 1
# columns: 11
 2 10 0.2 1 1 0 0 0 0 0 0


