# Created by Octave 3.8.2, Mon May 11 15:01:17 2015 PDT <charlie@dicke>
# name: outString
# type: sq_string
# elements: 1
# length: 114
Slope	Lambda	Gravity	Lambda	MagneticField	Lambda	MagneticField^2	Lambda	AttractorTemp	Lambda	AttractorTempGradient
# name: op
# type: matrix
# rows: 188
# columns: 31
 -4.378489137358159 0.9779765470928299 -1.268798822686749 0.2353328806187222 -8605.933775875679 0.2655628436786105 -5886.325732119573 78.79225948375084 19.92152733210978 0.1280121231507639 563442385.2362043 3257.416377406059 1914 127774 1 4.097701590551901 0.7313169923370539 -3.833476864516411 -1.260699735681855 4.841930072204573 -0.7044520229640163 5.020485471205543 -0.1914187541202974 -5.264331308194004 -0.06959812863305363 -5.714708223899708 2 643.030476808548 2391 1 1.789141743816201e-05
 -3.733256437412753 0.6322007600214116 -1.776650850537459 172.2275332766322 2.752384436364646 0.2047777706804325 -26938.29672992446 457.697011558312 518.8905137893248 58057.58786637663 7792254.021406446 2962.549669895428 3948 191657 1 4.595162020523285 -0.2756047257858096 1.899077139759064 0.7352963001250061 -1.842718472139016 -1.169269303678527 -4.015063210643024 -1.001040326452391 9.108799622435713 -1.837918468646892 -3.569046142514938 5 801.6612019538879 2391 1 -4.981208536252599e-06
 -3.801316826852547 0.2165193186594096 -1862.634257820116 452.8296873948374 8.334464239081099 0.1296957415570838 -12146618.69029134 10243.12452557645 244822.8151259147 419.4473605507708 449.6661808171555 3033.364797099629 826 191641 1 -4.67098136804965 0.04581967175161774 -4.715133214518984 -0.712790219907971 -2.888955859615942 0.8761601078290138 -4.699094351494935 0.9131922484801374 -8.646788418003496 0.4617794128652339 -0.4891435607825034 8 802.7810249328613 2391 1 -6.944651771517279e-06
 -3.988039220109599 0.1446851723923286 -163225.6327664119 1198.489750524333 524.0280452869465 7.879158663171865 -0.2559851149631445 388.380349531469 298.3263717848112 1.664290102659781 5.783403128381465 2955.083494549667 1664 191615 1 4.61456603006831 0.4902375230802702 1.182413003253913 -1.006337186420295 3.819767860686601 -1.701501756168196 6.617442092011071 -1.078708502804178 -2.897652596411599 -0.7594008842716047 -8.595879108541713 11 811.4799201488495 2391 1 -1.007919600486798e-05
 -3.512617041506602 0.07770193256213756 -3548071806.078038 27855.53967339107 54986.92503861978 0.1228216372526794 -21399939.56809544 137.7864115107003 51.33119215333605 1.984485610169152 2.201574288837804 2984.226377503695 3921 127718 1 -4.592066554682456 -1.718084029161674 -6.525492019255888 -0.4888413292551199 -6.09823894438885 0.7028920935153975 -2.442922687396452 -1.891171146962681 -2.181514560383263 -1.731980659680135 1.697702546660317 14 538.8610360622406 2391 1 -8.694587150593274e-06
 -3.437493290870188 0.05311686800461612 -3802784852666.918 2.977671477972533 0.1214694339636027 0.2192361025373987 -10957.22306908274 145.4223368758033 59.48171831258477 2.509546500457663 3.682711272475215 2881.819487890101 1837 191656 1 4.684583948168578 -0.9822125667140824 -0 0.2744622750463974 -2.365791262196732 -0.08584407394639015 -4.309983282475097 0.1742747311020327 -5.379267988469769 -1.10454077293641 -5.404053340330917 17 802.978077173233 2391 1 -2.128848581810043e-05
 -3.904738845978069 0.07357082752376271 -274343249776.9207 1.529138738212966 0.4177621233480159 0.3183484081618758 -1892.624115848479 26322.96415119914 1408320.568919281 27270.87591848212 909628.0452108136 3002.423609948102 896 127768 1 4.342210991755572 -1.824611177122398 -0.07141563731530987 0.4534966530085666 -1.213432194948275 -0.1241717122019317 -1.422279138172362 -1.804387426074272 3.385532982122577 -0.5890115529905398 3.43223704756081 20 427.3060789108276 2391 1 1.146447159100714e-05
 -3.449868059676433 0.5215225059526681 -6.269034401885273 3.260244945056282 0.1883798803620431 0.1641182981810795 -1016202.483748768 2722.210526352455 16463.06867717872 0.05598880523794876 3.704935042252297e+16 2894.884466292787 1807 191630 1 -4.383799322526306 -0.4555089809756465 1.055064891034524 -0.2899379669554705 6.133240367736244 -1.695207546769759 -9.206662947628223 -0.8730089581071709 -2.177433750195438 -1.565166391374175 0.4888113647404007 23 650.6382219791412 2391 1 5.113832823292421e-06
 -3.779679646096858 0.1323088170987094 -4821506.609482947 1.569671242429074 0.09136067254574534 0.1434523597287706 -11468436.48119587 6268.498269797172 92515.83287767091 108.6166455478744 49.94079506652687 2993.853010155952 5512 191658 1 -4.205361664497055 -0.973642103763952 -6.212529569765943 -0.5626873424159795 -4.861757806991191 -0.4107094335119239 -1.554930416788621 -0.4119501200590996 7.730345190881822 0.4148453482977157 -4.968006864309601 26 660.4568798542023 2391 1 1.596035846808572e-05
 -9.521016557992695 10.78343959003382 -0.2073755986388535 1.784478599696402 0.1263596400593544 0.1271769983254019 -18834513.24982386 193.3357383095713 98.52718307594586 60260.51833721125 5809954.710795266 3196.977695126181 1785 127734 1 -4.507603643583786 0.4450606721098294 -3.919651841558294 -1.124969733021095 9.484688363725228 -0.7064893357385262 -1.05380462376606 -1.353992969777637 2.531738210829678 -0.08271637649928112 -5.904418370561191 29 442.7191891670227 2391 1 9.159052763894937e-07
 -3.441644086928495 0.1468321983819078 -92450.87329013304 13358.14400711306 2036.352402280377 0.3471317732747251 -171.6523739571354 45.77155792870929 8.611444585581667 507.2138452754598 500.5687498200654 2840.267480183734 335 191608 1 -3.986897713331134 0.1098471770276745 5.019326327364313 -0.7504001287619939 -3.629729796937129 -1.373019948788764 -6.044349788477309 -1.941402959622144 -5.713212757760955 -0.6633010491747093 0.006101703220769306 32 633.7045960426331 2391 1 -1.586315937385133e-05
 -3.747613654463645 0.294027887045575 -223.7430566659357 38419.59530634734 239051.0075447219 6.745533272147047 -0.1819991692390075 3467.999112309047 25559.62198863464 1.354581739172959 19.44121173973461 3156.254256848636 1287 127748 1 -4.418511692880951 -0.876658470609553 3.67251540410296 -1.546060688021782 2.07937546092492 -0.1111774351314807 -0.5517172890012851 -0.1348045785801198 -8.842362678217539 -1.23117553199457 0 35 427.8926219940186 2391 1 3.450618422984167e-06
 -3.344005346701276 0.05117942780921863 -143835405482639.5 0.0357171191918985 9.81329967879868e+20 0.9713160858272839 -1.601887986308343 45681.96184811412 4718674.555448606 5585.547528643538 27679.86394477021 2893.690117432633 707 191648 2 4.122912795554743 0.8376493030456258 3.355224410238017 -0.9073010808310222 5.961399113931655 -1.439516303979023 -9.522101273297173 -1.122126667838899 3.800788941784202 -1.52618117565391 -1.421752126724338 38 638.7560420036316 2391 1 -7.951327801064476e-06
 -4.717153946529637 0.7855430939523503 -0.984847846156919 0.03982685950492529 9.993904456602985e+20 0.08537530945644252 -44373146176.83197 128.3398556978593 35.5419912159132 1.730928357342102 10.23742418090953 3084.0126987337 550 191596 2 4.172940423163358 -0.5129198582543246 -3.521005573337722 0.3333899050807884 7.916316783805469 -0.7024376895369953 3.743369921154237 0.9885129341600645 4.86081737069566 0.2854183897104185 -5.904142384813727 41 631.0955319404602 2391 1 3.911395278274998e-07
 -3.012078542710002 0.06877110268703091 -23034675851.41961 75926.1803229347 744953.9997311556 0.2691044586312833 -1451.862443471821 139.6559707798386 61.84651140724853 1.162592956866925 15.14520492708949 2943.407096163169 3518 127772 1 4.610335357375994 -1.006649994964346 -8.978580168765944 -1.182405231437743 9.678879032692441 0.4837852119905252 -3.31550869558392 0.3822316902425378 -3.477982751862382 -0.1903773002219369 8.742431622123936 44 437.0363800525665 2391 1 -1.26120542690933e-05
 -3.796933671374437 0.2653832406655082 -1251.889215774267 0.1509246379219907 -573457.0881950769 0.3110367380321644 -1821.120598668103 5077.75843580412 54305.10813735906 0.1939081643572799 996287.5803014099 2925.305336976747 1550 127773 1 -4.682357584077114 -1.009005175706837 8.190898658511257 -0.1683224993105022 0.3249340582722753 -0.2346196932246328 -9.077750005757279 0.39724423286677 4.175389127338593 -1.469857724392853 1.379182216302723 47 426.8682911396027 2391 1 1.595138889071102e-05
 -3.0873761916348 0.208587614243131 -11213.59408553447 0.05813693982912044 5200464686186003 0.07639490448557636 -3251415334158.023 67.89088362229103 13.46235873677219 0.05569517036639518 5.564128779508544e+17 2915.689933307031 2453 191600 1 4.412809818639361 -1.131242987048002 -8.577313026736721 -0.358864026075862 0 -1.432079447192877 9.944835733340232 -1.499744868436247 4.326662997034995 -0.9788910132299833 5.08183873842234 50 634.544615983963 2391 1 1.708756206164403e-05
 -3.495425033120551 0.08597536028481396 -547740061.1144679 3765.414799924966 575.0016135949999 0.2481194947068298 -4311.955283338241 941.2022672117116 1800.041693323016 144.8813719094902 68.84613230357267 2929.297838398711 3193 191643 1 4.192844539536758 -1.917415093153313 2.971875131849268 -1.78550604265304 0 0.1335245687867194 -0 -1.869255289212497 7.139309583027178 -1.47162609555067 1.176196711634667 53 639.3126800060272 2391 1 -7.081356003487287e-06
 -3.050479278771438 0.04622978153561143 -1.165157732028395e+16 5.442316466618185 0.08347662452395871 0.7211264358083679 -12.2490280849726 610.892860443549 890.7617370852518 310.2888580266298 150.835145140739 3041.376280069648 511 127333 1 -4.636502972692817 0.5030177103753366 -2.652130201595316 -0.5940717650619103 -7.146308461516629 -1.882407446197646 -7.363289674455435 0.07908867690588518 0 0.4307865037482728 1.318983467123179 56 429.2184500694275 2391 1 1.461094092908008e-07
 -3.415458253017443 0.09138783477975425 -5377717281.04749 593.3347391026715 36.06824711285125 0.1896353433681257 -443057.8685130416 86.14682524864963 18.38294923429207 0.2881911271595842 58429.18791050387 2994.686517358576 1416 127739 1 4.69100989568005 -0.9097323663581429 -9.619328652899945 -0.4567048709768766 -3.074531561650474 -1.623038228340918 -4.248441102211429 -1.104608199104766 6.783802719465155 0.6317269902797635 -6.266654457318343 59 430.2530841827393 2391 1 2.762186693498259e-05
 -3.09070907867117 0.03815443404663282 -9.370879157753693e+20 236.8091302956592 1.707078582276518 0.06727864214225319 -168926531853071.2 1321.868130718249 2733.426258533628 0.05346622579247336 5.634764350234495e+17 3046.321329301338 4710 127776 1 4.39792426925281 0.1022055494823028 9.233428537968049 -1.574461786175243 -5.1745971827212 -0.2817158967352027 0 -1.206282023073825 5.165569868548218 -1.143964372160171 -7.028282952796429 62 422.7709980010986 2391 1 1.395766773370632e-05
 -3.395037587011606 0.04869060603205379 -1.15488621810916e+16 1.729430217457759 0.5862841542713795 0.06153322148205614 -693308771740723.5 7987.232095341927 156895.105822156 0.7605169280235059 69.96362966302546 2899.720365488371 2255 191660 1 -4.68025542826167 -1.8286587814679 -4.693177874400911 -1.096022318355747 2.457829807373657 -0.6998549617251042 -5.780856006275037 -1.849223212710635 -7.154897023365464 0.6540695469007245 0 65 630.6056349277496 2391 1 6.021869279701076e-06
 -9.703347066542717 11.53241837773813 -0.2450141891857767 18863.10684224048 7853.543069059083 0.2812360094258543 -618.4269982075269 94.04231612079693 22.62932442948092 48141.35798229647 -507129.9894265981 3201.493072726923 2658 191661 1 4.6628480210209 0.7234169776430202 -3.519522120837763 0.9929252119575076 -0.1335721021344183 -1.219669608449111 -6.658939515269751 0.3763531011763601 3.276607838193969 0.06771805450357159 0 68 641.7880680561066 2391 1 -1.046664083574962e-05
 -3.473513041921246 0.2180193039485959 -1658.798972034203 341.6238191908156 13.5753997457944 0.9517314439548167 -2.65063042651821 61.53923834396736 10.95944614244943 304.4424793989854 29.55931296262252 3052.439550614498 4646 191634 1 4.678338844431008 0.1796997346977332 3.576524824924951 -0.04380187187817434 -3.340239772000162 -0.3626035793597797 -6.880471668313183 -1.223474204395844 7.131875395582361 -1.050230270868481 8.988834706617384 71 639.0846729278564 2391 1 -1.211130493012746e-05
 -3.701209820785902 0.104272560179955 -36705265.71186793 2959.568937698328 304.4515014727943 0.2933936432153796 -829.7244795263027 362.4111613497786 356.1814598436113 0.05432552478742292 6.426257250155448e+16 3111.213778457302 436 190186 1 4.686122873187967 -1.637435322467395 9.865540887782965 -0.3525128515022153 -7.640973157830375 -1.60050704563687 -0 0.1313404731020053 1.227257069538448 -1.421214447573672 8.878417389892565 74 635.8275148868561 2391 1 -2.189112068376423e-06
 -3.206088906382599 0.2833091655534736 -302.9037206073411 0.1036645231574975 166056976.1501985 0.08775732100406011 -31296188555.44229 88151.03545255467 20986281.21119983 0.07562524463541882 9444353571048.482 2876.53255224909 3936 191658 1 4.387431237439308 -0.567362726482175 7.635791487659047 -0.4826390038604567 3.592198866523432 -1.830009213587598 9.541586310601426 -0.04896023711338862 2.477914186536807 -0.8012301295242148 -4.851399060993434 77 638.3216450214386 2391 1 8.129369483109355e-06
 -3.331180209211595 0.05368224612831025 -3971445867893216 0.05751254918810415 -1.282777320699435e+16 0.1398529078484775 -9947379.407870684 17622.89793405656 840654.4418810594 3.740986422088187 2.7983353330282 2901.349305281162 3566 127770 1 -4.497375217364034 -0.09644541488889938 -9.974956045417256 -1.707505981607993 8.458879922056703 0.659356924600897 -4.836412698149397 0.8327419738359563 4.299984761300936 0.3168798818803479 -9.267743127180038 80 424.0513348579407 2391 1 1.613737999109001e-05
 -3.586297308008231 0.2812183856572918 -65.60949742253818 2.034005618578205 0.2860407880581179 0.04057031208424267 -3.20123433303276e+18 87.54005213275951 21.41288477279796 3242.646675428145 23135.65162323105 3035.144268232541 1406 127773 1 4.289778143898351 -1.113461179488174 -7.203224166115225 -1.517187866783563 -7.479161348713374 -1.19315197223896 6.741164804905346 -1.641229960088036 2.742264360289539 -1.468799581171012 6.689662898326652 83 426.0694189071655 2391 1 -2.334811920287035e-05
 -2.927617134958725 0.04576827796042046 -1036115661561682 1.827441432844648 0.1240196652106348 0.2460701423411256 -3672.124107607745 169.6074804617821 82.13665291967793 0.7871173924094331 40.26195072303462 2797.998372891599 2168 191615 1 4.651814920792643 -1.713121540925853 -2.797803549824062 -1.211847319717316 1.512823146763511 0.8613574427908746 2.033842653769328 0.3612866621983745 -0.5393275121037742 -1.663280394338392 6.074358122918145 86 638.8731968402863 2391 1 -1.547234045296727e-05
 -3.827201723763343 0.1300189995105361 -940018.1560309062 0.04261451095991298 3.35576405878639e+19 0.1467620535832501 -814962.3333157846 694.2235467078647 1241.38613921385 7144.832781129017 69838.58050857937 3071.026428858932 3612 127775 1 4.284217597743551 0.519406903887095 -8.526316226593547 0.7039343336470103 -6.053190503631119 -0.4337900795499499 -4.349090063157383 -0.7460836141589731 8.682571254731922 0.1857036115239365 0.4516935646558093 89 429.3909380435944 2391 1 -3.907098701768704e-06
 -3.019781458953224 0.03998848515283776 -4.876723436635132e+19 71.95165944998418 0.594162225841506 0.06717120097851903 -85511048939365.67 77206.50197615341 11885719.87183903 1.253485242737977 6.35386323818374 2965.825710619461 1079 191580 1 4.407890386685188 -0.3230994835595871 -7.865407131411384 -1.184265820804027 -6.411839582185515 0.0732510833076052 -9.085444796680093 -1.724988007736914 2.455216030181529 -0.1665923810642749 6.14953974233564 92 631.1865129470825 2391 1 8.05994091967844e-06
 -3.739143259929254 0.4003473671558427 -36.7775302426318 47.61361273441671 0.7216772101060788 330.8123835815027 -12.8244245497246 1471.785890523828 4368.576857792405 64296.41624137264 9593972.192920502 2954.291208161065 2527 191660 1 -4.685540359376709 -1.304391987739345 -8.440932303635067 -1.388822909360672 -9.581349076922448 -0.0851982248276988 4.084121454306831 0.6821999417278937 -0.8478559132112622 -1.185623779327221 -4.149477719065202 95 637.6278910636902 2391 1 2.50713708147679e-06
 -3.907073519794339 0.8599567572906726 -0.9223633918147403 3230.784102660783 1156.816025679034 0.1224862622793798 -5190094.760063261 1339.942746881564 4710.28650011829 0.07860403128029121 168751304243.0138 3115.346014952905 3232 191660 1 -4.685636953844592 -0.2372587219795613 -0.1847723715300424 -0.5296704183265364 7.422451828085102 -0.7626567975742766 -8.788495222089031 -0.09624057003227901 5.501764537966755 -0.1138804458613381 4.600366864928508 98 640.3698790073395 2391 1 -1.720214631048054e-05
 -3.101070065043429 0.6312681034314676 -1.272047758752751 8200.283828269989 3594.502892127414 0.3071630462648738 -914.9715717719306 5976.636342993292 85963.03714583159 3.494387689184955 3.916412461021194 2804.065396839047 1410 191640 1 -4.182984286621878 0.9180345855502896 -1.721092294571576 -0.4194807429327714 -2.7759253001255 -1.044444856764013 -2.948883012101727 -1.060472203216133 2.014144470800326 -0.1689782297876192 9.296123867305743 101 632.317067861557 2391 1 -5.122580963655503e-06
 -3.452850816018159 0.5275373533763598 -3.538374110829892 136.8541111055061 4.157694088805693 1.724900792517626 -0.3327509587157177 41.9479352018345 6.522036610630564 0.0940082447283435 16110818066.35614 3028.986157153508 1299 191629 1 -3.861907384588988 0.129209297592213 -7.845624655205036 -0.7519423435598434 6.322761272484589 0.5258220332042183 -4.912519428747591 -0.8388431044042415 5.535435061142176 0.9602917876552604 3.557160586012591 104 631.3750689029694 2391 1 5.939753537416934e-06
 -3.021230698585774 0.1250418630111094 -400130.4656707415 0.3400486751001993 114.1538978392765 0.3368754138570164 -137.4870326996536 17487.57347337762 661302.1309915164 49429.58649651653 2493976.767258024 3094.359397535841 2285 127749 1 4.273545056053238 0.3931572370456289 3.395825503602836 -0.4496345277234344 -4.830653591856311 -0.1475356566811534 -7.525145549715599 -1.088191973084312 0 -0.1062171510790275 -2.683640283431168 107 424.1031451225281 2391 1 -2.363561430267718e-05
 -3.724625197481426 0.1116203525490873 -62203396.05369902 4941.562800692644 2250.559461060215 0.0793788937966713 -787282769438.8303 190.6963385042584 93.37443465282919 1.193324053745044 12.73244818464489 2780.329028038133 3205 191657 1 -3.995366870867822 -0.5568825130772321 -7.182334956595353 -0.8303485645420263 0.5717366594080122 0.7776608807200747 -4.254895028648482 -0.7326510278656286 6.134454103422479 -0.4055591495085587 5.128181582270988 110 634.0854439735413 2391 1 1.48772802841446e-05
 -12.07724846119585 11.666363106174 -0.3191867342875893 691.1798610138151 31.38110471752579 0.6443854122817048 -14.85933654227462 4010.800328045756 35075.13762744344 1.656420464791883 3.061872291582372 3148.331847940382 2271 127776 1 4.237838705786776 0.2816780155239304 9.818689541140795 0.8884961356262595 -3.969997954864786 0.2353432321235229 -4.21782573112581 -1.492866450883946 5.612078570154637 -0.8863460319241252 -7.706979473193645 113 425.654018163681 2391 1 4.266177848543517e-06
 -5.849640850169733 8.214063213677912 -0.07899498630869141 0.4613287784328841 10.67072459586538 0.07367078499450457 -53949456983.84332 3205.506757659258 27890.7017093461 1.678308519666276 6.540459677878119 3109.97709002508 958 127767 1 4.673961602820296 -1.807884490828961 2.078760286330623 -0.5970730958403081 9.458172959309515 -0.4151829952464183 -2.927826636314622 -1.982706130445599 -7.757476468592937 -0.6688634768436525 -4.01897640527939 116 426.748792886734 2391 1 -2.387770123173815e-05
 -12.66493735197143 11.18598478304061 -0.3042139490978961 0.04025507244856329 9.985332730568805e+20 0.064332508972315 -66346708840742.91 609.6538658288529 852.9803039166087 3.792703324961186 1.544562778526052 3001.09317154371 1670 127776 2 4.605515450210303 -0.9486544245294821 0.4895093485401665 -1.903564612063612 7.033080360905078 -1.75060978059464 -0 -1.908691884590646 -3.125418163388167 -1.37600861212919 9.985664161021552 119 430.3197770118713 2391 1 1.397929744347108e-06
 -3.921630610672314 0.1578728528147561 -113909.9363013375 9425.938898948458 3678.080801652454 0.2685716803195685 -1759.989174363331 144.0088585582381 43.32537658344125 0.05045136127831568 5.8265782404629e+17 3006.929387656522 6325 191660 1 -4.657896623665152 -1.28753206454098 -7.229128130402316 -0.351235233719625 0 -0.8891733505405313 -5.895710457445428 -1.909287851474471 4.795141242213402 -1.967456877397182 -0.4600021264193148 122 634.2990939617157 2391 1 -1.225699317180429e-06
 -3.498238397263793 0.05619260788578345 -8424765996597.35 0.07858676004135594 -14645793057.33394 0.3467004147204348 -512.6568744046692 428.388450959228 439.1979361969604 5.607906305880969 1.733524138471343 3006.51429214264 3247 191658 1 4.588687076163248 0.5869864314933166 2.894437184037892 0.4647231451857489 0.3569614802497418 0.7372932545008632 5.733495321898718 -0.3177103754966018 1.278573107702117 -0.8736165688789637 8.819173029130551 125 639.3790798187256 2391 1 -9.759599088840144e-06
 -3.426222151308408 0.07294007854590773 -191781044952.5425 6.355651261751901 0.03732957445533021 0.1159289144795472 -302402174.1622244 188.4654831032727 103.6018592446376 134.6165148596959 36.10644589638358 2996.821862564725 4820 191663 1 3.0377306773697 -1.983686912139612 0.3375947008733369 -1.705569746085679 -5.82849111929777 0.2916988371604167 -9.29685642412869 0.2321988153893209 7.136419495967827 0.3340909633463997 0 128 640.0764172077179 2391 1 1.028547237004077e-05
 -4.188978134340847 0.1327315359414951 -3548023.787578652 0.1937960814932516 87721.83010368375 0.08156081063398082 -615687062530.1888 52935.26394977051 6445826.058769376 164.1155788880901 56.02720115114739 3093.966456715029 1636 127769 1 4.503862900591181 -0.2967818188205137 -8.984895086510541 0.7252004225335216 -6.017162066588929 -0.5556276354358154 -6.533574124523864 -0.4542250158805325 -9.471842033611322 -1.864027999974575 2.016849134212293 131 429.9284088611603 2391 1 1.853138905877969e-05
 -3.62227271102678 0.2724801072757091 -681.4425163272409 0.2785722274092804 -1063.341023675016 0.2294214948657856 -17992.27646819858 629.6457835161963 899.9933818724091 16505.25302516166 246299.4339592752 3026.751865138948 3221 127722 1 -4.695971863635372 -0.9433900159948827 0.7099606941692636 -1.815172230162454 -6.163790016328527 -0.008092645642816969 1.25596833965118 0.3319760407982772 8.184670155406179 -0.5758401206292483 6.001855398015881 134 429.8370559215546 2391 1 1.081461595714498e-05
 -3.830680801600438 0.3940687188003961 -36.18349651656723 0.2100421522065983 -11872.45144510646 0.2267140212499785 -9022.582666515496 453.6486111317322 548.1070753516944 307.6897684005323 342.5537553224503 3071.25899943737 1834 127556 1 4.5156170320664 0.8254666489793276 -9.411549508544519 -1.74669156779136 -1.66388112180014 -1.862016561014295 0 -1.869391019662023 -0.8901859713228619 -0.186442280983055 -9.14806755366525 137 428.9884498119354 2391 1 1.072464369924164e-05
 -3.512161735428621 0.08172679284772076 -1714355787.995915 227.5574404306807 8.655962537322528 0.06647697279609902 -9660527570623.223 15757.43986400752 569825.1118945745 0.1142254770631258 372434867.2690428 3017.855831490189 5071 127768 1 4.418273764096599 -1.012260555374531 -7.188167429228058 -1.407664322108607 4.195104642118891 0.32798357813888 -4.633901428051384 -0.6890182822689024 5.534518629918579 -0.05040430278172894 -6.199593632379353 140 422.7271959781647 2391 1 -7.525444651879311e-06
 -3.639356888344999 0.4347710726594337 -13.80745624158603 59321.91109791529 344172.8825783458 0.2774183874303775 -2006.63977415303 67.9855504332027 14.45732449131396 0.04337751739837401 -2.266329047780404e+19 2921.258437189584 2739 191632 1 -3.657073881021195 -0.600010958418177 0 -1.83212622569621 -3.066267332701669 0.6304175808999095 -0 -0.3331110664536726 0 -1.06474593613818 -2.767749029411984 143 639.5779430866241 2391 1 -7.805481919476797e-06
 -2.576731067990734 0.1424493767380421 141826.8594440532 4247.159432779191 357.5704460241699 0.1667114820713903 -270867.7573980786 166.0326924072825 67.72078641011505 0.7622052141732344 45.53797304575483 3035.714737874077 514 175691 1 -4.134191333220852 -1.419809500750947 1.395056339490245 -0.8036254505475195 -3.186924580316394 -0.0641408021292014 -1.844199315936432 -1.156213427764586 2.07881634469569 -0.8431290445866102 4.473456491452373 146 576.5494799613953 2391 1 -1.564095577848436e-06
 -3.3424181735999 0.09987068919387312 -216492933.4363098 2146.624392561999 486.5355597604342 0.05088005712003302 -9.492364200687276e+17 15391.70603037871 606445.9427759582 3.363103503185004 2.55886748122777 3002.585864569744 1544 127684 1 4.52501408058189 -0.3816741081994213 5.194787826949414 -0.304123514099512 0.9602128320140428 -1.89437132109014 -0 -1.551781328715305 -9.706888064739953 0.9072157825816314 -2.558968665874164 149 425.9305140972137 2391 1 1.006509944735817e-05
 -4.365986499699448 0.7204953622994802 -1.031820874754787 10878.49481008539 38648.87548996285 3.459684180619815 -0.3569292696866836 127.6459976636147 40.1157847759589 1.172288114337918 29.2787690958687 3031.409238410592 1169 127767 1 -4.594678183889082 0.180480994149287 1.111474016196655 -1.394175238399421 9.498555549451343 -1.749284046584129 -4.243134530191657 0.1083030835748668 -3.138728954304096 -0.155534473137525 7.911700788892976 152 424.2803859710693 2391 1 1.752631318926811e-06
 -3.644126656951874 0.06864656855474022 -12183324312.772 0.6659285329442172 0.7571003199837145 0.1037237077448238 -73843079.33974163 11250.55447306825 254983.9113472996 1397.434215423014 -3218.963129774962 3176.25439820904 1852 191663 1 -4.43919448904117 -0.1475008876980421 -7.01122215045068 0.5523062381623962 -6.444303799075123 0.5231893684750024 -6.003696227565537 0.6319607094198663 4.449256644272628 -0.0152457030045721 3.874720776867129 155 632.6875360012054 2391 1 -2.116414801645571e-05
 -3.497671783149531 0.09517696695903244 -106274317.0300836 7567.465727717839 3530.486437001751 0.03954330415993984 -9.981556587605333e+20 179.6135611943805 78.20519971921512 491.6981654203053 696.2328751996899 2899.028893952603 1808 191652 2 4.198619921301005 -1.514895579276405 8.481667593968149 -1.17923913935891 0 -1.414204532186243 -1.28118146806022 0.6651242127630574 3.374950573965831 0.1089122400286557 3.976748147298161 158 647.3081440925598 2391 1 -6.042739042334863e-06
 -6.719588116712976 10.62870339258599 -0.1220722786728512 68460.94047039836 612913.788206526 0.1270125211753308 -26763587.96651126 15417.1986544236 621068.3351184999 1.677306676843185 6.351912349916539 3039.61219130686 1576 127585 1 -4.49284647949956 -0.8154731807026314 8.724418810044032 0.8097432164731857 -9.542087547677266 -1.119298998753512 -8.250058776137672 -0.6964744609856073 -4.324988443430729 -0.5947819490409021 -0 161 427.8431301116943 2391 1 4.231954692799939e-06
 -3.158524925497409 0.04960887521531861 -3731894254669774 2.871249566689932 0.1332360002057207 0.04415147354229755 -3.773284819992318e+19 868.531608468791 1833.035544475895 2.104798315415496 7.673682853683327 2968.668443401491 5376 127767 1 4.658895861401804 -0.4223317896637156 -5.271323305500962 -1.283191763838801 -2.945990074483366 0.3366483745115345 1.998688241493819 -1.617778319664033 1.275522660924476 -1.806717616107216 2.263927259446713 164 426.2545080184937 2391 1 7.618094073844423e-07
 -3.025887932694745 0.0417607331853307 -3.266005206862071e+19 82.28238476083853 2.555401836735204 155.2813265156768 -6.692682240583885 5771.854292103969 95180.26264912706 1.368415433921473 9.783994229122937 3145.715478100163 1967 127771 1 4.327472907682637 0.894908608359867 6.070438994135952 -0.2015596892808258 0.590298842262865 -1.522639244651616 -3.697576551379345 -1.781519600488304 3.710026064163539 -0.4892318545299882 -1.404184891720759 167 428.3981430530548 2391 1 1.616876298347769e-05
 -3.340500488162379 0.07835268028569978 -1542508684.520224 4.170200241329497 0.05667946085645017 0.1359665072558286 -3818135.776681917 13525.50453068363 476034.7499548979 89.90162106252693 -5.487256533369837 3002.022967700283 3133 191646 1 4.549839617424636 -0.9344090533242557 -2.262980766087848 -0.5626979184057488 -0.5374059716622925 0.0007261598425873532 5.741874600868138 -1.816272399950662 -6.403499828055919 -0.515117285933492 0.1957487249876015 170 637.1292750835419 2391 1 -1.299092871735261e-05
 -11.32459974741341 10.50852171137573 -0.264646880402597 1.477620110136674 0.3759114798006462 0.2963616873646583 -1219.527602628888 41.53790543509796 6.258846502100898 0.03992859351633904 9.981026651618008e+20 3140.358955095617 2123 127775 2 4.581868699940172 0.4414142076617664 2.441007499242124 -0.4090742054872969 9.264190056522715 -1.174415450464784 7.975792658991631 -0.4869235409875908 3.393648352017181 0.2853138833936612 3.426739045052416 173 425.7770872116089 2391 1 -7.018282542902546e-06
 -3.202299209033304 0.04334875884163258 -5.308864131340165e+17 0.1815986361099731 9479.332459971734 0.1102725071522015 -242945303.9181596 11650.11896509077 382936.2102656542 3.171176764239027 4.403631041947832 3111.585992481287 1948 127776 1 4.634397248434752 -1.076521296116328 0 0.9344096614108954 3.816698243771001 -1.550294677769623 -0.340966461504391 -1.111392851946357 -3.940710177669176 0.2383292408830417 5.978836044810026 176 424.942370891571 2391 1 3.945481339672877e-06
 -5.681419359485773 3.038473912882455 -0.1347428555670721 1161.423946623264 34.37584145581107 0.2941325287667312 -2117.376708819485 1748.346291895952 5702.961034734919 0.04539054330877468 -9.987679134707694e+20 3042.294028897117 2208 191605 2 4.088829961763396 -0.2160925386055226 -0.3864896203901278 -0.3551948752598619 8.162783555135761 -0.037900014108736 0 0.3401270650420218 -3.149896328348647 0.8600579984229126 -0 179 633.8419189453125 2391 1 1.826903100750303e-05
 -10.24849183012382 8.636063081695713 -0.2108768296237358 221.7968451268435 13.53519549605631 3.214978676827267 -0.2838858181607818 4379.304101814225 43914.09163933949 2.522726405502358 0.8883052532605694 3157.161466099385 1153 127757 1 -4.307333781007556 -1.562228912787277 -7.798030926279596 0.6277393486532508 7.295521673250153 -1.189891407254211 -6.648945426310899 0.8916196632662388 -0 -1.714967221634421 0.7903009501491649 182 425.7073040008545 2391 1 7.542566229733375e-07
 -3.535324824064079 0.1896187702833244 -28019.14547609568 6378.335917203948 5925.366142690995 0.2126639269883152 -39210.40257681702 2686.672629532681 15407.22429217712 4.588398762583913 1.955294905793656 2849.412909627089 192 126421 1 4.413270174841367 -0.6247898220623016 4.660863044410801 -0.7219155055543549 1.237609221332395 -0.6861501431568637 8.276075445197801 -0.8349065843736998 -2.606531066454102 -1.126806542174466 -9.619124298090018 185 425.8796429634094 2391 1 9.970167796263257e-06
 -3.885044339132259 0.3360804818181146 -86.72913949571443 7225.285581494725 3468.21756488234 0.4155530253326414 -110.6208215599133 75.12092685487443 14.74646012946562 166.3379863015023 23.71615456956403 3084.663986286472 1097 127679 1 3.909751614530529 0.5641385412569657 -2.869052249035093 0.08090320815729954 0.2755232864064476 -1.486917894456834 0 -0.8831446407405625 -9.384733494810543 -1.135359790089415 -2.05993568723965 188 423.7992551326752 2391 1 -7.562197112676051e-06
 -3.329917911036866 0.1278304691837061 -12236745.44976312 38602.50867542924 119082.2448862174 0.05207283127840136 -9.139230834218708e+18 7420.073151251393 107590.8049665345 1593.724863932692 4862.238397147276 3065.153926273918 2401 191661 1 -3.848704937795962 0.3837711363681464 -3.772560658366711 0.3277609620476118 5.844479742167234 0.6901885618822075 6.166822339257253 0.678112017875411 0.399303468331742 0.6239154583140043 -9.042834210984763 191 631.8457069396973 2391 1 2.6508767784711e-05
 -13.18341695023193 10.24153918281971 -0.3294167231386049 0.04762684675554205 1.537376480369482e+20 0.06817948513998552 -487524507419618.8 148.7591912459393 61.9724801706232 40545.84636741495 5708369.170635713 3093.60662529988 1789 191594 1 3.902950827685383 -1.264942479488017 -1.201365714784031 -0.1233848068722958 -5.523321251997404 -1.666792431560112 -0 -0.7488356410896237 -6.052776215601358 0.99114682246159 8.260514014116398 194 642.1176497936249 2391 1 2.668025945780034e-05
 -11.75629959919857 8.817638232678291 -0.2698451487208681 3.400448653337101 0.1056677580174525 0.06906384223545273 -95943134344874.16 111.6135580932063 38.27222558120934 1.218759790657586 27.2903566532064 3093.2407323049 1893 127775 1 -4.304032665087233 -1.571274186298897 2.591572658987806 0.178930402666504 2.536289973830247 -1.777175557770083 -5.697776020616749 -1.870322592932851 2.036489196945107 0.3811366180935281 9.321228393850525 197 432.9409167766571 2391 1 1.801562719806259e-05
 -3.39376949702153 0.04484542092873945 -8565967204438059 3236.517359851599 939.5039759703385 0.2009122343566176 -27287.82129532343 529.2103044455491 732.0551304540592 2.746358302799499 2.396813104473731 3081.435076066219 906 127667 1 4.575303428784033 0.6143276046593416 -5.403511444626641 -0.0577942602906747 7.58350712183393 -1.264228484018262 1.23345604390561 -0.5096108532877954 9.865185128259617 -0.8619097641910685 -0.8459996808679802 200 421.2371189594269 2391 1 -9.381756151889432e-06
 -5.306080883957033 3.23476460480031 -0.09289619409628684 0.2534784532302815 2193.770467663397 0.1614294187720645 -1090778.081753067 50380.17777544996 4823848.535708275 87.64262613589639 12.55785623170879 2962.138931873775 1306 191510 1 4.123180428306231 -1.252222019465824 2.175079047547038 -0.6906098604811763 8.684479667640082 -1.5706952383018 -6.890746957446608 0.3440886410679047 0.2013755144517813 -1.642748319153304 7.354077964509738 203 632.2113020420074 2391 1 1.394696379176786e-05
 -2.791724303579503 0.03805995732060991 -564886536987921.1 4.808316159145285 0.09934212656384621 0.05696000910081417 -2700989207055.12 83.23684884627693 17.7574134715077 1.780214939501977 4.38240153639425 2998.097740657389 3302 127738 1 4.43421060378172 -0.7476896839119052 -5.36033141857754 0.5460183525395941 -1.366817324047128 -1.294230211342887 -6.262615271961737 0.07082984458968061 1.637682962794357 -0.9849423917566646 0.480678640466409 206 431.4220540523529 2391 1 -4.148887123830017e-05
 -4.223801138563271 0.1487792331275083 -134201.782682212 3.656248424191724 0.1360847335389918 0.6946466651154176 -4.255209266686503 63.36310345136975 14.60751469129966 2.24092123520168 1.959076701619858 3013.644794642543 5296 127719 1 4.505251386957915 -0.007327532483802938 0 -1.539323404766162 -0.1743546992534286 -0.9981281441005407 0.5874569283300861 0.3411657436909312 -0 0.4381522412130011 1.420059190415477 209 423.8992700576782 2391 1 -1.23466451137671e-05
 -3.949969815156031 0.7199822825764344 -1.797036088693416 3.994633656171302 0.1143865421946641 0.8453085233101593 -4.974694489601649 107.0245530185753 28.29733564795952 0.08868204615080483 79787600623.77034 3119.706947056438 1267 191654 1 4.50288049826546 -0.9435083261899972 1.795789638810319 -0.5939601018198255 2.767730329586145 -1.935816297221564 -0.2557909335112356 -1.015918233289505 7.572151259822336 0.6578569171375621 -9.810791269097697 212 629.9514451026917 2391 1 -8.584307402861592e-07
 -11.76955608774767 10.15404508535033 -0.2710548866000827 29963.09777476474 90278.52964682983 0.05815124466047865 -444572352449245.6 403.9956097464133 358.2431625172709 762.7104621775483 1331.476646267181 3088.584977465929 2530 127758 1 -3.409209216068014 0.840163073304653 -8.251364054552194 -0.2150877540411944 0 -0.1321099080814943 4.106150721768985 0.7643100618745602 2.067147948122014 0.988465734800187 9.712391091588069 215 431.1930339336395 2391 1 -8.237872148192479e-06
 -3.315465977871877 0.1138234230623319 -9075329.759968633 1.666809075282265 0.5110048922476392 0.8480302119718033 -3.216082241228159 1061.418224101411 2723.195314149893 8655.4620464334 123406.0006255635 2864.359173330023 2205 127770 1 -4.533865298420841 -1.153364789836532 1.123950654632036 -1.423462758507454 -2.840630478641756 0.1335245940554461 -6.114480453067026 -0.4774555427931606 -9.068156560469687 -1.464292035303087 5.188758735489052 218 426.4518899917603 2391 1 -1.583239193401952e-06
 -3.885025800294483 0.3507271370951384 -55.24926915332233 63813.80634407363 502446.8465912055 0.04827268695701527 -4.023196120841956e+17 1146.174421718018 3124.722217840891 0.9967662135392007 19.85105674987579 2791.125870316356 4371 191656 1 -4.657054845136753 -1.03008115080847 -8.006590891292737 0.1140087783161401 2.538399467737517 0.823209887940914 -2.816124809212663 -0.7041791289781276 0 0.6848747238163249 0 221 631.9682869911194 2391 1 -3.852775163092302e-06
 -12.03859088971384 9.132843246252312 -0.2761565987985647 0.2857233311424903 -537.27799947248 0.2509413641772572 -2202.32322706756 148.4005403131572 63.02528450718353 0.8247321997369438 57.36496832785265 2996.962762523215 2483 191639 1 -3.506529424978851 0.812730288991398 -8.569597530550018 -0.6087696634657016 -6.438642133406647 -1.861687918213197 7.781586274059057 -0.9520943406017804 -4.602361156665175 0.08830068815452385 0.509396713586896 224 633.1884970664978 2391 1 -3.134203927326847e-06
 -3.4833020385722 0.211889610682008 -2647.252189075802 1161.550308271468 99.15287774611551 0.136604647877502 -2887233.865036175 183.814128804948 95.50672500088643 99876.41801268655 13997162.09506854 2941.378749773016 1423 127773 2 3.631533480836021 -1.796851175795368 0 0.8683120540765192 1.450889302257393 -0.9468377548057516 8.128521788638611 -1.579333405616934 4.828923210468728 -0.2553428896713932 5.436406460452616 227 428.1714260578156 2391 1 -1.346889728549925e-05
 -3.380943041805848 0.2479147384018707 -249.3332990896326 209.6253663990774 4.704150362941604 0.4215001330224052 -35.34050869269094 37.1354311734772 4.09347077366208 131.2954090743374 30.91184546552172 3173.400718838132 956 191443 1 4.659752632623843 0.3968654009480006 -6.815098439686615 0.4261635692735912 8.636382974433971 -1.445007307685771 5.194495169979724 -0.379781796015525 -1.103218235638995 -0.840527908494245 -0.02247117002492605 230 629.6283221244812 2391 1 -2.671580675900613e-05
 -3.621342037678863 0.7767178456334746 -1.322906938356178 10284.75503051022 6071.839652732806 0.3471811375208605 -341.1432362273537 3204.449823079148 19159.59944422387 611.0118629703391 1013.405530839274 2814.17856870994 245 127525 1 -4.01491573686507 0.5164674186686589 7.098778078234457 -0.4301747969966813 8.536229575908035 -0.3104355396849137 9.751084655594303 -0.234254984953135 5.031392054273661 -0.9622689130683213 -8.654461921037189 233 432.0539870262146 2391 1 -1.334007434018374e-06
 -2.924883716923338 0.3090742901238503 -52.32182034967189 0.06293851684516509 977080942391.4849 0.2119591776287187 -17936.44911925138 28639.30447579285 1568713.289233925 1.048214156206503 16.55283897189962 3041.697772130165 198 110520 1 -4.203325447070146 -0.2416422723087796 -9.661914541193926 0.9660625240838003 -3.85318277185528 -0.9915711791832127 -7.754229248238145 -0.8778120786415817 -7.758141160896656 -1.374028413010868 8.599319122823275 236 369.5895359516144 2391 1 -1.672511294567953e-05
 -6.697651103462047 5.441509393871576 -0.1137576221269432 0.07980615989437585 10042967867.54894 0.2161946962341824 -5221.54197352453 170.8980820157847 81.35273983140449 11807.31037333547 356971.3104415509 3037.310229699577 2745 127770 1 -3.846416197192941 -1.245906144474486 2.593977820649791 0.1136101728481566 6.243358512804642 0.3334199269721271 1.9218644358632 -0.3142398984551865 8.303701790657634 0.156222542959211 7.788085827403053 239 423.7968511581421 2391 1 -1.326500183725964e-05
 -4.58423739259775 0.7154126568512266 -1.656175889257092 6.509834510047924 0.05916576210187605 0.6119393625429619 -13.2843935310852 133.8229820606193 36.18072320450838 0.05837840754230601 1437808073135596 2889.341426107796 1920 127774 1 4.144344909083077 -0.4487466677560077 2.496815833500576 0.5928037001796733 -7.81890855468615 -0.2378996709736967 0 -1.204484527062844 -4.003029415253677 -0.215121175429859 -8.584045979190792 242 434.7203540802002 2391 1 1.426342758389428e-06
 -3.364015755414921 0.175908198383164 -70561.8669793602 1441.748867432233 55.97959046461779 0.1828909448064951 -199093.3807286082 4315.386986411482 41978.98095967325 1.371701359479787 10.60460526579608 3048.111519135031 681 127765 1 4.597252207598687 0.7221689606515644 -0.3792995699538562 -0.3324554102480928 -8.572566056967366 -1.537918018804335 -4.766607087094107 -0.1806130623954445 -2.906256582884885 -0.5412068046927478 -8.486300389167114 245 425.2538239955902 2391 1 1.763899334335488e-05
 -3.717614027776758 0.1811465923534629 -9440.939501074461 177.6024283643388 2.565633159650196 0.1659553305307789 -245520.1460953253 102.0384341895678 24.38401343775933 0.09202411303989139 20870649698.25431 3094.098406720411 2022 191645 1 4.464512779720338 -1.27048954541819 -4.363302808637294 -1.689840779253 -0.002940042451183622 0.5719393000554587 -2.586151643464772 -0.6298794887875445 -6.48024401866729 0.08849419023969848 -0 248 639.354856967926 2391 1 -6.196254751321392e-06
 -3.80261027237102 0.1474986467444824 -509577.8059287511 1.18701916316418 1.025899343864386 0.05581083108799042 -1.066539424282494e+17 621.6505516191162 794.2332835573752 1.257009118271584 16.57270581588258 3071.953521890794 4256 127776 1 -4.462045726500012 -1.796424288084474 -1.362293027803392 -1.113263275544897 -2.262429334742067 -1.647808820616453 -0.7685017843836244 0.2091165998976545 2.439872692764584 0.2210468939028338 4.767562539103527 251 429.4487471580505 2391 1 1.461883076275693e-05
 -3.713268829323167 0.1405088942770556 -329565.000147353 19311.65142240598 41682.26403082555 0.1123012940289567 -34115655.62546244 168.6900545845569 83.20753808317544 11826.21362907646 284533.439917324 2908.158273276999 1381 191657 1 4.235363606598404 0.4020137007444759 -1.14313658708059 -1.707156420173749 -1.183860721077728 0.1792768668266599 1.244422559233043 -0.5424593758266907 -4.8541171743092 0.5896284105127609 -3.667616230632366 254 638.2711009979248 2391 1 -1.011704072387382e-05
 -3.390356130671915 0.2114054920839527 -2904.672163386542 7319.508536347252 9169.687385721798 0.1872075803379012 -115393.68689671 303.3644363534016 221.0181344933146 0.7922826317245764 89.44425256961989 2993.69254001357 1193 191663 1 -4.684893504817168 -1.62290992392114 5.164369830368575 0.7102408504999156 -9.903804949486613 -1.475968299125045 2.45433980327263 -1.846142341756742 -9.000457071454335 -0.2426651812963953 -7.109970773642301 257 633.6410000324249 2391 1 8.342161245414326e-06
 -3.717327532616254 0.1251580795158901 -3921130.414096361 387.520128669307 7.806601293183271 0.4431330092071697 -100.1278001940317 65.47916692297986 13.79024587330586 2.113898657601894 7.711798652084886 3145.937067410948 4855 127776 1 4.336490225742615 0.291586275376063 1.940320515631583 -0.983062272494462 -8.706628703053118 0.04747654329810387 1.917549379301858 -0.5583458635404117 -8.464596769885587 -1.052002266134557 8.180900262703158 260 425.7736129760742 2391 1 2.599532713558542e-06
 -4.06267958715695 0.1429452216813159 -654638.6973367983 34.70139295937407 0.6002415035135165 2218.414596396248 -1368.842097972781 1802.808974568355 8285.605930481577 122.8874217199675 24.29668463933825 3056.91419951248 5225 191650 1 -4.533647809521492 -1.227201330876062 -8.091723158059153 -1.079989143103615 -5.569663607465383 -0.9175132546202853 -3.458237671920003 -0.03489415028288174 1.79741870332398 0.1716792615722431 -0.1355572687316391 263 642.1150810718536 2391 1 6.714852239213423e-06
 -2.901454509380465 0.06477664201318087 -367648362546.3773 3162.278501594139 904.9952894890516 0.05142271191300848 -1.207628725275642e+17 56.35905341504446 9.50539850424193 0.05912401169013433 2800955929319932 2948.667133883379 4724 127765 1 -4.422765151224523 -1.822512547212409 -0 -1.801848697272442 -0 0.6790768071579065 -8.110077793577652 -0.09019518914017068 0.8251228859194919 -1.103486550911685 0.6242153558638459 266 426.0834650993347 2391 1 -1.635808026911699e-07
 -3.853145332388468 0.1177355578502356 -20274980.39336365 3.707961157211036 0.05040850226258722 0.04846229790355865 -4.880943426343305e+19 47.16350074145556 7.400266956061937 1.721437816128892 7.418092850431104 2899.283446706293 939 127757 1 -4.086373697648054 -0.5080519693209409 9.51670608032099 -0.2657953719773651 -2.141880940312038 0.7065932963369308 1.76031307063372 -0.3595726770862537 5.776524127344022 0.3466774706348517 -0 269 428.7846879959106 2391 1 2.054062710388663e-05
 -3.387608388747163 0.0827235415523688 -1531280298.807015 2.093211529621591 0.2475484881946129 0.077173961740808 -231978561616.743 525.5283105703008 501.8902719504952 0.3063012751539002 7298.666082640165 3083.669001789014 3413 127767 1 -4.350489175553264 0.02015112284246974 -2.989457891016365 -1.076414767705914 -4.187559732246764 -0.2639297372434513 2.653026231276514 -0.258472267289001 -2.923207373079686 -0.7238204637889094 -3.533706250138471 272 431.618499994278 2391 1 -5.969833859639128e-06
 -3.774402526233586 0.1538308740934848 -201976.7824572695 1467.757868274987 176.7943910606147 0.2046345161499687 -48154.36477924105 92.95224418252042 24.61362355393715 6.643432196657382 0.9311248396447621 3031.551585608133 3284 191662 1 -4.670513938357268 0.03571470671234197 -0.2589467839196367 0.1013737413276497 0.6463840952748248 -0.4513079482907205 -6.931901486124381 -0.7497719457208714 8.270301538026082 0.4754588057964364 -7.552486402720691 275 636.6698408126831 2391 1 -4.362214918341417e-08
 -3.126441797837547 0.03410766180415981 -9.998484573014397e+20 226.076589453327 7.813917361422241 0.1082129639945333 -98395117.89810568 127.875098758637 54.80988300988235 0.7448427529047335 54.27522589778595 3085.628832570791 880 127776 2 -4.486343030327027 -0.2255770191778703 -1.747911353408378 -1.934143711886089 3.852518376647085 -0.8181869077642103 2.65855942149126 -1.5963857659496 4.918423132167129 0.5334801921484646 3.023753350459655 278 429.6097121238708 2391 1 -3.693306726650488e-06
 -3.915574491868042 0.1022987328035828 -44079706.39114717 10093.14122977368 24817.67104002852 7.00753105401544 -0.166646445018213 218.21148064121 128.3643245804754 136.0792868788887 34.65698808714419 3168.008114952416 266 111649 1 -4.516656065317293 -0.4966994012973451 4.761189986101618 -0.7378136370679176 4.796156443924992 -0.859546650552411 -3.759925268866384 0.05917627459955493 7.861846236598421 -1.129699087264262 -9.261855911084533 281 371.7207610607147 2391 1 -6.512294379628916e-06
 -3.155216773630973 0.04852611558415795 -1.134634909775255e+17 6319.000051741853 4201.804695334376 0.076400265408757 -2624353794656.543 250.7399866497316 144.9343661128382 0.2528990116326208 85951.80323599142 2942.141983329328 2615 191655 1 3.620203428251441 0.8503421901945609 -8.586887937104173 -1.549942251875319 -7.772569941183368 0.09873397571667247 -0.265935591600984 -0.1688311630758355 7.018662569591971 -1.132339855492567 3.354025402653306 284 636.8832378387451 2391 1 1.548958144581252e-05
 -9.01346478279812 7.21678140875125 -0.1498869343507906 1.907425669284642 0.3251252306326248 1308.744785311896 -366.2841915754955 108.4175860425892 28.49966406977717 1.297165768334409 10.47605976259607 3028.291888182011 1206 191640 1 -4.600047180934312 -0.8428164118173767 -1.576945625146385 -1.111277847993222 4.721218267392091 -0.6221650216414965 -4.538837185749347 0.2680681209847267 -2.197111278502909 -0.1760929841218593 5.759248871852606 287 634.5576601028442 2391 1 -4.733940330897245e-06
 -3.131336211145741 0.0662121909387353 -93033740340.84778 1143.205468792432 178.8610404830155 0.2277247008120954 -6875.257163317454 135.1984779355781 43.19855003888042 0.2480352585865697 -14096.1072922249 2988.174104633018 379 191623 1 -3.756410228046849 -0.6360149025979709 0 -0.6691075100698267 6.353046034621608 -0.8857775403086245 0.4808795305929587 -1.026127301719188 9.467236283496021 -0.1175707265569157 2.761133302413506 290 636.7675490379333 2391 1 -9.84774424754063e-06
 -11.38681609200688 11.47343862503954 -0.2807405710887725 2963.024378845544 698.824899458508 0.3947038039298736 -205.6170104077426 71.55273055488928 14.80676876127114 14084.62257721925 144675.6553956329 3072.589704431763 1912 191659 1 -4.233879202153702 -0.9613047926145128 -0 -1.241802455692074 -4.239286035863369 0.0277802346258547 7.45305567771247 0.2513078151871872 -0 -1.974030303814968 0 293 639.74272108078 2391 1 6.219524429886119e-06
 -3.248677668666182 0.09819522870838797 -10421822.84215277 1.646281735365685 0.3097925908961508 0.3045065539518427 -600.6969800054413 91.40407847336364 27.96841643773447 1600.070527451201 8227.513127120968 2965.950973090187 4879 127768 1 4.181106106110147 -1.81572415224752 9.410301695505272 -0.7539526060450195 3.862896964133972 0.2011458820860987 -0 -1.396655591000652 4.274077394816861 -1.011472840616321 -3.079390711503412 296 432.1680760383606 2391 1 -1.980837934093108e-05
 -3.578304038920616 0.3035455615060009 -172.7025006002939 36065.17140418011 87739.31304054409 0.2152597087042789 -25294.47322504791 68.17714789637918 15.66210294446291 4.796713068208119 1.916336418674528 2927.998140212304 862 191634 1 -4.324870543523936 0.3340247195340944 -2.156846996763521 -0.2382914156097975 0.6307002933421808 -1.01023063842968 0 -0.6804774757840173 -2.061091134292884 -1.257717741979405 -4.57404574076083 299 636.7601239681244 2391 1 1.4329306880416e-05
 -3.388094755993701 0.5081562759642547 -4.422128960377459 49.95474002298921 0.3659866701069839 0.2733488339309061 -1961.781940195463 9546.707950042362 190699.0470390098 0.188495371577261 264927.6771082777 2952.966255478237 434 191661 1 -4.37810758833871 -1.920714874453751 3.95994373996853 -0.2180430802301387 -0 0.525872214086645 6.613847856445858 -1.575143953451545 -2.636251009979758 0.3510392719019108 -9.660428109677174 302 631.8471140861511 2391 1 -7.641735008850494e-06
 -3.116993452753585 0.1213836307574915 -247866.1499782744 1607.735742140007 331.0575009994578 0.1891905859068203 -14675.35595514805 87.66339339618663 21.97644469576758 0.1026712861407368 94868254.09539469 2939.97282798648 3219 127730 1 3.316412130874497 -1.23224694629551 -0.7056594868146688 -0.5542755902190351 -1.874500210439929 0.9437823429734267 -0 0.5437931145735559 2.858084953891908 -1.072130080146513 7.149546016709802 305 426.1994612216949 2391 1 -3.255197790818489e-05
 -2.767200538497228 0.1530839080672627 -98162.10626780125 432.1281891277837 25.8593745841507 0.04596165305264264 -1.766289684082693e+18 13117.65620914119 354242.6868157178 2.336501222258447 1.278524499672122 3091.287641668197 1354 127764 1 -4.521879408362203 -0.3450846897642013 3.961097027522421 -0.2182422516180651 5.556170653783922 0.08778861972114792 -4.30302347655857 0.4473405966272734 -1.29909551873108 0.4512843420125825 -1.371869393911361 308 424.7342710494995 2391 1 -6.507385085972649e-06
 -0.5517794061170724 3454.163767237421 1317.916757394862 3.676019260364078 0.09506234300774949 1.308205554939772 -0.8826950663524772 442.6794075357753 544.80629978976 0.8210346987184669 82.97882407496245 3072.515978292248 249 191018 1 -4.65571832630535 -1.097995250024416 0 -1.791664010448452 6.312206982541117 0.9940540607494888 3.950670173720513 0.5023455243065138 -1.569258366914912 -1.722596685536012 2.510556798992251 311 641.1102731227875 2391 1 -1.524333131279849e-05
 -10.51441404673176 9.075467966570624 -0.2224777292793743 4079.536855495893 1062.906986832484 0.08221130116302255 -6097411186.911572 22002.87331632585 1167125.374988479 94492.91168285585 19281073.01271258 3018.097645688976 3207 191640 1 4.68097284866589 -1.446142182909283 -4.026609121409564 -0.3176714929226829 -3.177461998990549 0.7505585896424227 0 0.4946702488812171 9.065176986264392 -1.998169982410452 -2.233140669991803 314 631.3513889312744 2391 1 -2.319846562473423e-05
 -2.936689477926634 0.1222357507896012 -2853981.125103619 0.08755940561172827 -2562134923.23262 0.2227985617339737 -15762.77250165812 93.79722267092974 23.06888562093259 1.483559912119179 4.658573236410522 2987.63863634957 2492 191663 1 -4.65867492498216 0.6352494247502785 1.752169041217003 -1.060201938272192 -5.532571120674643 0.1673377224740551 7.052406618742827 0.9878671369261748 9.954834012894187 0.3216659968063222 -9.013933447619753 317 641.8844909667969 2391 1 2.488078141038818e-06
 -2.969188773495927 0.05575292465308054 -91477804602277.19 10.92439547588243 0.1402218963992697 0.5272408080924871 -40.99577548359282 6415.978450712677 97765.95225568612 1.021279660219254 17.6915514786323 3207.056552927999 4920 127762 1 4.658443208401726 -0.1598624321819954 -7.589474054210731 0.8495273745747793 -9.880202455938969 -0.1065624953082294 2.740630340029366 -0.3745698660299013 -5.769527243290312 -0.5131599193526952 0.1475365077701905 320 424.9203200340271 2391 1 3.548083789649999e-06
 -3.387412989602732 0.1553872661810582 -885758.3683456342 1.077199713425581 1.519696882468395 0.04732775698325611 -4.739998240989518e+20 681.5010540713823 1064.686941458184 4550.373614278044 29570.47972023156 3014.482009549741 1599 127541 1 -4.51006001673883 0.5553359274377296 0 -0.1005651472245238 0.348349785992359 -0.1849669095190815 8.07943048708229 -0.8869746906097556 5.901392922768011 -1.38276950494078 9.466722511295858 323 424.5831699371338 2391 1 2.942308931762496e-05
 -3.715361324640127 0.4988531028725881 -15.85323721043995 27843.12942695412 102797.3234721966 0.9988410119062539 -1.616479179763831 1051.693946697335 2542.091306848117 0.8241106935888052 38.94117287245114 3100.784201477974 371 175542 1 4.3438503403801 -1.374350261681424 4.373403699323972 0.8047555135205902 -1.537596148640628 -0.4068651536276429 -7.472834309489267 0.2580918866863628 0 -0.7580815558668075 -1.419482886884555 326 584.3445670604706 2391 1 6.831810753146834e-06
 -4.199659593881514 0.6004655451222618 -6.956686000342351 0.9756919839000172 1.516012069095749 0.4483339982058145 27.1652234323618 99367.48018787988 22594733.9647444 0.0517445653852991 2.830231710237688e+18 2957.795967904872 596 191644 1 4.447434265298823 0.7651358230685519 -0 -0.789272414700136 0.1586369608212732 -0.6857958810611855 4.288097629356423 -1.885947555028472 -6.929712139182389 -0.7110559672737075 -2.872884968120321 329 640.8126559257507 2391 1 1.660276401756858e-05
 -4.065489626126924 0.646058827173337 -1.646138103985426 15724.56216051308 23680.78221378467 0.0760224087495901 -2705669064281.88 20.50825777306197 2.262663645434139 0.1792983375669269 2028085.475012327 2990.9777614794 2241 127750 1 4.101847362665781 -1.938742782114337 0 -1.997253039921151 0.1537837440034511 -1.066229688634253 5.062300965797212 0.4462855778548236 8.50860958539714 0.9702212516800479 2.278127426865189 332 431.2133038043976 2391 1 9.686270774853104e-06
 -2.811378588972422 0.120978222723224 -2835241.145539185 92489.99703582481 1031388.183720368 0.05571328369818065 -582847681451743.2 50231.93086863557 7286291.765913288 20306.13313813719 455120.0264697244 3006.247396145088 3295 127771 1 -3.648974951930132 -0.7521195890756687 1.132583992990732 -1.767463620157588 0.8502723837963648 0.6047680570141578 -2.192141577771452 0.4974542303854079 8.908603529313515 -0.1801877438578891 1.415092532163921 335 428.7255940437317 2391 1 -7.445804425578868e-06
 -2.778916622698765 0.5196709981668098 -9.115935013513303 625.7185670755127 36.98532654867026 0.1877323159258926 -138571.6454232859 17387.29083260304 775430.2905857953 4.137620675557721 1.34298972881239 3009.424956148773 1965 191541 1 4.174535160206701 -0.531677451771186 -5.846357361289777 -0.4122861583073707 -0.2625103802273765 -1.611378236645759 0.5474016734428084 0.7179233520868675 -4.831719993077974 -1.111844734410662 -2.514569595511118 338 638.5755689144135 2391 1 1.667852955082203e-05
 -6.232740538913887 8.981533548204084 -0.1028608609443218 249.0876666098824 10.54350119652805 0.09047935485113452 -15598107076.2533 3052.330117598382 19862.39425579942 0.877675324111431 69.28108895930524 3054.710662889042 613 191659 1 -4.436312463176286 -1.03886603838566 2.214323985286854 -1.638513772978663 9.640825120240118 0.2334143262952963 7.278419306102842 0.5442771986764479 8.657602813080059 0.4354614858469041 -9.73409829342914 341 640.1276841163635 2391 1 5.254863021321678e-06
 -12.10253254989079 9.742512155103304 -0.2806038054532697 3720.989183120572 1883.46992447597 0.2011588039607859 -14019.83847848319 76.62272134300107 19.41845195533486 25.77606400879921 4.578633491694215 3067.157051142069 1529 127776 1 4.680954837892668 -0.4208270777055425 -3.718032067013954 -0.07898683410447037 -0.6172405845686608 -0.138968394295043 2.28076949335903 -1.939027768339986 9.51957957309234 -1.124249668776778 -0.3080473284142453 344 428.6487610340118 2391 1 -2.164070871284751e-05
 -3.042472371356772 0.1388475035805647 -134364.3411383584 1.690078633448336 0.2794584517296114 0.1777466115613996 -16861.43897870141 52.75974747913239 8.868214292130798 26582.7739660818 1226717.806906182 2965.980949754623 1299 127715 1 -3.992218683439252 0.07165229361700121 1.652029608657482 -1.044605667788577 -1.887067295531404 0.2995757841716635 0.1164802296898433 -1.621673854970436 -0 -1.779065488489287 7.447468869266766 347 427.8300337791443 2391 1 -2.233830625651987e-05
 -2.762269265283083 0.07501248011108891 -13280140945.82615 421.5010562870416 40.405646979297 6.920348007311061 -0.263312800675541 1076.967420125999 2705.848374190717 10789.81467868901 125620.1477156903 2825.778464035465 3198 191644 1 -4.225348528139555 -0.7241470783468262 0.2014128047260648 0.08755894636143234 0 0.9802849612110656 7.843936908567585 -0.2278890213271714 -0.2446636578973433 0.9967582766463878 -7.809323645566867 350 640.4129679203033 2391 1 -2.373297743098489e-06
 -9.222577340764424 7.970795135854812 -0.1656845394272924 0.7001946519933562 4.799257311822256 0.08420918782738361 -17213385293.16969 1620.434063043748 6117.978701441161 0.8352402518430636 37.29542694390051 2839.009433771531 3223 191648 1 4.528329877741408 -0.6687332636626868 -8.066190530085549 -1.906755684622955 7.488073020646233 -0.660584914771449 8.039097456411785 0.8210274487668685 -8.523588498404241 -1.460949081278199 0 353 632.9261050224304 2391 1 -3.186574459488143e-06
 -4.185003414735431 0.09514629287797505 -242346295.1227916 0.2208540687691699 7241.534697344257 0.08572158824944306 -18056470570.8234 72.97637350766983 17.30940090645019 3374.434658602716 20367.97540458697 2962.277245847724 2492 127756 1 4.385807425958148 -0.950984294142577 -8.956085125811928 0.1548261500370182 -0.7653175811221162 -0.5809818991846614 1.489553225120204 0.7908090565377259 6.579111637990616 -0.3706748759868397 -0 356 430.8037889003754 2391 1 -4.324707516943314e-06
 -2.791740740133089 0.2439445048983643 -1398.392128412746 484.8532872982091 28.83448432207625 0.1377378114670982 -3890673.423572521 117.7367639065106 35.0835480707585 0.7033656280931733 80.13055749598068 2939.797341120976 506 191628 1 -4.179013751084422 -0.5950231755328854 6.045531291933057 0.7326353365951115 -8.987099745845237 -0.4318743433320425 -0 -1.434202718015618 8.196428041560219 0.9957654011416039 2.193749971169663 359 643.8277940750122 2391 1 -1.691217847930189e-06
 -3.635479953941987 0.1005204234651758 -61938247.55818607 54225.89621927903 265901.8640674606 1.052333741997779 -2.146484331854849 1120.967484778817 3304.465550185516 71821.34929056754 10680301.2397523 3061.775561854034 4982 191657 1 -4.603465239990699 -0.4951859260761911 -2.517470043725346 -1.077589244240163 3.444790995858286 -1.305955804833914 1.631824673370215 -1.71392015785805 0.1706613100425702 0.9993216219181846 -0.140982497668249 362 630.4630529880524 2391 1 -4.342539337849361e-06
 -3.589841078988379 0.1656021523895683 -27712.71308135792 0.07170790158853049 536606273637.8618 0.07903220785838325 -192655829105.3781 69.3621087526672 13.44793812902839 16381.81797070696 148330.9746747215 3071.724386019528 2204 127768 1 -4.441016813005794 -0.6978703491578272 4.136634056563894 0.4909809280500044 2.704701691152585 -0.6287375154237989 4.755971274728872 0.5054530481731856 -3.372757867147347 -1.227944548920735 0.6459531954225088 365 426.3508970737457 2391 1 -2.462986960470224e-06
 -3.311259432488609 0.110388219448099 -16419350.36021493 55.69549000942256 0.5339222822243217 0.1497270344952644 -2668807.25629902 5.131342434668774 1.512196877078254 0.2455016419855628 120864.5470409609 3114.874796886518 3225 191650 1 3.874988044084156 -1.70155156664072 -3.594536908727646 0.8513789129117031 4.196573570458607 -0.8287045906274368 -2.533019546661558 -1.03573474313204 -1.426816338902509 -1.058616540639579 0.6267387347046465 368 635.7493469715118 2391 1 2.806137283876028e-06
 -3.430366648413322 0.1181307735887443 -2885209.261353737 0.1853265006123092 -11343.66419383659 0.2359219903799511 -4602.819286878843 27682.16059084437 1918114.264938067 218.3441476015281 77.882142936912 3049.085678624599 2138 191660 1 3.879790740682445 0.9564352471465698 -2.61922771761136 0.2396963221620161 -9.166443818515674 -1.604554600853812 0 -1.344891452013051 9.55770184033889 -0.3994920112487721 -1.524233697602027 371 638.040834903717 2391 1 -9.715138468884511e-06
 -3.722361924354468 0.1088886938178847 -11073601.49142289 12899.12553238871 27801.06463026554 1.294234465959033 -0.9855990080168275 5129.942485912832 67568.61186502514 1.116026863636199 18.21246628689905 2895.295455619073 1466 127736 1 -4.525670263881088 -0.6681993180788135 -2.584463538344826 -1.936497687825697 8.484194861325767 0.5081346597516401 -7.439507632037241 0.7482328445253517 -4.969101269165586 0.2479250255732004 4.548755779717965 374 435.558767080307 2391 1 -8.409589781147546e-06
 -9.797218659787585 8.07284407254525 -0.2091922324790718 2126.166077114855 844.8321256434908 0.1943677543394724 -30872.18822100932 17.78768199477685 2.303150277059363 0.148043482191951 9186877.827233776 2991.377698961312 1679 191661 1 -4.616973272162824 -0.2904633035707481 3.190764460417462 -0.7922826840632933 -7.664719413772207 -0.5200326726392639 -0 -1.846364474523224 0.7751568611505646 -0.3301358217194013 -0 377 642.207288980484 2391 1 -8.679983581780479e-06
 -3.254816703235035 0.1059534109940422 -72430435.48972288 0.04961652447118563 1.646780116874926e+17 0.1681275910706923 -461561.1773933323 19598.88120395887 943761.963994015 11515.27656572657 318824.7472630846 3124.53268902596 3000 127771 1 -4.589155865799321 0.006158101593999105 -9.020240173259239 0.0767788975053065 -7.278017972922289 -1.360105353234176 5.447378881255146 -1.668098373612477 6.069967006706963 -1.733547103372569 0.8023749553868198 380 429.0355639457703 2391 1 5.233028084388752e-06
 -3.174671799997746 0.05879983293168428 -3575899889686.927 14692.06197313194 30393.52675929395 0.2158533043142792 -11553.74022249898 2849.544907211512 20757.09520538309 1.753553410439661 4.183738407117356 2910.297957260211 3436 191664 1 -4.17350325828457 -0.6850038113032104 0 -0.4199125262865788 7.130054073986335 -1.555293494165004 -7.90574036048506 -1.730389627935522 -5.397706564587832 -0.8093896898210726 3.108684306464472 383 634.3967390060425 2391 1 -6.370306986717986e-06
 -9.507417608824468 8.825793367018145 -0.2050749375392216 246.3187173323726 10.87175736226993 0.1773869896186494 -84712.59731465833 743.0807700145166 1345.114958058684 0.06545226957358274 334639576723185.8 2983.391336406844 1322 127712 1 4.523837569002509 -0.008140984959302613 4.081508367562688 -0.2079174293611566 0.409166350560866 0.9118651051714552 -4.527187756803043 0.3835362280708772 -4.420754360824111 -0.7267505726714978 -9.365188895793837 386 428.1651282310486 2391 1 5.750395278614101e-06
 -4.11503894627851 0.6014868267451816 -5.411866867562241 0.5050591273319847 27.95815415613772 1.576434265887173 -0.6024223702993313 14274.5421575469 478432.3642064452 0.1978305082466927 -282856.616345972 2930.630625746076 3439 127776 1 -4.482395390907695 -0.7569330401025836 -7.548221553406881 -1.251324054954325 -4.39353626744192 -0.5096602196325418 -3.456466195493162 -1.678737643453648 3.449636742259129 -1.726077354089948 -7.728119321574102 389 430.5400679111481 2391 1 5.495649689002315e-06
 -3.581602270794494 0.2338790479217205 -1185.211882525824 0.9567829211835873 0.8184339687461885 0.8863169746023519 -2.833889044043903 6.092692999105796 1.339300320935763 115.6009257928734 24.90424497113998 3002.87592605692 1036 127586 1 -4.667175888763482 0.3673531695186405 -8.648252558854583 0.6660973492777713 0.5408293281522729 -1.741551214743126 3.931493685386983 -0.4405584649771797 -5.253622154301548 -0.4510183332566884 0.4166949408376319 392 424.3355951309204 2391 1 -5.669987433594118e-06
 -3.838338074095893 0.5886511231412899 -0.6789376640751869 1.042267875198419 0.3871394432839256 0.08560206613530165 -20931570544.17682 46.76236129754602 7.542403820150071 0.957895145511509 39.01328534064863 3002.945556813012 1291 191573 1 4.293708333679972 -1.428321681552319 -9.080943890466044 0.6394123340253848 3.217632963006546 0.1321442310995841 7.319813344122185 -0.6517741404714235 -2.902069561601984 -0.9203494953593685 1.144280053721215 395 640.7956809997559 2391 1 -6.190913327154317e-06
 -3.857290014179233 0.09528912169992033 -5850107814.336944 0.0717273820614215 116505118221831.4 0.4936170313931078 -122.2635876195906 845.1095222447545 1687.385708532369 1.284049408601272 6.672942215080782 2778.881145484324 6263 127776 1 -3.958548287558962 -0.3681107706372337 -2.252976930787685 -1.796269012860148 -7.21137347559316 -0.4771695033512007 -6.726468776502369 0.6298958876636784 0.3182864572221105 -0.7501533836936733 -4.475868927176386 398 432.6285049915314 2391 1 3.149955534951182e-05
 -3.671518767222298 0.04167820855872118 -1.55070307641378e+16 0.06692881975598303 -307733075992.1685 0.237675860278224 -6544.824619149975 492.1107482523415 447.4361094288298 0.09691189451267755 3938920820.849636 3097.290694280812 4682 127775 1 -4.070195115495284 -1.290169202893821 -8.880379461231565 -1.763696329208141 2.050201542665428 -1.828744015339171 -7.220778830805768 -1.808968661594771 8.661605739752776 0.8342396853963701 4.216849727969143 401 424.0698537826538 2391 1 -1.698896814744635e-05
 -3.639779707086908 0.7224227359735083 -0.7257927504758072 1.363419944832678 0.6589649867310966 0.2793378547889745 -1214.709270010458 78255.41678076453 14156665.59054927 0.9067425079451341 15.62575177564727 2917.302568894153 1209 191626 1 -4.451494196035008 -0.3990937559852004 -4.266807555471823 -1.936063695640923 -2.868370179415233 0.7043716957511212 -7.739731597794934 0.5476092599913871 2.774451086851526 0.7811413343637579 7.773115883161607 404 640.4203119277954 2391 1 -3.548388648931229e-06
 -3.435130902755109 0.05502594188814464 -1758209477172971 9305.87928936937 8577.945121673238 0.5732862375312786 -31.04797309836229 50.5076177765139 10.08224153813505 66.38262232958779 12.92501562422165 3121.507598907785 4801 127776 1 4.035364974381718 -1.498353555746816 -0 -1.598908604729187 0.2466133391118559 0.3936991597501205 5.978110335975943 -0.7117499082372802 -5.57819367934244 -1.271498217235266 -0.9180970237584347 407 425.7163650989532 2391 1 1.798808471146018e-05
 -9.621949918095311 9.844990233935873 -0.2012079082015656 2163.601459728328 468.9082807846975 0.04689719971146163 -2.041226554493793e+19 24916.2782783734 1357590.462847018 0.3460690860570406 3523.511079851918 3001.177492275634 3231 191629 1 4.410305063623556 -0.3157309488816722 1.15447076431408 0.8692424546637931 -3.220787361081235 -1.591144781330509 0 -0.5040168472833955 -6.511233581104801 -1.492181749413739 -1.781474025875262 410 642.5184528827667 2391 1 1.002480891155207e-05
 -2.982491256032082 0.09702554249304608 -3077547321.790432 0.254815708851436 2722.293639629856 0.09965963938708726 -36373628119.54428 4745.875887903574 63411.51752721806 4.981603352470631 2.701585802786891 2928.276022370122 829 127753 1 -4.539615610151813 -1.280293490216974 8.894452742364319 -0.00974438430553006 -4.866071432641125 0.0005332194669227664 7.802748390158662 -0.6298218250398824 -4.73037455818655 0.2827162762661639 7.391104237235551 413 431.4456360340118 2391 1 3.223519817928188e-05
 -3.30368865980514 0.07743840479097244 -41120577790.87124 208.4540149006008 4.897713492864466 0.3155051465384269 -1507.943967288587 102.908220591143 30.68734911382143 2.302485130863922 3.808861797184597 3112.62909521775 1621 191661 1 -4.182273586247786 -0.2127713592791851 -0 0.08133635371256265 -5.801995554013953 -1.308876854495149 -6.628743196545824 -0.3701394390135802 0.08905468461941934 0.2677283319713801 -4.3295001516892 416 637.1449699401855 2391 1 9.473286492489036e-06
 -9.49144553277017 11.28946287905642 -0.2020482495413685 372.3601509142214 3.755835389383135 0.1987427904219828 -48241.65025863008 732.7280098737506 1148.532842242652 2.229455249148739 2.96083028447419 2922.997621243009 899 127750 1 4.697247974908064 -1.676388081436218 9.600999199123935 -0.8881726428360484 -6.988342512434488 -0.4664719358989959 -3.672851938544704 -0.08793240415283951 -0.006056699801253007 -0.2561984564042393 9.225639899231044 419 429.8617179393768 2391 1 -8.276673731598167e-07
 -3.73706867916566 0.1108593307981996 -41249235.04160885 0.4334294538537228 -22.61026639956533 0.1299643954235068 -21413612.11869943 62.8556599380332 9.445789780639348 2.003119236807746 6.977318547985868 2865.202734983418 2315 191645 1 -3.719845664099299 0.7901861964292518 -9.74797067037761 -0.7156214872099964 -2.833279073646267 -0.2298361276410797 2.841660655476034 -0.1307290728124873 3.808433721944393 -1.039413503516519 -2.966311726724162 422 633.0241701602936 2391 1 7.394673764025427e-06
 -4.410561629088972 1.296746848995384 -0.3024273478508425 340.4085296169703 13.08625743174991 0.1856948720819002 -27598.33976535017 25.64286784400547 3.18627588400147 1.443348230209597 8.951639032574196 3167.524998302196 1291 191660 1 4.318568354802199 -0.57107281047415 -7.63188480243933 -1.609995322605104 3.289301140585039 -1.519687461512715 -1.909975181674739 0.7562549071343039 -0 -1.066977295559622 7.769878150349323 425 641.0390768051147 2391 1 -1.952051770801188e-05
 -3.520786820087518 0.0477333282718325 -1173656519487291 0.8638254595096821 0.9590176896356004 0.07803240461237362 -144276553351.7154 59860.26209253431 6863990.746879816 21614.17080475432 664757.1717594543 2969.188230439896 806 127737 1 -4.601288545123364 -0.3834410157081747 7.472082915427013 -1.874721419451378 -5.87601029038099 -0.5421474701026323 1.963934340024543 0.7289520181955025 1.609682906787585 -0.4926227429049632 3.651563649583825 428 427.3449161052704 2391 1 -6.587988552387086e-06
 -3.457070938290937 0.09952287477051554 -327093588.3167507 27350.86641024051 78951.96986399735 0.332216828526692 -1106.600660006957 7307.2021992011 145375.8082615253 165.4199435780109 24.18846102654697 2983.886240822174 1811 127466 1 3.340924022387271 0.9737390548398466 7.439579620503183 -0.8197395957664781 1.331164427659072 0.05719006921525159 -0 -1.866457859309069 4.472185539511485 0.5164997435257117 4.88738171592556 431 430.5678770542145 2391 1 1.566729162823421e-05
 -3.190750886728113 0.03662639230546558 -6.180517902602131e+19 431.0039611683607 32.83002478440467 0.148215876830889 -1814883.323674795 96.24356586719939 24.07175952494718 319.4227808218048 -218.1660126361336 3088.447204804501 2318 127697 1 -4.499639925390236 -1.112976938553724 -1.528343976051201 -1.972205921712745 7.95002494853107 -0.9458265091920826 -0 -0.2629704353622415 -8.38220988075301 -0.3188613164763128 9.281407885159261 434 431.1668181419373 2391 1 -4.302685517130664e-06
 -13.28227853981844 11.84917651188376 -0.3583057435268967 7.411413385236721 0.03745626204278719 0.07193195149388708 -521972484331.4313 126.168816558629 43.57459766336597 909.7977637017309 1191.890379773595 3005.104044045268 2868 191662 1 -4.302263377624093 0.4539390506650633 -4.281233631183187 0.7379692811612032 -1.712833318564288 0.166119212400428 1.128885382604219 0.5201479777534943 -5.902655852096311 0.9904038023615644 6.91195443042431 437 636.8240759372711 2391 1 -9.402812846724065e-06
 -3.084832718423703 0.1903101621930334 -8554.49988643703 1309.380166823689 278.9189285839098 0.04978644024322388 -2.005031349120312e+17 21724.75509067988 1233671.994340106 1.134040698689795 24.45471320652727 2862.375152683596 685 191611 1 4.660911259579286 0.3581350465609838 5.064385736477823 -1.593059401747546 8.296442875778588 -1.816699730213228 -1.576832077864353 -1.526516971111564 2.172295196051764 -1.138746285814555 9.515812826799998 440 643.2382159233093 2391 1 1.608229603564038e-08
 -3.90861396612073 0.0826437728050823 -26471131270.68867 0.9645975526805586 2.024787562021862 0.2229247357394766 -29314.67223569671 13345.04137874946 351023.7001866425 0.04538788027075684 9.788150538051997e+20 3154.030481656003 4668 191663 2 -4.404715175338996 0.3747730373598221 -6.092497088087017 -0.8377492110934641 -0 -1.042470076497697 2.352220905916212 -1.056411766034164 5.55698752193044 -0.5601116648495008 0 443 640.1218979358673 2391 1 1.804028427547899e-05
 -3.882911265972307 0.08995369639741861 -841749607.5468061 1783.38206489391 367.759552642754 0.1831476150209402 -178672.3483814868 108.8302660916711 28.86343541377413 0.09942702337197101 6652544295.025149 3034.347800562621 3087 191655 1 4.459149140061379 -0.2293398021974919 4.855712840814483 -1.276594258297537 -0.8150929442148414 -0.6003730311627109 2.135678880947843 -1.764991966817188 -5.104415444172117 0.9689691193716756 7.012869183028078 446 637.624253988266 2391 1 -1.434420545956763e-06
 -3.886155162276078 0.05214253054201714 -588250094160499.8 23091.14789416003 72871.59684869734 0.1383424477783266 -2176011.476357352 9782.1536594929 289307.0937185333 1.103636051809891 46.10053197137798 2908.117558367578 696 191636 1 -3.45504680409604 -1.839936277339596 -1.687214128126452 -0.7905559627008278 8.38102142646024 -1.649684893687669 -9.398577926267071 -1.007893375128691 -4.946912197794512 -1.866846599747519 -7.725116700867206 449 645.2094419002533 2391 1 1.605340300930354e-06
 -3.575275703279325 0.05519577160212135 -1011446074160.72 31.55979762945441 0.1491495568825047 0.25877719369975 -1158.716190024332 120.8108979780648 42.65152817088601 0.2241518466610428 20350.42831812206 2918.909912785867 2742 127752 1 4.697989100381375 -0.6683269640145495 7.111177164334869 -0.4915121765648998 9.808820994931301 0.95788810585934 9.866412680866995 -0.2498852998843368 5.921959007842809 -1.622525655546865 0.9809983527574166 452 425.9557402133942 2391 1 -2.378483693492481e-05
 -3.583922879710706 0.1791542356792207 -22899.05252243564 0.1111025945790915 79286298.6516232 0.07757912228863885 -301225712052.5994 81123.6104520681 11151506.79482023 2605.499813776342 -2049.285503566015 2913.089309797214 5038 191632 1 4.418922474782926 0.1657925935905764 -1.154667053439883 0.2711636032700175 -0.9374008007105674 -1.609698118337133 0 0.1329581978570182 -1.103115488558251 -1.56213282852906 1.817744850967058 455 646.3896589279175 2391 1 -3.275302600665855e-06
 -3.786014490265388 0.1134442029903524 -9650883.305256994 242.1832136079526 8.228539092034511 0.5946350241611953 -20.16042280853945 77.3909628783823 15.11894405315746 3.77889113505136 1.020997752481272 3049.459396686453 1456 127776 1 -3.730997104438837 -1.349938176878713 1.457978526863696 -1.023891988209669 -9.681796705848841 -0.7526351204353318 6.535145338549565 -0.006457702323694484 -6.998526103976328 0.1518931104808368 0.7528777774697613 458 430.1629951000214 2391 1 4.905863613124837e-06
 -3.508197136166791 0.06324620926400158 -814801301371.9811 0.1009988654143315 177827325.9903508 0.1091384000319927 -249630256.0161257 31963.21260676555 2551290.303212283 4602.769225896382 42879.78556621711 3241.998960160452 3927 127747 1 -4.559483560209348 -1.490283272646829 -7.012026410482806 -1.726082997323669 4.451358964138672 -1.740128344295957 5.199103367704453 0.587501154373554 5.507193682003142 0.0010251197418007 -8.521218707964191 461 429.2874028682709 2391 1 -4.107540440442269e-06
 -3.756255880380582 0.1458138196150067 -252777.9746562495 5904.673006158599 3006.110919709529 0.3835768826291179 -174.5295712013455 61212.11049120523 9644605.84716096 1.840070594970685 5.288456618278803 3024.314788221959 1696 191664 1 -4.484844171116039 0.4388478217279931 -1.616793793822005 -0.670423340953608 2.532631619352801 -1.041575137970207 -5.670281610647214 -1.445895240202871 6.267461001327523 -0.2608728651878467 8.045003612979384 464 641.5930528640747 2391 1 -3.264407602165307e-06
 -3.330530907347023 0.132709268832546 -528268.0194824511 291.2771138872871 9.369125590183154 0.1058366850565187 -263269721.6941902 378.939953128632 366.961208641385 1.215199803542401 11.95141376678602 3013.161802335454 3666 191663 1 -4.642530281959808 0.9874831315133141 -3.638100974679878 -1.115920252298046 -0.7266632346970292 -0.1715383604634031 0.3448938840435227 0.1866726199272332 5.276422126361946 0.02827671793914138 0 467 635.7420661449432 2391 1 -5.590189371299313e-06
 -8.136937087034777 9.00877017638436 -0.1684369181330285 933.1486304598651 67.56068502386508 0.5139687763728262 -53.73619972542664 2364.785062988833 13922.84665296464 1.284196337766292 22.44787478958116 3119.300932710818 4440 127765 1 4.644764731650431 -1.724971767242992 5.416066292402148 0.503936223801344 -0.7344068758596363 0.879456541543902 -0 -0.5953897902500564 -7.329825247273719 -1.394052071892231 -1.828256548491567 470 431.4250071048737 2391 1 1.238004787566401e-05
 -3.622075338100705 0.1123907805554593 -32671228.98130181 11896.53320855897 4893.523384828301 0.07987350023478192 -591518512637.1807 355.132865915774 280.3115833732827 95314.17402255592 32354196.07371016 2967.819936782596 1868 127776 1 3.982934359365331 -1.790512456180739 6.15408912212108 0.3185926436574795 -3.862126977075103 -0.8052726561510317 -1.441086212883246 -0.8254584145082404 6.295669605251764 -1.590022554560316 -1.187774733017381 473 426.2429881095886 2391 1 1.033257861151175e-05
 -2.95251625370713 0.1436798431121536 -479969.3978590495 41.55802217840581 0.5365125708789404 2.116979027240502 -0.2415625120866424 68.4118586711061 14.98556116779475 31234.30701429622 2793066.241087498 3154.704760917126 1772 127756 1 4.002446762942297 0.5261021953333955 -3.605788438442106 -1.918688981754598 -9.558966549041987 0.4170135737540566 -6.838080839367668 -0.4003463682354464 9.215771136070948 -1.722826968366629 4.994150186847998 476 428.2753789424896 2391 1 6.784604276706325e-06
 -3.682324015886302 0.1546743492237133 -125961.1004259657 2760.261863322499 684.6415817909549 0.09684379403523667 -2022505119.826695 16989.20170935363 789251.6587125888 1.788498478569885 3.965307820642332 3038.836365840566 4252 191658 1 4.003413543452411 -1.262819379281699 -1.721490755004986 -1.211980854602988 3.88195600177359 0.4585788342385473 9.430647886670403 -0.02720678673937819 -3.461562076733678 0.9449451938932154 9.15339508590969 479 637.2480199337006 2391 1 6.058027277261095e-07
 -3.50898036809567 0.04239888874585106 -4.01304323057582e+17 2313.266044610479 677.4391137347295 0.1187270969804739 -67679216.80985798 95.60583157760645 34.1259420030192 0.2112702630945431 309211.7343336106 3157.545777332231 3496 191641 1 4.061747555864242 -1.45809396372093 0.9644234860200767 -0.3120528678506692 9.52473123120113 -1.546989641903005 2.60469372241296 -0.0339319345655236 -4.880318954945197 -0.2631631693247751 -9.181125064858566 482 637.8495700359344 2391 1 -6.949222822099941e-08
 -3.561196821472015 0.1568048137341896 -172220.6397394522 0.7739899268792734 2.844863049247969 1.022194848597422 -2.007876537186773 51496.98031689291 5012052.678120984 0.05132113517946468 6.455532850677723e+17 3176.191853774691 657 127772 1 4.482487326290461 -0.7508387425795329 -2.769224297527431 -0.4531315651023258 9.100704735109055 0.9723260562347904 8.164418303965123 -1.578817748879458 -8.951413246933175 -1.047598511113986 -0 485 421.7991180419922 2391 1 3.557820725294418e-06
 -3.003627294730427 0.03541743702000701 -5.428717140668533e+19 583.2525313656336 45.11774973107971 0.2378835283550542 -6482.09692539091 23400.5207052219 1182388.053402924 0.6121606552417906 124.1511997717064 3104.288907417952 1205 191471 1 -3.964214644677175 -0.3461423078827473 5.748426317345103 -0.6811725796751933 1.062098925735981 -0.04102713856690167 -9.635365368869532 0.5840239299412993 1.418257152074487 -1.240803523041053 -9.866647036874312 488 637.3128371238708 2391 1 -9.058149138951833e-06
 -3.185053400710206 0.6489007556389514 -1.559214905257045 603.5656998262546 32.0867331549843 0.04524357256281972 -9.592664902582827e+16 444.0919950197505 489.3795409798375 0.9596326116807521 25.10176942134242 2888.944223614732 2469 127731 1 3.880833914744951 -1.638163698708362 4.023630772019901 0.3605241341591174 -8.8845555615616 0.038983122507322 7.970061996323615 -1.296790909941958 -0 -0.6187388357651917 -2.94897313756581 491 424.7732560634613 2391 1 -1.966895999532675e-05
 -3.659086523908869 0.09696301634377651 -282824386.6625217 0.2822721045294705 -545.1517059250601 0.1961738729974304 -30548.34997137138 21813.10706491664 1016284.428415239 0.1603331091227732 9951396.905325176 2713.947100313052 3793 127775 1 4.338905250852608 -1.375127441978532 -6.903784004552578 0.6841866624484378 -0 -0.9025994342535588 -1.542372133283152 -0.3519991248928687 -0.3204356246576059 -1.368940276181846 -1.227173352492235 494 429.0131669044495 2391 1 3.916207695772956e-06
 -3.814394237402227 0.1196940887438257 -11905380.26965209 91261.19137619437 370677.5349873092 0.1318034402781375 -34297117.9129682 3506.595522241609 27230.48061795666 425.902133692096 691.5718383360042 3052.498361942122 3198 127773 1 -4.690318953948214 -1.068324952779379 7.506270777554416 0.5993733233942002 4.577717083263837 -1.414566604990045 -0.4101033998440373 -0.63174083638207 -4.302702216717729 -0.7341133762625152 -5.492845994898044 497 427.123927116394 2391 1 9.820807402181747e-06
 -3.329243665539789 0.08597046344235991 -250069785.5610783 10.80033429462051 0.06589036938870682 0.3462205964865066 -292.6129938957243 177.2890744217566 90.77773629575348 2.046890222607771 6.502985182522675 2771.740789265305 1452 127775 1 4.572381352532848 0.2132077381430162 -7.151567429183673 -0.07830877702645193 8.575086639880725 0.7081027692340855 -9.656988679271629 -1.50348112976162 -5.037828024324444 -1.459889930318378 -2.611988172952217 500 430.0661728382111 2391 1 -1.542660113256494e-05
 -3.008943787795737 0.07303565753881273 -16050669043.82739 69.70063034634362 0.7637165118866721 1.297957263389848 -0.7619203574254962 10112.544430067 232934.8676794533 1.992811538854926 1.9966345009522 2990.372649666069 2010 191457 1 4.296096576735588 -0.9267576647769316 7.449401322292536 -1.609014780894446 0 0.8647931740119237 -0.978779507759203 -1.90326510639794 -5.140456072930276 0.7750588076802565 -9.109361968873683 503 634.4637541770935 2391 1 -8.64983681032838e-06
 -3.515376749125466 0.2334629512013657 -1129.067912879178 2826.280941074963 400.681936973763 0.04980748784680323 -3.386419640100193e+17 178.0953708673785 84.7194951510712 1.039607265558496 30.94858609454922 3131.927406581528 1025 191635 1 -4.643588227873359 0.4193586952243096 3.282190471513911 0.3774056757022244 -1.293789788319088 -0.009335971910104508 1.495378193747327 -0.5307818463936638 3.657245308949779 0.8952713410290332 9.936422100181305 506 641.409077167511 2391 1 4.273499059472465e-07
 -12.23645657594601 7.457005372447221 -0.2567050279039174 2.940913259703891 0.09469031250809262 0.08845853564755066 -1643808641.898823 64.12028804048073 12.36799293160395 12.26464547043042 1.691809897194248 2917.506350900036 2709 191649 1 -4.099007689363698 -1.43850125942166 -7.880019686473497 0.7610045226198117 -3.483909149371621 0.7780513933356357 -8.817249350720486 -0.6467628869451048 0.7035799286058335 -0.8909038097759163 -5.998888514631906 509 638.0044279098511 2391 1 -1.731070892019643e-05
 -4.157182459942927 0.2368595412767865 -3585.371757774422 3.847601375871452 0.06631049638932744 0.09430352306797754 -28353711190.18891 142.6262210611469 56.54737788854322 1.44630595963757 10.84045109028441 3199.234616859731 3744 191656 1 -4.15901528442056 -1.364829033736456 0 -1.966436866209628 -4.780374341244632 0.8825124606064652 5.103276902458285 0.3375793512078373 8.824800933144765 -0.9186255476516649 -2.964873634496726 512 635.4592571258545 2391 1 1.691946398826346e-05
 -3.762494849815938 0.05985832045458347 -68933779621701.37 15458.84722468114 34147.25365992958 1.325913975890399 -2.533900454661875 368.5066732044613 360.9493638022783 443.3829440939042 210.744891950395 3104.257004821571 3221 191589 1 3.542422875362326 -0.4927571515645842 9.474543350278749 -0.8741491862979682 -2.061343588663402 -1.776557622517671 -7.11718661138959 0.4134960852297632 -9.581103075348675 0.7550234125339244 9.267259684598876 515 639.8084080219269 2391 1 1.298892663673924e-05
 -3.596695115398646 0.1906250991280874 -20320.25601626027 6.027304702344415 0.07260858291196381 0.2596601030161254 -7018.690868357105 23290.08871143928 1121345.558055598 0.3023773724121102 12781.47996996897 3083.568363618098 497 190686 1 -4.284594956079542 -1.170334266464971 -7.544820357459606 0.9131073273201205 -3.798883073766067 -0.7977767212026476 0 -0.8912394672795045 -5.298347180177425 0.02041848403057274 5.915802378680876 518 640.3949999809265 2391 1 1.158717031906237e-05
 -6.501295398210724 8.232581055450998 -0.09685967820043145 0.08064326313363369 -232758190171.2573 0.2133646198776891 -42963.46244889982 17273.8738695674 616206.9689447772 3605.911198568936 -3987.143652033229 2955.829771637836 1767 191649 1 3.857423473769524 0.7304998833948111 -3.567924730396195 -1.536806208958155 -1.429591782942329 -0.1863538870270113 2.028309049387099 -1.688713772369644 -2.972649196495226 -1.124310349264118 -1.638174709581354 521 641.3588230609894 2391 1 1.064083491640904e-05
 -3.349418464182495 0.06329450250809236 -1662455204545.214 15536.22198405422 62652.50071893894 1.627147944321665 -0.7386233672213439 2342.233142155298 16909.30195259332 16915.35294756929 667444.2049208395 3092.021451384068 174 125904 1 4.48412300316729 0.9754277608171451 1.909564523972515 -1.772909716221712 -4.500834066824104 -1.760026364850205 -6.878734536813986 -0.1064541466761231 8.157169535927931 0.3717314320842515 0.924170354715403 524 432.6097209453583 2391 1 1.155640743258888e-06
 -3.527699442219869 0.1087004617857799 -7164829.639024599 607.7519975884371 16.88417731051983 0.230591458475672 -4981.337709734684 1287.610445033797 2527.656976036869 9982.84475105353 -36329.5369903547 2977.889217643279 4151 127734 1 -4.697837222982293 -0.5082406757235445 4.565094087361928 0.2593799165902814 5.789903124981049 -0.6966922668412492 -6.326004732115621 -0.4542810568893305 -4.130662807665636 -0.2983920734029733 -4.290446287508849 527 430.0313439369202 2391 1 -1.257751127870641e-05
 -3.635991392887761 0.607674004797283 -3.332170706974691 2.645774195245785 0.1881814943336882 0.1838103427374341 -143203.657804432 5342.832153165854 61584.53377577374 246.9711435036902 108.9194583666713 3066.031902253259 600 191114 1 -4.372260511361868 0.001193792639460517 -8.383095428659239 -1.050606332421323 5.826080858675333 0.8810097343874759 0 -1.947290329149951 -4.69459504856061 -1.215638322933863 -5.917016589100622 530 634.7679839134216 2391 1 5.387340701222615e-06
 -0.2868563014632553 509.793956674566 45.58103245948451 0.1387650842752921 1253523.539268259 0.2970533398090377 -862.3649490103197 2834.298686881477 22031.55502640075 1.612488681582724 10.49657743204265 3121.447099511011 1370 191660 1 4.572036374267952 -0.3920944820723129 4.723938205355871 0.6509302746938131 5.788858835244205 0.9314795334996733 3.988951995845564 -1.028070593754032 6.546157308504572 0.06277743760042485 -8.492476898209919 533 641.6322410106659 2391 1 -3.972246358921649e-06
 -3.491271532896932 0.1971938255848047 -17320.24992496999 76.12049539209663 0.899549272597168 0.5410648507996477 -37.50923338141812 130.9668632489609 45.76262019210731 0.7463719561794208 129.7255398022247 3134.932392758272 1347 127718 1 4.217130960460477 -0.1586843299519858 -0.9325290559928998 0.8078850413340679 9.250072017036073 -0.8699091389288771 9.366603107495466 -0.76875198003445 -0 -0.520041125008424 3.244154212035594 536 428.0144951343536 2391 1 1.261204061330309e-05
 -4.275533203796294 0.3214175573784294 -69.09759360790507 2.798316596248729 0.04912403698762342 0.04752318143104216 -6887433873232994 50460.3051775471 4035570.166386667 1.708183788010175 0.8137812468093989 2922.237865823454 2712 127776 1 4.476840557052265 -1.756585159048921 4.894609184442072 -1.704484541918986 -6.04241028814539 -1.11557223974224 0 -0.6773017191665138 -2.224795449513759 -0.5412664814862529 9.005650665782756 539 429.0468518733978 2391 1 -1.922822659405828e-05
 -3.463118292194806 0.0623411039029347 -66977309427637.06 518.2540598964185 15.17909685088753 0.314847425070501 -1496.473405571108 2227.656868578026 10419.72953280075 23300.04562498701 958777.6457730653 3128.504657018051 844 127762 1 -3.804239902999967 -1.254093149364831 -0 0.8742086323319374 -4.637293646067452 0.6492579943763306 4.751140947164241 -0.4604879605024764 -9.468347205665538 -1.981939258549184 -9.41672672159644 542 426.7563948631287 2391 1 2.025329721954235e-05
 -3.510460294038086 0.1773891639103048 -33528.91678023865 2.611966252281511 0.09721159829333102 0.3753489865137718 -161.8937053227727 974.4771433521497 2277.036299856074 795.8642738563433 806.4756633695033 3129.33802928223 1421 127527 1 -4.324918630630689 0.4565147052786296 -1.837958084668562 -1.988229599078995 7.636196641683648 -1.720139635655663 3.997363447239292 -1.287797032248424 -0.8534989709806871 -1.436962708311725 -7.043810869905226 545 432.2654881477356 2391 1 5.669125678729386e-07
 -3.400382768097847 0.1063213366388319 -128907754.3360719 39991.37114957876 113817.3226373413 0.07569727280035017 -4742368543043.573 216.7713387069026 132.9610926360639 2.152208117382636 5.76284279640291 3140.513710368771 1298 127770 1 3.939016753227418 0.8093992701657422 2.707620170443544 -0.8527618990605861 7.895140633212304 0.3020967304962618 4.007424340176995 0.7404321363479704 1.443539266826761 -1.551218116108787 5.297199660565971 548 429.9198799133301 2391 1 1.473860077634429e-05
 -3.386962420833199 0.1490499929810342 -355866.0367020515 585.9706196570751 35.36476099446066 0.07193278674660547 -3754465423853.566 17509.2607361157 725507.4555772635 77569.82844231625 11101700.04728475 2990.958012421873 3658 191615 1 -4.689898787371043 0.39283433635141 -2.10588026203667 -1.293232980238958 -3.764897991951803 0.8387817568953091 -1.636720998779484 0.6303146788385856 3.721200611122767 0.7101014739362541 -0.2505349919270539 551 637.5417289733887 2391 1 6.014505606305427e-06
 -3.276181506562887 0.05805132530523623 -187090923902.8249 216.1530004341871 3.077888956030791 0.3713245803536153 -227.9398463155567 8619.133451141981 182845.4328759527 0.7265740217548852 58.94358340570334 2917.982305383613 3209 191663 1 4.341735639176692 -0.8084380896466552 2.400724031483959 -1.329713112531894 5.173544479658301 -1.502236993489348 4.360924700823059 -1.876144423079471 1.608304924593814 0.5205586801925444 -2.660478980648981 554 639.1477558612823 2391 1 -2.617639003980659e-05
 -3.142697536243205 0.1492685098741789 -91485.00847860801 3.998426997587927 0.07240774922074254 0.05688103400366989 -509600624865803.2 48.83147520582351 8.026460865599873 0.1842039244925116 523159.881051397 3243.951660884628 1379 127764 1 3.37303632350026 -1.106551758912242 9.142329159827586 -1.732727507981388 -7.415503938610923 -1.824036752203163 -5.548413637031493 -1.327017058192093 -8.293859482721652 -1.804377296502055 -2.309806925282002 557 430.5404379367828 2391 1 -1.051213222103876e-05
 -2.991222822377714 0.04668110425343983 -1846513066750836 0.7700208951501262 1.279888081956603 0.1102779402693143 -140203459.7407828 5168.511666614414 59312.33089426011 1.927467018315313 6.206902260747867 3012.5079291323 1562 191664 1 -4.467596678400403 0.44193114631884 4.355371773685309 0.1932120583972523 5.220513782969705 0.2873143463545169 3.557263762796788 0.2947489113450933 4.058889164344034 -1.099959759500848 9.602181308381965 560 647.5581789016724 2391 1 -9.193862860491575e-06
 -3.302556590981657 0.1097366937820697 -5998614.607975653 1.868312491027931 0.2570641388428095 0.1296977935540564 -3945630.227220366 75.78333928136531 19.77596274882429 49.77375129342187 9.53843200757257 3208.934764679447 2223 191602 1 -4.000189023718473 -1.517240593634775 1.91500696100679 -0.71689866592979 8.964914806278093 -0.955130878195912 7.825633815893919 -0.1616271224497509 3.194550994655197 0.2864858824101804 -4.221507444716914 563 639.3575580120087 2391 1 -1.009692296098954e-05


# name: injParameters
# type: matrix
# rows: 1
# columns: 11
 2 10 0.2 1 1 0 0 0 0 0 0


