# Created by Octave 3.8.2, Sat May 30 21:33:12 2015 PDT <charlie@dicke>
# name: outString
# type: sq_string
# elements: 1
# length: 114
Slope	Lambda	Gravity	Lambda	MagneticField	Lambda	MagneticField^2	Lambda	AttractorTemp	Lambda	AttractorTempGradient
# name: om
# type: matrix
# rows: 187
# columns: 31
 0.00343959134985106 26714.41904171026 365026.9777379044 0.2431358304464854 2816.633054771526 0.09215640113122017 -7947163921.120969 2829.47928037942 20025.62149661386 0.6421016748891459 151.3225605856467 3272.01655160411 12253 175687 1 4.277309272445638 -1.674322138490451 3.861629746798132 0.4578383447901948 0.5995260135265008 0.4309851789987809 2.019441473442488 0.1422849702261128 -9.371362261696387 -1.85651382993332 -3.484231149460257 3 852.153333902359 2391 -1 -9.944598037812809e-07
 -3.093085969059261 241.3284872217562 21.6577376628258 20493.03128203236 50796.73310864539 0.1354194341823597 -1928798.0274723 30.89792969898235 4.514052521098504 0.04913541683434505 3.066438501977102e+16 3019.800028523695 3559 191664 1 4.414069761137182 -1.133396231397878 -1.56768611254455 0.4420099171865267 7.432086016406668 -0.9142942117373272 4.394273031854532 -0.06548018811015772 -9.138033180173434 -0.2972102118676503 -0.06841885009208681 6 820.7309079170227 2391 -1 -1.409897370831767e-05
 -9.846157307902486 0.146932555914094 -156705.6710203694 130.8027769029517 0.6575138754058002 0.04297250458444542 -5.412826485343999e+18 1094.282115578435 2827.894487469299 11114.66315280199 185520.3636011014 3166.131652030095 2428 191567 1 -4.415868662602077 -0.03363141085839687 -3.286031544782983 0.9188787104231726 5.521143481996459 -1.470008515773644 -2.150240276949128 -0.9801861212453522 -6.382213845431917 0.3453135789055795 7.994929561785099 9 814.9211649894714 2391 -1 -1.42517555472364e-05
 -3.355169837288558 79.44696032539375 2.677239728066074 4.9592305201943 0.1037128933110452 0.1159262844055147 -116147448.7171098 6497.91385617882 105953.1114214876 0.04937064260675689 8.059869111023976e+17 2964.720896653103 2401 127685 1 4.65460791066597 -1.540339489269884 8.891492675582221 -0.8214701241528957 4.596651264762734 0.7033311490930094 5.913591947843926 0.5645243271931664 -6.20726858860786 -1.793519122618842 0 12 552.3142509460449 2391 -1 -1.329418290092564e-06
 -10.00740466354878 0.05148855433997258 -1.751828807484859e+16 0.5694973960104723 -0.7952817328540771 0.8800444634909047 -4.156038202350222 377.7119299606567 401.7716669928627 3.588244446390362 1.611587338195838 2930.039417982755 1758 191646 1 -3.88644887631205 -0.5141630792303049 -1.200043612041086 -0.6675925984830711 9.874130408372121 -0.08049380017955698 -1.560505323079731 0.9332522887936339 -5.119117354708941 -1.439443850790493 -0.9926116847535402 15 811.4382121562958 2391 -1 1.536419871527442e-05
 -10.01645720154132 0.05057694666079561 -183006660883114 2409.699097628521 700.5700080930366 0.1309687324213574 -9205244.510827908 3804.231358904699 33895.29046774306 1015.822729566475 991.731217964663 3132.080849687291 1959 191604 1 -4.492393817937998 -1.777171058687302 -6.147340208935188 -0.1561314207454449 9.839330578758672 -1.271373342123695 3.181409010424034 -0.5977001651705196 -6.743924815510344 -0.4839326697855491 -9.715917348977152 18 694.1103460788727 2391 -1 -9.856983938962308e-06
 -10.02725995173437 0.07246009195912526 -155786721840.5805 0.06167825540862962 -102193436650056.9 0.2182133844597277 -24270.45025360604 407.3282536552196 512.5732939867103 0.6977115171619257 113.224296789121 3040.183791302613 4484 127770 1 -4.680497674526731 -0.277506404050362 -9.390157386236064 -1.430362667894382 8.060817383737662 -1.841798304346209 8.311530074271754 0.8673287245131291 7.53160806289217 0.6791993403488252 6.647297450967769 21 432.6432859897614 2391 -1 4.611685202527383e-06
 -10.13091041074516 0.2343973266488848 -3940.336993476713 369.0369592474955 14.52185404932384 0.1310438663629176 -32989122.53838536 3249.266201838614 28073.49599800429 1.682382116146267 6.945063281963864 2923.429735575144 616 191431 1 -4.548958222489707 -1.001849287311307 -1.261005012536301 0.7931146955827697 1.387629615913317 0.6127317229379554 8.254637490687353 0.8887792246420263 -1.239152199213185 -1.357072595868021 5.440008608769328 24 644.6431031227112 2391 -1 1.81314800839868e-05
 -9.982402983897824 0.06794609063836264 -13224709904563.49 206.2422964747963 4.656543671095068 0.1584763761308232 -4007316.017463904 10746.02692414936 219677.4559288579 43767.40177048072 -1016604.484405701 3296.107977406724 3518 191652 1 -4.612834948948533 -0.6138671137335301 -4.895893611956915 -1.546410316721765 -8.329514341317743 -0.06320684738190786 7.802771317167705 -0.6765227042123421 7.623983263758438 -1.879075200250194 -2.310689455799671 27 645.8392190933228 2391 -1 2.455232052039069e-05
 -10.16522672407986 0.0665545081878661 -4260541581466.511 2896.230902841602 242.6418444408407 0.04829893740831204 -8.606437197813787e+18 136.3687725007317 45.62978362774863 0.1024955327891112 23450816745.03368 3035.030953761519 4799 127769 1 3.99512431250281 0.08749184063781261 1.010512241291131 -0.4853694418810743 -5.391349129049472 0.5546160734680043 5.426178942822057 0.07865348005477156 -4.423175805135728 0.6347603079479457 9.48558407188164 30 432.5658071041107 2391 -1 1.32036983426049e-05
 -9.861498144476318 0.08645879808336027 -651947921.4126303 1.810671272411736 0.4495891000523687 0.09968500184995253 -811997765.9456407 14161.00415818881 559271.7719789312 1.161459211199273 17.13295838039288 3086.010428905367 2884 191611 1 -4.376809130474957 -0.1615500760281012 -1.151421025117799 -1.632000950554743 -7.18700033949543 0.8544071660739752 -6.676162981948689 -1.641045258783501 -0 -1.864520480467315 0 33 652.5008869171143 2391 -1 -1.088205911284625e-05
 -10.67497065505976 0.1278875776655442 -930593.4625820593 0.0636895004648791 5321674544811.949 0.09266230071146946 -1985469479.103637 385.2476115690119 439.9383183461169 4214.118717134869 61367.75148709318 3054.346945541025 1260 191629 1 4.489815992421297 0.5033094146367603 4.642076373319319 -1.845034425452841 2.018315415940443 -1.571143918587479 -4.995665707972346 -1.685046504403863 9.178269166943094 -0.3662551253511542 -5.68019977254479 36 653.4361889362335 2391 -1 -1.05085979269578e-05
 -10.19544076751614 0.04893192958945954 -1811369012409618 600.8896091204358 30.84425522697282 0.07289806431153291 -1766961243002.813 281.2257114853142 228.0729695524408 0.8420094136074596 71.6363543205326 2992.285059572181 4034 191656 1 -4.091850419485152 0.9570731424134831 -0.9602881783256207 0.8146626623087641 6.097062252323255 -0.1284710681318853 -7.995599282806209 -1.350194486763781 3.253652398416107 -1.161217134698301 6.994312099439858 39 655.7484529018402 2391 -1 -4.544351814318669e-06
 -9.770163268078528 0.09244412901427139 -790033048.6905497 174.6707190678969 2.948962279853983 0.3565053715204396 -300.1392773755296 90792.00459667855 19345664.37322034 168.2140091196681 58.12297721837804 2995.074806219976 2887 191662 1 -4.100606477690657 -1.784424959782761 7.351099516144808 -1.459223213888908 -1.784562448653714 -0.8608046191368528 1.797354016080103 -0.1937500064058888 -1.138937620675887 -1.027574357907403 0.7536610416414016 42 648.1659379005432 2391 -1 1.228781383811512e-06
 -9.91603594754976 0.1135221145845534 -1480808.822085589 85913.27006668466 1141431.451112709 0.192140903983912 -31419.61608105577 5342.722909789776 75419.97899291277 1.89520780602157 3.156718291647771 3186.022658797871 3238 303449 1 -4.596789306397824 -0.4178658900861425 -1.93302634475637 -1.14074182240461 4.178315915784104 -1.922162286496964 5.494780243417541 -1.62976694153693 -3.692474618513888 -1.108952734790424 1.872282271608288 45 1023.01643705368 2391 -1 -2.617491153119202e-05
 -9.401495361832708 0.04740536924363142 -5.515589157125834e+17 0.9518908750099304 2.021179368296922 0.1143946633213822 -806868556.9644369 1441.699113216615 4824.436778933431 1.798000369119638 5.43430397858388 3163.065786601469 3613 191648 1 3.735633150534623 0.3123073752191758 2.254240915451219 -1.962480982322014 -0.7558608840006427 0.1724616857357603 -0.3988358138908579 -1.130299025153366 -8.973294810130142 0.09047446376191369 7.038627046342915 48 644.5115840435028 2391 -1 1.717440461404641e-05
 -10.55359672550993 0.09769412081481046 -3470997590.04138 0.04900196950892639 3.953670544346414e+19 0.250952227117451 -17937.10561847361 219.6643711715737 122.627480212967 3.011800715015382 3.104157100872317 3075.546046956374 4050 191662 1 4.600843084360257 0.2615611750201893 7.575396338732553 0.5844587761379021 7.316716384302746 0.4816595684984639 -8.299732646467112 -0.3261850232385033 -0.5636616604734286 -1.238307953068545 -8.241991946886813 51 648.5491099357605 2391 -1 2.678815450326775e-05
 -9.871449543986865 0.074076004497781 -138844455303.708 0.5240853505158188 10.46053108201617 0.7253613040859102 -13.54886425460979 20688.54153429313 883572.9882599707 3914.628735591036 -4168.432535698932 3079.637549589449 4307 191661 1 -4.402020417726252 -1.623307766159444 -4.201432442716236 -0.1052625026486584 -0.4891355107158546 0.7454425258232118 0.4955823832244093 -0.8847877875852124 6.475604100763963 -1.58023399691352 7.029107858905162 54 650.7868371009827 2391 -1 8.205307723520346e-06
 -10.08830479635285 0.09131722934074017 -501607965.0738953 9226.818716902391 1369.056194240675 0.1498974895606358 -1566538.96324183 82.90442121628041 19.33665958626413 0.2679729650279272 23832.01190082616 3186.787248837288 3445 191660 1 -4.350814957263404 -1.273745166133957 -7.591318741061983 -1.657091192506613 -4.714869580348699 -0.103675489435302 8.466986669575192 -1.404212100660816 -7.499730918255885 0.4474291242307258 -0.3656009873040347 57 638.6950399875641 2391 -1 -9.752659378575641e-07
 -9.774120357028536 0.1114235419066068 -7660414.227051592 1502.887861701807 100.5933954296785 0.1990746286672353 -21088.57054005939 9.016279682473318 1.346105342726646 82942.29871707698 5021694.207243885 3005.788853858886 1436 191635 1 -4.064988358764999 0.3895598326325422 -7.039542552362258 -0.1976346940850746 3.029059199738313 -0.5858119315088048 9.006549806779162 0.6862173682093986 4.858313435542255 0.9417078075548265 1.851502634155013 60 649.4911639690399 2391 -1 -1.138106351799997e-05
 -10.2708612495098 0.1156870222525116 -17080192.63063775 1612.304153948905 398.5639944416374 0.05778458506382576 -4376504522880381 43163.71653580959 4020182.050858486 2.015703477635765 6.508766971203591 3246.678620312867 1116 127753 1 4.639073731541883 0.632318936829884 -2.309926974266965 0.2306455841625103 -2.998926330899078 0.688135201572444 9.960484212569735 -1.472719382116275 9.051974560813616 0.6787389723902892 -8.857418939789126 63 440.4338488578796 2391 -1 4.76307259747257e-06
 -9.591873173590427 0.04357222229957439 -5.117962950604028e+17 1659.385015538918 828.3297574365988 2.639348596623137 -0.4589152497266501 78.49464456290411 22.46779996073344 17450.86645123068 299604.3561220132 3119.907606572976 4294 127763 1 -4.58531115290308 -1.807526451496066 -6.068410631045179 -0.7570520110097716 8.993906734937022 -1.83813903895674 -0.8470887175262618 -1.209435452778518 9.728132325690632 -1.705810995509572 8.885253865198409 66 433.9620950222015 2391 -1 1.496903107783886e-06
 -9.915053800334286 0.1058633158880726 -20602390.1553419 84050.99290400138 380718.5082141188 0.05046352139585526 -3.089053795402204e+16 1231.863449537763 3331.385559294373 31.33688549598498 0.1845129173079246 2993.712206225595 515 191637 1 4.677354505477817 -0.3521448003858119 6.13190605211275 0.9056101494645538 4.27887540919886 0.9005879792522471 -4.810546016349347 -0.5633128973088901 2.809391733334999 -1.326322168924976 -0 69 651.8837780952454 2391 -1 -7.553331109499014e-06
 -10.60038757998088 0.1686068175930556 -57625.05531499552 0.056525169271403 5207435683114801 0.08478144874195578 -99107070493.40442 12022.19539234732 292780.8341299267 1.938966423135031 4.335620258456062 3062.283686483222 2506 127775 1 -4.603797527589727 -1.649900895750109 -6.107305163032201 -0.1946099456284749 8.157380329853064 0.3129838696595093 -7.026888405648545 -0.4353871585374574 -0 -0.05679473087815801 8.909361774409762 72 441.8076100349426 2391 -1 5.111890298830167e-06
 -10.30723218832311 0.07711977941699859 -1949403519.156549 1791.121770371154 378.197483589255 0.1310752425756703 -4464816.874955509 2230.387694828634 9312.207969243354 1.063438892161352 13.19990712951974 3227.55755070229 2154 191650 1 4.111648112101958 -0.2142894149914092 5.303414546092324 -0.7562752823200043 -0 -0.5490092479372919 -9.384054002896313 -1.284116603714065 -7.938062873698238 -1.693800352208348 -4.556848202680419 75 647.8703620433807 2391 -1 -2.058166659722484e-05
 -9.824503739920438 0.08131653704040162 -98092136522.20917 6175.501301565418 6513.408495310775 0.1819800606877192 -278253.0046051306 204.7696295316107 121.8170249016295 160.7751904574511 101.1003659795177 3150.626281782269 2724 191663 1 -4.205260477649873 0.5479462504867607 8.076188300603365 0.7281415067952429 4.784619060453451 0.7101708002610421 2.516694104304156 0.9009788154504186 -1.120452197751229 0.01319267815670059 -0 78 663.8578369617462 2391 -1 2.090038687965224e-05
 -10.14432296262783 0.1093772792266836 -3626544.967578303 501.8248011155494 47.14294022552928 0.2887706341804998 -906.9401221615655 9035.320375274399 229923.661301111 1.503162892139434 12.17771678529353 2989.186644628354 3069 191650 1 4.006017622443597 -1.368409031648276 -5.637610733172324 -0.08191350645326168 -3.240051997747948 0.7794677638429555 9.304824041965176 -0.04647118620322389 -5.780084867887131 0.367568302685254 -0.6611161946279198 81 650.6736509799957 2391 -1 -2.362711783465617e-05
 -9.899397740404883 0.1216284428152572 -2792800.765073843 1546.993384452855 248.4480383687401 0.8847264985746582 -3.645034146244496 83.55124349559202 21.85279721750197 1.376067892606667 16.13094431928795 2848.974270312215 1330 191660 1 -4.644331937999108 0.4662765071534869 4.91634483876472 -1.735534467264023 -9.579903495618954 -1.722077443270855 -0.7112011215453125 -1.480709898944004 -9.875230887864914 -1.562436143556143 -5.775010109454706 84 659.9872159957886 2391 -1 -3.682535135437632e-06
 -8.970922296841621 0.08525702639008359 -192687602.7909787 8.011801169544121 0.07878621889554532 0.6933429378047822 -8.207867788436408 11858.32519762633 349606.3355629696 2.080543861334135 4.815622644545885 3100.504642013949 1633 191656 1 -4.409689530366696 -0.3467025816845882 -2.379997193525643 -0.207926203140631 7.346868487944278 -1.917400728940652 8.994715661416826 0.2444141009601672 5.280345594982399 0.9060249700725577 3.171963243646367 87 650.6489791870117 2391 -1 -1.926603839963156e-05
 -9.681553707648179 0.06034044638339953 -10000703880431.93 407.9908273172226 14.22710015836155 0.1015760005578023 -1106471290.793115 214.6968822514546 129.8253853112281 0.1432400007811219 26823763.22278968 3187.605559639353 4006 191645 1 -3.265665611136103 -1.930354370604505 4.645580635922433 -0.9850438604906602 -7.508476081485949 -0.2524474706713828 -6.619393770561884 -0.2787729014768505 6.595488206662361 -0.1232740721646746 -5.342813015889375 90 647.6856768131256 2391 -1 -1.086600754174772e-07
 -9.973812153607172 0.1043274756409211 -42486407.45191927 0.03805162296944806 9.986221569280545e+20 0.411864988399 -219.420279808643 84.76520485245938 20.58235175266532 1399.041772806982 5681.526744489684 3211.538720192776 4078 191662 2 -4.493688103515652 -1.703131616777511 -5.245564629630726 -0.7179472133774869 9.733910683039342 -0.6006548253703876 -0.3540772427334034 -1.945316199099072 -4.849044340395522 -0.5464133177870263 5.60023807095067 93 648.3954648971558 2391 -1 -1.771016182827522e-06
 -10.26841085212167 0.05719112614225122 -29078863467650.82 0.07258184749561768 740406252444.7212 0.1980321018009181 -75513.27559620202 15716.64831679934 507094.6605272802 64.21737936182133 6.706210598844314 3004.402432838814 3848 191627 1 -4.680361438153855 -1.01025743968421 -3.893515067504874 0.1944680323674377 0 -1.73754378512977 -1.146609351387152 -0.8839108891383844 9.778282374656111 -1.093562215872059 0 96 653.2437200546265 2391 -1 1.42778113260424e-06
 -9.870156653015986 0.09740606331527973 -9732881.697377935 14671.66553259624 19137.63308091459 0.3418676126935073 -225.7783081764095 125.9030211900078 44.04696869796031 13544.85791512624 316805.049910909 3025.570843495952 3857 127774 1 -4.148825772509139 0.3107005617039897 0 0.7882572338755076 1.506717777578571 0.6625885681402153 0 -0.995433144945018 -9.703380360877999 0.5834250015100233 -4.981257700550203 99 434.5971598625183 2391 -1 -2.989422671343358e-05
 -9.756625509422792 0.09587044576668358 -291299523.5759686 0.04033920213538874 5.899598697602078e+20 0.1810847940791917 -206152.7941229748 294.0638487770352 219.9022922496074 2.037024411670863 0.5657981683658811 3124.755220885248 2230 191626 1 -2.250100010735809 -0.511049553348613 -0 -1.758895533958482 -1.898719947012203 -1.587734117335801 -0.7119069798629667 0.7591567495269097 0.8546745347179368 -1.77358198663447 -8.162200304595197 102 643.6609921455383 2391 -1 8.339926544213141e-07
 -10.13458508991737 0.05498380718082263 -44644511934817.7 88194.21871369054 757079.3906335947 0.1356219803067466 -5554299.225854203 2020.92734344911 10023.36763518979 0.1297851092183273 66829817.02313335 3041.61666840185 3691 191657 1 -3.004727616809152 0.1159320116253064 3.825764582129095 0.2212106997356952 5.271587431811682 -1.84540678487154 2.313757122726397 -0.8278629835961873 7.771868625851567 0.4698954993918374 -7.796087210595072 105 646.2709221839905 2391 -1 -4.210499354476374e-06
 -10.16103061207538 0.04120613169306014 -4619042958680062 325.5549764762067 6.277921513258987 0.1188719372386996 -10569020.66628735 64.36757501536498 12.91045345229397 0.059576621999147 16424583389927.31 3111.370403110032 1039 191641 1 3.951404548003081 -0.7507748126693246 -1.146723103312901 -0.5341590923161554 -0 -0.7431850984353119 -1.86268799559724 0.5206610423142481 4.683434880718846 -1.545810103537061 8.554015885301867 108 642.3636319637299 2391 -1 -2.398544765067408e-05
 -9.155686540100511 0.05477855623471623 -429028194041938.1 3.927149828684168 0.02200142342811395 0.06725215591103474 -28189094270129.04 53.89164180885219 8.346398529171495 14615.55579814461 349408.8239648258 3098.358451254287 675 191663 1 -4.560790737234461 -1.753462320537795 2.78848756026846 -0.3802040129271047 3.470652139766849 0.8652204414978608 0 0.8634238705557031 -7.855920911862508 -0.05601677638231545 -5.858292490963483 111 656.6312189102173 2391 -1 5.26041741221593e-06
 -9.778017350456457 0.1014026601052131 -376460166.9004559 6352.993851748618 10827.47568817531 1.434718696803236 -2.197971460031197 522.3219589256238 568.3787754329408 0.04615800780075968 1.641348873431566e+20 3139.673846804482 1171 127707 1 4.543620860006908 0.2885818799747377 0 -0.8642672964627796 -8.403551143067222 -0.03543188827597283 -2.127461843010871 -0.2564404519239192 8.980013013542836 0.008546746005010531 6.723754561150338 114 432.5837910175323 2391 -1 1.420894134274259e-05
 -10.68199841241571 0.1273731096493269 -815686.9984336231 725.4947508720854 176.547420795093 3.013278281262879 -0.4382318671774072 3345.322665855975 24598.08295134259 0.2149703860936191 128935.3621898169 3229.832342781268 2414 191664 1 4.697729611808492 -1.554853568414528 -0 0.561213386255111 8.589485470619735 -0.434862328696493 -9.721459504526585 0.7314788127489336 0.3351300039798639 -1.462849258332072 -5.021371104422069 117 657.4508249759674 2391 -1 -1.343215680627198e-05
 -9.408577647365012 0.1298743713133343 -6658367.777481764 119.9641253841352 2.527838945661173 0.2456488999113948 -11911.36436292273 85.15967858096136 26.98209957077976 0.5455574176611617 291.3772111349844 3031.260144758153 2616 191659 1 4.470548290487053 0.5777846018011701 5.420627623035392 -0.9674660919721347 -0 -0.005625763565509707 0 -1.866302227302109 -3.431098529756864 0.4885983388933752 -0 120 648.2666571140289 2391 -1 1.715113343653506e-05
 -9.991245264779435 0.05671752018544712 -1507177594006154 26481.44882034911 26597.06399441412 0.172737578851808 -540374.4226239525 48996.85363383473 4614802.080266478 1.48298456488775 -6.716589253185702 3078.320562328135 2270 191659 1 -3.511643230507376 -1.871723219525746 -4.117579950021172 -0.2063122921202236 -4.594702611746035 -0.6510573896843815 8.356467441607862 -0.3943373068569045 6.499348550257986 0.8410630476483627 -2.554252577282124 123 651.4894988536835 2391 -1 1.881854922967502e-05
 -9.923953307370004 0.1529078577131846 -204211.162499156 761.011656583053 25.77109010085463 0.3356901288917639 -664.3454841133614 207.562725822481 108.153027724028 4.609008012172833 1.376578604171047 3315.95651844081 1724 191607 1 -4.383995787519633 0.8543168145016811 -7.676134240655388 0.7382402373288794 2.494237929342268 0.8552081073757662 -0.1182534842202774 -1.065956897388636 0 -0.03027802665521055 -3.730988821545962 126 649.6097121238708 2391 -1 5.786617059346923e-06
 -10.29057243232667 0.06335586762576767 -521823518067.3937 1.872140413293173 0.191396460406447 0.3777188052079377 -281.3257767902074 3491.814057967625 34446.12166418454 2.991956867896222 2.296787528791004 3105.374422713345 1535 191640 1 4.561952439193972 0.4581128346051773 -0.8595418929010386 -1.205462750341402 9.908281366778237 -0.07495092709513788 -3.074151211659995 -0.1271118660653627 -8.715670757560009 -0.6613088225929724 2.154269256752078 129 653.8224189281464 2391 -1 -9.609092493332833e-06
 -9.945246321866691 0.08332908164681857 -1562338801.26431 637.3711275655262 27.39656040640342 0.1883483745755809 -70712.65127280325 690.9271453326419 940.6564793082623 0.1394409031792584 22611386.25557481 3172.696563639842 5040 191657 1 4.669626126882805 -1.751298021995375 0.7361079427165871 -0.1982753443277208 1.722257817235755 -0.9672635016018134 -0 -0.4713067573077439 -7.832703151732707 -0.3556699332368529 5.909410061465667 132 645.1861588954926 2391 -1 -1.010852350755967e-05
 -9.498225664799392 0.04678348197616371 -8.137509995995083e+16 1108.19089648953 90.18899595492783 0.1298092091676885 -31017437.98771678 32312.62457026991 2800397.461243149 66.25887366331663 6.577961762086414 2995.461338933491 2028 191658 1 4.39881342556721 -1.643670104693893 4.512899326394034 0.3473654819378353 -7.039642873748624 0.8701832625485642 -1.197402645102396 0.2410989335864331 2.130325638310301 -1.331250947647163 -0.8749340511211861 135 646.2607560157776 2391 -1 6.279220207618998e-06
 -9.30544362355662 0.05860554069432081 -16161114257366.05 1.376221834086039 0.5236543973233381 0.2821762824056623 -1338.207528926452 78519.85985626582 11916329.22505349 0.04117302369149973 -9.997375442116102e+20 3047.309458674308 1714 191170 2 -4.034977860639644 -0.6884335616729986 0 -1.606349811960821 -9.183993955188972 0.9930585185374111 0.4554066486475392 -1.324431084744918 -5.23208493335486 -0.2904351749998488 -0.5794576567049514 138 656.3282270431519 2391 -1 -1.018963049358257e-06
 -9.584172366118951 0.1130293129335672 -77544985.35251586 37333.33548102854 182185.4647729346 0.2355435084203363 -30361.88163467226 47.30336044609143 9.244495494428502 1.301231567215882 18.77395728577861 3082.698966684443 2361 191641 1 4.242106626788399 -0.9426017712329786 8.561561960997768 -1.953552724135456 0.4775609537166998 -0.6310415618970762 -0 -1.654554763526273 3.840674085689844 0.06630933928875128 2.06413143292149 141 649.7210688591003 2391 -1 2.217858461166035e-05
 -10.22347762938894 0.09825688056113716 -161970404.0183216 0.2822117237276168 338.2269273202124 0.3462266817720572 -385.3979822727885 453.665804399412 529.4799800172568 153.8766858657045 106.9421075074083 3087.124000403461 1859 191527 1 -4.4695135279013 0.7982236301892883 -7.044130280492132 -1.520077160398771 0 -0.7109260027299246 4.863378518477592 -1.944766526916727 -7.795633693377358 -1.03544363482168 7.896376398141594 144 654.248272895813 2391 -1 -1.691023565721122e-06
 -9.967448333241849 0.0701219482580806 -1130707517236.601 2035.070268441068 234.142600250364 0.05065274520540078 -4.216757890267316e+18 14610.71874671825 587057.5866005784 1.782262410926787 11.67617566293239 3047.717566896722 472 191657 1 4.609183654471958 -0.8382165720807881 7.279783414407296 -1.769021566635848 1.073451548962433 -1.424828994657573 -4.961230380855111 0.817607787503416 -3.340738074294531 0.2855180609925143 5.463324578597425 147 638.5734839439392 2391 -1 1.410370712305479e-05
 -9.817596926627752 0.05574819978591133 -6995942697049597 3828.90302615369 1387.998909571006 0.1813990669439264 -647630.7317568933 136.4705074031278 44.25816703202084 1.942455553046728 2.505293499905361 3254.449789740031 3024 191660 1 4.431417794962378 -0.1186092886404637 -7.296799300427073 -0.3501882418753937 -4.450610486449777 -1.238718789469461 7.295212909243732 -0.162942926130742 7.788740244936818 -1.905933171885496 -4.972921577566291 150 651.5183370113373 2391 -1 2.484746966744536e-05
 -9.677553644028041 0.1288734870519131 -1803661.519502847 113.4285873721461 2.851160579737053 1.493509169067037 -0.8916558711764291 6210.118551799225 72151.79562511033 0.219054472092366 -101309.7154329385 3249.678247861194 2079 191517 1 4.246311414179514 0.7047387017540525 7.301118569506182 -0.1046184197076281 6.909883267820651 -1.970629486152585 -9.136317553742952 -1.527406012136893 -7.768607167786593 -1.620763572404671 -1.280313538199201 153 651.7983551025391 2391 -1 -8.778091723233989e-08
 -9.560824697515963 0.07333129973760483 -4118762699.053775 23503.84280048294 62505.20371693309 0.2923830739400642 -952.9371387080837 637.1742990215778 1031.099101269273 15477.80375807554 255049.8690468472 2980.920921096726 2373 191659 1 3.638445446622835 -1.777592957658787 7.080414899414913 -0.2962243521248009 -2.189589212086324 -0.3263726355548009 5.740687111682366 0.9857985636755915 -5.560398833443726 -0.6298477518911323 -1.226677528436004 156 654.6830720901489 2391 -1 -1.997504827891256e-05
 -10.15499592987398 0.05095094660317238 -2.584594180935419e+16 22761.1010770119 42767.20152642909 0.04579852046318107 -1.900177282471105e+20 95.02814816884228 21.84286213553176 0.8821487229747024 25.16102586303048 3060.269607478131 2384 191640 1 4.655110630443843 -1.68070966256253 -7.05453133112635 0.6557468997738546 8.023070311773365 0.5483319219256231 -4.55535860833078 0.866022327859115 -8.590177813179203 -1.818628124533574 -1.768822783095389 159 653.2388508319855 2391 -1 1.503733355813271e-05
 -9.911574637855153 0.09780044965147697 -398913781.9694313 28.39856906010436 0.4665152933003884 4.07203463693153 -0.2448939531943415 1745.932486582322 8989.401602494267 0.04375129439413456 9.999715120873427e+20 3001.395832560944 224 190617 2 -4.590025524442511 0.5534918060160612 -6.5163749927553 0.1330378107915271 0 0.4276584434187383 -0 -0.3732679585523195 -9.461609773167122 0.4216311790965319 -1.523053615498656 162 655.6689131259918 2391 -1 5.902366489127663e-06
 -9.854808559386765 0.06789227894740429 -25691533540.31009 1.674927235216163 0.329614050330077 0.4888590010096889 -32.14350768289372 29537.7051098707 2096211.330476411 618.1222888514287 434.7649965466647 3272.51948188762 3877 127764 1 4.126515553276021 -1.753426534563548 -7.199069393524525 -0.1497095838423378 -3.325230023195462 -1.101422990188861 -5.523479180054095 -1.927272081941634 -1.879743707360557 -1.250718903718211 -4.848338014035303 165 441.0704100131989 2391 -1 -1.668731396792977e-05
 -7.650791697739219 288.8631458796604 10.5721458042434 2.917126843862165 0.134458630616184 0.409173185695473 -245.732010887762 17990.25466344701 849429.7048514984 1.37928934953041 9.124809974315676 3095.31785795798 773 175598 1 -4.412510685101117 -1.341094185093459 -1.895970310690168 0.4652972298303086 9.827113265328984 -1.580672881609621 -6.796225481534839 -0.6552387793228611 -2.624700469758786 0.7163900698530337 -4.922944882224292 168 599.1238141059875 2391 -1 1.004460892142231e-05
 -10.19206522653043 0.1067958889862133 -25300632.29117974 0.1574339772640815 283210.6320885775 0.8478940644321794 -4.1639839934471 2664.37481080724 15603.23489470599 41641.80416435479 3505303.25559287 2959.361281576037 4733 191659 1 -4.617118450371378 -1.415509422907639 -4.577992841296224 -1.628761336722326 6.719560365317087 -0.9608115353445141 0 -1.494177899524646 6.120185791473141 -0.6882976937203074 5.244388143496741 171 653.5545690059662 2391 -1 -2.345120578078841e-06
 -9.81635220806017 0.04946932731543149 -7540064357619474 0.1458280936292931 -644562.7712543551 0.2111948450380784 -38412.47207897855 4865.958049053484 61044.54820100474 296.2100490333474 200.9680170993782 3067.617502255353 2041 191656 1 4.680969064756693 -0.4289061733401809 -6.53633440129743 0.359529288065401 -0.9361952773705227 0.2190342432591068 -3.575506745788116 0.009179267909047851 5.682113254089545 -1.309785438686594 2.529575094703534 174 644.2597060203552 2391 -1 4.009634269713068e-06
 -10.29583977849155 0.06894638284612351 -81317590955.43771 0.08446980133549405 -3403551595.948762 0.2148355201886878 -24134.80124165117 1136.04824390236 2810.673563760432 156.4689305088757 24.25825936773559 2970.658301010732 1971 191647 1 -4.691943322196445 -0.7013934809987088 5.748798342323077 -1.837108855782246 5.029541545164393 0.1761153970587785 -0.492388703993857 -0.281842436666599 -1.101632649361217 0.01753996679516055 0.06558739374929523 177 646.1011831760406 2391 -1 -8.424530877624849e-06
 -9.960748212444008 0.1019445351379363 -192103881.4906475 191.3713055619099 7.150361285862311 0.4370897984714165 -115.6982500731867 34687.55195399804 2861057.215561968 0.06334135830104033 -905319332322137.6 3044.398273098456 2398 127757 1 4.659867744974979 -1.811288247127496 7.769827334919665 -1.463393641824261 1.857912884287987 -0.1643765424024224 1.842949826210379 -0.9355344276918371 0.6761096557702064 -0.7718871289199721 2.423057610075083 180 432.2911751270294 2391 -1 6.236618234713892e-06
 -9.980529257435387 0.04351039535319333 -2.416589914516719e+17 7377.316418368361 2634.034467020907 0.1048940879823352 -776343796.3866491 241.922045321453 144.1644364869785 112.4684301342887 22.02993336007387 3123.050327004146 3639 191656 1 -4.393027409328916 0.4099925857276329 6.939342737658224 0.9236442839339216 5.135939964238137 -0.06281789581510287 8.451433946129804 0.8158246906380801 8.996311420967235 -1.518092750422932 -4.157770604875821 183 650.2929441928864 2391 -1 -1.788983393490989e-07
 -10.32534285043911 0.140622547814457 -225461.3610462188 45.00784615686582 0.3725117752798219 0.7150723227270019 -7.544283086251959 200.0532146532366 101.7672712375024 96340.68405066895 -5212205.01081683 2982.027081207995 1155 191639 2 -3.610193079294383 -1.780359657513987 6.115288840977467 0.2520922482351788 8.147408434967305 -0.5410029288330449 4.028128049626635 -1.024015301605052 -3.303807534556453 -0.1306759033252991 -8.404709692830762 186 651.2026920318604 2391 -1 -1.709506688858104e-05
 -10.11336973738189 0.2475618175690137 -990.593378747811 2.650543230287048 0.1157188634529235 0.04637427533587501 -4.288804393980329e+17 478.9787017522768 549.8485428529979 30591.4403735545 1707366.937216526 3084.066548530585 1218 303456 1 -4.583916065874776 -1.602252026344829 3.582032776082997 0.8150117720798109 8.356925957400621 -1.453140342864729 9.461929963541865 0.4387365636307949 0.6519185189442229 -0.478737612594518 1.192931457937148 189 1020.536576032639 2391 -1 -9.98935065083543e-06
 -9.88741462360187 0.06099523476216882 -12795126117113.96 325.8054009475287 13.38990238079369 0.05140210071438044 -3.30411645595835e+17 315.0417687748157 274.2954359723239 3.467737373400521 3.683912167198089 3174.098262447429 1351 191656 1 3.961807387450306 -0.8805396790674367 -0.9898944960292373 0.3594659300820933 -7.820564350040907 0.6300721324427707 5.503210931763552 -1.464967970475902 -7.896858106753692 -0.6334443754742596 1.702483672540051 192 661.4144148826599 2391 -1 3.949857474288421e-06
 -10.24236516513399 0.09496661792287897 -917199116.8076926 415.9913460769743 18.3381861837556 0.23659356102392 -14621.61188095588 53.72753819341061 11.09537012403101 2.514927434093144 2.484019225956797 3027.069177335396 4031 127776 1 4.641832605160203 -1.438967833191205 9.097537532453023 0.3129451901720035 -0.8875969666553205 -1.675107443074933 5.9347281898111 0.6229236767542652 0 0.8716584666051941 -9.041582138395947 195 435.2954020500183 2391 -1 8.900589316781675e-06
 -10.23666881458867 0.1353205877654601 -1889678.053452944 1.260109718074117 0.8388704177620353 0.05632801727769751 -3.690625470174806e+16 72.83396174914381 15.34961244724416 40.68943053698159 8.479054357966897 3234.465146245504 841 127475 1 -4.431940603436137 -1.974107292646123 -6.763263834711701 0.529728990119434 5.666993727193758 -1.292943160674859 0 -1.557167212731202 7.433078602408415 -1.191790566622806 0 198 442.3086550235748 2391 -1 9.609151522457895e-06
 -10.24921245432371 0.08665221503660536 -194229477.8848113 0.1068953657273062 -31213270.14960788 0.1199023236670769 -13234721.46401125 444.4985796141274 473.9239693967642 4.780977647871122 0.8042387938388261 2977.281349121676 6176 191661 1 -4.679229765158729 -1.966289817902532 7.748411498342589 0.06122540532018524 0 0.4528604417274584 2.378060723801407 -0.6721165822839783 -9.802210190262061 0.7026987791004764 0 201 655.5853981971741 2391 -1 -1.692710838122341e-05
 -3.217664173854859 4590.943926534282 7492.602839796717 44335.05944241041 311980.6041668566 0.2775395026125916 -5769.688348899169 10123.66575758562 238334.8691075521 91.88470645529665 6.520568694711049 2994.946014144329 894 191356 1 -4.671638924506929 -1.405586721771997 -2.038592464953418 0.3823117010588284 4.263962760386086 -0.3578308489731974 -3.59050829357879 -0.7465176119376071 -7.81430600998193 -1.432128304850987 0.9549289039719686 204 652.2877888679504 2391 -1 2.418245100341084e-05
 -9.560029312206703 0.06270059397456375 -688773985007.2039 13262.94530943121 29785.97856077777 0.7595820945642512 -6.763072047231817 155.2137589192316 82.20908392360191 1.983979872636835 5.140953587893557 3092.508456941231 3401 191664 1 3.878057205498907 -1.019091493531389 -9.770822735617731 -0.2350686613471265 -7.419446111249826 0.4917417537330673 1.614255521477876 -1.191950741020414 -0 -1.109149120294802 -0.9677663588436358 207 652.4284861087799 2391 -1 -1.006816470734878e-05
 -9.967129202505506 0.08467385398312842 -22974774171.89483 14.54337386193047 0.3446353979014741 49.98264825511433 -1.873777639297826 159.236055382187 76.53369260670055 302.635787903199 180.4087488363486 2998.369331859571 3242 191635 1 -3.764587540522879 -0.5360482859209679 2.36989318593397 0.9905858687622162 2.254677017675657 -0.4341240990849728 -5.067332673383437 -0.006775067026155499 4.638393738292444 -0.7782683268895436 3.647465731653304 210 658.2978208065033 2391 -1 1.511548404585091e-05
 -10.00979166752217 0.0986866359418879 -200610040.1099552 0.05635098155205532 -1319047136677556 0.163260096206772 -922932.9965394291 217.8124064519173 122.227467742247 30576.18127236928 1577579.684901305 2989.434478224658 1439 191648 1 -4.482457571570508 -1.733628790040006 -0.4663835583122209 0.6352362367391557 -6.961428564305018 0.09845729279995388 -7.408901026067324 0.03875354226666335 -3.197537683744236 -1.798305910875391 -8.952826038687313 213 654.0728549957275 2391 -1 1.742291338072838e-06
 -10.42382307180031 0.08012022833335049 -8069565326.159168 0.08159338674534806 -20487494637.75794 0.2234831156838743 -16540.9557716785 90407.73220629974 19919403.14552374 5167.153859717686 91793.53442153847 2891.910178860725 2843 191664 1 -4.257515532040981 -1.203769644667136 -8.797215364550514 0.2404953884450029 -9.496886473266018 0.4837328783754113 -9.011350991331607 -1.556911558583447 2.76486099599288 -1.915104548339558 7.451858188885613 216 662.4935281276703 2391 -1 -7.400188183421064e-07
 -9.441200522235805 0.05051238851584131 -4947055711962220 803.3782367320622 59.99777169941481 0.5131603392989101 -45.12816970409823 53787.44344703631 6791247.610146373 0.0823899841643868 1052549533846.779 3085.061972974893 2951 191594 1 4.306204731552211 0.3518755722962328 1.961079001288962 0.03321648910119453 0 -0.7498866940635214 6.696162281980118 0.7833826809607296 -1.404590833897879 0.02459645278115954 -0.6640679453769476 219 653.3232219219208 2391 -1 5.399093063718085e-06
 -9.57830416332796 0.09114465462104993 -390639785.5126801 2690.911457660797 571.7977906228441 0.2681406279926674 -2863.675743620351 71.80948658256445 14.28310881651685 48.36503448522555 3.842288489550783 3036.783462600947 2645 191651 1 -4.062631161765046 0.6238402428723915 -3.539433617126443 0.2883239561367046 -5.410378098435096 -1.903727444119821 -9.524355532805009 -0.4231498339094184 1.777780042797652 0.3131692291606241 -0.1865570761460846 222 654.528627872467 2391 -1 -4.64080334594165e-06
 -9.882169049320456 0.1075982205742376 -15337514.86176914 18333.92469041718 10488.78492686914 0.4261816168834044 -102.7482005173983 1661.497591337177 6106.475457245719 35604.07602581538 1136575.51924667 3156.065018610845 1592 191574 1 -3.321799715047195 -0.7041264211187261 3.261917175638332 0.9396809662550174 -6.520196567793636 -1.668298815800708 -9.908430583920598 0.6036884344557811 6.157056221631755 0.2252117970383822 -6.050777713023949 225 660.2313640117645 2391 -1 -7.924130909036997e-06
 -9.939976255525893 0.08571213473456792 -1015191443.165138 0.1571433041497631 330097.3720435 0.134518651483871 -4551978.596380853 1060.974994853517 2396.071306743276 47858.89668579018 -2860512.60525633 3021.356913930403 1718 191663 1 4.583309648041965 -0.4749396025922854 -9.927675115658445 -1.587034271731768 1.204260464331039 -1.586101296701222 -3.412837909267617 0.06878536490035268 -8.057139282528437 0.1034423326500242 1.595438795277421 228 652.8606011867523 2391 -1 -6.836583245012152e-06
 -10.09791380007842 0.06339733586992276 -24326852162990.96 454.7297171208406 31.65534847648249 0.1266847803772473 -114439937.8662398 30.50658184854494 3.928091165259861 0.9592033954687877 7.515807049722667 2987.04812308814 957 191589 1 4.45057903880379 -1.062002182479622 -4.482090309621317 -1.457740431341706 -1.459571108519795 -1.48656725024853 0 -0.9856301423522691 3.508901252771577 -0.7712070737777061 -1.4328532198702 231 655.1911640167236 2391 -1 1.591396922033561e-05
 -8.207401733278049 177.78373482122 2.346850086874308 0.1047351866090636 -1709923107.869557 0.05545490306885369 -2.554452569301162e+18 64251.94081500706 9380371.406706359 0.1738235328802038 12747249.00708359 3194.631771217354 5409 191663 1 -4.250989215719187 -0.5320480782718775 -2.735169225369032 -1.438161085506589 -0 0.8404924910648108 -3.538681056494008 -1.274707103158608 3.889719121230662 -0.4853098662396418 -3.85313359477261 234 655.9979860782623 2391 -1 3.177117670492067e-05
 -9.676347398044044 0.0541868102782727 -33035201686326.09 84277.41934286719 1118744.448325675 0.2843734269386989 -2101.221760845132 32565.7213653207 2222207.767659748 0.2491272421579762 9934.421821832251 3190.982047597242 2365 191574 1 -4.580384895452527 -1.639601716727071 -6.782021511272064 -0.2632100711233907 -0 -1.412276649777317 -3.50526238173962 -1.882950096558455 6.007290277212901 0.5046378736555805 9.420040322793797 237 657.5995888710022 2391 -1 -8.394189750392205e-06
 -10.13127719767975 0.09328462365703355 -161834598.8535145 178.1663247283067 4.037733806470261 0.1555556209149061 -753224.7282206801 38.87218313780973 6.586317474249449 2892.952692263595 8931.66903039629 3171.65217077557 2789 191590 1 -4.648839126812129 -1.312479487169526 -1.471484655453389 -0.4160441000325221 -5.423058677037955 -0.7444283854270664 0.6130291245889019 0.8866219856913164 7.339240448521537 -1.373127805676657 8.979497678669688 240 646.4815859794617 2391 -1 -1.014675886485154e-05
 -1.262137838951605 607.8450670570412 174.7378325960022 32189.43463595939 200599.746083066 0.398658471503002 -82.74288864263336 94512.72848949744 22274050.37850241 0.2909434818400624 13737.85270865455 3115.609902783889 1433 191650 1 -4.618179008677163 0.3729582588471416 7.776378591070049 -0.2601438048657104 -8.146815580403961 -0.8390786612165471 -5.711835258743621 -0.5016705822484759 8.517891258592673 -1.986737909954138 -8.56766370887037 243 656.6793258190155 2391 -1 1.077122768839051e-06
 -9.468821738524628 0.1232490097786349 -5414474.009273125 0.561649298124601 8.328914517083472 0.1550541232709305 -1510831.73404454 1420.899830011565 5774.638076235527 0.4194062944329415 1094.677650304089 3143.20894447104 2630 127732 1 -4.28886591684182 -1.939624666056827 5.992612352906621 -0.3445563167071137 9.398343649791844 0.8213247482261887 -7.99167505687446 -0.8261492801263781 2.167823118314089 -1.139392270419917 7.789958646851893 246 439.5912959575653 2391 -1 7.940494387880329e-06
 -9.998784053996832 0.05420118254187954 -2417976767962544 24.20654111803881 0.1388150899964263 1.109173141144374 -2.48723416751184 28.73426267467325 3.404599958673034 0.05806437823534902 -3.445226062310153e+16 3077.020309410274 3204 191660 1 -4.447213054028106 -1.839409378699973 4.387993177999106 -1.944271641243801 -8.614232836523897 -1.386345029596304 -7.825454255078853 -1.090279057068244 -0 -0.0310890522053349 6.834434080702431 249 655.2557199001312 2391 -1 1.237843509098332e-05
 -9.712650207005289 0.13435574978294 -2284325.513607959 59721.23500841764 478214.8046515068 0.2716356411421544 -4140.258185890923 61.92112610922729 10.96819134690424 3076.932072664802 -4719.244812121896 2962.471707830369 2676 191647 1 -4.478670989460925 0.1617002873188134 -5.492902329751366 -0.5011077997916251 -0 -0.4122640341375021 1.48600436063064 -1.283798164833538 3.030560470334618 0.7823514119293593 -5.108527467167025 252 648.6338579654694 2391 -1 9.05561805358042e-06
 -9.919343947052088 0.1237173503912725 -7048183.677532325 15852.49816075893 34116.45688986772 1.202096933051162 -1.050638537735473 1655.305353992035 7064.508555663497 15172.59916325183 293693.6538671325 2939.375166777205 1341 191658 1 -4.241870111599583 -0.5699621894511298 1.788319372795231 0.1552923132733733 0 0.2683780919491912 -3.381568151943633 -0.1027123649963074 -4.193055983282799 -1.953099123089293 -9.179385154298613 255 650.4089591503143 2391 -1 5.779960323721647e-06
 -9.299256238794785 0.04807594166559154 -30846283333000.96 620.7154240101739 23.66995212489656 0.08913465088777792 -694081274.9192694 386.5974830902676 264.7653553859525 5974.189952698882 -55805.70626455365 3154.750329381082 1300 191650 1 -4.292390496594379 -0.09435510366755744 0 0.1951905585568707 -0 -0.366258970876995 5.555067681863209 0.9287977579602358 5.843566429896983 -0.7952909385039968 3.228905721133411 258 653.7242698669434 2391 -1 -2.715471598703601e-05
 -9.199043147529494 0.1588515700263761 -185949.4701105732 12982.75933018383 30180.99438626487 0.4540979398673536 -100.3558685152023 2256.282862007595 12261.70616359382 1.940598396168469 5.861869196014439 3360.615755249913 1812 127763 1 4.505351062960183 -1.934888091321052 -7.067014543285911 -0.8649278494222878 5.473183838501977 0.6966654573871796 8.498893552764143 0.8300614819285062 0 -1.825368809678104 5.498687728622873 261 437.5503988265991 2391 -1 6.661706970078756e-06
 -10.43991547538554 0.2516978019364327 -932.0788183273336 22149.81448786148 28870.0253205732 0.1874327966237614 -55870.98299624812 1213.642357649349 3528.005949484042 0.04952856694666129 9.267322708654545e+17 2984.772111042361 1474 191642 1 4.305364127529619 -0.005071193052565991 6.830808038539929 -1.556763929817363 5.360547679038017 0.7305892407032939 -9.806983376382954 0.1128247171065481 -3.047424478549941 -1.97122660197234 0 264 654.8722829818726 2391 -1 -3.058324179533289e-08
 -9.413798271383763 0.0862185719046535 -741336254.5231788 2.929954385140871 0.1345629639323903 0.295945482755992 -1448.833219043329 1992.204981384028 9933.904747439592 2.489693348543092 4.240868646796087 3096.659160008617 5647 191661 1 3.584021627850313 -1.664969563358756 -9.921700285809552 -1.499623132153865 -1.87654623219935 0.9071346034269747 5.471044549484816 -0.3959973884516597 4.802610744586367 -1.757131000168814 -9.423076112882722 267 653.0110249519348 2391 -1 -6.050034332605508e-06
 -10.23387074381129 0.05698647619834991 -23661891565935.27 336.5680982310334 9.783607626823567 0.1794336804625445 -168023.4947282631 102.7428952827667 35.81716177675219 124.5160379214662 31.75298306110048 3116.132963869416 5977 191661 1 3.096289144311665 -1.256349227395866 -0 0.7809548658468697 -0.2501169209263852 -1.308892724836578 6.915626945405245 -0.8666228892736942 -4.651325195338323 -1.994891962050291 3.366586567950441 270 649.445620059967 2391 -1 -5.177897677505863e-06
 -9.156205069268054 0.04493699607046257 -1.178591023545191e+16 0.249120519528424 -561.5644889447326 0.04761710617507335 -4.758791125488722e+17 15781.48217552169 558517.9854811645 2.664461264200878 0.8862536404414469 3246.924790570162 4608 127771 1 4.675433609826288 -0.750271130533565 0 0.5204023911879041 -0 -1.884194913333122 7.213004453164114 0.5895696419177923 6.078246897434087 -1.979537520123978 -9.401675981387331 273 437.4115259647369 2391 -1 -9.328689443913807e-06
 -10.12123880880005 0.1879160474324968 -5497.731655455931 130.6599372045073 2.084412273768081 0.203366570043429 -16732.36525403476 1296.221765316237 4615.216098564328 18964.13295848631 413910.5685223493 3179.437318724356 1670 191655 1 4.650707091383017 -1.135288733579719 2.732622858435887 0.299561761942666 -4.987780822048409 -0.8378223499159541 -3.003319688750341 -0.08460504629947785 -0.312817561579906 -1.905984572277557 -7.496222056761949 276 653.0832719802856 2391 -1 -2.585478286696988e-05
 -9.216827611889469 0.06229753718125335 -55550868279.64419 0.1239745273529121 -1143720.420453128 0.1753555600906957 -74902.20295599272 2453.296346363262 15749.06102329643 1.178004018822639 18.51430758332114 2948.787694809674 1818 191645 1 -4.474697491728606 -1.717464706080037 3.241176058578361 -1.123052684779955 -7.197410846803317 0.7110639103230109 -8.41249187112817 0.8301517560111344 -6.572066337272673 -1.599999813530283 0.4092029638266905 279 654.9722540378571 2391 -1 -2.663944193120465e-05
 -9.782848505701452 0.07264244311826742 -5005860983.488379 1.8731787441524 0.2757075322002687 0.2877361867305499 -713.8128571399415 16044.33533591904 505286.46752327 10451.18987407395 247191.5086840188 3094.738534815845 2071 191592 1 4.420195331132875 -0.7804106906339898 3.455406637620529 -0.5482203444132647 -8.701939435284121 -0.2085763413059985 -6.055543530410853 0.6322554812641865 -2.57302235873989 0.6060623626998081 -0 282 653.3032970428467 2391 -1 -2.020740303306984e-05
 -10.05768475858364 0.0746534250577494 -58420704282.6187 4700.318283582312 3202.13193053137 0.2854329592378637 -2208.34989677407 15646.99363760224 496517.4946712364 108.8969001376501 17.35868385331259 3247.137372495295 3859 191644 1 3.765727841562765 -0.4727998076091389 -1.849306762776418 -1.187886183193773 9.247724550868684 0.6924043998105165 -5.507703634724521 0.4468250423703138 3.707663367796616 -1.40810328433928 5.115665738786142 285 652.3481180667877 2391 -1 1.167936461029953e-06
 -9.962739788687133 0.09367699516457433 -716589247.6975766 2721.450714081632 881.1275593239288 0.1565196069374385 -1735484.270243117 1316.410203967926 4345.808481275174 63504.17928345758 1352007.792687225 3279.856703722402 2019 191654 1 4.144123669698283 -1.705013880568252 -0.3291951082836855 -1.62744279684602 0 0.1345672662555994 -0.9485130978074352 -0.5264830635162125 -0 -0.5833717041163489 2.392837991094266 288 648.0072810649872 2391 -1 6.292262261102724e-06
 -10.29749029956895 0.05508887446334475 -6064832453435.065 0.04132573598444921 7.112206918168334e+18 0.2768097577332043 -1642.451068628512 207.0007475958087 83.67789171663414 0.09668966971184806 2628043766.10639 3186.949850193402 4810 191650 1 4.194796921175725 -1.672573097159042 -4.339949649719386 0.4847121223398249 2.268427596707278 -1.065529421020762 2.046700037358812 -0.4090660027331037 -1.276155309607812 -0.2427972626586259 2.982939830345618 291 653.8042349815369 2391 -1 -1.641772011709142e-05
 -9.403915403825211 0.1934302745062257 -11654.65917979851 136.6385965466878 4.883295915461241 0.4000213631048984 -270.2406463368184 155.7345849657771 78.51196883999735 2.431457336335948 3.18836599845568 3115.214350645485 2998 127762 1 4.201658102771062 -0.7999959955891427 -9.018593948304378 0.8684328049535304 -1.712945435854 -1.697956177997082 -8.554814874444668 0.5085965573250495 -4.193134035143918 0.1984774427252387 -5.367748039070491 294 434.4119760990143 2391 -1 4.288723535472016e-06
 -9.779820137257296 0.03949782491260905 -4.99214992730847e+17 2967.026073379385 629.3164169721892 0.1118957127559773 -65318110.16196732 65.61328941593897 13.55552154779143 6.520247136565298 1.872370258602731 3009.288869791635 1951 191619 1 -4.640698283977499 -0.6227774577920115 3.323154280220318 -0.2271912400217175 -0.9587594462833211 -1.075467860969752 0 -0.5939504995470442 -0.1549732270820297 0.4360641158236489 -1.234444978587187 297 655.9009521007538 2391 -1 -1.293996338944566e-05
 -9.921859381208776 0.1510151894717962 -190917.0457671443 0.07536238189896342 -205997735034.4708 0.05294458401374082 -1.696284523494563e+16 2842.557240568822 19138.78136481514 0.0669924967947374 65995763366982.7 3073.344344992032 12569 207631 1 4.234850989635689 -1.646505733963747 -0 -0.7150354639963767 6.6195559254381 -1.762291152284481 -5.945303123268394 -1.516819738513167 -9.642283951114461 -0.8855798549727334 -5.054337822375473 300 706.433198928833 2391 -1 -5.194504658558084e-06
 -9.52753105028845 0.1043791238640136 -40361966.55633596 1.468470921317662 0.5035040563639652 0.08094171320347071 -123372812154.8292 22356.01283358059 1347919.117328258 0.9415811439439847 36.79256662585348 3000.881223400515 2448 191635 1 4.648331841838829 -1.297400676463144 3.323216618332895 -0.01939224033384334 -0.6623268711214463 -1.576550740586983 -8.623800842132146 -0.7400350798432509 -5.760296698380379 -0.1663447754196783 4.197374570855732 303 653.3966958522797 2391 -1 -4.318940632516064e-06
 -9.95876577227093 0.0759426313676546 -5972448186.425219 75707.86087548024 1394613.348385648 1.40772075946196 -1.459883384469826 331.2047287151959 271.6730564135708 0.05782862392219279 652289792190121 3171.46075841854 943 191468 1 4.48855037044398 -1.825661014748905 8.590887940029665 -0.9751454224663849 4.40077496101381 0.1557736274170387 -5.179610563054489 0.42739715659935 -5.318501068461227 -0.5933208879469323 9.177685131381532 306 656.323882818222 2391 -1 -1.218592582221417e-05
 -9.721581898887763 0.05697024914328953 -61898120253834.78 62665.33002274707 524674.3992135326 0.0451386391750429 -2.656416921738446e+19 18453.18718002873 897271.7773742423 552.1394861115259 661.0778651999026 3088.379922281495 1997 191635 1 -4.338298605357913 -1.527567085125622 -9.401339599247436 0.280973415322701 -3.452574107239864 -1.121129809803308 -3.441535550113284 -1.575296896274571 6.12670551730832 -0.834197607365355 8.421554732503486 309 649.8974831104279 2391 -1 1.535103898435268e-06
 -9.837839743342396 0.106158687469326 -36535893.2957686 470.8162384938893 73.77617326843036 265.9525748810365 -42.3636714798346 15797.530773827 603431.9787812704 95442.37300095784 9595716.970726108 3164.817272706798 1909 191647 1 -4.615680036575092 0.346350482799799 8.457182202698732 0.04781171413768519 3.938774561485605 0.6825385525615353 9.332974152494948 0.9347761886493471 -6.193431309413806 -0.6709091467128498 -2.701482952491205 312 651.4601540565491 2391 -1 2.259136128815258e-06
 -9.485584919518129 0.08187253873362731 -30159797508.12126 2.834676140342748 0.2205759550847485 0.08654697139178974 -207901228250.262 52552.97925866592 8823894.761814123 0.3029814590545239 18991.42153953072 3201.674499339823 922 127745 1 4.533057601378835 -1.054075609638495 -1.447164194819679 -0.2726118863218118 0 -0.6412319641103705 0 -1.828081349243641 -1.519984450284173 -1.105513981478273 -7.204570321407006 315 436.3883929252625 2391 -1 1.549531707964593e-05
 -10.35159940789621 0.1469669295962472 -53241.8325925012 0.0685896411384006 -40093417532.7932 0.1029484643000155 -119064563.0970186 1516.910799969809 6220.496254354725 7.989369291211266 1.455571259893061 3045.108567311632 928 127711 1 -4.348365780205891 0.693814559127209 -0 0.8592973032275557 3.070543415306765 0.6888046526494103 -3.047724216156478 0.7642960763944071 6.962396524946734 -1.048723264817556 -9.951092012799416 318 437.9619278907776 2391 -1 -2.424717102198094e-05
 -10.28822219216184 0.1547304950977506 -387547.786268179 2991.313246198286 900.8908231111915 0.3856760008352206 -308.3213995017682 114.4511947734729 38.74028609765651 2.967617971987315 2.902065061225772 3162.622221511247 1660 127623 1 2.173210927594767 -0.7532909094231179 -0.7472789429735571 -0.4057399401970336 7.720414308576085 -1.341725919875749 -0 -0.3536257350396853 -8.866205053117554 0.005734286882881794 5.823535531177744 321 432.6165599822998 2391 -1 1.072590013337034e-05
 -10.12202940681743 0.09794943245727934 -214336424.9734595 0.2623290339212412 -359.7816084573614 0.2959908753344249 -1473.216563202851 34.91564580685643 5.384112749177163 175.5687799600537 91.44393842193972 3087.885574629782 505 191214 1 3.909156141060206 -1.825287839613811 8.436309932982549 0.9710827632683463 -9.521459261812417 -1.757821238239573 3.755074054218246 -1.353441559711131 -4.659047968783457 -0.992938438040003 1.202094703042188 324 648.1304330825806 2391 -1 -1.060325012612376e-06
 -9.663878784146688 0.08733674090282216 -18428537180.91522 1326.819986300283 138.4439049053633 0.1618739758827572 -3519903.565894668 1394.772774668954 4964.5915597717 1.339392823284272 18.50833221894814 3068.890176610014 2521 191632 1 3.867774308432949 -0.7595367581943266 0 -0.3403879738545986 4.598102342351053 -0.2893145657555252 -7.394414789194753 -0.2253480064909077 2.724859185697807 -0.04606573468905233 8.255225753315376 327 654.3358330726624 2391 -1 2.158598983577537e-05
 -9.856305327273231 0.04719824249771407 -1.262206454069509e+16 1.82099338279077 0.3819815015756072 0.4702689975461342 -65.02080172302135 387.8130865972392 408.161495758006 1.060263500876432 20.84757258719941 3095.786673603823 4708 191661 1 4.691488794932292 -0.1641681544838463 8.468886068747695 0.3057692400000622 8.588147841225153 -0.5759410149547826 9.783760106151849 -1.712584945882822 9.268610050772974 -1.864639782220952 1.964488632025568 330 650.8668339252472 2391 -1 -2.061338812165122e-06
 -10.44037083367116 0.07674591355333704 -67516809523.8844 2.78625661639179 0.06151285847446684 0.3063310033967622 -1675.872715190136 3296.249353867801 24077.98165284515 46581.03198229978 1271121.011169286 3098.442186178035 569 191434 1 -4.136045068446907 -1.298591231520142 -6.312916743598175 0.2246969980869852 -0.1915530692088239 0.1790996238218678 -1.751217879634902 -1.252949765754984 0 0.04228843936676707 0.7438912130468491 333 653.2294158935547 2391 -1 7.335048922706139e-06
 -10.08233540300403 0.1117387878508575 -4058946.103696821 0.07566248013417298 -19245989492.73959 0.2641209853823362 -2284.144788842228 678.4108084838025 956.1852826456003 0.1891392155496806 269472.3003425193 3084.933277583063 3229 127775 1 -4.696602332634177 -1.230649117781278 7.541240929397839 -1.246488253800447 -3.451262379439272 0.1579664003410879 8.01812083995376 0.8110988754764858 6.741576047153012 -0.4483634126126308 1.310908413921397 336 434.8059959411621 2391 -1 -1.473223026351888e-05
 -10.75551369801474 0.1475765125679035 -614648.9294388846 3.726379668255246 0.168070657390921 0.1191028133721088 -179813979.6338518 886.5603540741686 1977.292306194211 636.6638137871641 505.6080845100873 3035.085271227388 1425 191649 1 4.615126818633524 -1.474757916937532 4.452378856035929 0.4327860389796205 -5.508539293915436 0.487464720612147 -9.737966564517148 0.9956799462852461 6.416666166530203 -0.005305179007872394 1.358097238623868 339 656.9909281730652 2391 -1 1.111728056302986e-05
 -9.995186823183124 0.213269595576724 -6740.424469078846 0.04022287935135755 9.999855485101704e+20 0.2486493280994316 -6241.700977178501 482.8339633152295 677.4749816038735 1201.131925028676 2061.863614872696 3277.532975253597 1926 127719 2 -4.607147402004574 0.05284621567497132 -6.278022631495535 -0.09620461023448358 -9.813883260544069 -0.713707791662558 -1.925218842973444 -1.034167807209561 2.011528746520954 0.2643337574861579 -3.591179103315109 342 437.7160980701447 2391 -1 4.343604822468735e-06
 -9.618422040449165 0.06886314537472625 -21380626897.81495 470.1995070210545 41.14992485023333 0.2849278968926623 -984.2378265633624 19565.69798803145 1187383.847915975 19630.98575314808 936041.4020356345 3140.46406357175 974 127714 1 4.647333861415258 0.9548899074188872 9.090146280238466 -0.4545779481322257 -3.257800950429187 0.6581265494343742 -1.964917697557375 0.4733243516215921 -0 -1.192966207940754 -1.406903686466532 345 435.8145878314972 2391 -1 -1.858440894520574e-05
 -9.767645171780947 0.04749088439385077 -5433537118157638 150.3609905284699 2.462942618431744 0.1399406950805857 -2851854.142738696 35.86285466710466 4.729905321099433 0.03995962495468873 6.905995762736258e+20 2952.153966017807 3531 191662 1 -3.509345855726237 0.5803362458034078 -2.437727471702429 0.09417931958583206 -0 -0.4304749251106142 5.090485828547476 0.3905820475703594 9.698430424936078 -0.4492993285560392 7.880438242075453 348 653.1996209621429 2391 -1 -5.154755328136857e-06
 -9.760442009471003 0.06965482853589527 -103740367479.3967 990.6110844216261 143.4231128313176 0.2145312707239498 -16520.4848414744 87.68776709468469 23.07442205316137 69513.98561458889 4304923.899403196 3205.914312551104 3242 191656 1 -4.075861500472338 -1.361291097072002 -0 0.1314949022540995 -3.738837024496497 0.3807722476967217 5.69791470638438 -0.2687770482318195 -5.504301227873241 -1.890543429255337 3.383453735510293 351 653.5285110473633 2391 -1 -4.18454045333347e-06
 -10.16734138464887 0.2291330851183234 -3912.188761499859 169.4049551561367 4.700979948024668 0.1014531518781004 -3104106631.798904 120.3577412538836 40.83790411941631 2438.224652964067 14139.778977551 2916.245033248432 9722 207630 1 -4.680774654525428 0.2805631185062571 -4.357400633089597 -0.7328605352961333 -3.07547251164901 0.2689337700979486 -5.263326830639676 0.4760542126671599 7.245104729903881 -1.38909232953924 5.354472293994588 354 712.8979060649872 2391 -1 9.278250493907755e-06
 -9.651075868493614 0.0607120132119269 -14911152432325.77 711.8469743671943 264.4523423649826 431.5701687768282 -105.7332601429887 76.96288717622173 20.78908654923433 0.127777479207573 150870790.383767 2898.737269624172 1809 127767 1 -4.199561203269423 -0.3782210183086363 9.874241227294792 0.9477881722531238 -4.697502574915198 0.9588285008789862 -0 -1.339461933360871 -7.322866542768535 0.2369520667320049 1.229934849946151 357 442.0487041473389 2391 -1 4.244214969795956e-06
 -10.706189623979 0.08991385077694526 -858173233.4514452 0.3770374505324848 45.40872943638238 0.9249859070771235 -3.661502534211252 9602.171679228652 167338.101313026 100.6847996833745 21.88411555541057 3075.430889342409 1765 191615 1 4.698709866959222 -1.178323345241069 -8.340510485559347 -0.2650449531642699 -0.4952303100517512 -1.249366520235557 -4.07658311246472 0.7075170472663195 8.681706513714145 -0.6701735922508201 6.978995467180262 360 654.2494099140167 2391 -1 -2.57576499752045e-07
 -9.997873491691939 0.07627863140970276 -36452924592.84606 163.8920205275682 24.66928938786247 33268.00171128281 -1004906.626784285 207.5876416605103 114.8684757939324 371.6495083762356 146.8603404589884 3114.054081792017 4594 191645 1 4.074466964995657 -1.527096127551111 3.516592483179077 -1.576903310390375 -0.7238683332574469 -1.557112105014731 -7.588936548809373 0.9886958747995185 3.139031968038579 0.1010957068467472 -8.106532048588278 363 661.3356230258942 2391 -1 2.492584426694266e-06
 -9.820629624990183 0.04602854298202821 -3.115566928328112e+16 347.2449253462994 26.35403106343492 0.2641502493624237 -5179.727423535464 23014.70635629156 1337657.300152518 175.9849288908356 114.9653260863446 2981.488456193962 4956 191648 1 4.659215457523058 -1.404194436057939 -6.268307132821889 -1.592563018914071 1.247288376319941 -0.3399238754129614 -0.17429602261734 -1.884996310159366 -6.365297918598237 -1.488818726684769 9.577195850286257 366 652.289097070694 2391 -1 -1.037518413386887e-06
 -10.22830003379203 0.09126718666450237 -1732671712.58184 71750.27063884975 653177.5508013269 0.086977637643669 -75507481886.87123 903.2467425594691 1814.234111613975 4665.012279535194 44759.71904341999 3039.967883694211 3925 191638 1 3.032147557611867 -1.459195134555161 -0.1300222540650768 -1.659687224758339 6.434654819228282 -0.3696056640688639 -8.770286882153279 -1.842348545805461 4.068149753568927 0.003966510563452998 -0 369 653.3563060760498 2391 -1 8.29738694790832e-06
 -9.759342521801171 0.07406654324421405 -116945139988.7573 28.63587393435659 0.251008712108404 0.117116687122204 -147508385.6479728 277.3324008173877 202.0722131815928 0.558885663500297 286.0675855967966 3232.514998498762 1671 127771 1 -3.48451792303467 0.3194257851713002 1.195826030329046 -0.596786340431172 1.992260158306398 0.003509041496526432 -3.448635239089502 -0.5820942145515877 -0 -0.03313457298135349 -7.76527964359882 372 437.9418609142303 2391 -1 6.754621775643916e-06
 -9.989492117452352 0.05859947489218445 -7992644209924.938 0.0497442790055281 3.48913817802331e+16 0.09698207401580328 -1705850447.402628 104.3657225903845 34.32761982427215 0.04837245210550355 6.421305041377012e+17 2981.321163133867 3099 191645 1 2.665748044409721 -1.157098527845095 -3.928523442420288 -1.214333893847744 -7.290653028216211 -0.8515656066980517 3.95997567910069 -0.6737467727544404 -6.131688321026115 0.1503521447667583 -6.831535629324549 375 648.1561598777771 2391 -1 -6.090670331734018e-06
 -10.5872933872638 0.1094758046358901 -101122931.3437293 2699.316849134907 671.5738006342635 0.5734411225038601 -32.06011363117066 1297.354765242972 4074.05436193388 1104.538196384188 2599.594771665602 3036.725499374158 254 191473 1 4.669306855337647 -0.3230226128963186 -3.97255973863568 -0.1607148528209885 -4.396074526665266 0.6333477107549408 -7.850607452118975 -1.474161743310046 8.083612834328829 -0.002437709768191372 -2.108682889229935 378 647.842630147934 2391 -1 1.098078037925446e-05
 -9.875281918038368 0.06787935491922838 -1153722618987.172 681.7397319640635 66.97205730071313 1.52850748147482 -0.6710152463516131 186.2798313816156 93.16588044901246 1415.407237377276 1335.127035108132 3004.693487718963 653 191645 1 -3.876659518119331 -0.04927742261116036 -2.455584274077522 0.2138260098016639 5.847750472659703 -0.3142388698427468 -6.832353431478777 -0.3211490239724917 7.935191067438549 -1.917070318910671 -4.518091466664457 381 651.8278589248657 2391 -1 6.828747817779289e-06
 -10.20633908023962 0.06732092001357134 -3284881419883.1 56339.73855006428 339610.7110186355 0.0568040718144107 -6.733629112643922e+16 347.0064707822152 292.9911492020456 0.2308854945003544 158547.9702601756 3019.121306852313 3589 127773 1 -4.04905956368574 -1.857061128032298 9.684198013764167 -0.8225814899113297 -0.6101687786781276 0.1661322094347754 1.068189363951894 0.3377872068289611 0.9996282751296022 -0.8053730538693618 7.914190842274744 384 440.7713809013367 2391 -1 1.48027716778299e-05
 -10.23790613583343 0.1330782988319916 -1691111.982911712 0.0407129516294706 9.523558690688369e+20 0.1132698989400822 -159378533.5658658 63.74333842345091 14.94573625532307 216.5829801453525 67.4286616707176 2878.271443822236 1485 191622 1 4.634638269615781 -1.287382390317296 6.389343544483687 -0.2670065760003509 3.490267195156885 0.9741458542275967 5.695869668981677 -1.312630764582631 3.000575639322485 0.4938764466220835 3.533247913230653 387 657.0118288993835 2391 -1 -3.505323267550711e-07
 -10.55467784666046 0.1165473027916441 -5691308.453584358 421.1774904413793 22.77049614694037 0.3652301502421724 -257.5088925017594 6.179756817436498 1.511210678959037 0.3345656269897085 3935.855349597201 3002.18838951424 1183 127774 1 4.616784486665075 0.6437044708401976 -0 -1.997749015489505 5.45621039539595 0.2837644521778548 -2.310166979818837 -1.301227125180916 -9.091511827046661 -0.4067625752337278 -8.857535494169998 390 440.6921830177307 2391 -1 -9.250593685711736e-06
 -9.543555296086744 0.07280947693247306 -463558238117.3196 230.0221107800167 10.71739021158799 0.7099118880720001 -11.26255320563327 5148.156700642084 60687.0737461009 174.4009608630781 37.60607201852424 3336.826423438989 942 191655 1 -3.79337454274276 0.5680805053391231 -4.871162906373513 0.02732585443038582 -6.616595119088043 0.807938298413629 -4.017053064803385 -1.89709295684677 -1.235326844671841 -1.309435492885095 -5.909412534249974 393 648.5648508071899 2391 -1 1.164794367385708e-05
 -10.52820677224463 0.07904822803232572 -16255288661.3331 0.5640521617695674 14.07573909981886 0.1385942117624255 -3918180.394076677 835.0262730111805 1642.978137895931 1.699241396351184 7.629417359014323 3006.482410167527 4039 191659 1 4.627090162702477 0.5025970169320106 6.554710329789266 -0.4978821380048437 -0.4369839254545926 -1.210852491451595 1.097450604125157 -1.045004138954812 -2.549510632213909 -0.1301591300285434 -4.115754952471181 396 648.5321679115295 2391 -1 4.17162491652297e-07
 -10.38509031328949 0.06542966893764068 -12358437304.25976 0.04269994242195135 4.437362862740405e+16 0.04317308298818474 -2.602751493992103e+17 13234.9591287644 480017.6269001694 14.06910701579343 1.571960142861008 3128.321402611503 5733 191664 1 4.617291209211674 -1.401349304868816 -1.754657263404463 -1.417559757316011 8.837626580346779 -0.3738971994996821 0.3834737037977236 0.1898965501627572 -6.501727555877627 -0.3619956982521657 2.716837990122737 399 649.3562450408936 2391 -1 -2.82534059108029e-05
 -10.25354018192979 0.09271906236878942 -505150156.1452262 113.3930726895709 1.219818910320885 0.4865471570414998 -47.98871893334761 40.95789582298159 6.747737010570641 813.2513619655135 1342.299941884803 3123.387799179281 970 191619 1 4.152540624250758 -0.5115552155083938 -8.82137425047569 -0.4672190459493626 -8.112183077916882 -0.9951452789670556 7.619327748976765 -0.8514326518057338 4.12455303606541 -1.679339833141887 0.5467163485587787 402 654.0624520778656 2391 -1 1.028440902019317e-06
 -10.24231974550698 0.05973155650152344 -1693780980297.231 0.234793559070147 1829.50141283197 0.4439094137121316 -80.95752948194433 87.21954338839291 20.29748663292029 178.9165500591157 -54.11827900767501 3098.533278055799 3991 191657 1 -4.692293451655366 0.2381251301627438 0.8524579666632621 0.9843666115125851 1.274644907189105 0.9398356049667823 -6.108656925223295 -0.1633421111344298 -6.553459359941088 0.8358749592486214 3.650208549514956 405 652.5815269947052 2391 -1 -1.247686314839341e-05
 -10.29617858323135 0.0967402619858761 -606932415.4002966 110.0630643931261 0.7503486321120239 0.1231841063562509 -92807069.20404427 127.5167412648694 53.87143960280726 0.9704356773155679 56.79112486480644 3283.486902560763 4595 191650 1 4.610813996181104 -0.2748397107465417 4.215161652568336 -1.826898574446624 1.24269291912435 -0.7689406767536937 9.327193725738187 -1.799278582360075 -5.68729129889249 0.1998373856813544 -9.445666760342618 408 649.1669969558716 2391 -1 1.054011956990813e-05
 -10.18125923921745 0.07427093695205533 -3814765339.334003 9.093774542598316 0.05982233064388518 0.1559965408771221 -614855.1958611851 72.45105084931176 17.19514563819519 1.254433161941876 9.571203903945694 3204.498038651444 4849 191664 1 -3.528854471612335 -1.76668970205497 2.582618808157021 -0.7993060855381877 -8.834791534286317 0.1463808103561624 -9.293631917937768 -0.9839763938512593 0.4431392196870489 -0.3654032362782988 -2.09928252649912 411 652.9180030822754 2391 -1 -1.759218581198626e-05
 -9.898829712605627 0.1267275259198509 -2716560.777127074 83287.46633962727 2784138.135196925 4.840999976602598 -0.3045109653359339 363.7805237154619 454.9352317917075 2199.517736110566 9073.903548366461 3223.61899437021 1866 190749 1 -4.641550515799119 -0.3578326437838255 -7.211518983130791 0.319803455657686 -3.445912791585301 -0.9162815114540486 -6.823838944169825 0.1690824795636949 -4.840952699669695 -0.9019878406593813 0.7496577429676137 414 654.8255531787872 2391 -1 -4.015371842922164e-07
 -10.09374420260951 0.09149441283560254 -265574622.1111856 749.1622708525077 33.93794018006311 0.1583644934180284 -563188.9140163868 60.02726167108589 12.87231185033396 124.7850885140984 22.915597582822 2930.329267979519 4549 191660 1 4.489844417461129 0.1404116131737543 -3.488889113454207 -1.990774160144253 -0.9517293206317117 -0.1386726478116139 9.701574335320586 -0.3873543771472558 -3.429314015330567 -1.073145594023146 -9.131678426039937 417 653.958300113678 2391 -1 -9.177059600785452e-06
 -9.572841541432643 0.1196811742598022 -20782066.22549472 6086.323990534802 9255.06809188178 2.134424639979613 -0.4615838375363845 235.7940535216008 154.9052696176169 2.861171937664417 0.486759207507367 2937.544189402029 2262 191659 1 -4.557999799947352 -0.9055167028154667 5.720125742755379 -1.955916672547255 -0 -1.090761669986447 -2.902094011763456 -1.55924214448315 -4.79760741185162 0.2871469627835981 5.063042138095374 420 656.8801279067993 2391 -1 1.365336271890532e-05
 -2.916547830052167 230.259960575925 21.6830039392572 24137.08129502444 74531.13490119217 0.1208897170919052 -240917556.6452942 13715.12427635348 555561.7708468215 4.212535395163241 2.375385367108219 3075.161289793868 4120 191659 1 4.684756891865978 -0.8829630517997638 -4.880683961559423 -0.5269058950173644 4.159122209003172 -1.234963300807721 4.463293548428543 -1.085800250515945 2.231747572015101 -1.457999974003505 4.764106199785841 423 655.3613929748535 2391 -1 1.510470074290811e-05
 -10.34771309742467 0.1208696672261783 -58999066.74317702 79590.32120581731 1426740.257475935 1.097534174360276 -3.615621499541938 501.1125481619334 680.7568583731091 1.483738466531715 11.40530842689348 3075.289666023433 3463 191643 1 4.572068345201927 -0.2335586047720986 6.588150108159811 -1.28197109274282 -3.826857940938008 0.2267409238928177 -2.797657797232946 -0.4861007126596126 -5.270162782386302 0.9936666808098202 -9.727152266313594 426 656.662535905838 2391 -1 2.682124593672816e-05
 -9.841875673377412 0.08394677671928052 -3517616551.634718 23466.12136887054 181606.3227357269 1.949910427780518 -0.9830704786419454 99.16376520050265 33.48383760611596 3.433761498205009 1.117715753892251 2970.403227158966 2100 191660 1 4.55369850819118 -0.7784945340632667 -3.07593149460702 -0.599929171955381 6.71520366029431 0.5283808225624291 7.162997088210313 -1.339644890370819 9.693360579967408 -1.001662649907685 0 429 649.0337209701538 2391 -1 1.130177539991532e-06
 -9.969635067766729 0.1171411582776111 -17237605.82380144 7.633875704553874 0.1215385261387219 0.2611702969288479 -7615.947942306805 3836.854898485189 42078.01682752647 0.3861635612641273 3209.182886953536 3025.837491735727 2443 191655 1 -3.958674088914415 -1.732904400244202 -2.413337225048263 -0.6304440208633579 0.85490846763873 0.2196108925990066 1.368886866055734 -1.534003477266876 4.885697097893375 0.3942478112211334 3.871305164903458 432 651.6493790149689 2391 -1 1.099167873797643e-05
 -10.30175697388921 0.1410519251248848 -149230.2812527662 0.119652135742572 4593282.273991774 0.09485077527835759 -595070235.4663855 1354.138784579579 4892.926992135433 2532.169689298389 21544.81117756267 3231.498085829376 1723 191423 1 4.436749175798146 -1.500096953626294 5.065333526359417 0.07398327834381475 -2.564662521353036 -0.347170930320857 0 -1.626844712993719 6.033537663933643 -0.6438451222469377 -5.692219169727059 435 649.9979770183563 2391 -1 -1.963498339450391e-05
 -8.953193522059328 0.07241518533121312 -11276541120.63457 86.2641025366034 1.549935918121676 0.08966652193641539 -3142478834.596911 89718.67920010073 20586327.75641731 2084.221970946636 5593.316910439718 3166.700812333356 9101 207626 1 -4.68974466997302 -1.6983455749854 8.729101640833631 -0.6659471334471787 5.59363148326108 -0.1373713213602246 -8.529663021601589 -0.682438327920396 0 0.8616254893944522 1.017820919978817 438 701.7719080448151 2391 -1 -1.238298628755412e-05
 -9.849138682828531 0.05077214244976325 -507492622177029.6 0.7607265441386468 2.140275356565589 0.7689516663374156 -9.24588121986131 2763.138200180757 15464.55322036176 0.7180740005448623 148.5154551978941 2909.963866090952 4239 127771 1 4.605849255558068 -1.300737329083541 -1.573852292219672 -1.025195105213558 6.310318257086488 -1.795819586119306 3.751149657606319 -0.2897158231098853 3.822552812135211 -0.9083455368920497 -8.34589426285739 441 441.2412059307098 2391 -1 -5.346300308646051e-06
 -9.937160441961611 0.07060978326795797 -192554585892.0094 733.7087118431987 60.80238271749357 0.2611575732683618 -3745.903587471125 28606.26121649479 2148986.147104012 3486.31360091204 38165.96908725911 3141.546543335096 233 190551 1 4.654613866559821 0.5859455161600717 6.434676905797815 -0.9769558742194349 1.957890374711598 0.9720522892355294 2.448695783305548 -1.147284889815133 -8.519539209411311 -1.005834376249408 3.954970511878355 444 660.1626470088959 2391 -1 -8.232967585828099e-07
 -10.31311969038866 0.092334826396492 -853013894.1532861 0.2469309542894563 -2771.196986271887 0.1719492639332393 -472406.3362261362 130.3522591224334 47.52073305050462 8.703093176298017 2.179771529804437 2952.306332888382 1634 191623 1 -4.662009281252988 0.05446034050448206 3.431684043573876 -1.00357479040709 9.591682413662314 0.294486466245746 1.173022478056263 -1.714564602505479 5.375608472990011 -1.79486261990848 9.012442023747104 447 645.3708250522614 2391 -1 4.998040364660868e-06
 -9.959415008073691 0.1025045805218684 -142946961.0968759 2788.434069735766 344.2495405319768 0.1414694499613009 -7007602.125020916 315.1960581938339 264.7240482070112 23603.50344978447 306176.1872586379 3297.410511534259 231 124482 1 4.373596543727605 -1.941703820175166 -6.549987786935949 0.2866559635643426 7.849557615198293 -0.2874130153184762 0.7334042529755296 -1.133244910135316 -0.8028983757227741 0.2369006214538287 -9.080529689841178 450 437.4079110622406 2391 -1 4.504035666146483e-06
 -10.00374241347007 0.1665071299403705 -207273.8141477226 79603.60778010575 718703.830991913 0.1610945271460918 -2136767.299524886 672.043460148358 987.9020908871676 62.7081467027513 11.05036473212094 3082.24435869923 745 191559 1 4.248011116600155 -1.181284724474731 4.544931730415528 -0.1942762352762895 9.734457632956623 0.4789759769426655 8.006663745453009 0.8515120441106747 6.084716744640626 0.1053276464962712 3.009786328762615 453 650.706680059433 2391 -1 1.612744014811833e-05
 -9.917518383193235 0.05902421480663667 -13514049166920.84 0.2837354400370488 -200.371781228607 0.1919546234969016 -111396.6989250126 176.1983714428667 87.96634424371946 0.06867561103802697 46488084832754.27 3208.265029515336 2754 191661 1 4.674019874386438 0.663990240730532 9.764497748108234 -1.032154514126638 -5.00347148104478 -1.109317079098882 -4.843908804610824 0.9103108940415012 -6.67202349911665 -0.2049340983482547 9.464896510886739 456 648.1764328479767 2391 -1 -1.715018140947258e-06
 -9.854467181838888 0.05159425301325866 -10606240657820.83 586.5663264760041 14.05738976088552 0.1987057721871317 -23561.63429450785 17766.99532330857 739547.64059821 1.043598096777905 25.30171836486796 3140.805256862873 3088 127757 1 4.622767586264731 -0.9732761493602116 -7.94340234193916 0.3490048993493037 -9.054503153769895 -1.808486121188877 -7.788324096294142 -1.062635727289019 -7.482904361154979 0.4910004038146675 5.295643434133934 459 439.5859789848328 2391 -1 -2.168122501646163e-05
 -9.648882695670501 0.06166287264741135 -21754987301849.65 1099.875070474794 145.0645933590731 0.06812260629688839 -45329109575906.12 24508.80663180174 1489047.898179135 48078.61370211992 6029606.748657479 2862.262414520341 1972 191465 1 -4.371278454588936 -0.5383454699842218 6.910466644723734 0.3833353795383529 -1.586165669818271 0.5883304478089317 3.802214466699771 -0.806995260426854 5.986772544785903 -1.163617547949485 8.723909525993077 462 653.3270540237427 2391 -1 8.929143147697545e-06
 -10.55444697743909 0.1243882410253162 -4423308.390465856 0.3421471759659382 -108.6056724883883 0.3180359962949625 -1045.461240208585 680.2549660216723 959.8737673982446 3.079275704682404 1.490589620481938 3078.117641061399 2516 191609 1 -4.247298525829226 0.4342896831393048 1.779871047821799 -0.5890037071701277 0.09532260806156412 -0.1742861936659965 9.531357941879033 0.4645914137078049 4.381601920280954 0.5442122504725395 0.9617932131341895 465 653.7999799251556 2391 -1 4.891511686422098e-06
 -9.794231859162135 0.03524806679420429 -9.999531040381857e+20 1.144584884981135 0.5401877963884006 0.07998292526795234 -217151487642.7815 79.03116458772678 19.12229250119902 0.223614223491929 53555.62456227378 3174.672786138786 598 191654 2 -3.917126877945129 -1.241215123645141 -0.8656715195234197 -0.5013365228804131 7.677204087315468 -0.4748343204193716 -7.084342431677582 -1.178944840499076 -9.884880823638772 -0.5044976292626187 -3.447481859960324 468 650.2746610641479 2391 -1 -6.788885278717635e-07
 -9.850165950735231 0.08387557455188907 -3848617620.430421 0.1223525081226236 -8614193.366677228 0.2030988420094331 -52556.78379717417 27252.79217276114 2143076.254550543 1.923859317169555 11.1518744701002 3100.345303035347 1767 191663 1 -4.542107902176784 0.3993931786776356 4.378516000180722 -0.454558591881801 -4.683166471757866 0.438157036126721 -3.140920511704569 0.9091697890965187 -0 -1.384188516179288 -6.826451434632019 471 654.0327959060669 2391 -1 -5.190299750801693e-07
 -10.45729339103936 0.07593251726493838 -303995753644.6863 0.1967759492270119 -28241.47939126509 0.1904752144025333 -330888.7179281638 277.3257793349345 223.2750806442035 1.406984336424471 12.02575016727342 2888.866973940773 4979 191651 1 -4.459895648513177 -0.427293252176197 0 0.3933845441557682 -7.353972688063559 -0.5995188950917401 -8.379795362036706 -1.462989256464519 7.071874245424619 -0.9625666983515462 -9.341506541892949 474 657.013955116272 2391 -1 1.657584517501213e-05
 -10.25669253096207 0.06798344267859635 -1495000982823.397 5277.885407457729 1606.357999626531 0.2759439255748456 -2698.821743717638 734.0187174242301 1526.565283368314 0.06866509565026024 161529026087880.6 3153.801968359622 3380 191645 1 4.64060129717376 -1.288811215270075 -0 -1.685617935776666 4.837851576825636 -1.477531733486116 4.69526699364827 -0.7268091724725352 -1.065126051028459 -1.697149224002326 6.517174384882563 477 656.9889659881592 2391 -1 9.368677163082514e-06
 -9.661240692536524 0.04966294616618821 -3.401850996790898e+17 120.4292005735731 1.091183390267555 0.1127139322855558 -2093841729.078133 15045.7070310177 598531.1554209841 3.402083596672508 1.925493478342567 2999.275902902411 2255 191661 1 4.529984024609977 0.1495620849195279 7.800244249754178 0.6869349928203152 9.194424630283741 0.9037562304897122 -7.672606820296965 -0.9952776220574631 -1.423504165119468 0.4279663352943119 -0.2524793598811859 480 655.0908019542694 2391 -1 2.411654182127055e-05
 -9.751705195255749 0.04706112424665931 -3.540080383566678e+18 0.5397107405250801 7.762239127897775 0.07405132862795065 -40433399878819.78 16559.72028568534 630356.7470119857 1.932098896892843 8.217508435534207 2958.880735241546 3091 191651 1 -3.73025164025848 -0.6219886050531116 -0 -0.8885749916366636 2.003307952934353 0.4954897314541791 1.719953824562355 0.07290706910515699 0.9008220422104123 -0.2573837777357664 0 483 650.469419002533 2391 -1 2.612987960746796e-05
 -9.859907045054522 0.07279957400255758 -509003461876.4936 8324.528467849925 3324.919760358236 0.4127146071299823 -155.9454513578086 450.3376109660597 530.9809090405902 2.305870172218428 3.284964884877865 3145.801248695821 1294 191598 1 4.387494296078736 -1.419869253770783 -7.850719053548957 -1.096693630141158 0 0.2129929482889925 -0 -0.1597507593598806 4.463713992107226 0.4281775286388907 3.045753164397485 486 651.2958099842072 2391 -1 1.310721797220812e-05
 -10.19338882667435 0.0505615417746608 -47270200277600.73 146.8163309520978 2.115382841575917 0.4627961541775466 -72.0130343293274 2025.437310299417 9863.532972934521 1.449099854505647 9.130847891662924 2939.345689971503 577 175569 1 4.199404573768314 -1.244777245853403 -5.583194285322905 -1.252199554512044 -0.3349717665134326 0.3596688578942872 1.436528615755833 -1.609991832758711 9.673125141458685 -0.3170677897982409 2.05290676589069 489 597.394740819931 2391 -1 -1.782458638046338e-05
 -9.902337903795598 0.109411885786819 -5879840.456858077 3.138130116872863 0.1595114637000832 0.06852638760055663 -888441702058.8169 128.0452468218022 45.03194495867353 304.2930806393492 151.218384765109 3006.187463560954 2118 127772 1 4.610166519523083 -0.09895058694486288 -9.420730884003545 -1.612995462721395 -6.644056992144177 0.5433282814857354 7.03937248674298 0.5132363235565309 1.50939933577019 -0.9195587935925343 2.938931972858195 492 435.5192930698395 2391 -1 -1.730020977857492e-05
 -8.984552841206273 0.04243082227404795 -1.473789515655576e+18 18349.99771633076 57895.5350172156 0.6515437552019095 -18.25539802883192 547.0893028918244 820.6935900311258 1.219181990864647 15.71829371780611 3008.155097923151 3738 191662 1 4.675420856986618 -0.4493990601036214 0.9886801258870621 -1.546879782760679 2.882534426702141 -1.636708288225138 0.8076305282414427 -0.8252218502522668 4.942847009010005 -1.562197129198299 6.26876972475319 495 652.8675479888916 2391 -1 4.524043598338524e-06
 -9.936843055423582 0.05991366710327223 -256261475050366.1 15.59011008991271 0.2154385753794872 0.0478358214191581 -1.524285139053655e+20 7341.710779940291 132268.6392539478 0.04451069035359056 -9.591169889021135e+20 3021.059971457405 3559 191623 2 4.179711268078109 -0.02947929711687003 -0 -1.58640196833698 -9.397320609531752 -1.81043781672016 6.071741940305167 -1.615371655958853 3.453615992634655 -1.068055826374446 4.27506093249676 498 651.4331350326538 2391 -1 2.073943487085261e-05
 -10.023427397808 0.1279207557452138 -2669557.904882572 370.0678448919425 87.13223204330379 487.6853432667427 -140.3964265071718 125.3870592916752 47.05505557389677 2.322575107334259 1.887622995659603 3188.422261772724 979 191505 1 -4.609441125341641 -1.278899115806094 3.390761202161193 -1.782966543498695 -5.29627773938282 -0.2781218461235646 -8.277733843714081 0.4460610592995207 4.305801644075517 0.6339013401603344 7.095022297604714 501 654.6310431957245 2391 -1 3.658578796994109e-06
 -9.529698727874738 0.1066104508613189 -82950329.44574854 0.4646526881236021 37.40498250112955 0.2906098905248515 -1650.658290264387 953.5980409142117 2325.469641900815 0.1126781823819471 447921386.7701475 3082.090076319035 600 191601 1 -3.992740023254852 -0.5635616198003781 -7.605062250685677 0.2569400952354348 8.168474776827724 -1.865878448363082 -4.671671885342674 0.8548774548187383 8.401004988866077 -0.5455653922528096 2.111353103725024 504 654.2188210487366 2391 -1 6.369529130035903e-06
 -9.831744348922374 0.09946772602208789 -7351007.611890355 0.03779394935215674 6.552386415261795e+18 0.3462944067284021 -247.1402302775427 42225.64827486 3641641.21653652 5655.898266269611 -31839.66557378869 3126.471437167827 1325 127770 1 4.416798797339625 -1.783136393076798 -0.5443132783056766 -0.7604212260264385 -0.7286087795157448 0.8983527386150647 -0 -1.58731295576923 -0.9964811989133162 -1.877998306400975 6.031545219223442 507 437.5497341156006 2391 -1 -2.930796752872523e-05
 -10.69342183276982 0.07298010980884474 -1131595730364.466 2.33555923539207 0.1260507775104642 0.06083588090703188 -9064549222272760 5638.062446258691 80525.93690310986 0.8137302061680969 47.65652728248852 2922.286450085113 512 191664 1 4.509110756627932 -1.52391232023777 -8.573854731560772 0.695168903138752 -3.1283444655729 -1.480289642374363 9.27650621881121 0.2359014154033386 -8.235293786435687 -1.552836854565872 -0 510 657.5561280250549 2391 -1 1.92561404302114e-05
 -10.62375307526412 0.08008101972687193 -5299544198.44819 0.1864460158618559 -24149.68457817075 0.1968699214547947 -65633.36285354395 823.622771281914 1738.268831597592 1.63750172123907 7.975798122494673 3010.75183579762 2295 127734 1 3.754713215735328 0.8574169603793256 -0.9312313724049699 -0.7620528966542315 9.052415776424318 0.279072400270754 -5.889047697182213 0.4249496774293928 -1.877643255177046 0.2342311017151925 -8.272228069891158 513 436.0280158519745 2391 -1 -4.269376385087805e-06
 -10.4760587695414 0.1611742032604404 -160534.7060928763 0.5849438287052957 -1.035125924497925 0.7130957226031577 -6.792889015855968 153.6256598475004 74.48211302792473 12257.59553859776 242569.1277303845 3055.16658553719 1627 191646 1 -3.609373944828974 0.3800841458548456 7.488167280646637 0.9022562111056399 -7.201155474671042 -0.2960020303110138 7.330241425335483 -1.697036237686379 5.660157545847176 0.04182116187808038 -7.689691385678781 516 651.8599889278412 2391 -1 4.64268479234607e-06
 -10.32800098758576 0.07626117146912152 -4035402840.523247 0.7560986242746083 1.133913141471947 0.5558523720499643 -30.82985942493572 525.8229765422997 793.0897517050762 1.440365770756096 9.707343724965757 3121.179533686763 3753 191632 1 -4.489872069797472 -0.356961016095803 -7.671585657262355 0.362435866249835 9.409917068511064 -1.719717450749061 -7.924050136456154 -0.3695358917064029 0 -1.82398805524506 4.136823888038848 519 649.5299670696259 2391 -1 -1.547129978288496e-05
 -10.02909900283587 0.04897743748642942 -1.685215007194691e+16 3.633614379040022 0.1435535222478823 0.8430243972147601 -6.623044402810883 8500.192189064785 170163.1740005568 0.8659538836912806 35.33177474655328 2837.497589830209 2852 191662 1 -4.383510171772046 -0.9006251082142214 4.491054659972322 0.1195417735365054 4.664696646197552 0.924485955558489 -5.43729249103164 -1.061288003938717 -3.707159789443302 -0.0334673219795292 -6.02936886478131 522 655.5329229831696 2391 -1 6.605675165597394e-06
 -10.76978018909698 0.1146241930185104 -34844709.30403616 0.05838019797489338 3301551223355185 0.1894518510884193 -144734.200758583 5337.464867298789 49380.02435896299 0.09696602611817931 -16533926142.84648 2914.986381032417 620 191626 1 4.562585591038831 -0.8817299657715179 6.335435951758251 0.767250513382534 0 0.9377308948276077 -0.1073367343983063 0.433061376445143 -0.2348872342949182 0.04121786650243033 -3.195802676818865 525 653.1029350757599 2391 -1 1.24564534391575e-05
 -9.407893385882611 0.05439047823501059 -4093584635297488 7.388399980929856 0.04177919471647754 0.2536680480915643 -10382.81835718782 23213.49227160284 1330580.722528405 1.44642008611689 13.13407122827851 3139.07868314407 893 191624 1 -4.554077225714034 -0.005881548174284241 -0 -1.133930240284347 -9.360342644141216 -0.5991811456147893 -2.249320449429935 -0.8259203667862192 8.6157699982907 0.7651003676119612 5.704523185230395 528 649.7754549980164 2391 -1 1.730612011157438e-05
 -10.43561058963344 0.09485021096246214 -632929605.7324636 1215.100799078325 139.2056281209967 0.1077631494228171 -556169792.4700562 45.93866035754116 6.611539993164626 0.9869793304259195 -13.35620138860972 3328.878778918463 1671 191662 1 4.461592517973139 -1.534991986193014 -3.223155721851243 -1.204913174342745 5.330909699313964 -1.887974885527319 0 0.1453935113579683 3.517694180737418 -0.9315811070576956 9.57272085870663 531 649.9217391014099 2391 -1 3.706009454823001e-06
 -9.896923126399475 0.06642227295535685 -7087225070784.067 0.2452953206203913 6461.019924828573 0.1503609478028082 -4325239.324611397 112.014852571625 34.84286720015906 1.144669453550903 10.30277512791115 3016.747977591262 3309 191656 1 -4.426283384628289 0.7048081655098297 -4.592373263583561 -0.3675410259283467 -4.684130776754984 -1.505515412275971 1.556008576608919 -1.760534093587151 -8.261947125737318 -0.6614705839967324 -5.18070844331521 534 655.9011120796204 2391 -1 1.76724068595451e-05
 -10.16715722531879 0.08145377840669221 -705435201.9701047 85531.38838236826 2784596.637852702 2.251753449983423 -0.7268844839479552 912.8397137169245 1861.871679398245 18408.71445341073 651748.7980349832 2904.004456223103 1179 191634 1 2.978843484683245 -0.08367140450826945 -4.122969809278413 -1.608508429853287 -9.455565652131002 -0.9685733036325628 8.051073334917776 0.5381134485150292 -5.018082771572325 -0.009832359209682768 -3.158485437225474 537 657.2284300327301 2391 -1 -1.964518096363538e-05
 -10.08073381832847 0.1242173844895718 -29358054.36667063 0.05538474011012159 1.092867542774513e+17 0.08344406371469058 -813835200381.8057 536.3457165154988 911.4386336772091 694.6543878895745 1079.031056333816 2938.057032018257 2043 191592 1 4.447283838756718 -1.059591608890978 9.437503485158089 -1.07853329006814 1.835565825078545 -0.1472713036783464 3.961895282153596 0.2181678460908767 5.576897433281572 -0.1088390751317423 3.707231138681556 540 651.4269020557404 2391 -1 2.093595239490735e-05
 -10.08005146104519 0.1290185001125114 -3579018.257325549 3.662123737135576 0.1196284351942817 0.05135600324043022 -3.490404809267114e+17 126.8679808899431 36.42770115637028 0.994941424122303 29.11153829589401 2998.810168314611 1502 191618 1 -4.513708115781346 0.4744087433150757 9.81534447507557 -0.1789137689160399 4.234792598494932 -0.2388361760597313 0 -1.288166173540838 0 0.3015575674411041 1.937882356324132 543 650.4470958709717 2391 -1 6.497758139082845e-06
 -10.30825670084488 0.06789236023145498 -193627721652.5099 1.176366805773439 0.8848187040097298 0.1744971708836881 -166869.2865191096 881.6493373112114 1950.013026303143 423.2093399046182 -95.25663933004699 2997.712317391 2019 191659 1 -4.531073954078634 -0.4012382397937718 1.753376674266097 -1.80531679684066 4.238404918985517 0.2227686393261452 -0.8037133579983013 -0.8135209961651206 -2.639679466198981 -1.588195605043436 -0 546 653.1940779685974 2391 -1 -5.874531685153366e-06
 -9.8112555194857 0.137751100306582 -1444151.545520539 21427.81646192264 43642.20745995589 0.2250768201390693 -26811.46707064143 547.8584629242508 725.0064810662568 0.06147609576820868 656133233327379.5 3243.026444724647 1523 191640 1 -2.694338263879449 -0.06657779231897901 0.5924822311371605 -1.60465076389039 0 -1.826723915759901 3.974144966021878 0.5288872900302972 1.168501559059097 -1.513054053749735 0.9489945966464366 549 650.4267339706421 2391 -1 7.971428897887092e-06
 -10.01917881650151 0.08518105364872065 -1088106020.744728 391.4868526686732 9.335801448671976 0.258052421950466 -2838.264433198586 45506.50512600761 4850922.657406872 29806.21768407529 386013.9986089341 3296.295348257179 3828 191655 1 -4.483118947494519 -0.4478629882790415 5.093525353792534 -1.972295818906106 4.983725791702769 -1.763623167752784 -3.029672668760917 -1.360101132907846 -3.800902859226295 0.642355454520239 -8.613960256409674 552 654.3351621627808 2391 -1 -7.262080014920006e-06
 -9.283240516456406 0.03825264002131926 -4.367825523505498e+17 2.691334296677298 0.1840886619566137 0.09235597401700915 -1067432358.166683 78.58801932590522 18.67897243587324 3.555647603102893 0.5817179632413615 3107.950165792085 1920 191580 1 0.5429807079880762 0.473401758681041 -0 -0.5663705325426385 9.056938271321378 -1.21574804394146 -0 -0.2727159050020607 4.635174284235896 -1.352547802948165 -1.371826860933908 555 651.5683209896088 2391 -1 -1.737658678439907e-05
 -9.864095921946532 0.09267399456708104 -23218681569.05318 0.09948049337672822 -14235387102.3541 0.219918402363566 -103201.8314334456 75.19360275138753 20.80905598152122 0.1186409307258688 7502131084.104142 3010.821416486648 11483 207634 1 -4.234349867955196 0.9330389181191858 -6.522775338272622 -1.693162986036611 1.197087045235609 -1.235157432349714 3.305304264559013 -1.061127543496032 -7.729478597739613 -1.778739549227133 -7.867923521343865 558 698.5577208995819 2391 -1 3.420461288365901e-05
 -10.07901216303442 0.1462789992356928 -2377322.569580437 15782.86455496816 25595.05154431417 0.2651581470396129 -8703.691412200487 292.8891509372812 240.2917618323097 0.8451384723921244 62.59923276135913 3070.412649656242 2370 191659 1 -4.570047263851084 0.7254314030960733 6.892566547898897 -1.133161556441525 -5.800149888205641 -1.482945321666717 1.828192257352186 -1.615438080595657 7.131601349780727 -0.9124867467460636 9.286204504994375 561 597.8817241191864 2391 -1 2.592433167847927e-05


# name: injParameters
# type: matrix
# rows: 1
# columns: 11
 2.01 0.03999999999999999 2 1 1 0 0 0 0 0 0


