# Created by Octave 3.8.2, Thu Jun 04 00:09:15 2015 PDT <charlie@dicke>
# name: outString
# type: sq_string
# elements: 1
# length: 114
Slope	Lambda	Gravity	Lambda	MagneticField	Lambda	MagneticField^2	Lambda	AttractorTemp	Lambda	AttractorTempGradient
# name: op
# type: matrix
# rows: 188
# columns: 31
 -3.333754547627391 0.1789586529253001 -10219.38574730167 0.06233814688426469 5753859811903.821 0.1785969455906137 -111913.870596817 91711.20996374288 17347448.03357494 1.642759525278931 7.973422584062734 3084.403796925621 3169 191664 1 -4.587832984106491 0.6296650630041554 2.258036633399096 0.07841532655562797 4.188985597383141 -0.5990325081782792 -0.02075620594982297 0.9637895797697736 -0 0.6829260802641621 -2.905864861866898 2 969.8852229118347 2391 1 -9.797052711733532e-06
 -5.311610732957468 2.210878125144726 -0.132659698518008 3.01233013037795 0.06297719252492501 0.187898064823275 -183445.3892224426 1382.029082022884 4119.042223475751 1114.135830771556 997.2301215368228 2925.604990705294 875 191664 1 -3.089419162359119 -0.6039929311222494 -9.926162962532111 -1.422009475132871 -0 -1.404725766874339 6.724681939937253 -0.5399121016459265 -6.501713164649122 -0.5791381812576244 -8.031491576625815 5 819.8016080856323 2391 1 1.477058388535926e-05
 -3.631883340522609 0.05661276543852826 -1412789870711.745 393.2827547726453 9.9107430514904 0.0641752860263077 -1539951379618.885 28.15747424673895 3.74299042592543 92.73562973440484 19.6139364974458 3032.7189119048 4186 127746 1 4.394033239522997 -1.081710844745909 -1.379780403749099 -1.385188915585481 -1.483681950771218 0.6124072212240073 3.7701324336424 -1.145901272708575 -6.219104388422099 -1.938629129098218 4.28722742491799 8 548.3142459392548 2391 1 -1.799609489114565e-05
 -3.332327785042079 0.5060415340423343 -3.460994092194491 0.2789343144412396 1079.130033526456 0.09706106785959955 -13611576807.99328 5336.270888648763 62848.49655727544 0.6710452440586849 136.6236395463638 3008.157581467704 1525 191634 1 -4.488621324083581 0.5160337196088318 -8.469817105266205 -1.473538455426201 -2.189438091320079 -1.492132036645772 0.8046009088216106 -1.260595398411489 -1.271067323710922 0.7192199574830167 2.089906279325093 11 818.3276269435883 2391 1 1.471179498973604e-05
 -5.080653000952775 3.649641206289064 -0.08189664147423359 8678.087252705014 3563.357112287176 0.2591288535048843 -3208.660105927747 78039.32208884462 12794568.23672033 1116.119451347195 1628.893435494599 2893.745114326548 1060 191646 1 -3.956918793881703 0.5286972714746838 1.254954222902284 0.7150449559102449 8.473762509150607 0.9826961880617553 7.319948931687938 0.5030731112120086 -0.2529174795798665 -0.2401511106663729 0 14 816.1891260147095 2391 1 8.049707362615439e-06
 -3.001324033749888 0.2881054641857891 -53.99581557960762 22338.54500784074 62923.65551117467 0.1163898731663454 -2998646.578365834 29825.37142629107 2017065.843863897 1720.932068875066 7485.187960309693 2950.122663184859 1867 127737 1 4.608685867268163 0.7242890657848369 -3.690559650188592 -0.5788487480037885 -0 -0.9918829843092318 9.621080132533043 0.4106476417842622 7.037437851940624 -1.386525571532433 -5.314822465402544 17 547.355437040329 2391 1 -3.261493892328238e-05
 -3.019851420374001 0.1707608008315232 -108685.6290353568 1038.984920134877 50.46474606331291 0.3201389935099115 -1989.911187410546 1862.512209133771 8696.872740204977 1.595770305119221 4.603432288158985 2992.835995357558 361 191596 1 2.814423327707008 0.5892757572109959 1.187552705404537 -0.951053625328889 6.114189842943384 0.9774839520695355 -3.793969818897887 -0.2588098599151606 6.771716460040216 0.3972889263373025 4.419326957674706 20 654.4300510883331 2391 1 1.653852998606235e-05
 -4.167825277309083 1.876156962644768 -0.09805526034475935 1265.327374679725 125.166350158125 0.06400080685938427 -1641394962480.812 4448.23109967759 39799.49110168411 1.524522544735259 10.95075767404435 2949.447592991476 881 191655 1 4.508872850469238 0.4803017196111856 0 -0.287813404584928 9.463696419851289 -0.06414911569828874 -6.959085599045406 0.05551866999774898 0 0.748420696803402 -4.33558531526905 23 651.1636099815369 2391 1 -2.507663073533671e-05
 -3.145586981770611 0.2203121542797499 -2320.077018332531 37971.77509429088 86843.57586819577 0.3067631924334154 -1672.947590618892 15653.12137949254 530287.6152541334 1.830576520904528 6.532084607510531 2897.601617435957 307 190926 1 3.965775212575583 0.7811288710557851 -4.438473670809644 -1.600830400959529 0.7583110247429081 -1.466228379500676 2.134247422982456 -0.2390675550747288 1.205770487742361 -0.1276329043176139 -9.526988560658566 26 647.6122009754181 2391 1 8.718993868304977e-06
 -8.932652625110785 11.80994689335439 -0.2005424609898575 55218.26962191186 412396.0919303778 0.1361999529728659 -3327900.976936563 241.172208254135 169.7758111079036 1.70197091246725 8.415736736221634 3041.725370285105 2807 191648 1 -4.505443063107379 -1.057912871076242 2.641106344293335 0.755537466551166 1.801000786425989 0.06096151033686059 0 -0.3087502126424937 6.858351734681372 -1.89860654571061 5.486179687997878 29 649.2219140529633 2391 1 -7.654549058541108e-06
 -3.926842278946798 0.4221868263191063 -24.06431042733721 8315.493586565899 6957.672208205542 0.04216405767778459 -1.48845729606373e+20 6951.029073456652 108612.5161471607 1.779040135365857 3.737024053715872 2914.894977766963 516 190809 1 4.219944775331996 -0.127306952162324 -0.3052846455587273 0.7932025356176267 9.721556462408135 0.2184998256453098 -0.04046911535181241 0.8436133983786274 0.2612061685599096 0.8310078629844662 5.03571127078065 32 643.4411251544952 2391 1 -2.23715789589857e-06
 -3.275247237426375 0.1793624242718649 -17672.38931594247 210.0691155660103 6.89301613310478 0.08113081501288019 -61269484644.32011 1067.04638452527 2858.514658498693 0.6481170406446096 167.418711097358 2917.888997858239 3097 191575 1 -4.425572329844353 0.7207165146737795 3.461385299265553 -0.1256426487019313 -3.355666414988059 -0.7340273221852325 -0 -1.892035988523006 -3.132980934228699 -1.492107617605349 8.578300414583959 35 648.0113580226898 2391 1 -6.280097675532583e-06
 -3.194044537201958 0.2301259120515105 -2162.593046269478 767.8348318984881 135.7162269855277 0.6276621629853139 -19.17208594778156 46.8473406304019 6.485128588675069 2.022305968987231 5.357659092183784 3010.998815757597 1633 191541 1 -4.443914919280685 0.808724228041156 6.210419884541805 0.3151262997723911 2.214572669062974 0.8716874903816167 5.267318294359507 0.9931535132835361 2.891999118907846 -0.332158542804537 -2.070017411051013 38 647.6244401931763 2391 1 4.118119702684607e-06
 -4.04817606348697 0.3512747712421199 -88.16919333667825 0.3686895788736543 70.95215067181638 0.08380479929501958 -62441307532.23649 68021.48076587665 9977553.064173665 4.202588238826469 1.773997896344347 2890.081219249026 1446 127728 1 4.312014135817209 -0.361505775635921 -0 0.2291643007154075 8.547120659752906 -1.325644621335869 7.277288425802 -1.334385693770423 8.917219357337469 -1.325594979865445 5.556390488522749 41 435.1923840045929 2391 1 -4.136240850859288e-07
 -3.899592542282142 0.1805422143542381 -32767.06898135131 0.1167004679127015 -8907369.726491479 0.1714690218175383 -370295.1172412988 1503.505193946994 5356.589997733173 0.07202350465490606 11842554196950.06 3157.917537829887 1803 191648 1 -4.196654892880316 0.8581798862694354 -5.807911083703448 -0.2834896262849754 1.381383568745497 -1.030375043197125 -0.1955717934132184 -0.5047810578618019 7.506063971959355 -0.1431846514310298 -2.015781980495205 44 649.1627678871155 2391 1 1.370411763407062e-06
 -3.052353282690574 0.05345245265589984 -45870027390699.21 6272.325206472929 3595.26102375779 0.1499108730261347 -1627975.255703244 82.8578024563772 17.08000877892474 0.2371950482913083 66658.42994379082 2883.858605451178 5646 191658 1 -4.505367489644533 -0.4153235691861941 -8.256642254309755 0.06962847146318826 -9.489444965281789 0.6648054046322209 4.045592896639274 -1.809202142947331 0 -0.7310097827880302 -7.207896466706222 47 648.212996006012 2391 1 -4.94696046746297e-06
 -8.483028927021644 10.4512439953291 -0.1505611484568997 1.764936106286884 0.08131425810840552 0.2308219565786651 -7599.080749029759 31050.15590263835 1793991.057105465 1.407710084927765 8.207722067739772 2854.032447958733 1393 191510 1 4.010108931804448 0.06287106480770661 0.01963049928129523 -0.842892045805522 0.3703838525617504 -0.8133922769752679 -2.827184527390083 -0.2760907689696994 1.308249245395016 -1.30483758668672 3.442821210089233 50 647.6157610416412 2391 1 -1.13708842631841e-05
 -3.41371054325201 0.7922246136607897 -1.109180352812 2.297127887818501 0.2575779852927165 0.0943690801329881 -12023566866.01545 879.2450214544498 1943.620022788782 502.8553786999681 305.1635554957078 3182.856699787301 2289 191659 1 -4.183522938011665 0.2636424879583385 8.577539358139312 -1.804038615031772 7.804789638196047 0.2094737841577037 -6.745168424830816 0.3174798996383612 5.028231390079203 -1.148353922812021 6.767669882853921 53 653.0713939666748 2391 1 1.1628884275199e-05
 -4.149260745470743 0.08901907746242262 -3614469943.480638 0.04187896161219956 9.949570560501968e+20 0.6233077326227165 -31.33729953270675 20.73685129476961 2.753668024262756 0.114642806781256 1536094948.462313 2943.712301609997 1676 191610 2 -4.059337874433785 0.9898470942946891 -6.383185648632224 0.8715242795440012 -7.333292565945628 -1.202169714319742 0.6642957797299012 0.6406428506248947 -4.08840107829993 0.5803527951302292 -2.767057413200225 56 649.6805830001831 2391 1 1.300662262839983e-05
 -3.657923344713106 0.1366673823936782 -910877.3658311251 551.045198092368 144.2727421639436 3.651163863688954 -0.4436007059243188 43.01148376589085 6.576692273883365 0.0426498690127721 -9.998218423206608e+20 2767.046782355972 1143 127468 2 3.610326355726111 -0.141120245082079 0.8182199153857495 0.4485337521300545 -3.78284349253665 0.4147465730886699 -6.158578352477921 0.7120891391337349 2.963609937890547 -1.366933753289201 4.812815572142155 59 441.037318944931 2391 1 2.183500708163609e-06
 -3.323852375527583 0.09436971190568461 -252040460.7812463 1341.377228961267 178.191834550181 0.1388707693108223 -4924595.798402513 8009.807036266349 138110.8732327507 0.08948379811977396 95855142348.48883 2916.227872235443 4794 191661 1 4.69850265667911 -1.744357161385333 9.854068160001077 0.8937825550504792 -2.473418205547037 -1.760995433209393 0.8380080477601681 -1.28825919779549 -0 0.514492789713493 -5.4088574342207 62 648.3823277950287 2391 1 8.552566732223035e-07
 -3.351992241584181 0.05092584217363947 -4427716788733894 1473.277393055743 -60.61048905570298 0.4720979955038635 -67.44002361549475 286.8377252101419 193.4041868202183 1590.462556274508 6130.754567691165 3069.550725387381 4276 191657 1 -4.676353310991315 -1.908001401448462 -6.683414348695488 -1.911665252170388 0.4359913223127343 -0.9691613480496688 -7.771708353377853 -1.478036317034468 -6.316796861092987 -0.8859077279473384 2.754141133529339 65 652.6691830158234 2391 1 7.714321830941562e-06
 -3.070900259279736 0.09765106142661938 -1067078600.542013 2.306273855998563 0.2242815532521192 0.3676099320818701 -345.9893719292927 80710.65794291208 15475357.99387366 1.064515884461886 21.52558770978705 2976.868998652619 1099 191662 1 -4.141642983728934 -1.27209708638676 5.847243488306501 0.4785626789928852 3.46065816490214 0.5059564917321624 -3.049877736491863 0.5008714825583551 0 0.8568202704193455 -0.1184906625231807 68 651.7175900936127 2391 1 1.628585580800655e-05
 -3.505327652300351 0.1228167326383072 -72234398.50754 4824.953555504075 2652.597206712041 0.1549691303554268 -13152598.33591157 420.50589537317 405.9809819009298 0.8197045319060392 38.1314136901275 3025.341712693333 4112 191663 1 -4.249045780167171 -1.100993461852363 2.067778416290823 0.8852090621726187 -1.041834986326807 -0.3800488017328307 7.568857832079393 -0.2748416499484367 0.667994545212272 0.480867248452895 -9.672899317543795 71 651.777645111084 2391 1 4.402748034328805e-05
 -3.842534955380989 0.04601524562686243 -2680129271382087 47.81426323911406 0.5358867615609394 13932.22080216014 -24272.93945123009 401.5344809137181 328.7755873209849 0.2822762507342124 9291.096998751847 3017.489591884341 2835 191633 1 4.465646975848319 -0.4310107609208593 -1.593481289881583 -0.4158125821565477 8.512588862330768 -0.4381882050554946 -5.789042821088174 -1.089926249526528 6.348797935816484 0.2662482548083034 -4.374252752227269 74 646.3938250541687 2391 1 -7.997373332118883e-06
 -3.11949966135863 0.04059728689957299 -6.943919103413574e+16 1237.533695915363 160.8451522245258 0.1715855456387672 -225532.9762183112 116.8629813540142 40.98542450971971 1083.069981420165 1278.296073863533 3132.324534905015 597 111758 1 -4.677666332162026 -0.3367206221682384 -9.943362004679686 0.8338359309404018 -6.413985970869847 -1.853421541636697 -0 0.2615050327191284 7.001399558447725 -0.9897205757085228 0.3613372738167113 77 380.1195449829102 2391 1 -1.361650259494849e-05
 -2.908736121527254 0.141877799094664 -643634.6885494263 6.067020139336317 0.05634261994980196 0.05171427605046781 -1.522661159688626e+18 52506.52406971758 6379165.700034769 0.1331784083456638 244052465.5588811 3028.727850325836 3959 127767 1 4.508756173930303 0.2835885106148872 -0.2741048275499871 -1.515366781418952 0 -0.1949668377670717 5.128362995308565 -1.037013403392139 5.497721206617124 -0.5007339177524006 -1.882151153875967 80 436.9618210792542 2391 1 1.593448171599339e-05
 -4.004571947536739 0.1436056233961419 -1036919.164309433 0.04949494221517713 -3.43048472381621e+17 0.3779173155358552 -191.7382518089034 2359.698894980433 13710.18352265792 24535.24944497817 1725969.260391223 2997.537805921476 727 127771 1 3.912233663061777 -1.855166020430696 -8.182643647515892 -0.9624682152592365 3.531956013990982 0.4525697735970854 -2.981147761004521 0.955866544712045 9.764462534828093 -0.3311210766753066 2.865884343799932 83 439.3183710575104 2391 1 1.039204980937764e-05
 -3.718864328894007 0.09471385527971425 -442057327.5730931 0.8658029971221167 0.9039305249769219 0.2478544170904727 -6667.897933730648 4.099640022335305 1.714523697055333 69.64408498383817 14.79126166310787 2828.736066720721 3825 191663 1 -4.402630833476207 -0.5633516998047536 7.220209384519652 -1.479177029754783 -9.812509016759584 -1.999119117258328 3.86052696097687 0.9955958148057116 2.99645363454054 0.8489106092058143 3.824986949872609 86 649.3704609870911 2391 1 5.579561339522496e-06
 -2.886223942784345 0.05235588776733228 -133331586182507.9 38635.8154720928 268132.896219529 0.06833221633002563 -3061678420687.725 10.31073140461766 1.77469207821893 2.134338309633325 2.511140390587379 3067.326957137572 2568 127776 1 -4.650690801474404 0.2116599731112818 -3.909055364993449 -1.388685542315905 3.319229777383661 -0.5793176834103333 -1.256757378839822 -0.6558217679778293 0.9606237134208362 0.9683254954020599 -1.717232520904539 89 433.8663890361786 2391 1 -3.759974339408842e-06
 -3.441743074261452 0.3959979274816822 -23.32922042735193 921.0577892134414 188.9683180938187 1.602977411931422 -0.9237638493915911 216.0828061970388 106.0178180627495 45859.31222127081 1454951.526874299 3089.934712461018 386 127657 1 -4.008828521970176 -1.981514155761676 8.018638642183173 -1.757553258590781 -2.196247594197566 -0.8671100476843954 -5.956688679761354 -0.4616355836385351 9.121065867541281 -1.989274303034286 -5.935823805511559 92 435.5204751491547 2391 1 -1.623451048466928e-06
 -8.128600950264895 7.020269669249441 -0.1274834429326603 1.156820434540834 0.5618820946513277 0.1497513502053082 -1108321.361502838 4242.063941605598 43716.59682460746 257.1469506286932 135.9561979817597 2843.15909311506 1813 127663 1 -4.275440519727167 -1.398196206138 6.415989496377574 -0.3499542661651658 6.043537019534811 -1.0862286299933 3.024183292656207 0.6149602244812833 -6.781390815764383 -1.508278446713668 -5.162643683645499 95 435.6851141452789 2391 1 3.459222841915791e-07
 -3.337331440417536 0.0498940796123668 -1169915321538352 0.4990078178798134 19.6777679348335 1.152432955942397 -1.81119669900765 984.6096250401954 2130.100829638176 5959.127917870564 41991.88247392692 2950.117073483939 1694 191624 1 4.2309952296039 -0.488509526582753 -2.63259382611497 -0.2607782921948943 9.76023838109756 0.8968126924820106 6.804324535910509 -1.435054175286483 -3.126956299687876 -1.072600952553197 1.921788253558595 98 654.4915108680725 2391 1 -1.294194316757777e-06
 -2.946111856810457 0.1082590460345072 -3899784.853364688 1.298996946984291 -0.07336112658927761 0.6377547327805945 -7.820730791507455 252.004474971215 177.5600437053012 0.0392333230680549 9.974638665966635e+20 3141.845577150551 1148 191569 2 4.197501801679631 -1.71401899491671 -8.364534455956576 0.007888906745855186 8.401892230639913 0.3345037849628371 3.700195611426397 -0.4753750759729565 -4.088810235340341 0.1190205655231984 3.627768527912169 101 649.8026230335236 2391 1 -1.145008822635089e-05
 0.01727172054566401 8689.505583038705 12134.79375202444 0.08377598026583967 494953333.1389229 0.05735928790458953 -42686661867829.95 119.9083270829059 40.50794778237969 1.444888841001594 9.15929419815035 2941.083795746282 1476 191608 1 -4.364053610223504 -1.281759672954406 -0.01887515512896965 -0.9740826275702039 -2.898006669366752 -1.78402234270251 3.972237216695847 -1.144722279032277 4.888365257367792 0.4162618825787221 0.01887190517313186 104 655.6801810264587 2391 1 -2.353898419438496e-05
 -3.067225850296924 0.04838952087601893 -712479360260466.2 7.816377116429804 0.0522312275007569 0.2378544410506273 -3438.885463287102 18736.23550597413 886465.5970442665 3745.03340811963 35665.13157925981 3171.428361430706 459 127186 1 4.481319218186494 0.8965597019882523 0.4997061160393903 -0.565676266535033 -0 -1.554208259257444 6.380369194353971 -0.4824003351183981 -3.60007406557512 -0.1252055370802543 6.536804177959937 107 429.7062628269196 2391 1 -7.716410208873903e-06
 -3.420106119379691 0.06478636292362173 -7303001440800.496 2.12617279051683 0.254012691158525 0.04710162543494865 -7.766238265343271e+19 1806.261789276319 6501.342131282627 1.356012880919739 11.53623283021739 3102.043646394707 3506 191657 1 4.677036469450828 -0.5824481263995995 -9.931947480387317 -0.3988535297416487 1.742580286918768 0.8708796142108639 -4.436678721740921 -1.488258927144366 0.1176132481847105 0.8050674420803361 -4.810404773846868 110 650.8843679428101 2391 1 1.689317559786751e-05
 -2.657301089829856 0.05841927905441739 -141782231787107.5 36987.6805606602 142897.5165524638 0.2252759393486455 -44393.45335809249 166.7169213919993 69.63795741356364 8555.549299798826 152817.7019231369 3022.498471514939 4801 191656 1 4.658240068111231 -0.8950799352156391 -0 -0.08583963364634431 2.785141330158409 -1.98648320817085 7.114265515542966 0.4124604405333052 9.34230871855784 -0.6812836268111058 -8.716282627784437 113 652.7981779575348 2391 1 1.527683905327662e-05
 -2.715807273178994 0.0640072958913189 -4911120235888.154 2.269243476796408 -0.04761105680893761 0.1710442126246212 -415661.6508083657 1350.446428409463 3903.001882423551 117.0316624449491 -17.71307703549394 3120.540252305371 4104 191655 1 4.678546999840537 0.4873100734695699 6.272624931605661 0.8554788317692634 -2.873312707758816 -1.460478947181228 -4.430862599077209 -1.661840453754825 -2.792867316356055 -0.0792987956028073 -0.4144639542385593 116 649.2677052021027 2391 1 8.98821168463015e-06
 -3.030058659450795 0.1045184681837364 -40933962.40915437 0.1332943419344224 -2575798.655170926 0.04534859644423889 -1.247930416070147e+19 82.45236316917646 22.68055309221603 6219.321331645643 124319.9718858856 3045.11033830833 5680 127770 1 -4.585817105013957 -0.5934257941430241 -1.980191366721377 -0.9107356789779208 6.420728132739369 -0.3950168682262651 5.983696444162586 -1.392729499022049 1.572951905934927 -1.722604056069481 -9.170954178372094 119 441.2554140090942 2391 1 -1.104686472119808e-07
 -4.430243044038281 0.3820098060807912 -32.64340916755955 1.415655987770785 0.3561744797039768 0.06352416916947877 -6033381217043.593 200.4661492038922 92.13408783608435 80.49143365263106 8.552951063413582 3009.951990137988 3336 191661 1 4.622310384851648 0.4762818506857274 -5.967318366274458 -0.4080320397846817 0.3605987758502316 -1.058842528712155 -0 0.2387543579227231 6.609756221908875 -1.714556007825654 3.968023146591497 122 651.4040570259094 2391 1 -1.725293030310354e-05
 -3.374987067182699 0.06129512072550539 -20772955362662.89 1030.187748335399 68.56770025010387 0.04735017517702091 -1.344192857921945e+19 4837.113600099716 51012.35978388356 58453.44218296194 4043614.102551059 2880.397823084549 4590 127770 1 4.460714114510156 0.4499770485573031 9.936955755558497 -1.261751810318611 -1.777792773732257 -0.05341595799545561 -3.673319706327699 -1.228648184866953 -9.377372051058476 -0.515793431996622 -3.895658056266456 125 440.5579850673676 2391 1 8.69372274690484e-06
 -3.886974218915222 0.1082492012912654 -3853233.225926287 18843.14415526284 6765.35595400785 0.05546448342173129 -328181648703812.8 29978.20059756676 2203347.819725893 18232.25344727491 698811.4097574144 3112.349406206405 1034 191618 1 4.282913524121618 0.08795357710512786 -0.6519879110170188 -0.9981290695471845 0 0.8775967766651416 4.610874821474449 -0.8561755005366596 6.164230162019511 -0.6211785043748383 8.681901834006499 128 652.7142658233643 2391 1 -1.860601256776847e-05
 -2.919973525861775 0.09167057027501714 -122637392.0262045 1.43250418651121 0.7661710332463172 0.2540745953352875 -3498.034278718596 31456.8432504975 2514800.654414073 5.051612714700017 1.238716634002632 3030.69812066299 2399 191649 1 -4.472105142405848 -1.455457197531051 -0 -0.09848386035392311 -6.013624853429832 -0.7938743254591882 -4.459889746690453 0.4777814622749984 9.581104634580996 -1.722279446315003 -4.681685278336429 131 652.2326710224152 2391 1 -6.218954012283482e-06
 -2.918734113733152 0.1110784553366308 -10218910.68374126 1001.566463449061 84.05634126679422 0.1840380282790565 -124914.7896167859 60486.18800621096 8578751.327727512 2.554322687355523 -1.155984789526387 3153.684572068775 2216 127775 1 4.251078104966468 -1.617747478046069 -7.886482240892253 -0.751416752021056 -7.322539880928538 0.8901105235558817 -7.270871788998807 -1.958895031801727 -8.979177093595595 0.9561587716962574 1.690905224023133 134 436.9792129993439 2391 1 -1.124041806643424e-06
 -4.170574840890094 0.2687606401961457 -1246.288376459653 0.06615110270769785 28260262370777.5 0.136128448394131 -15086835.12679342 56.22861752304308 10.03595865162668 1.437585228529037 22.62324268857646 2979.776631533482 1613 191646 1 4.292446669477882 -0.422073168134423 -3.918477073685348 -1.644514398087244 0 0.3258247065915079 3.934169335027896 -1.189264426569638 2.283845456805758 0.9357579392718742 6.550385186752682 137 649.2695300579071 2391 1 1.493271389797161e-05
 -5.41491360413065 2.511751912061845 -0.1268733879583951 15867.06544995537 32360.1196857135 0.165700048157922 -77674.0153218052 48379.58194702811 4942174.025493154 2.432510084672459 2.500360008117076 2793.900331110812 1060 191575 1 -4.648227669027268 -0.2181063277516557 6.605867571501083 -1.021480907087152 -1.778176998290299 -1.994380926349396 0.6908684761530188 -0.6195107085949783 -0.7918404310142328 -1.418612827347857 0 140 652.4638240337372 2391 1 -2.635104438849649e-05
 -2.899097253630685 0.06370972176645529 -697195939008.3025 1223.18358552825 237.3761699851612 0.08655758447115378 -24109787296.05503 99827.40145393844 26487059.74511641 546.0454826486909 889.5679433436802 2956.221075209448 4031 127774 1 4.435874357484949 -1.337982452789205 7.385902718839656 -1.660840057801421 3.38163152513613 -0.1654227330554665 -0 -1.944879581636088 -3.37915617637611 -0.8152714484966834 2.676965681724581 143 440.2954120635986 2391 1 -1.810856633724795e-06
 -3.472752518092073 0.1807626382578354 -9992.967572815385 250.8842452583848 5.374047345872926 0.1570998122310261 -230522.1287428527 1892.480163222095 8135.705080471408 0.05942495184712526 194644926188009.9 3069.434665562089 2827 127760 1 -4.338926219026209 0.845935553012477 7.639269847579492 -1.220976639097672 5.241697927703187 0.547024469233564 -6.903803354357284 0.6546148523140203 -2.392715754414812 0.8198634831270999 -9.257768039806638 146 439.0445280075073 2391 1 -1.709080803222884e-05
 -10.31459523031619 11.49606003125183 -0.2471789818734696 1.844333587462403 0.1428957448033829 0.08821025082942058 -20046419950.86787 86.94418342841827 23.33282964962587 0.2415345931045283 34298.83538993374 2941.925608069354 2891 127770 1 4.578017717675312 0.8061630295359334 6.748768243106556 0.6317478630681927 1.4221814760825 0.2926254523484819 2.152695306630646 0.9030340756597006 2.031850295487418 0.7571955201096854 -5.212041362580562 149 437.2067801952362 2391 1 -1.814097639883077e-06
 -2.609131569651632 0.05312782764693633 -10025145439433.17 4727.83976106611 1869.350862611371 0.09488772105651019 -657889865.6965656 164.0405447452354 67.93852615945126 340.2321106228372 -97.22807945540598 3072.886687667695 1466 127751 1 4.329370517867208 -1.698558009733919 0.2940761545416524 0.3694404184024208 0 0.2567071005567411 4.873000498767627 -1.404529059525109 9.515804702105848 -1.270641903794795 1.123626261379821 152 433.2540628910065 2391 1 -1.658143558099639e-05
 -7.146045668430516 7.804161787513809 -0.1224797422089147 28350.41927271258 87858.5370989839 0.0600149418629039 -1541818844417879 109.9957309836211 34.93931169538291 1.747002779496758 2.855546682141811 2933.203062619755 1275 191501 1 3.305917371184504 -0.6427156018932578 -3.248789116020926 0.4981546784587572 -0 0.1165124221896159 -4.952909900182622 -0.3856099817973604 -8.97110299111854 0.2813265872660029 -0.204385573728894 155 650.4714229106903 2391 1 8.642423411783341e-06
 -3.060246231450856 0.06414540961530098 -389546952651.3615 0.1031901192006237 149704226.8957553 0.05756391173334229 -801306831551901.5 14276.4697426818 450491.0039924341 0.7187479096556273 45.39861406213799 2894.534413065629 4021 191642 1 4.413578782020044 0.5537055886651894 -4.402913020184076 -1.574946299492887 1.447708982383254 -1.154382859177788 -8.533047404569121 0.7339167888154634 7.71914597726858 -0.3978823042865233 -9.16478261459279 158 651.3943848609924 2391 1 -6.752137128175685e-06
 -3.103919235427166 0.06051271263676804 -176967917862645.8 23233.06029640267 52974.91369661895 0.5909681056588583 -23.39426453521081 67165.25121032595 10429816.96783942 0.2757267908898016 34372.66330276593 3010.554157362751 816 127610 1 3.863198486760058 0.5998139884654501 8.305644080878052 0.07272521791304061 1.575573544074255 -1.466405098161581 9.102896449884399 -1.213102726644178 -0 -1.391949075300402 -7.591816395919393 161 435.3438320159912 2391 1 1.95849942333003e-05
 -9.656839008420336 9.582001919560449 -0.2083994043294711 0.2844782354410348 711.0039706640309 0.04151156002314063 -2.399457034199226e+20 335.6129940978174 293.3916955836448 338.5539870204314 173.5402899451045 3082.045063708243 2574 127776 1 -4.376132844625782 -1.838190475367654 8.566745453368782 0.2315063269049249 1.361827130716662 0.2762542736629298 -0 0.9115724821638942 6.433312035632718 -0.151486110009814 -9.870425061637883 164 434.2702858448029 2391 1 -2.466645717866999e-06
 -3.70551032645056 0.2298224337025593 -1324.907578483707 0.06483764675360984 1226510590228.6 0.8623590974012589 -4.473853229842574 408.4157402491707 435.0538011776678 13908.09840754387 353936.5091169503 3066.987972683422 647 191618 1 4.074109937200535 -0.9458599573418436 -5.298566900350455 -0.4714398888013154 -9.695533961611437 0.04815375699416301 -1.724843820977612 -0.7516508393968957 0.5216604284938215 -1.43607928885218 -3.260914703753023 167 652.957839012146 2391 1 -7.760182485408986e-06
 -2.898988332637296 0.2531215996848351 -454.9912599731402 175.9120805546407 3.390579460364895 0.2925002636547868 -567.0585490320325 338.0490699972867 289.2935313394632 0.06011386377351208 380513321271926.3 3038.166763578057 482 191553 1 -4.295989818845925 -0.9314966613492954 -6.271865912833367 -1.157213453480212 -3.047903931860598 -1.532550302750811 0.01909544809126462 0.4143320423131369 -2.397104697226835 -0.8631660718571936 -4.715682355681307 170 642.5266778469086 2391 1 -7.896582988165827e-06
 -11.40300883023456 11.66985003819771 -0.2857516903471827 3.564004622099544 0.08199725289095113 1.029313138861786 -2.133728597599395 474.3531311598294 582.5822065662804 1.342267687110884 19.23903716316461 2927.735726390649 2324 191660 1 4.11111953896391 -0.736269110420869 -2.919517112711293 -0.1411761749911946 3.205501535208565 0.1257755425863416 -4.883541768381046 -0.05858920926468873 6.905929128621035 -0.4486919258128479 5.557618955639884 173 656.7934420108795 2391 1 -2.519075695572662e-06
 -3.024278762973735 0.1571422229020555 -45739.14347882841 2.303282469027188 0.1327504182269965 0.06850128986787812 -1117181175590.33 2851.224429880272 24038.64290792914 96.2267843548011 6.350980759960848 3203.402808690651 1565 127740 1 4.660274441879957 0.3437889587376683 2.558181834530594 -1.014648789211249 3.279221345589676 -1.083145965095042 -7.782982213763429 -0.06064105789109055 -8.427878150324217 0.9948841896469807 1.196419725350255 176 429.5697419643402 2391 1 -1.587218714129279e-05
 -10.99537511545689 11.46535689752287 -0.2782419754618392 1822.105101239215 225.113705013564 0.3087741305770521 -639.543825981914 57.00601888970724 11.83434451495647 1.168497744819451 42.69122391178171 2833.337087429682 2565 127719 1 -3.824939136625195 0.7602769174812134 1.456488121794094 0.8553922673366539 9.145417953386698 -1.348341765736864 -4.607639336074868 -1.759997845058752 -0 0.5204135667230769 -6.527606105455496 179 442.1900758743286 2391 1 5.699420350667633e-06
 -3.233423970393974 0.159470285703765 -52984.80737922085 1.559465235666618 0.3320573878664542 0.3344558915437326 -455.6384512876692 30868.30235054812 2133945.495686751 50.06558428374507 9.210324183542767 2859.648917293723 6465 191657 1 -4.607054680748967 -0.2258267654542295 8.30896810949285 -1.845327436691119 -0.04317366909106379 -0.4161798146969424 -9.618585247553273 0.8286652132167314 9.288091829386497 -1.110683162986821 0.05414049883582139 182 650.7889111042023 2391 1 -3.707427512541378e-06
 -3.617573110226815 0.2370896466546023 -938.2641824517899 0.04791906403378653 2.032678036665671e+17 0.3377679621485392 -211.5085535182311 25.0190939033816 3.497515952764815 1.32195483625391 -2.732616253235669 3001.736214115711 1883 191653 1 4.278473878566868 0.7083116739723585 4.666437000954155 -1.128985302114934 -8.821857980298171 0.9934591850052845 1.18227383982857 -0.9731834548954659 3.632843667916071 0.03779194818477995 -9.92778402838977 185 647.8544170856476 2391 1 -4.402700392273438e-06
 -3.98008616343212 0.1337297458247928 -2925024.738107671 44367.8708094229 174942.6304291007 0.2456552718220328 -8573.310537954641 21056.85061258812 907839.2165918443 21.89898940348573 0.9679623765009162 2972.478430830563 1478 191639 1 -4.589534632107293 -1.584262120979371 5.814111513913846 -0.1702071911043284 -0.4561673079816986 0.2043151475194782 -8.691866261873406 0.8284258229808645 -7.253431803752889 -0.3734726825400863 -6.613248479153407 188 654.3210399150848 2391 1 1.536334276112503e-05
 -3.587296741274407 0.2052274988017176 -11030.49733355484 3.8448955807682 0.04937983218892881 0.1732836221146542 -444227.3617379896 149.3293589118142 65.84993953637974 2966.663888496407 25443.27220396061 2970.802903057908 1742 127769 1 -3.804056963587037 -0.6668766509601936 -7.351849101915439 0.01270404103119731 -4.115565243063291 -1.584278221598774 3.851293493285097 -0.4317166193722883 7.390665869159097 -0.7371737831787142 -2.779256464552926 191 438.1079878807068 2391 1 1.160148378480463e-05
 -3.781849359982855 0.08373629378240678 -1823861287.908815 3.251321904926193 0.09931259107430625 0.2148307192644167 -22256.0998159953 293.2751785128823 259.1232687763456 0.1319074043408728 90022166.70771736 2915.926636436039 2438 191659 1 -4.66424995191777 0.4300398530896397 4.088354749194295 -0.09043994008064263 -8.661391349233295 -0.9476941684816582 0 -0.4459002149723351 -3.643286109933057 -0.5867088202428139 8.612937088287973 194 649.856241941452 2391 1 -2.31655062389193e-06
 -5.444241814115117 4.329490135908545 -0.0833085352634933 1148.549392566864 65.13038287329152 0.05126742812642345 -1.305797448976239e+19 54.91740652678282 9.746292519308112 307.3420224688927 260.1768351670643 2921.318678832597 1501 127762 1 -4.093595886187789 0.1265366955152349 7.579253524960841 -1.045454237734199 -1.924402860592623 0.4827838115400498 2.029898179899935 0.2564624430867317 -5.729959589331025 0.6351370665928067 0 197 440.3931078910828 2391 1 2.35479284442879e-05
 -2.986735122427543 0.04601694603547408 -5493198241996.409 0.03452751293624767 2.248264843814389e+19 0.08678886614501373 -386585905.5998272 2964.191901124093 20002.60609661587 4.175515809997841 1.951319411686393 3117.048673504937 3743 191626 1 4.553291314879947 -0.1227013343239243 0 -0.7748834502620916 7.725447326734784 -0.9173616682144781 -0 -1.92206335788519 0 -0.04798194389295677 -7.093202977971664 200 649.2392489910126 2391 1 -3.741996828800822e-05
 -3.688410059555658 0.08126535010560271 -131361533.9710362 1.361353077329592 0.3714367166282995 0.6570412449580287 -9.908061221579954 662.8059716135754 965.6938546883547 1.852317831256824 3.631400759641001 2948.481834786533 5061 191664 1 4.083180181222741 -0.3749758582662413 9.789932111684234 -0.3514506251856622 8.063887540735646 0.0540608999154357 0.4795626105303947 0.6146053250505581 1.479101947626797 -1.626782420957129 -9.274174734297139 203 646.2729079723358 2391 1 -2.757284676600194e-05
 -3.202225672454119 0.148990884632075 -220702.363918471 22099.64153401852 62628.8463122818 0.3885304077348493 -239.5827693863864 1055.408546507737 2399.317265105173 0.243719705712331 28561.56220059602 3209.604149947667 1174 127675 1 4.62993794192563 -1.769954122772546 -0.1949043468327867 0.9571324113755697 8.811226944050476 -0.9327835975256793 -2.213767885009538 -0.9302341735531492 -0.9265473607385011 -0.2274973414518905 6.077686840278231 206 435.3551938533783 2391 1 4.242050118372337e-06
 -3.272642464897801 0.7223599487649262 -0.7285877126240737 1.822542354215302 0.2518771977127325 0.2049466551643348 -56348.39138813347 8878.239980824268 183177.7140777186 0.731840935518161 87.49591149414969 2859.776275560989 689 191234 1 -4.391041284739327 -0.4086123214540205 -5.35240171004121 -0.2590605001354601 -0.8668847022763853 0.8907438762575444 9.739886187897973 -0.2171445054844217 -8.219303923351751 -0.3919918298784886 -4.277194386850716 209 658.0585010051727 2391 1 9.130483163081464e-06
 -2.714983485655514 0.2093305361599458 -3306.81228081316 1.471302755742451 0.4764832097200595 2.531196013358569 -0.2573042735338819 4274.997145468747 48032.95059787039 952.1398027046155 657.3886380916399 3114.266385681749 448 191623 1 4.508695886191931 -0.0277582425825367 -5.920857466822981 -1.168342551879442 8.689726117926275 0.7850829053604195 0.7986010619139896 0.7594650734526023 0 -0.4706076975657564 0 212 651.1149740219116 2391 1 -2.988587203424117e-06
 -2.741262963341831 0.04877385741000553 -691020436611493.4 3226.927386996887 1234.399824822673 0.5958523754416071 -14.31082367539446 68550.40169682378 13129021.21580375 2.375022565746415 5.234064230480834 3129.759247801142 3161 191648 1 4.284450995156879 -1.968454989412331 3.774374458364806 0.7109043469752926 6.9529920495588 -1.192037280675601 5.571513572810583 -1.735999878617709 -8.622791635553284 -0.06619662946615443 8.594099675276698 215 651.2100479602814 2391 1 -8.442446839935004e-06
 -2.943652723811332 0.1225611403991307 -3473299.060414006 0.04172918169828886 4.615586372200499e+20 0.1585976792943611 -1012984.966504953 56.77706668326005 11.65021401958674 0.7485597865951473 60.54073532676664 3165.226832312024 2382 191656 1 -4.31631399842665 -0.791761735621054 1.017031077689849 -1.841112900052339 2.423370068275492 -0.3383102364347606 -7.125895279836733 -0.4007815234142926 7.009396604595709 0.9489707423344943 -4.435930094033608 218 650.2122230529785 2391 1 4.281652160464571e-06
 -3.668640965270156 0.2327894196259463 -3086.843209643799 465.3004756818152 33.13513981636005 0.5072105962918363 -39.1507623721788 3883.986504346889 36782.11154028928 0.07964235257573883 3868999467321.554 2907.932278465101 2322 191659 1 -4.650864275794726 -0.1158764350433055 1.906147876162814 -1.308875573628717 0 -0.5914752229342692 2.742930425235407 -1.558526050949739 4.143298445504605 0.9484288628859908 -5.271351862410965 221 652.3261740207672 2391 1 9.180188221390753e-06
 -8.613443065330648 12.1576947184137 -0.1744342824025498 119.6953274940712 4.343394422271454 2.37793519010718 -0.5260337903666337 11296.47059594312 300280.9725028815 90329.23641249421 15404168.75588048 3119.000159905481 1756 191662 1 4.562000492331614 0.01241084680465445 -1.637652931276494 0.9518553927921385 1.379429264870453 -1.096000382676626 1.94306523090323 -1.78090384457125 -7.440696073049361 0.5135767692552249 -3.300516810550278 224 648.0253729820251 2391 1 1.344642937555289e-06
 -3.689671477718735 0.4468940721912193 -13.48200010146003 2.399282858663105 0.1148532752063599 0.1888002543307752 -130772.3871284001 9412.685375622848 225635.5590975196 1.381958718297929 15.69990109543017 3025.142661730373 1666 191559 1 4.594969172200106 0.4562467970170418 -7.197643072543874 0.5966231643758095 9.673328677046346 0.2182729455551783 6.010451716891637 -0.6945102936258092 1.582477922851781 0.3156185215326141 8.212942728182167 227 652.8982720375061 2391 1 1.475233866557114e-06
 -3.479455417533357 0.2303617807341427 -2303.805759888437 4.228217436175576 0.0698066310117227 0.5099878340417286 -33.0338416849676 1841.582636305988 8120.271789348992 3271.115900600427 13900.73028864077 3113.11508291048 425 127770 1 4.577268341761796 -1.799223804081288 -3.297702944614723 -1.413649625353073 -5.947404080208981 -0.3431109152016365 6.50926971547476 -0.96001635045846 3.503224685360902 0.8348719081289402 -4.297888285361728 230 437.0910439491272 2391 1 4.687293451660795e-06
 -9.333216587835356 10.97499693649833 -0.2074955962121825 394.9550709848363 7.50765358050042 0.2370721610321051 -10238.18106672178 23.50735914474157 2.703197439901609 4787.537210484688 -7195.495894960566 3004.006123403112 2393 191641 1 4.296620997344044 -0.8029329378153527 7.083905967698788 0.4553215355157318 -1.545196271980829 -0.1635051602799847 2.164339159284086 0.9333208521106239 5.768730855648055 0.8341327714701308 -6.487669209189688 233 651.5204648971558 2391 1 1.255438519402852e-07
 -3.296913762700912 0.2057445802989726 -4279.073147861778 1.429059378814854 0.305715738791126 0.09702606461829937 -2488001049.340652 1726.068716951313 6281.865309923645 272.883198675809 248.0337597917212 2988.133019629103 1103 191590 1 -4.190354566680851 -1.647084228401235 2.16454698897304 -1.733786823409461 -9.275331780522576 -0.04889738015758738 1.89088174611204 0.1359795397152518 3.525346779847875 0.3624961378825819 -7.844899341554939 236 652.1316609382629 2391 1 6.142213170436605e-07
 -3.491573625012764 0.1739375736605106 -116056.0603677851 1027.179949255247 78.89384370231035 0.2370642100231818 -16176.3523261591 20689.71249387278 1123267.189860477 3091.320291609716 14845.9642426576 3052.317540400292 658 127734 1 4.54406828603308 -1.026711959394355 -2.430462475428571 -1.764627353463084 4.838586686702314 -0.04324041584988251 2.515227714290051 -1.02890708204249 -7.937390220167133 -0.5655977373607204 -3.179421331358927 239 440.1671261787415 2391 1 1.968955440839727e-05
 -4.009604301127402 2.601487628802933 -0.08409221312787678 0.2699338524703642 -836.7069846283198 0.3329101516901543 -213.1518586494562 35.20880092860207 5.372528286885469 2.453206345035615 4.594664063394656 2908.429534594237 815 191453 1 4.392515798081432 -0.1786262549777415 6.673975466884895 -0.6277628359661955 -0.8149733279425253 -1.163703839398924 -1.42522437858715 -0.3936651986600284 1.25007074790439 -1.17136745794586 7.806705314615533 242 655.1184661388397 2391 1 -4.695155950858857e-07
 -3.403789434356698 0.3848464124860714 -25.904019078225 3.124968274689302 0.02416846819297865 0.301940896112484 -977.5420063445322 104.1938710611656 27.12929614374642 408.4772480350263 131.9703073478796 2923.449089687127 1249 127659 1 -4.499567232487279 0.7009981399592125 2.037483474930396 -0.2025784056892066 4.269658003576392 0.312311753521116 -0 -0.67145500311908 7.021121707179297 0.9428020544216951 7.042596149505286 245 432.6618959903717 2391 1 -5.029881046909585e-07
 -3.635660317131743 0.08768417218784839 -422182778.0197861 0.2502834694277731 362.8755356611189 0.07635081723564084 -172215746707.8035 31793.39715059821 2296247.612602438 53336.500396497 9181127.082119172 2871.04820741028 3038 127772 1 4.433751892522465 -1.866672104111703 1.29332474949299 -1.536303194965547 -7.65907338670497 0.4813867131685207 6.882991144360517 -1.118479587135944 0.279355754230326 -0.896680877775168 -8.097639469257945 248 438.2276899814606 2391 1 -1.085415549348118e-05
 -3.852045815854158 0.3413715791406617 -181.9541004524199 1249.360782265301 451.5306772308813 4.320322266507665 -0.270728593115192 122.2824486446749 39.15960489378739 1.158104946109471 21.27772158726907 3017.330227089724 906 191328 1 4.503612745564077 -1.604713057876724 0.60742330920906 0.3422655493554161 0 -0.4611826985573054 -7.357282799755492 0.4354369623703004 -2.702353510696148 -0.7194497034703513 4.386715055989263 251 648.1901679039001 2391 1 2.9613358940398e-05
 -3.71950852321796 0.4897415245960434 -8.755616152182153 1.871211469857588 0.156475534715401 0.04185912393919851 -9.996781844762935e+20 15528.48528016236 495084.4907667293 0.663922088385786 161.2692678690572 3221.525465481279 287 189766 2 4.442559009988463 0.717775429193301 -0 0.6443955948178264 -0.4558074920599431 -1.04764055899386 -7.482706910838246 0.118911833346325 -5.949614139961784 0.1059625691503698 2.844339347706696 254 652.9608600139618 2391 1 4.509741452298227e-06
 -3.045702539876272 0.04018547010893987 -6.434530957472733e+17 1.845591533659164 0.2197708535459124 0.07362825637824238 -463234258236.1914 55.0886973673418 10.03282460744634 40035.76394239447 3105517.409941231 2934.104858220578 2993 191588 1 -4.448462546304937 -1.671511410383633 8.469414219467749 0.39113741263579 -0 0.1991903140029496 -0.2995725941638554 -0.9380389587631939 3.892681322950217 -1.626496375183537 8.862099695938699 257 654.21670794487 2391 1 -7.504079215844474e-06
 -3.431855501387829 0.4455903906635285 -23.19041923606003 299.0921963109559 30.24901702708767 1.71347479562705 -1.049159586644371 272.1264362344999 193.3064414634041 0.1893357839791574 3576640.406737234 3008.436614120601 2159 191654 1 -4.525223203149465 -1.298076554090384 5.78984393618734 -1.006202062582036 9.41887561269424 0.1578480902579224 -8.049357385838309 0.8292682162755773 -3.553993125734291 0.8408984346970141 -8.357791887219099 260 654.1681299209595 2391 1 2.704015980885284e-05
 -3.282515420768905 0.2717835929491634 -450.0194460166821 0.2748699265628328 433.1728660922116 0.2653018953361208 -6725.35399721702 2283.678173517601 11619.86550224807 0.1080447305503122 3805216695.583701 3138.664118396055 2906 191661 1 -4.193148121404002 -1.584379157427075 4.927095018743928 -1.046918057906909 -8.09561419869156 0.3731771662314198 -7.784084191506178 -1.76787954907568 -9.497715319899381 0.4859879323628977 -3.163379600774189 263 650.8050360679626 2391 1 1.330797379119763e-05
 -4.129755955162951 1.731925027026113 -0.1710138499927465 3499.175676168381 1923.037682062062 0.04920175475003331 -3.92317506983282e+19 3442.421559023009 31791.20103913594 0.06578215651067312 -1475350247843890 3204.292694469917 1376 127768 1 -4.658027128330674 -1.030557709317011 4.493530264772366 -0.7991860666620436 -2.575933364429713 0.233065483275535 4.005794841649263 -0.06467993580726278 -5.544887978464128 -0.1246750915180979 -5.7459544092668 266 436.3232049942017 2391 1 2.121071821462024e-05
 -2.813667473860773 0.105132075964968 -45396470.1329718 3567.59899016592 758.3007592550126 0.06339784010050055 -130453908784911.6 76394.84644827215 13119514.02699786 0.12411413980776 241877042.9270101 2954.44728203949 3615 127724 1 -4.08296270016618 0.4889830827327382 2.746451318139469 0.9716790399695645 -0.6274161663367899 -0.9231325196111921 7.506553252868445 -0.3738198912366251 4.094522313898445 -0.1606345715307054 5.992547616602786 269 434.3199980258942 2391 1 3.440588446059385e-06
 -2.890090745217621 0.3529963555174904 -42.7390183657428 5372.664519791221 3050.438514572588 0.07161217801746336 -1311725884738.51 57.63306138666737 14.06426947985806 0.1950774176300406 352252.6148584604 3011.961156051641 1530 127740 1 -4.124675160988677 -1.958280412804337 -0 -0.7720585559352386 -0.6593123281438937 0.8738922585461237 4.033919853007836 0.5825920789240819 -0.6525961975214978 -0.8093613045490402 0.2300536003599314 272 438.7672400474548 2391 1 -1.623088141841903e-06
 -93.43049386041997 85.16370915135941 -43.16614202269795 0.2148772053640995 15601.72002095824 0.09099629058485435 -10410621525.67597 8991.360532959123 205768.795466764 1.580623783008166 8.650227946932583 3048.507412792884 2474 191595 1 4.18712098184913 0.8383836386338714 -5.908407494175369 0.5913830659673538 8.079440743599369 0.2816039356128739 0 -1.076101528670225 8.082754779587335 0.3806863070656399 3.299210328685387 275 651.262992143631 2391 1 4.031532317193595e-07
 -3.821744918766005 0.2440843555330809 -1359.202386557665 102.8909117669918 1.107741802530505 0.3077405050281981 -182.1587520032193 22966.46751710494 1151615.672416134 3182.608481400888 -3778.438321445205 2958.117156659448 1736 191628 1 4.553869831865801 0.9655907096829304 4.517752153619364 -0.1084045093107289 -4.286739722394551 -1.066271675316438 -7.383551423619712 -1.565286887099436 1.72716776627861 -1.724455236821343 2.69853601962747 278 648.2743120193481 2391 1 8.607951873796392e-07
 -3.480469703052282 0.6185961112511147 -2.259000165504789 776.5249373736208 103.1532510392795 0.4240831707323885 -71.5550811997085 59.78233065990358 9.734966099839061 2.686233902220349 2.26686091009032 3134.520540035632 1035 191194 1 4.497234889475482 -0.2209976149880859 8.287506816695057 -1.416365411027434 9.91574207817318 0.6684388334268494 8.140669769650657 -1.205725817542531 -5.406645458378483 -0.5019368362847603 6.442465778148837 281 649.3313801288605 2391 1 2.684571775959725e-06
 -3.527982461795056 0.2234568641711283 -1225.50843877535 0.06700800786020489 -1501239454890.272 0.0647770629744311 -18744428985276.71 599.7573176019109 937.6023660708192 0.8384973913593066 40.33959893140847 2993.977692712727 541 111744 1 4.444977562536406 0.7322538379976331 1.718388716288632 0.8875693812382894 0 -1.730436166015135 -8.971183680965231 -1.671150938900395 -1.259724779451834 -1.573612642416327 -5.41934891794671 284 384.8177161216736 2391 1 -5.774116625296392e-06
 -4.301285942827372 1.04503811926174 -0.5006679999627667 22257.3046068245 40533.04746869695 0.05595102394759725 -382125018195300.2 806.7711126347959 1345.612176142477 803.4993574834643 -122.3783120190576 2917.672176322536 1001 127688 1 4.247192390578575 -1.545309537665406 6.120919465809093 -0.7817625491307716 3.732517831916621 0.1060501615322495 9.06384848497947 -0.8147515186842647 -3.854230675548362 -0.7788330603151428 -4.354411318042165 287 439.5261030197144 2391 1 -1.231618331125255e-05
 -3.643841086890987 0.5972184198463116 -3.950305944619834 0.3647137231163315 -39.25437199650304 0.2524252956089449 -3137.792032722508 44.38669084749412 7.250632703443876 0.04091596378355235 3.613648134448293e+20 2891.738965202709 1313 127759 1 -4.358122183019446 -0.7915967320752326 4.021625392875362 -0.2283261273465946 5.39688706079724 0.2546639308793255 4.375740133268609 0.768928864209518 5.161656328375148 0.7666818575699788 7.066787438079517 290 435.2093558311462 2391 1 -5.352158447192707e-06
 -2.374180542655716 0.1494395830944854 -1371747.679966758 4625.471660715081 4104.636631225695 0.06761651648379957 -728015328753599 112.683072214309 43.41037009450537 2.630469410270244 5.146116795039338 3022.676478959284 1423 191518 1 -4.696757756856875 -1.794323534663278 -2.96076277518796 -1.946791015766231 8.970477329065048 0.8278372031891772 -0 -1.915576723612936 2.148337917438514 -1.68367304323562 1.123718990966908 293 651.6165859699249 2391 1 2.614673977055952e-05
 -4.779021053951265 2.788835901156589 -0.08020861749754149 539.0128499891497 24.22765649897665 0.2742985487707774 -1027.807343677975 4283.210374646457 36681.93066893609 0.06445287757661831 64113963710836.45 3148.23418071997 2052 191657 1 -4.595447361342418 -0.6894422032717182 -6.829114960670258 -1.39478915234058 8.847567481149971 -0.6696056571874038 -5.656554190933451 -0.02904399939118822 0.7135259460035361 -1.544000515037987 3.063181817405304 296 650.5521008968353 2391 1 -6.739082997030874e-06
 -2.753247472768568 0.03187746503070003 -9.997039218776613e+20 0.04975070565986819 1.648700122778388e+16 0.2879999906374735 -918.2743545106546 387.3062964642085 398.5875241365943 1.70654951368507 11.98889835264447 2867.836189940971 1963 127681 2 4.694747817943144 -0.8014221881239384 -1.04228960515614 -0.4581087648009774 -4.509531171450791 -0.3019682014569263 0.4880672829528194 -1.260573511637308 -2.45063900951546 -0.7419153661820559 -3.663326879931024 299 441.1940879821777 2391 1 -1.326992276292265e-05
 -3.833987602464343 0.07860231806144313 -530442944.8559484 0.1657970149822497 40246.24200843774 0.1447907409050482 -792075.0485088245 1846.640138630818 8304.147947187164 0.03779913384127254 1.604240527742586e+20 3230.884906341121 3153 191661 1 4.538334206749546 -1.157261070045563 3.970568880498155 -1.048904714028836 -3.919928990833824 0.4077659971984776 5.762753099936674 -1.517706053698779 -6.095718938286129 0.6654544844248402 0.07079187495923023 302 652.7471988201141 2391 1 -2.253109395645872e-05
 -2.846653080173761 0.06742698702858264 -55908611338.81994 0.5227195932903403 9.008394073555278 0.1778234945003117 -104451.5544293688 5909.867376521563 84382.34313086972 1152.484914191241 831.3023169560997 2830.080937505249 3299 191657 1 3.991776679544848 -1.958802089554908 -8.900067136829433 -0.3864105260757391 -6.295276157632467 -0.3483931644271667 2.326298690624682 -1.287959048839004 -1.103505684729531 0.7470274746327275 -2.346296011309172 305 650.4835829734802 2391 1 -9.206560863261526e-06
 -12.65702883182426 10.2478341069654 -0.2893236718142143 0.04365540859709401 1.646323956809363e+18 0.09716976617241758 -683533510.2537482 197.8312211147434 80.01619929620514 0.05942565447845851 -346744010197921.2 3016.876615376242 2300 127766 1 4.318727155749205 -1.740920650193297 -1.894726103867749 0.3912577443086556 -8.629162884095797 -0.04390059500916535 3.716173798322398 -0.1134389788635719 8.673851430674839 0.3523730043087712 -8.926704751996279 308 431.725860118866 2391 1 -6.131570849926158e-06
 -3.184902895997641 0.09051579647923579 -347852791.0811488 1.789637172875657 0.1626201593096366 0.235076508058756 -4909.738824732938 2718.218734666179 14200.99861233895 0.05198019642752268 -5.095074501797636e+16 2909.656570509583 3439 127775 1 -4.665059069318419 0.7901971263700531 3.252194373543989 -0.5140331019248681 1.984179763029901 -1.368016650950512 -7.308162219430406 -0.8286332954140576 -2.401032167613758 -0.2969735158433302 3.605877227347278 311 440.9401850700378 2391 1 -6.049127240916426e-06
 -2.670924289077213 0.05322546936961352 -70641266451156.91 364.289549758932 14.36680445787499 0.08658336410779569 -23922552244.8678 7045.792830869142 105584.0372146848 3.953004478343328 1.046224604181979 3182.945792274108 437 191640 1 -4.471560285534823 0.6590544520327518 -0.2629881247064993 0.8577025196491315 -6.984487769380479 -0.8925234982638957 -5.115687576501054 0.7493340023745616 8.07533373637723 -0.8943717217238829 -5.653939742586571 314 651.4817368984222 2391 1 -4.90102215114529e-06
 -3.674963343212028 0.06334746091190127 -25212898132521.8 0.05668200745517654 8357682264557133 0.05303202618897358 -1.23325663972394e+18 20358.67415493278 970073.2693901805 2962.672567289844 5190.773592864801 2977.615354669093 530 191629 1 -4.631852983310937 -0.4862930287060863 7.194748670332091 -0.3340904141864796 -1.412774941755401 0.3582376548058778 7.681350925200952 -0.9102495982314904 3.319751114087593 0.06070687195360275 3.617023225093694 317 653.5085048675537 2391 1 1.864657063974747e-05
 -3.192548391408201 0.08108440829991888 -5174852218.441861 11265.09332236369 8749.826109037869 0.135137396689203 -7662477.369473648 23260.95702572843 1448934.862442879 0.3611020836867049 1250.797198357695 2986.501187388583 2546 191650 1 4.18234029245032 -1.984143326115819 -4.37510225592988 0.6325683181807048 -9.861681898231874 -0.7124922769391855 0 -1.793008017455593 -5.937797200788713 -0.2659676757118187 0.6995275486105763 320 651.2552230358124 2391 1 1.090531102653873e-07
 -2.953348439024633 0.0480535354490131 -23736254604947.83 14546.32298885124 18899.57074507646 0.06501807714424374 -774486540877.9846 171.9161224369173 91.40635450188488 1.352670862547946 11.10507964958291 3036.537229258178 4734 191657 1 4.245707518430385 -1.657331221136845 -3.332084085957012 0.03571821260702004 6.725685372908281 -0.166480077747095 2.879387464624975 0.5386002355600912 3.695612041069128 0.5522955777192178 7.052877470363335 323 652.5670349597931 2391 1 -2.714075223171616e-05
 -3.287440604039514 0.2337659409926794 -1354.14510347538 449.6990848707523 19.9712333682111 0.03977529516405493 -4.238846151049904e+20 244.1905766130587 141.1814681078803 1.505607004982826 6.056839828560383 2912.138598828458 995 191308 1 4.34075557844359 0.2434047225875795 4.706819345937455 -1.449766000080926 8.651847971512558 -1.997841666671618 9.498509045698983 0.7194809465982375 0 -0.8297156257629252 -9.345959799560106 326 648.1218099594116 2391 1 -8.352159408999121e-06
 -3.66991018697177 0.132842988438206 -1979103.630895442 1.264277111624134 0.4740168615976909 0.152743362883216 -3048944.533107855 6.827972510996268 0.9857861352317847 0.6432155602826664 82.08450300151222 3087.7070526266 838 187172 1 -4.634502008830866 0.9190149987002023 -5.799631128745945 0.9919636065204607 -3.402218169472333 -0.8634995256012186 -9.699077283286458 -1.915359140287411 -9.625896215839839 0.8627502117825907 3.078811473509875 329 645.7520790100098 2391 1 8.454171476922387e-06
 -3.382310726193618 0.04087575735418422 -3.96012388221345e+19 67378.05570288091 663682.528907238 0.08173440698767431 -548758622326.2721 16809.7681284109 757538.5315645019 3260.741974826648 35143.59526825979 3011.823235456372 2068 191518 1 4.173025428033626 -0.8031548141648132 7.136578723452979 -1.774531310608795 1.626138897954986 -1.240765288866231 -4.923629595492477 -1.667891873655568 9.641938397936993 -0.2280464342311425 -8.395590999849464 332 657.1346769332886 2391 1 1.363578496896746e-05
 -3.59947678985086 0.05453258677403128 -100781391743992.8 2436.939280047021 1077.467919182579 0.06526608212376317 -84337954302282.98 187.9613422174588 99.45461492487721 1.336711851840425 29.89517940160225 2911.069764654974 1561 191664 1 -4.150627358541839 -1.674644528236487 -0.4447436755330005 -0.8271328487485237 6.109526976690333 0.6386105339996853 9.29071490902402 0.178008373079388 -0 0.685816661326625 3.71610475772253 335 651.8312799930573 2391 1 2.191620772104168e-06
 -3.692446926489565 0.2759437758645601 -364.5023303619614 10363.71313305203 55892.91916701265 41.34636468848505 -1.559654488832205 30683.40507956269 1959979.63203948 148.6867671459275 35.57178138830885 3005.093553468238 517 126990 1 -4.438748754898342 -1.177804081374183 -0 -0.9359370590793025 -5.260399211445806 -0.9204587242404401 -8.327548059912619 -1.469102042260326 -9.823808951778748 -0.801030185496626 7.899532994436465 338 435.7786300182343 2391 1 -4.60742138430363e-06
 -3.667107023592555 0.1473717530978954 -494417.9491349998 0.1978292666951404 25335.08697983936 0.172996047077727 -387103.8211454125 6808.709620809131 86686.56586954594 0.06879758236061535 46143170629141.77 3029.578232678299 1645 191646 1 4.409018536765307 0.5388713359997928 -4.072599615679512 0.1145272197636018 8.088263147318933 -1.076008205364833 -0 -0.4877130911051824 9.052936152821854 -0.3551778675078676 8.743745442540055 341 649.4495198726654 2391 1 5.533280666384621e-06
 -3.108298774324651 0.09967372678020141 -28413462.54268629 824.2141984202202 43.20681928856205 0.1384796593237831 -1480855.340628428 411.6298775953595 431.8021834301225 0.1361889764164707 19327135.13482634 3317.367340983512 3784 127774 1 -4.212344106884329 -0.5178654667841922 -7.536951899465771 0.4558753803118307 0.1341449735766709 -1.015710685057943 -7.756715697142697 -1.836598933886442 -0 0.7559094623725482 -9.07593876618915 344 436.5819680690765 2391 1 -1.191511876980466e-05
 -4.352260041223959 0.4162689645096926 -16.24137302128462 1.180373433682453 0.6149155302232743 0.1682894987877523 -563669.9832751106 1627.288251803863 5224.580386068419 0.08750304729535625 -146020007068.7045 2951.113663226748 1148 127643 1 -4.436927172933943 -1.985876710416022 8.293338988713094 -0.4158684151205332 3.609820258213206 0.3282641411999507 6.975188583988192 0.03124901566505576 -5.475188547784543 0.01864662294018516 9.617449220443861 347 436.6431159973145 2391 1 2.795636659666785e-06
 -3.301634893948432 0.03959719147749896 -4.481441528399087e+17 6974.671523894501 3949.663360201618 0.09771430720877329 -963804595.6781443 706.7169294558396 867.8938521744784 0.07489429930158067 1221527560265.548 2985.718838630398 4268 191638 1 4.426345903928061 0.7528054103734396 4.2326895143646 -0.004685771810013512 0.2091434552408318 0.1565503199513158 -6.425193587255286 -1.518441205499177 4.961163853016203 -1.967461121286663 6.793176193563615 350 655.3835759162903 2391 1 -7.127705850617198e-06
 -4.549065584465759 1.22931832971706 -0.4384929661388876 0.1154844691360821 71805074.66277175 0.05962072244835294 -4551335570109233 90.16494367375604 21.15744771078847 4463.37593972266 15369.93166761071 3048.901016782818 7359 191664 1 4.436213241767058 0.5748017657149496 8.810758001129031 -0.6452001261602281 -3.824715872226532 0.6788254295879979 4.73563233162688 -0.00682787648185725 -0 0.1422215029850626 6.97073831074758 353 652.3410170078278 2391 1 1.137942578277282e-05
 -3.492060775663214 0.06709350573590578 -809026812764.3367 8648.761561190053 11354.91424810712 0.1584130230240167 -1440277.073836171 78.79632352892384 21.4685001531692 0.09142644339053722 129395866984.0653 3078.547339671335 2868 127762 1 -4.590994891019045 -0.2983340062389734 -6.545152592769286 -0.8298850755741638 -8.119502559333347 0.625627818254324 -0.02170114484354801 -0.7596310515112998 -9.971885726997703 -1.856105100233139 4.226902148600075 356 438.6268990039825 2391 1 7.434795376971438e-06
 -3.970960250518682 0.352836232331024 -51.94997878148429 1.981669537468388 0.1614691623052154 0.08249969027937584 -44920318102.39682 42.56934235174766 5.823779821135457 2.095262444665431 2.452899480382852 2980.837993064147 3104 127772 1 4.208413849923199 0.1154050124335075 2.240750648793282 -0.7222550620603965 -0.6714152198111694 -1.784399652351398 0 -1.122304126475433 -2.023755467795153 0.6877309453318756 -6.243144514220445 359 439.3444809913635 2391 1 -6.90510964599654e-06
 -4.566424344211754 1.789937854930266 -0.2133622322784349 6591.022501039566 2659.289332864551 0.1932291822924684 -29589.79131541125 417.334278072873 439.6088552682127 2502.02854553419 15988.19508317401 3232.995158224239 295 190456 1 -4.37382618852678 0.7025096989505566 1.744278564888633 0.1530963581838879 -8.037019040660752 -0.9306247990304479 8.736992136819779 0.452103579965375 -3.946617413442747 -1.035153182778784 -9.009123414388526 362 649.9847819805145 2391 1 -1.5714832504411e-05
 -3.916790245914568 0.6118048035876109 -4.169063864272795 0.06711721850124013 -86434049152480.75 0.0926952138841543 -60303604461.18425 3427.813258458673 19330.80131786934 4.793670733157459 0.7143973279099243 3025.845984414831 10993 303264 1 3.884670858088133 0.6396647932316317 9.063412976462859 0.8690743417345859 9.239025991011202 -0.7937594076503478 0 0.05330303651413269 -6.829249234348232 -0.3126438822672606 5.86761331491128 365 1030.453048944473 2391 1 2.108525384470114e-05
 -3.173814192562255 0.06695771527051045 -28156110056191.59 0.07281549011347198 -60101842193588.8 0.3610101594508107 -796.2907257545933 28.34843997604314 4.241928242144598 2.366824507705086 3.912131325606496 3099.297315308113 5942 127773 1 4.487896611184861 -0.777357175223659 -4.596133479426618 0.8027702320351469 -3.044479483410445 0.6291446793845594 4.295741664037444 -0.4738521489468628 7.903181955397821 -0.5969350473619892 4.237074545901316 368 438.6055309772491 2391 1 3.035240168170445e-05
 -3.361831054534604 0.06265551462673502 -12007013059.90405 2.800069544317535 0.1041007805074795 0.5183208959042431 -17.71887819471716 1572.026547289226 5404.426449445302 0.1165732418132641 73326716.54665479 3021.973784372548 1922 191644 1 4.071379965222633 -1.771497698501007 -2.09992189959658 -1.506465664563611 -1.641252142011401 -0.2910893129883014 6.119557695668052 -0.9517474302524729 2.630032561345386 -0.02579186893018908 -1.771066667490015 371 652.4746241569519 2391 1 -2.812919941985308e-05
 -3.235941942736275 0.1348389696663354 -253493.3089647592 1.285174711801983 0.53553380525975 0.04599036287526744 -4.092161889505334e+17 221.1176583177523 123.9079406540888 0.05565959148427954 -633264688291473.9 3004.134033942897 1941 191614 1 4.447320944152475 -1.055645622122109 6.908458275730702 -0.769321546072618 4.742058461961691 0.4233297561599651 9.724917108285366 0.07927216173295944 2.011381340631602 0.1645480064369118 -5.02028161728639 374 647.5423049926758 2391 1 -1.311255284983986e-05
 -3.347760679031246 0.06831219562299583 -916407978180.4288 1333.27194212912 148.1934008331108 0.2641788789005913 -3684.826217913853 3571.140334502826 24520.43539395468 0.1252030930135241 431468560.4813727 3016.169764582554 1976 191563 1 4.566739208814009 -1.94175615618044 5.849689150496206 0.6519864784406639 -9.830173014621131 -0.8279033962588231 4.090961716234312 0.3917017043591753 -1.350868889387338 0.2468897993126733 8.182770766989593 377 654.1755299568176 2391 1 8.036839796394937e-06
 -3.163788230605816 0.1302997222718383 -3704188.52127406 0.09968376784109283 1910251836.74146 0.1103695196868937 -789683961.6951247 1934.527930523768 9901.842915814816 0.9177019260792656 35.61302969751998 3062.049187561112 669 191517 1 -4.07581516266981 -1.03337421139368 0 -0.1838955175608454 -1.392534472999265 -1.972938838942638 2.716433993368188 -0.5501442639651017 -0.1918397298187706 -1.760605984621448 8.613012532564609 380 650.0653989315033 2391 1 1.30730565746637e-05
 -2.861016967115131 0.04452529754903894 -6984656544912311 0.1221318253768547 4293538.41866554 0.1636127861242636 -241272.0358134853 22009.42590902476 1155531.230852292 834.5047930976104 595.7548824507197 2901.972627856953 820 191635 1 4.505158554203486 -1.901376514153681 -6.044485491704599 -1.721691258007239 1.532882630395095 0.6127496346343881 6.141283846085134 -1.19566481534774 9.775136532521902 0.4291499903320437 -8.852996781382547 383 656.5743441581726 2391 1 -1.173588438452384e-05
 -3.089663284715218 0.3347596483656884 -70.63285766282549 193.5391813687261 6.681576071941264 0.07485331484804657 -74999794350.93721 5598.506068138971 71452.21354976714 1.571002108959903 6.617986064046487 2742.746924405113 716 191563 1 -4.512219037627824 0.5913349592548149 2.246991686969261 -1.142932121202125 2.684352997093754 0.6942993818327228 -4.279400994675234 -0.4988605034249538 8.835555677988417 -1.270333712263101 0.03303695103108728 386 655.2580778598785 2391 1 -1.294660314919618e-05
 -3.663409637224775 0.05241916530434337 -7969426606796688 80.0912044164842 2.664111098103862 4.817459722938015 -0.22521697299133 53.29623802896738 8.16918908536368 0.9781419699231451 -8.903099484539425 3114.191618422128 1876 191588 1 3.512555168597233 -1.757866877944951 -9.580070389235564 -0.6898004911794073 -6.47967635390129 -0.8058632070484393 1.194421125543768 0.1336601920965039 -1.328846140007884 0.1436136044779177 7.060236761798794 389 652.9445538520813 2391 1 1.75266316258924e-05
 -4.230722885817331 1.284345103045189 -0.2459631031484679 10.01758085272811 0.1013222107226362 0.6658921690569417 -6.401858550124778 478.1218437509586 514.3025583211029 23952.57904978944 631501.5785097411 3037.146860046494 967 191599 1 -4.397711798078869 0.8357983875077375 3.689084685798743 -0.7318800671271948 -8.715148928652935 -1.659875242413035 -5.420943612905596 -1.659836007104891 -3.164222588903264 0.3367441462995857 9.617422702200711 392 650.5435330867767 2391 1 -1.804006358291267e-05
 -3.611278174992492 0.0567836076933621 -1308526557418.335 5522.446773565456 2740.618579468463 0.05308651716807315 -1197145553236252 147.8608329892714 55.77448301479647 843.7305851441808 630.6852241973014 3027.056203153249 2944 191661 1 -4.045356695541664 -0.4167634777791118 0 0.5513418051604243 -2.42298359621763 -1.24693218890812 3.91360657283962 -0.5472311324404258 -7.303442478973587 -1.526386254167122 0.02939794982195254 395 654.847886800766 2391 1 -1.835220067362849e-05
 -3.21409262407151 0.6067392587909834 -3.616039946037755 19882.61890261347 24595.92839771239 0.07417568113995329 -3390096961592.755 78236.70812034213 13966855.91928473 4.178734739490765 0.5970380305645564 3009.852273952737 300 127112 1 4.601755597274994 0.8777943087822142 -1.83652463185712 -1.071619075983502 -6.502494261411784 -1.905702951443724 -9.341392780985608 0.7423141728328336 -7.564400594403976 -1.871964296991862 5.16715893479991 398 439.6303608417511 2391 1 6.085947660270153e-06
 -9.360514412735103 12.05998004768693 -0.2017318132309884 8.844950041932009 0.03863764664030934 0.1614634613033255 -449451.622599759 348.106558941811 317.6965758988418 0.08458760620337662 145960049692.6187 2967.894837270777 2341 127775 1 -3.084174554885073 -1.2757987543439 -7.775801878812539 -0.3459664288221793 2.342501946581539 -1.863524104906495 -4.205057723220944 0.479485205754477 9.452434069415675 -0.2279603342520016 -3.942533199488369 401 438.4348170757294 2391 1 -4.768933540550513e-06
 -3.639751557974413 0.1026337644502981 -91707024.590372 274.9607120306356 9.714572307334532 0.7144484199707528 -6.847813599666009 172.8145742689009 85.23704359685784 1809.775996744482 11453.29205720649 2891.012799689955 2750 191625 1 4.374517417157032 -1.266922678195052 -7.271423949343555 -1.191409916622295 9.440902040767153 -0.7280178558918369 9.999240982033784 0.06188981420041984 -5.426707191841448 -1.588886761011373 -8.344558665801992 404 653.082526922226 2391 1 3.170649316984863e-06
 -3.22794429267295 0.1463158020154116 -155427.7235927082 39.79311805417446 1.245535242157728 52.80238742911602 -2.173551491694918 46853.63458365588 5629295.889544767 1.932629165572742 4.513726174921704 2717.39509347184 940 191531 1 -4.599163093617088 0.1340703663118452 -6.413554525599059 0.4497447363179283 9.462316309246484 -1.335986818134131 4.758194393581315 0.6119686071559411 -2.446114202971641 0.08620896059247046 -6.294919522779869 407 655.9243149757385 2391 1 -9.674227755444041e-06
 -2.811805781531889 0.03100057578000483 -9.999719679848316e+20 16041.19531175834 26274.87686731468 0.2231121910854919 -7658.117844718254 71.15534763038619 15.77900151931112 140.9607731591465 26.89981546843673 3048.495612408539 2486 126861 2 4.430655131758309 -1.028410095244528 -3.964171449167346 0.3652161076947764 -1.205989296576866 -0.4518301705419187 0 -0.7138290496068045 0.8741463936319214 0.2974823306801557 1.519315613945604 410 439.2050478458405 2391 1 -1.737133848664443e-05
 -0.1326145319677219 1059.140719427569 156.7164607767123 1.846706983947938 0.3497232832879398 0.08131323160194802 -46307037194.83273 5768.749620468767 79390.57411209881 1.325803477975837 14.82233788271569 2962.918271851501 1728 143719 1 -4.568772288840907 -0.6026914543957878 -2.961641353219826 0.5311498488732989 3.38769503503998 -1.522475626685294 2.040970891384989 -0.4602631330486711 -7.742498859076806 -1.398666946433985 0 413 490.7045538425446 2391 1 -1.008187793132906e-05
 -3.346478822578604 0.1210610894431213 -4300237.77570304 730.6836064931766 -6.332675618110224 0.1565168805923838 -926922.9013442723 6.891826493754294 1.469743515924338 81.90755826144778 18.78590724329771 3295.417813746541 1649 191607 1 -4.685871163649997 -0.6587889765993253 2.667538933488418 -1.534353138476839 -0 -1.89883272893992 4.580076958988876 -1.851441573968024 0 0.3732541934987115 0.2566951223132952 416 649.3095021247864 2391 1 -9.451822274560686e-07
 -3.628406128322878 0.1155004801550556 -1427781.326073027 0.268146571545703 -488.7618818389635 0.1231590737954946 -1640792.30202467 92018.20539161401 19362033.61325501 0.2680588438997509 7665.220790200895 3111.053121194352 1781 191657 1 4.408448317565099 0.8645707592837102 2.373785539957469 -0.07171042622533903 2.789862400835399 -1.059379678973482 -5.522659311441251 0.4873674454844883 -1.938168384022705 -0.4771711464561009 6.486631850412721 419 649.4571268558502 2391 1 -2.234945795742378e-05
 -3.607315354942862 0.06167016841807522 -455710589627.2905 41.89335264728714 0.4229497108583543 0.1957859721242353 -59585.74859058096 2299.282615057224 11864.34079004248 3.007644633972463 1.376663628194732 3059.885721820422 335 189950 1 -4.375284003774075 -1.563926829086664 -2.328898548915275 -1.267980589187523 2.293834194032738 0.8481839206964032 -0 -0.2077199646642747 -4.023246407378228 -0.378840459097753 -1.805077722256726 422 652.6768980026245 2391 1 -1.186692757416324e-05
 -3.400481251227138 0.1033825156894728 -105160006.7188798 125.9599651023397 1.534699345789189 0.3495992847289827 -504.352332895339 30761.66814672481 2739584.275971697 1035.340113024527 1341.012679415489 2982.443675366609 2526 127752 1 -4.071254964846109 0.1312363729392878 -3.349346000520875 -0.1404112869194351 -4.182692926098688 -0.8486812036951505 4.528710976103715 -0.2693039932331533 2.905515183099827 -1.169806714329512 7.639774465882638 425 435.5635089874268 2391 1 8.138064036734946e-06
 -3.601443743272611 0.09732509482287989 -409724688.4124745 0.9158576320763535 1.238735658231242 0.08556356262659467 -94941005563.01653 894.6179623683231 2010.338517471832 1.23449835725556 17.46235769334847 3171.542287399906 1752 127661 1 -4.12459864998729 -1.41241844102171 7.969459091726353 0.3286214816115799 3.968951554188492 0.9774636191441868 -0.4059764868532856 -0.1006839326800711 -3.885997843362411 -0.4291820791824197 -8.666402712834239 428 433.381667137146 2391 1 6.970907718637035e-06
 -2.981127972967275 0.06322633493063196 -21317134771201.81 1.759192826125874 0.4907008570115435 1.003388409870573 -0.7047119037409172 110.6578163640291 35.7666352229901 0.06197534924767739 -9171995413934752 3052.624070097305 2818 127776 1 -3.879415118303445 0.01058975173187184 4.07230497840772 -1.103153051173763 -8.42898200916065 -1.291961287138148 8.629185701904225 0.4965756052835921 6.540375279386394 0.265577590021044 -3.321469435310306 431 434.441789150238 2391 1 1.831472024678762e-05
 -3.683640672372799 0.07890537569239491 -26711370242.57515 0.1434421203278887 530954.5934709874 0.1431136516408545 -5887590.052173428 137.5338693190311 61.0615882865196 2.054947158663793 3.62746015378829 3179.221845098984 2739 191661 1 3.830587025540236 -0.6947131414580294 -1.025839298059143 -1.87965140198963 -3.528568719274091 -0.8775865251473487 -0 -0.06651759758722704 -0.3856362322429585 -0.9208907728878932 -2.862367830166356 434 652.1404669284821 2391 1 1.041098543849665e-05
 -3.764127345762928 0.7621742675663844 -0.9616134091941112 0.05441643948766985 2928016912958544 0.05070786634407482 -8.07507640466525e+16 258.1426181031911 172.0731420351972 4870.158704162661 56003.39717016507 2817.826597509634 1724 191664 1 4.469844028407851 -0.8998941571919881 3.885110776069471 -0.2708740944366249 9.788360594293817 0.9889454954038666 1.222569244349792 -0.3648367119964808 0.2049626192810923 -0.09393022284223744 0.02204429484236581 437 646.2504498958588 2391 1 -3.016693127224796e-06
 -3.512950091521835 0.116134645244345 -15254775.96026088 0.05048979602343215 1.473368183451803e+17 0.04790902617617104 -3.528885456516479e+18 45.25518339519788 6.703345831400952 51.10905258045563 9.413484253331518 2973.309652313797 1490 127734 1 -3.880613566363172 -1.549896102140655 0 -0.2916752557354192 2.453101419437493 -1.081166903187009 0.8249126943138858 -0.8662628816737561 4.450901076991904 -1.821506407070384 -0.9742631230360828 440 433.126100063324 2391 1 4.266057035873627e-06
 -5.297659886424551 2.189124984023346 -0.165791756781465 69.49945170568178 0.9299416494419729 0.554701757235146 -15.50445558949555 1401.204319234478 5506.731672739133 4536.163756100981 48436.65178311156 3001.029897466963 642 127718 1 4.524673494635959 -1.824239380618208 0.164683885055819 -1.45262900401741 0 -0.3645040427872601 -1.918327094292361 -1.6653141245502 9.811713798712828 -1.187473490749968 -0 443 437.9075949192047 2391 1 -2.101318278041614e-05
 -3.327363442253725 0.548549295118222 -5.095074274956126 3.484708835967536 0.2575391168569838 13.53933874051185 -0.2216246861898956 1142.358110082497 3371.992884686103 1.429663108945019 16.70599878936339 2949.809990936421 208 191388 1 -4.318017805113113 0.2404274262828135 0 -1.806835008590502 -6.518622858026297 -0.9677856833418632 -2.448247212932932 -1.359375706338413 -0 -1.315470029053949 -8.326169824829456 446 651.9502501487732 2391 1 -8.284972262020546e-06
 -3.649542432137249 0.1289184194917629 -1592086.760632278 53.98407810466898 0.194792359196338 0.67759527280701 -5.623676392507247 32873.16629609383 2550832.648724051 1.976470710316835 6.050425967549445 2930.807606595402 218 111088 1 4.472386582456827 -1.572722280834321 -2.743833590060853 -0.4575707246725047 -5.366198762089688 -0.1168790346885515 -4.228791159430898 -0.4451316873507221 -2.973057869216098 -1.747710323644702 6.395415340972432 449 381.0358700752258 2391 1 1.199709754321448e-05
 -3.421303434429551 0.1251579835078092 -15330752.07873061 251.0896588706176 3.992818422693764 0.4263002365033507 -132.2329970363594 11.59727979758921 1.220229807178566 5226.450928964849 13614.49045386294 3014.793801023233 3988 191652 1 -4.172795191660447 -1.824287134602392 -2.146570964425619 -0.8524613050394709 -7.151071916725966 0.7488732564049441 3.621352200153715 -0.3794988743226889 9.796239728464725 -0.9245243552815161 -4.750781060861057 452 652.3074281215668 2391 1 2.295127763888815e-05
 -3.205659386894385 0.2187984087155599 -3211.113719699543 17.64153634942094 0.08900891168607195 0.04404858406131885 -2.629860269395306e+18 6024.877167835594 102356.4656313498 74225.4585042508 10829309.31599518 2923.588813095329 188 99051 1 4.440650057139231 -1.300009507924059 5.014161885667756 -1.237904067352256 -0 0.8976757036810814 -8.681325415824345 -1.797757957948283 2.91176033642801 -0.8099445080439445 -6.215948079715791 455 382.9263849258423 2391 1 -6.500798401307714e-06
 -3.910187634686848 0.1945051919397523 -17808.7279514017 0.1343996426276785 8600170.501068972 0.2154046814923799 -12398.69909879524 5.185691628639237 1.953217695967059 0.2037482173021786 769027.0171245198 2906.481764692478 2982 191664 1 4.155506522025674 -0.8618368851763574 -0 -0.8161150848712886 -0.8443452702534446 0.8772186505079382 -3.725568336444009 0.6405529326663273 -1.830693392314919 -1.009529291289528 -5.243950971342238 458 651.3939728736877 2391 1 9.254721441067883e-06
 -3.754679309224062 0.4099224009325526 -31.36260179318937 267.3766729525098 6.758255398363622 0.1377913089523529 -4280620.612162092 10984.13852532546 361350.4574925971 4.605401703032906 2.430098775035091 3067.0332977618 943 127735 1 4.576108864857315 -0.8595166027255399 -6.995506739793922 -0.7585398596005266 9.820115313194291 -0.4131648171503217 0.8108305405909175 0.6322281159944114 7.20661480719558 -0.05014957954739077 4.099825732761633 461 434.4889750480652 2391 1 3.778507501572335e-06
 -3.417552653740676 0.1855957145131492 -39971.19574217807 1.618648131389648 0.2425471463217396 0.1115339001541303 -297475568.9117683 2611.26086892054 16843.61343829712 3.519133291892933 1.190247067641585 3133.597385203467 2814 191649 1 -4.446556131584339 -0.7097775176745662 5.736255738116632 0.2463896132037293 6.47887786931939 -0.6650034998848913 -0 -0.1129728613383954 9.147952890434485 0.7871491916308382 -1.110923366897593 464 652.4583210945129 2391 1 1.415189190819981e-05
 -3.518889658029928 0.07882924377207216 -13031947325.49563 1926.015378079166 655.0310825118361 6598.834314266134 -19099.80538344365 33691.32863213521 3271550.018413454 174.002139902306 59.47855996212194 2893.812658625744 5438 191655 1 -3.530140841424099 0.03099440113323838 -3.592386722725628 -0.6937640842103203 0 0.9787358129669848 4.326132724651965 -1.05242409982162 1.355715686109637 0.6356425527350114 -2.394328602449423 467 652.0287270545959 2391 1 4.142305396519171e-07
 -2.616689520029152 0.07645680002506146 -10943635324.12852 59203.64821234964 510146.0306299551 0.2190488544202693 -12298.82830534951 124.2931878955939 51.17826486844911 35.54289324412206 6.682447580082612 2806.176046966072 6571 127728 1 4.619656080548036 -0.5315275658774725 -7.901629177884571 -1.419013136372851 -3.875968804722252 0.1437876810250635 2.404430577443872 0.7547019403048236 5.66981229261652 0.3739645660868169 -4.331475574790405 470 439.7748181819916 2391 1 -3.716419529192823e-06
 -3.980320038279565 0.1635755521601215 -141708.1482673878 0.04612988573176456 2.17368311747541e+19 0.254157942177209 -7788.460704777664 20647.97074429777 909350.3712653824 286.4960694929251 89.27710629449174 3099.101160334226 3229 191654 1 -4.687184269363404 -0.5882870185987397 -1.248564450760414 -0.3008273733356406 0 0.8256267103761421 1.35112262256337 -0.1366872953985379 3.11741141140554 0.5138824923303886 6.211192468366102 473 653.2760989665985 2391 1 1.028573075296664e-05
 -3.431262326154196 0.2008652748281749 -1689.496263682268 0.0356545834529088 9.971196094365341e+20 0.3818789595284771 -162.32257015794 20013.26724189943 996367.2738684864 487.1943500089805 602.5505370953581 3028.148004543847 3614 191642 2 4.222508091752422 0.7086677715309069 9.411782460015068 0.9399790532569714 -7.529298772951211 -1.065473783093468 -2.208736620071665 0.2889351094017298 -0.008607182997240947 0.9899259485526741 -1.020419033213364 476 655.091197013855 2391 1 -1.845781591185935e-05
 -3.411741142360653 0.1736644767374625 -93721.95116559353 57162.83244350729 366101.9787263613 0.3114791855104957 -1855.180758744982 5106.285913851933 71949.85795774005 3.889034512664786 2.181739703938084 2870.057385552344 2103 127734 1 4.121908985682034 0.2238143472819511 6.002454643705748 -0.40376236738914 6.052332659713517 -0.2050429470954623 -7.553582333030723 0.2772783672867324 -7.854181478285952 -1.349114171150512 -0 479 437.2867050170898 2391 1 2.041861084807174e-05
 -2.825484766211886 0.1173181432144805 -7628498.623707848 438.4743123700997 22.48110444304952 0.1630280753335911 -1496228.743144764 96150.49791484527 21676875.16639341 384.7452633779193 242.442903615762 2822.258553667828 3213 127775 1 4.048784546665614 -1.385970240063963 8.28429725566119 0.5072592277048198 -5.84485496142892 0.1100886143779909 -8.431434407385179 0.8076378693437882 5.223211038361849 -1.238375482793142 5.50667030169148 482 436.1493680477142 2391 1 7.978891093799788e-06
 -3.276158836378758 0.1415099917442533 -175478.6107146855 4.169925670235124 0.06102491620547081 0.204972410195239 -15628.22859788698 757.9525397491856 1528.875070688566 6827.541553721168 163658.2775444243 2785.914638264264 3633 191634 1 -3.899790751263958 -0.7891834644417042 8.254542952160971 0.6804620257582017 1.742126861181609 -1.472721771871112 -1.737019388522429 -0.8160146069064194 1.986731071638457 0.4144617027556263 5.636807709849498 485 654.1725168228149 2391 1 -1.395515461413219e-05
 -3.540134465443927 0.4553466975211171 -16.1913913040996 941.2535551569867 37.90166318004658 0.2351468313763407 -6135.645145989742 214.7557225012467 126.0619808491615 1.191772559153193 26.28043984334802 2943.030636276391 2820 127735 1 4.639371266832377 -1.563131359443859 4.930070118376102 -0.2378590899186231 -0 0.7930379697087924 2.809672236268356 0.2210981908208724 -7.706489844547475 0.6319333506509358 -0.7245806745528531 488 438.2491579055786 2391 1 8.670247715993952e-06
 -3.072010487343283 0.1457169786488665 -85391.27877955401 78.48850286510383 -0.1934461177308046 0.4681932272074789 -40.87896763342584 121.0890174916973 43.42826332118167 121.8435854253443 28.1943330571424 2943.41879200192 3436 191660 1 -4.575077281633128 0.2987864057057105 -0 0.489355634081563 2.385840670211211 -1.337448420860484 9.63624068004564 -1.471587187143788 -4.634833142229015 -1.314916626695845 1.972963976511969 491 650.9971971511841 2391 1 -1.399014130469362e-05
 -3.316644224040704 0.2626115420432276 -75.45892057866845 0.03692843829380947 6.786381129549694e+16 0.2714884364764898 -363.0567386231984 289.2195691387996 190.4837855468273 0.03533255539398771 1.221532863265772e+18 3349.372924378175 2525 127748 1 -4.596087121355961 -0.2450627021662335 7.964981745056884 -0.8546948655833768 2.481246032353046 0.1961401945945122 0 0.1665007474874249 0.06885633463016738 0.2971881597352639 -7.338661790413198 494 437.2835159301758 2391 1 -5.142161152286171e-05
 -9.254242128476671 10.48685686743589 -0.2039913514324996 7068.039093180959 12801.02538367282 2.770547089051342 -0.4392013239162673 202.6073165965535 109.197427999354 336.0828151782975 160.4126958810417 3114.11639485345 2008 191663 1 -4.206297571794645 -0.3481639893031137 -5.226749606740059 -1.478446359703055 -3.507643300819043 -0.7644579020572815 -3.289934537134214 0.2169197463699941 -4.23332946324829 -1.414131537732594 -9.977526831990316 497 654.2654671669006 2391 1 9.761695757441732e-06
 -3.382780930469222 0.09716193987912397 -258557377.8315768 5615.352410016774 10985.44440644707 2.625295566680071 -0.5041777142928976 32.76579171278372 3.926350447026401 19.49413541487518 2.787635738377862 2951.652870213589 2434 191660 1 4.384596573585686 -1.178991336551601 2.215727894060239 -0.7788577719974068 -8.423780052569665 -0.6357201100848542 -0.4794645868636298 -1.555413701683184 3.182914047538079 0.1887442896947409 -5.397644906256497 500 653.1745648384094 2391 1 9.377976738411795e-06
 -3.728777718596927 0.1086188948016447 -4948412.970632493 0.2233737274256222 -3145.130665285165 0.2237174833542534 -8580.166270779941 3692.776765131907 27806.17021547288 2.367074184635701 2.603118952440279 3021.225091550989 928 191469 1 4.671362877349573 -0.8625406627908578 2.903155945174146 -1.894055714834492 -1.625782240503427 -0.6923805643605156 -5.396594745750084 -0.9606669300137982 1.051423943523165 -1.635085341340154 -4.359775552011384 503 651.2650830745697 2391 1 -1.470045412216855e-05
 -4.0693818415186 0.261937159559864 -344.445565940659 0.1282589598003998 -1507379.787610296 0.06278358745363086 -14657374941870.54 19156.44161874237 793512.5235722054 0.2351634285921471 51425.79541403954 3245.802752018461 1692 191543 1 3.371016138393292 -0.7390515234424031 0 -1.871115092970889 -5.989550646949827 -0.04418021136408086 -9.63222761466368 -0.124128693033736 1.453140931352154 -0.1296399474719757 -8.632007026971136 506 653.8274540901184 2391 1 -9.431629755798321e-06
 -3.601568068877246 0.08967004513414978 -2473423853.718717 49.10031690119672 0.3593691250068161 0.3221418009851985 -1326.536798409921 375.0681096493412 362.9479519496861 1.416693180950336 10.81906001165425 3042.164581495416 2900 191640 1 -4.410570964689206 -0.729265491165453 -3.781806228223919 0.7611302983341854 0 -0.397848542163679 1.108835587183135 -0.8990662209386091 2.381569629041091 -0.9015753152515043 -7.237245154082425 509 651.6289439201355 2391 1 1.170260960737247e-05
 -3.638043524525359 2.473254217180147 -0.07130057935680098 946.9285472022432 128.1544730479557 0.06002106719870969 -635613353351523.6 216.9352758320394 146.4604451576093 1.572811809605399 13.36958846210198 2950.124435510664 623 127736 1 -4.152731190954713 -0.7504840698051449 2.215973109364708 -0.8463656538053197 5.30663847167571 0.1755511969707308 2.663765485410224 -1.069801331299541 7.147599310464745 -0.6551986841960113 -6.708542224409989 512 439.938579082489 2391 1 3.495768561835194e-06
 -3.136652936076021 0.09372437306859319 -580481501.6122533 397.6320107040664 23.43650386806586 121.9184046403293 -3.570756792133036 5917.972145362651 99322.45068533109 1274.854303365521 4861.493728358259 2995.833281136751 1842 127772 1 4.259140558813811 -0.7479283876259526 2.222431026559911 -0.7789421833837995 6.219114531716794 0.6107215976248823 -7.951857326896572 -1.196484120693897 -6.35411259199234 -1.154011144290727 6.701989960577192 515 438.8718328475952 2391 1 4.611677830420885e-06
 -3.084026065980952 0.09565320558890138 -78011092.61824545 2.870835294502395 0.1120187652644865 0.1060110448893054 -281072399.2089546 280.6193882134176 215.9684510915211 7347.049223826083 48313.08888869893 2840.591953275931 3244 191658 1 -4.603912284230168 0.4311516881272291 -9.42561987583559 -1.206221787030696 8.086600105673524 -1.130095962749462 1.480766715920454 -0.4712810330901132 -5.848626584522826 -0.2593365771496447 4.418212897289556 518 652.9300549030304 2391 1 -6.659257658518248e-06
 -4.276660877373232 0.1101618256776516 -24031506.07058293 13809.20689408572 -5923.987118618938 0.1139789979766538 -169286218.4811766 428.1503236367789 372.1812248166235 3782.297632677208 32909.7483831006 3027.893607395402 2668 191643 1 -4.338939966502923 -0.2887721679370543 -8.563747834679884 -1.096382475287605 -0 -0.1085726803799298 -0 0.4448649110646805 -1.4398978987977 -0.2005116844442663 0 521 645.680006980896 2391 1 1.500669846692627e-06
 -3.259551022182146 0.5889685982760702 -5.467544429576445 2773.409397590018 732.5343811469039 0.2673367205525976 -836.0250203176495 36.54491442283201 5.382962499500614 0.06896468397143957 49311765945894.7 3113.481755291024 997 191644 1 3.821256230716665 0.3655989338276239 -8.641845307061649 0.9024626805808076 -8.623626959222447 -1.197474553584353 5.127017434536604 0.2480394286983708 4.208809770522485 -1.008645821215622 -9.292437308139627 524 653.3295991420746 2391 1 5.137178563289828e-06
 -3.011093322205705 0.1863383183908019 -14290.95614424117 9.38071060579567 0.06397943350197778 0.1713457266148042 -277946.3125227498 63.89321912712811 15.14494819500095 0.2874143370737056 10134.63758570118 2958.945873330177 3009 191652 1 4.636276052737929 -0.3690683585127239 9.399695303137557 0.7758882980163042 -3.102819307106114 0.5252245171075201 -1.559575321957377 -0.4617067022398995 1.097318521582705 0.08289780903104928 2.592570069420526 527 653.494204044342 2391 1 -3.782827546436838e-06
 -3.562449292014588 0.5710505753119586 -3.171656629970948 1250.823239677385 260.4480637224618 1.300581756105822 -0.74107525431002 1712.2060494266 5917.767440446017 108.7002510301339 16.45355590390105 2803.728927979313 243 190057 1 -4.588896641617256 0.5102363473724405 1.745433918667258 -1.010724173122378 0 -0.02935804402929513 -7.025533330127574 -0.5596985727150132 -2.151191185618749 -1.491736151659909 -3.338994409396542 530 647.8001961708069 2391 1 -1.881288745533572e-05
 -3.511595062238369 0.1260722722643955 -8726795.40561871 20125.53032946344 61095.69242053211 0.7801484675134503 -7.646337621021491 52271.41219348137 6458066.103569613 151.9517026626612 18.7133674725998 3045.599393723272 2362 127766 1 4.574283268102345 -1.621447864916666 -9.098992410908087 -0.869479173923815 -9.504964971654386 0.8168717295903618 -5.599598490887377 0.9092230452218759 -1.310751762086352 -1.464038769596402 5.458137479322845 533 437.637079000473 2391 1 1.614902946881777e-05
 -3.242644437531032 0.2637809098898393 -968.0551843481368 84084.85718546146 581794.291748549 0.2096100557941782 -63327.54570879455 108.0083307250202 34.56850091031709 2005.145199917015 12038.09739248403 3035.933781596531 693 127772 1 3.465937361798459 0.3012032016003463 0 0.6175853302769934 8.257489371764919 0.2740979290113152 3.46141458411067 0.4569535172397186 9.142097977152703 0.1782142160586897 9.795853022189737 536 442.0939290523529 2391 1 1.684508995971633e-05
 -3.145941412721719 0.09813663121120697 -159190457.0340973 4297.769697171302 502.1720313933312 0.2473366213159289 -7038.824882095905 18635.23962610768 852429.1820248815 1.980018104533931 6.356058858873792 2976.020170736499 548 191654 1 -4.567615560304051 -1.627571031241773 -2.151461579810088 -0.1460359877708815 -7.086261717045344 0.1013811099811854 -0.6361952812170601 -0.02170923974351353 1.117320965926244 -0.6081498015571896 0.3852290842983996 539 652.1829950809479 2391 1 3.074916701590025e-06
 -7.440256748657658 8.612464841737252 -0.1232047597881838 48.39197097988017 0.4782782083027339 0.6212598677348592 -5.647592548569564 92.011702514419 31.10128601792519 1.181239736184481 9.078816799634739 2946.168955810416 1111 191555 1 -4.271120216348475 0.03306209822155366 7.865924762499423 -0.2171289405870649 -5.104902532847123 -1.521086495371685 7.170444226782477 -1.255962375216969 -5.844589143042101 0.9401908984002079 -8.15408042424872 542 653.5456969738007 2391 1 -1.198117867779464e-05
 -0.6644295090439061 1196.958762008183 181.139392054878 72.98347980507248 0.8783695345537123 0.4497055157402053 -93.52151671943076 898.5754313348889 2457.59455831009 1.637117973488674 7.065308490111978 3024.783971228316 682 191652 1 4.634807065922085 -1.851170067902428 4.992843600691016 -0.7263836525815677 -5.050179413386161 -0.3847063978245249 -4.449380250959375 0.4793700893879853 -6.068243889553993 0.9676328789679931 7.473510638238823 545 651.6415460109711 2391 1 -6.904085078461019e-07
 -2.970712042996273 0.06408931530919489 -424348822468.2844 2.163417365960239 0.2065377577951318 0.04237675420813867 -1.039901358149274e+20 93.86079391972021 24.81779283421355 0.0408137050688319 9.998434008645856e+20 2964.795835986553 2767 191663 2 4.514049346885782 -1.618842517881374 9.316855435836668 -0.5002525108623423 3.922029527131889 -1.939573791837001 -1.899369806769155 0.5062470054501178 -7.771120712132756 -1.659016811834215 9.311714377819982 548 653.8724691867828 2391 1 -2.120366535615329e-06
 -3.282256193551628 0.2170350849217866 -3455.395031719642 0.3181957430821112 193.9675948244196 0.3587483209332842 -160.2105025332905 33.49910858782336 5.144298257858567 0.2710332135705965 38215.3552602193 3031.976594725648 1390 127764 1 2.986183060290072 -0.1279768034478597 6.572918062628464 0.7201850623504633 -2.60896496442463 -1.708894201036514 -7.080303440124762 0.1321907222539975 6.969335061431615 -1.004185455460641 8.977029411405566 551 397.1341531276703 2391 1 -1.663374143840558e-07
 -4.017918095928493 0.5886448503815414 -3.710839304215052 0.1404392295097883 2109259.067953754 0.2043466634719133 -27694.48993548612 161.7511673709064 71.46191562045973 0.07563133209610272 4112643747629.146 2977.70104704089 2707 191651 1 4.446084564008216 -1.373770149845807 -0 -0.8290817707074618 9.000407872731198 0.3855197482093917 -4.197338889704345 -0.6283201993746275 -6.435189680184458 0.4998838468644888 -0 554 592.4136021137238 2391 1 1.752963471065646e-06
 -3.475745647404268 0.388863551259486 -28.54243955671006 4.599042291836528 0.1284806979232772 0.204954292377643 -18854.37916815314 55623.6990409151 7670548.582760552 0.09806977711529137 -3321585860.361703 3085.110657507213 2190 127775 1 4.582520150934131 0.5589733485114592 -5.996569593281845 -1.099066538045132 6.309022609216385 -1.750666398747232 -4.10211426210745 -1.121525639153012 -8.312406911675225 -1.439378312365735 -0 557 397.8064410686493 2391 1 -9.499603851301923e-06
 -3.840364972747189 0.1753530389716524 -38664.65761757019 8.320067709465249 0.04406716244396038 0.05602517669791056 -9676395322137880 312.2098997529636 270.6000315994451 1.941726020748298 7.434782715154264 3138.75032218275 3023 191613 1 -3.809942823089995 0.8960669947897331 -1.981471252584055 0.9370403563755181 -6.081823082536573 0.02834074420029518 -6.387524978607038 -0.3358472960593062 -5.403984151722753 -0.5349680293874934 6.653553407636914 560 585.7485010623932 2391 1 7.452540360842038e-06
 -3.417429052934389 0.0440751858661383 -3.875953186596619e+18 0.05930874074039304 3629227621387938 0.2339492824268426 -25638.35755668983 70902.08122481476 9312596.75186036 2.844575995595632 0.9640571078619667 3138.623007274471 2768 191661 1 -4.075438030584407 -1.893920415502373 2.295505740492353 -0.4011390910688926 3.086428179681032 -0.8908644760270956 6.938808442306361 -0.2926100120579189 -5.356928301204665 0.8938114549968619 -0 563 583.5726709365845 2391 1 1.626471855069221e-05


# name: injParameters
# type: matrix
# rows: 1
# columns: 11
 2 10 0.2 1 1 0 0 0 0 0 0


