# Created by Octave 3.8.2, Wed Jun 03 23:27:36 2015 PDT <charlie@dicke>
# name: outString
# type: sq_string
# elements: 1
# length: 114
Slope	Lambda	Gravity	Lambda	MagneticField	Lambda	MagneticField^2	Lambda	AttractorTemp	Lambda	AttractorTempGradient
# name: op
# type: matrix
# rows: 188
# columns: 31
 -3.29997457587396 0.1256522283435544 -378479.763334323 0.05766518385241069 42170812653689.28 0.0477952151699125 -1.022620287853254e+16 77.79305809566139 18.26296210129131 1.270132107827835 20.24945298892364 2934.215957405713 2377 191663 1 3.510801316852461 0.4891619579484491 0.1070869573333351 -1.718243018701159 0.9980156649362169 -0.4477721778814079 0.3396735204305745 -0.7425032788510411 -5.440649066098849 -0.8001181122612033 -0.9250887280303903 2 971.7391810417175 2391 1 -1.709249245226135e-05
 -4.402609499378807 1.591831763967887 -0.179687663892789 309.5124472693225 9.897409121916398 0.1462465385021281 -3059552.83833978 31258.02983561542 2240307.577362099 1.562531367255749 9.126027306765376 3121.121558972405 1517 191652 1 -4.632610146652585 -1.261446636431492 -2.548835592540698 -0.3135625532680724 -0.8867999485061184 -0.1033912570426452 5.368290961400262 -0.3343446847028257 -0 0.01783377108585378 0.5497382745501262 5 813.0224480628967 2391 1 3.464898254545784e-06
 -5.063784124635045 2.915994801277743 -0.09386118148847589 0.6209245834428416 3.485701347180927 0.06818127399574954 -13210370968865.32 842.2301784185883 1821.724139760881 17349.23457501788 340926.5003716311 3123.227780182406 1324 191594 1 -4.434808481495441 -1.178861961215629 4.032628534719977 -1.006828636529166 2.272179924919159 0.4956536216236325 4.139868036160171 0.4602631452435593 7.979689888189979 0.6825640014695846 -3.903042269979138 8 810.3287320137024 2391 1 2.555745888828995e-07
 -3.328697370757574 0.07051978267470406 -498463645.4669489 704.805703388076 54.59430383706373 0.200488119511373 -10233.13730393217 44076.83148814904 4695662.385033046 0.06158490959098139 7656949000989.145 2844.112043518621 3945 191656 1 4.694253587908698 0.6085915856546493 -7.943737927771048 0.3339935312405453 -8.124978791412801 -0.2785261230059506 -5.264737387437693 0.5240626739672249 8.884391295504976 -1.739564673985106 -5.551505970552356 11 821.6416459083557 2391 1 -3.323699251672861e-05
 -4.27053740699659 0.6020165234512017 -5.790943721187824 3.845708627651591 0.05297709379725021 0.09261647378735084 -12889507247.1576 45605.6553981684 5339270.314409307 0.08811040089132116 256134102276.4307 2959.987447019676 12934 207635 1 -4.563462333949843 -0.8974226114414101 0.3686746548578905 -0.2242873606918359 -8.880268937138023 -1.164911363695579 -6.993508084172182 -0.03531625957436904 -0.4037991218125967 -0.412127973807614 -9.083915586497533 14 892.6778829097748 2391 1 5.410632550691766e-06
 -9.399490816654225 10.99736487538929 -0.2188871862099592 35364.59534527226 277715.828562267 3.945151768435494 -0.2504043998478786 1421.689883935376 4753.735780032715 321.4065305799512 315.9209561566915 3104.533606228216 1311 191529 1 -4.465867567297209 -0.8884620748421153 0.21363764382391 0.8273956398439055 -2.417188670212119 -0.1018274553178493 2.07857979165001 -1.699783720992051 -3.904702294020785 0.3555727185081743 -4.705332145578501 17 725.1304230690002 2391 1 3.352443539762706e-05
 -3.061814797445086 0.1927035074650744 -13698.99425779902 1.87735500900894 0.2189587556576874 0.1635078803856031 -596716.5781271396 111.5476684057362 31.82230030830466 0.04120579747857031 -9.944641228045863e+20 3159.183340813102 1615 127737 2 -4.645972100221228 -0.9411251632668653 1.993839250068927 0.4785861210780115 -4.385337101617962 -1.598564510556963 4.807028006345884 -0.08185913960978834 5.884726214875679 -1.934565360271855 6.323749603175802 20 438.5923390388489 2391 1 5.000905820791581e-07
 -4.255072746587699 0.4080146420537211 -17.40190793269394 2322.147824883407 281.0205149698175 0.3718892465523028 -211.196969557474 148.8639606600217 51.69459279300609 0.04008771986122797 1.46753761123528e+20 3003.724998656242 1991 127768 1 4.270750383195344 -0.4611660934301636 -3.233672014204884 -1.683965924927985 -5.14534123574549 0.02240465018744331 -6.194845761093092 0.7359975286840279 9.408781676776544 -1.837291580143948 -8.037237059417393 23 435.9903049468994 2391 1 -1.434039443404157e-05
 -2.812031128129431 0.0391459442283709 -6.127878325208544e+19 7168.955224880806 11740.49822482684 2.279305597267451 -0.509068795490656 2346.542828267815 14418.17052236233 2591.096566270845 18159.01797401908 3058.885453451605 1979 191659 1 4.629075282063501 0.3224228367590358 7.056731947696042 -1.764733447106488 3.075823608128672 0.2432892934279795 7.993114374765057 -0.5591712653744016 8.309359129892261 -0.3850248666748497 2.776311835573205 26 655.3017778396606 2391 1 6.374415323094539e-06
 -3.476564964028518 0.1005275104844167 -13216041.58738718 11458.40138374607 17837.69498516328 0.1639630929656461 -194566.0906034998 2054.311309735192 9690.471236327227 0.6572987632816422 78.75161056476497 2932.575977458328 3314 127775 1 4.396332542848489 -0.4124085934359237 -5.538564167031468 -1.944738931596916 6.180281310372242 0.5913326371233927 -0.4394499126460194 0.6011149210161308 -6.649432859685592 -0.2296392967170542 3.216234103912394 29 439.5210728645325 2391 1 -1.390633003937492e-05
 -3.830887983442783 0.089566606850806 -1697070137.505728 28.60544147227943 0.277658859769016 1.333361662582369 -1.693128433428415 117.7943839722393 30.82386592869024 0.05147545504993346 1.004904511168929e+18 3268.561829195587 3602 127757 1 3.967495431210499 -1.507243272221092 -5.487766346665717 0.2075877180744041 5.768809789844119 0.8838944167237184 9.262774250984469 0.8278697779952733 -0.1543049030251096 0.6481355242787674 -3.149367037710754 32 434.582377910614 2391 1 6.559009237873032e-06
 -2.759451082442085 0.10119040450718 -41737516.88354533 8145.988062670865 8425.035714088046 0.09648997428009363 -2823646693.936137 252.0123822393284 207.4654864111882 32302.08291082822 4296250.304296678 2895.463249127047 3923 191645 1 -4.225403975642849 -1.15609624645622 -8.05558828249913 -0.5719551115477053 9.399024567364753 0.7809001473980426 9.441128431691627 -1.838176345885506 9.747980483381442 -0.6436535186795851 -9.796551305181515 35 649.7309830188751 2391 1 -1.455493463557622e-06
 -2.670974906275358 0.1038370827802337 -37384264.84760349 0.2446799691282115 1614.165124739796 0.3811338891908757 -169.8206741708421 63927.4281143331 8285726.82520221 5.574363708870343 1.120405646113432 2924.043997898274 2560 127770 1 4.592477940423278 -1.139592821886763 -5.768444674645311 0.5411577106561318 -1.979403841692143 -0.3923751687177735 2.741198960369775 0.7288932464033091 -9.174857145007719 0.9895633837345286 9.4444292449298 38 438.0047409534454 2391 1 -1.61662805398225e-06
 -13.05028371355886 9.844916454123499 -0.2998214856438032 22680.98389997301 -26399.14558014593 0.11147709073998 -562090531.3695548 1714.492656707938 6551.995124767698 411.0243939055746 110.4260494245419 3056.191204395437 2140 127750 1 4.093661314586936 -0.03577474563951102 2.97054668866094 -0.2815409312812456 0 -0.387371294046905 -6.152573174959083 -0.9631629465774951 -9.182170788764552 -0.3837247797917129 6.978655896943669 41 440.0268881320953 2391 1 1.230491575582606e-05
 -4.500420694679628 1.042938853007699 -0.7841675316345557 41.85111226216999 0.4667298797613583 0.06541547120087121 -344663092380903.8 95.94717394393749 32.64595045416798 78132.89065297277 6061207.134999884 2634.450022853062 7308 191663 1 4.448900153672456 -0.2047781413539518 -3.634111465923582 -0.7715274932338563 -6.439487891125082 0.4493141235998852 -3.674135502287482 -1.711325822696711 -7.185334883394713 0.6152308963067767 -0 44 644.2950129508972 2391 1 1.643635703573717e-05
 -10.51573283518071 11.78716496552901 -0.2586492428058129 0.04277681732370286 -2.144474612004904e+18 0.1056188985255036 -163400274.3843362 77.16642302318023 17.57873418665359 0.7044310767783005 119.1341121893147 3005.523227786263 2905 191656 1 -4.694599630831394 -1.030196945987026 1.962405067497544 -0.8075555998358608 0 -1.674488495206814 0.7777739126686098 -1.644302417258848 7.400806764948465 -0.4941250115281043 -0.5774276324303207 47 653.5804309844971 2391 1 -1.382443946193104e-05
 -3.836092118925613 0.1012884342790787 -242046824.8107885 57.97971774442438 1.338530841580435 2007.377398474718 -1081.611181057404 110.0490016027638 38.27684436066605 0.04447026409391708 9.989613013376871e+20 3175.637023660525 450 127555 2 4.674766353083283 0.346742178306187 5.732625324781573 0.7994884451479302 -7.867603745778954 -1.397391812611776 2.765808843935794 -1.916688978951273 6.954622971023284 -1.891426305194731 -8.57869294670561 50 442.5583119392395 2391 1 1.132565608742114e-05
 -2.943858912964324 0.1039127229969439 -18682824.00618562 73711.15607822147 2140548.863142053 43.13566693914536 -0.9187188823717443 18502.98476775493 793096.0687133785 325.1113660671427 40.19995175856447 3015.571652458591 2722 127752 1 4.234669755240536 -0.8447586841614686 -5.555185228242641 -1.569315735149185 6.237261091363781 -1.871268087869571 -8.841867338249619 0.4111478782072017 -7.68534761097154 0.3137708359176545 0.3763484751405937 53 432.6841440200806 2391 1 -6.1411528351417e-06
 -3.777117880146097 0.2778260125330717 -364.8386411570727 0.409034578624042 126.3529363375467 0.2872447981040323 -1149.985468091423 7323.363232938173 123891.3994959521 521.9075163314183 221.8106924650959 2944.963923317665 1186 191427 1 -4.634340761626053 0.8036898833857817 3.583154519463053 0.7975362100593606 -1.26117237347383 -1.233682251798371 0.9121292414755389 -1.351177690890617 -1.501213029140395 0.09103013259510821 -0 56 647.5420060157776 2391 1 6.387133779498236e-06
 -3.91782203221197 0.4268647045637255 -18.0629250982104 2220.58161821186 653.8395407271186 1.38195513165983 -0.917730255974514 2832.477970981741 15042.73159772105 1.89172034385427 -0.6982836627803288 2979.979832352906 891 191663 1 -3.9135380425647 -0.9496122671019318 6.334775614318872 -1.287136477807343 -7.481964281952047 0.4775044941660597 0 -1.032401584899537 5.544724171066014 0.6278594981969046 3.182084234513336 59 652.2358958721161 2391 1 -3.880548911048031e-06
 -3.53006158897078 0.1117667981178827 -3342995.271114607 659.5042242699386 36.41971357847343 0.269449446022345 -1590.992078083561 3924.073184904073 38681.46342290504 2192.066132584559 10752.20162761458 3096.425849252271 1413 191591 1 -4.001860751515107 -0.2322908501987486 0.9262322082901857 0.9719746693436009 -5.676910701325331 -1.704447165831112 -6.954566122274618 -0.1250386003795567 0.9323667410640173 0.4540732214728029 3.825018552749029 62 650.4220769405365 2391 1 -1.466132592966834e-05
 -3.116930605352975 0.2335178988267508 -1384.574542483933 29084.70593297194 37018.96889821896 0.2289586923541771 -16975.96780079556 110.950749699613 25.49710690170268 0.0569367115304089 2.256603864500201e+16 3126.040166933376 1114 127285 1 2.987679316779137 0.2264612105031052 1.190503149709216 -1.034538858317406 -2.358446573548294 0.9438664199180788 3.535914284264264 0.6152469038261184 1.122675052537512 0.7627262138935107 -7.477243563440176 65 436.7303690910339 2391 1 3.223962753073293e-06
 -3.281612209079024 0.1162705859715137 -8670139.938203664 0.183149026775259 -16408.4489226897 0.08039729058641072 -111866457283.2735 4249.793285071268 36660.39694875015 0.1993532284687506 490449.5177351892 2971.758108569687 1443 191660 1 -4.556199221284525 0.06396327322046554 1.584085954956167 -0.3847595478534167 5.045820063299368 -0.6130087703538907 -2.783612156634576 -0.6546608565219617 -2.660641488471665 -1.083105706575672 -0 68 651.040225982666 2391 1 -3.110208936015929e-06
 -3.624473459513602 0.07781454371834785 -9915449664.917347 718.1545812201805 17.87203013999729 0.1133785546857209 -131289865.7716085 114.031383998937 26.30969250750008 0.08245061167077301 275173920748.3847 3058.548224545386 15898 303453 1 4.174754682096315 0.46397045242262 -9.484711880954578 -1.251627340278336 7.198531688932716 -0.51166312870353 -2.264246156632739 -1.428724278481907 -3.219533537227525 0.720042708458188 0.680055076900731 71 1027.160676956177 2391 1 -3.932041129038943e-06
 -4.068133773383233 0.1554637360331899 -138680.2795222664 0.09227222156396947 -2900453849.550921 0.2030426900208633 -7401.026555381326 234.1953291301637 105.3888618454397 4.148840457308332 0.6851324746307343 2990.752847982964 2302 191664 1 -3.608380815697789 -0.8743114982602851 8.391336315469017 -0.3392495326100367 3.062502306247385 -0.381702835545525 -7.975178680496999 0.9574461153380605 -7.779086783093703 0.1432397809748815 1.654764796045045 74 651.0224850177765 2391 1 4.538855173519038e-06
 -3.325165050561525 0.06545693486061843 -926302934984.7411 1.494783734815091 0.2251666883585681 0.1904641101653049 -124576.1796774085 139.6463765871182 48.60811148568677 186.7181618107386 41.03012144762896 3063.452167830635 1334 191644 1 -4.67070998567509 0.4088068484980861 8.48473472245305 -1.746845287209315 -6.515882990044183 0.807434269789022 0.6057448390727682 -0.2417120037174412 -8.972904441904355 -1.571047926570564 9.386238012537081 77 657.2280189990997 2391 1 2.086786676387749e-06
 -7.675800782000692 10.07218083395629 -0.1422601506325396 351.881230558631 12.97418807118042 0.3414049759775943 -223.5804767949237 485.047788765922 519.0427036649111 84210.61852089806 11766879.5292324 2855.924555835149 1162 127771 1 4.358850172575807 -1.099388167839868 3.520468096038178 -0.2110957242043678 4.976709569856392 -1.530068725649228 0 0.1833584784529129 -3.811646803254573 -1.847975179495683 6.541934664922491 80 438.049929857254 2391 1 -2.70870176730188e-05
 -3.704904399046312 0.2621994632657701 -786.5637925305965 2.043992248739131 0.2320442374143099 0.1747725632192357 -183258.2171144881 7998.246642959924 148316.9642343413 2.322673906673796 3.731520035247675 2810.28771979051 1168 191527 1 4.538462385888749 -1.357230571967457 -2.301228618524645 -0.8723546379817693 -9.757972415200122 0.6265679056155443 -3.109443492260271 0.391296604637553 8.81772915314003 0.8195896528270632 -0.118406236756698 83 652.3390009403229 2391 1 8.441120162275943e-06
 -3.278718955743043 0.06220471129307092 -17141420264999.68 10.24169773240656 0.0697956562202192 0.1588651548956955 -1903812.770513208 4023.703085643778 39758.06781613076 1.255453977162736 23.08726972227517 3065.98059269383 3327 127768 1 4.539168332306769 0.531701696474705 -4.395492930529818 -1.076945128136749 -3.958623567613661 -1.110550032530332 4.454399084277584 0.03745472603715869 2.895865710781388 -0.7911899946380112 1.865025775964959 86 436.7293050289154 2391 1 1.124003464693456e-05
 -3.120893454582623 0.0859639064850292 -3564997228.004896 1942.079001156219 782.5369789729571 0.09262962308524751 -29440937445.65838 13179.37206842628 465068.5331764796 6.84534547462754 0.7517071474241678 3011.895913779703 1799 127754 1 4.127285487416954 -1.778610676330375 -9.308582706446051 0.1116744217450174 -0 -1.171341863114627 5.667940737765466 0.3999163384889143 0 -1.39518568589724 -9.972229715246932 89 439.7961039543152 2391 1 1.196723955099827e-05
 -3.696286097141522 0.03693732696783553 -1.792683678586778e+18 227.5080979044768 2.152449534499642 0.09824031604815991 -803369541.5288914 1000.108588974941 2744.898362457195 2.301701809722694 3.635470710407797 2904.424699248429 373 127456 1 -3.999152180441616 0.2696430627669079 1.695468393780402 0.8609912107109805 -7.346925430901475 -0.728719706558584 -6.270147473015241 -0.4461575763977379 9.2872166380654 -0.5724249555708685 -4.340932606081472 92 438.9714810848236 2391 1 -1.277856450188168e-05
 -3.295397659441451 0.1936670320304267 -12580.01066357169 592.5491281018118 56.66180640828622 0.07373320829515057 -2768399313694.827 20684.25389961049 1237808.703518773 2.293281053208434 3.878616318935681 2944.084030390615 2177 127776 1 4.426168271677414 -0.6955044470752609 -9.660424588260543 -0.1257992786698985 9.63487454207756 0.768162890853092 1.836890858357539 -1.347113990018665 -0.760763680786019 0.1417969052285523 -8.75776100802404 95 437.4809639453888 2391 1 2.341880588555948e-06
 -10.18141208961861 10.61815859258285 -0.2329229515649856 0.08413766243046022 -20469201956.60198 25547.80128340182 37619.84274365119 185.0401420685289 94.31542692905987 0.08619758743072424 321626918241.6293 3155.554153342746 2692 191661 1 -4.68190121310566 0.5540161953325464 -0.4688461251560687 0.4709925489554857 -2.198054610825646 0.801527716149856 -5.597802508339983 0.1037887137944517 -7.993718559315502 -1.812918314032066 0.7789695655372917 98 649.6667540073395 2391 1 2.724455741632595e-06
 -3.082483734748918 0.06876385692682561 -484837205151.8058 35.04779530854725 0.3649693088804822 0.9822969388087927 -3.141602486154276 148.7752603234802 52.25635610083285 1.262833494252417 14.27545086478017 2975.447747498994 618 191378 1 -3.865476347629127 0.2610842916226272 -8.503805841573755 -0.8649414849520767 2.630813169393643 0.4784829976029061 -7.803236172773428 0.1786836796616215 0.9892430825694967 0.02072344764211655 9.114891127414349 101 652.9845380783081 2391 1 5.778962530890023e-06
 -3.357045678647369 0.1615311650201816 -13846.37298381357 0.1330101817528059 1083201.330687698 0.04900354673435973 -1.941759242943658e+16 6889.373363080826 109131.6415202454 37120.74398391285 3915462.654610857 3057.635912674844 4842 127776 1 -4.318953424582951 -1.00767307536214 5.114346104832448 -0.5793293013533223 9.775016451222239 -0.2002980442444429 -2.11170990314953 0.1960271023395035 9.921669165476324 -1.899536479640605 -3.44096913549749 104 434.1128661632538 2391 1 -1.559360060827212e-05
 -3.696265418757892 0.1064969693776304 -16395240.76872096 6788.110879059997 3768.546285659537 0.04722743587448668 -2.545176998734116e+17 26891.87606757267 1706261.49992626 1.095713403834212 30.45082507320404 2966.996319747587 1595 127681 1 3.138231526206827 -0.8293986638779716 -0.9932015354310328 -0.5540939849909652 7.58295996960317 -1.632169512392188 3.44173350444779 -1.174918416158006 3.529355050821831 0.4061209766512758 -0.8987613895428601 107 437.3081421852112 2391 1 -7.898133254071436e-06
 -2.762229852868933 0.1521190523261418 -69581.24496923057 88.28225439944215 1.241136895175357 0.05689492540903155 -180695980315707.1 150.4101493653243 65.61609151350817 0.8264405222139887 47.3304093769956 2906.863958773411 1152 191616 1 -4.517037348527517 -1.735113634683456 8.624343457764896 0.08862178044997335 1.497973479354968 -0.6166637780062 7.543711013149464 0.5401278751256564 0.8726290837950312 0.4229919615911739 8.165519029840922 110 650.7705979347229 2391 1 -1.346697118637942e-05
 -2.37311501577157 0.2053434256379245 -785.0304142528021 23237.36902188889 121975.9486733183 0.03693377586473817 -7.80577274303946e+18 297.7438720000958 254.1162739507498 5.197158377181856 1.029275670751262 2896.535460616055 815 191662 1 -3.45877228750141 -1.798757336939986 -9.155596171205463 -1.173190547600165 2.44897118039035 0.2080564527456618 7.889312069668252 -1.798728164123913 9.068465437090831 0.374178837503639 -6.197856551886912 113 652.2056028842926 2391 1 -3.601926822089465e-05
 -3.834779667791533 1.554730950039151 -0.161352710132663 2.165080360810762 0.1395137519305471 0.05150473357205417 -1530061880203523 6204.513983846851 90312.9461726211 0.06962968685359797 1724863437230.74 2969.290190797962 1074 191597 1 -4.617522390832854 0.3550811669612823 -0 -0.6486977387873063 -6.19596907864026 -1.363068497525845 -0.6382684794972584 0.5486873676298556 -6.111040013924506 0.7204458532868885 -0 116 655.6714019775391 2391 1 -1.885686817211914e-05
 -3.205803674473016 0.09128225350828302 -546142107.8802271 7.5397697418087 0.03301096961440969 0.06461189695183679 -101213520321535.2 91002.45105009578 18882960.72148332 3765.250915011233 34508.26511676387 2892.909051635945 5221 191659 1 -4.602389985348927 0.9171796081360499 4.093399772683473 -0.7218826896441408 -5.468190002564549 -1.584585633112148 2.108931089572252 0.7126918984125332 -7.989423865237177 -0.7773146649094462 -9.488711306440068 119 644.6699669361115 2391 1 4.23780612318528e-06
 -4.046468411419947 0.2734367944968379 -421.0278806759797 1.164813392556949 0.6005263467805021 0.1405033894344273 -2037095.41845508 51837.04402258317 5695021.258271914 79.0767904524633 16.76485842041749 3071.669130960968 2648 127715 1 -4.515099590997803 -0.8673280496039251 5.608425963759352 -1.442041194957751 0.8637023314168246 0.0699186809089918 -5.00210569985791 0.3145017498812165 5.793578790633902 -1.388875994681858 4.73199345445028 122 432.4466528892517 2391 1 -7.747770802746768e-06
 -3.623349445647234 0.1301467159794209 -1317875.927000506 69.13979965683146 0.3584578772076479 0.4413748183932187 -86.55456473861797 802.5346596221402 1513.184146887458 22683.40308706653 746528.2194326298 2994.373488571881 2270 191663 1 4.626497407476388 0.3664947084236472 -0 -1.487967966778847 0 0.2718607051789963 6.783041008887028 -0.2521722241659195 -6.613722756441545 -1.008795127883919 -5.463424236248277 125 653.7415971755981 2391 1 -2.282225686560088e-06
 -3.545466820078388 0.3880000513491773 -30.61377825568975 472.2292467282644 11.18009681776573 0.4025802118385743 -141.9693866242453 179.5589781405419 74.20162529936189 61.02708351689233 13.21559002781093 2870.542430107636 493 127600 1 -4.472859446659724 0.3717259913682942 4.04282342482958 -0.6169096641082881 -8.82292548295708 -1.393947409645432 0.5293964030902325 -0.5111258248426704 -9.178533388917669 -1.479583338315107 -5.149858937122576 128 436.7664518356323 2391 1 1.557181693348836e-05
 -9.569547550250416 11.57895179363896 -0.2305709371255346 0.3342759460539859 49.72769543889299 0.05171112556790081 -1.090296346247466e+17 667.6298585382173 1147.945547365406 12234.92685166651 275930.4312167803 3134.991915523506 2606 191643 1 4.256213431591947 -1.651834965873062 0 -1.003907904099911 9.497959901270915 -0.2368146670626512 -9.110804293566975 -1.668216278947906 -1.1679239537649 -1.92243901878514 9.255177076854737 131 653.216246843338 2391 1 2.251370184342071e-06
 -3.317542296819947 0.6757909902546935 -1.253269928932201 438.6336931439672 20.97471592725123 0.2387877872421254 -10257.3697659309 46968.77255435024 4985812.96333978 165.6949242284328 71.62989497601588 3063.129348071498 455 191638 1 4.284195856028046 -1.662941277499038 2.518479993139036 0.9566258878919598 6.024686873201106 -1.965579747534114 -7.601986411770909 -0.2795757841835469 -2.720121631595764 -0.04880033669935104 -6.474039493357092 134 651.2212228775024 2391 1 1.095361778445907e-05
 -3.556230391654974 0.2080807732818732 -1963.140993443021 5300.393363328706 4174.2067433242 0.07508256489209655 -106381472503.1892 29338.35965777099 1816429.083265926 79559.40496387867 19743031.01097886 3112.902726207197 2276 191541 1 -4.513929673383473 -1.258771766188843 -5.239417862023339 -0.3653049904583794 9.004746956816225 0.682624592072357 -7.878857723253626 0.4456092551723944 -3.575473674722773 -1.84381828580648 -0.4576396416612938 137 650.7535421848297 2391 1 -1.737996913727812e-05
 -7.184112073573826 3.763881938439182 -0.1626766834335532 41110.7847976848 196457.6979900815 0.2527778688039183 -11109.38057868757 63049.47408755944 9299266.2751208 1.042205659781081 33.38135246864891 3056.754740271297 1502 191661 1 -4.433027088391921 -1.76530000085179 -5.653742570214679 -0.5482930533148664 -4.700101600740032 0.3813582011304812 0.1141801155758149 -1.192865048552339 7.87364228972362 -0.4587662058626743 -0 140 651.6665570735931 2391 1 2.196013120047964e-05
 -2.390051891155101 0.03739037022206874 -9.999690185597759e+20 1921.64430410259 357.5347112974463 0.2634397203566992 -7202.039021320462 4.542338298559804 1.954524716833519 55.04628762477368 8.602861360335909 3224.089003267413 2110 127774 2 4.242558412795927 -0.702608437500186 0.1803072376242842 0.1668950812955851 -5.886552474640302 -1.527598284988894 9.212549314413877 -1.82791670865795 0.08573488423815245 -0.5045402749063541 1.182572749841482 143 435.9647641181946 2391 1 1.13010730587362e-05
 -3.126596216872514 0.1255501571666903 -4710756.696124578 2.737062505529083 0.06884425838880683 0.2375707580574211 -12373.9537617718 56751.93578934862 8081804.097604621 2.937927012559172 2.13107007332623 2867.554916220011 980 127648 1 -4.198441510631045 -1.250849865932953 -4.770450905168577 0.7948276236290059 7.987079791958783 -0.7231868371920633 -4.112787329668845 -1.798508948327362 9.46741940097381 -1.120950070426195 6.405268629903231 146 437.8196070194244 2391 1 1.363496099880849e-05
 -9.355857469233888 7.365357607118687 -0.1817792180966741 8161.322017724839 3152.785640867801 0.05827547789736376 -830027447984543.4 47.33370153149109 5.968372946847419 0.05665647415415532 2.620118213863238e+16 2886.419252980626 5250 127750 1 3.735930013933221 0.8886162102141717 -3.983128557287966 -1.17894155354049 -0.6181559864830408 -1.766082788519075 -2.729879512012832 -0.486297457655291 4.558752171894942 -0.6197401348256176 -5.035787240395495 149 434.4166150093079 2391 1 1.14700691074591e-06
 -2.957320425633713 0.06698839435770083 -23251403800.80921 1332.937218613384 195.4683433640841 0.8347346543501847 -2.961539434394993 295.2883711149713 202.0682187008979 0.1688770886953465 1359519.964903434 3064.581388908354 2195 127748 1 -4.328318372980429 0.5162465979820507 1.202294413770098 -0.08180251367628794 -5.767607553448345 -1.175135589687891 -0 -1.462132244290489 9.460016162140743 -0.3060857578508892 2.511812896645785 152 438.605180978775 2391 1 -1.869588286491616e-05
 -3.214609507658252 0.1027268890277428 -37695927.47492 80.05056918126803 0.5696985272075318 0.1953610290014083 -48671.60894155962 1803.726167645115 7921.075579128803 0.09909334006906743 6747329387.776681 2865.269237390834 2976 191659 1 -4.63217221258304 0.09646925433175775 7.802680370758715 0.8836386296232712 -0 -1.652231118815246 -0.4704133307162239 0.9937961729234672 -3.980584805105998 -1.761129700612639 7.123574481249513 155 650.7023348808289 2391 1 -4.488323839430448e-06
 -3.133258252924231 0.1138331615692509 -1931959.029385097 0.09830696241227464 93140150.49407291 0.1431368818747058 -708995.0538620576 21801.56222694834 1046641.407987951 224.3782549149339 89.04993750290267 2739.051059434342 2478 127774 1 3.589223867346313 0.1509680849703363 4.182205655496227 -1.035481166891405 -0 -0.9138920087290581 2.520407969776485 -0.5342070013431286 -1.900059601876626 -0.2417563504041542 -2.125315740130671 158 439.3784830570221 2391 1 -1.934676480031717e-05
 -5.764265423685396 9.085031126130092 -0.08421692895821582 0.1073211961161793 38431370.76188076 0.04793893754861476 -2.910242596675516e+17 1494.976572301624 5704.699545170008 1416.63372691013 5460.524710388921 3084.084221392074 1348 127752 1 -4.100268745012333 -1.332935837835981 -8.13124020455234 0.7186826099731234 -9.681244559779577 0.8099810986767038 8.116612466226581 0.6028500780561319 -8.107172614510064 -0.2052786792469465 -6.204358630098493 161 441.404944896698 2391 1 -6.509296992627969e-06
 -10.95733480083786 13.13014828145492 -0.291166404316165 2.294318734547378 0.1337600062231681 0.4342603311965198 -138.6067739519474 13626.36535264694 430340.2274368045 0.05478032430220988 1.361273125098635e+17 3002.638714449932 2715 191642 1 4.648622023948322 -1.059312771804223 0.5017633358696125 -1.195663618696425 4.872081201499812 -1.806618103024708 -0.2580636825404872 0.9977543469562891 -6.912084423220297 0.738394411069184 -0.06725644119904572 164 645.4150581359863 2391 1 9.088267988124694e-06
 -3.574402334499972 0.193390456096278 -8669.230768771136 1.49070023836109 0.2194346531954003 0.122978436935415 -59467188.23613916 355.3063332124464 253.0069143369728 1.971022359577836 6.689714808152472 3057.511353412828 2352 127758 1 -4.045743182866898 -0.8418132413844158 9.669975353415516 -1.156842904981319 -7.85685879211537 0.3832944518468548 4.780792916890809 -1.324475238012544 -0 -1.69877171325118 6.222746893490814 167 436.6567199230194 2391 1 6.716593462768211e-06
 -7.036313092724859 8.808575208233739 -0.1212309164488397 1352.320992732381 165.2087979039769 0.8788234640855489 -1.501320056293962 6711.176645404927 120624.6624604106 185.5991903894256 64.34870944042056 2973.82843577062 595 175424 1 -3.353342499486033 -1.588912660176042 -0 0.1385263070704696 -6.938533428210384 -1.996590435850613 0 0.4241380617343542 6.888990798014298 0.7038755322209429 3.262956668701446 170 594.3525929450989 2391 1 -8.65306636632875e-06
 -2.712408526818789 0.0741902597765003 -72344823898.54028 42565.45196940187 98259.24757279658 0.3764512518124063 -212.5392081949097 16658.0550279797 631642.0267065762 0.256347735117657 59679.34901742277 2995.910848370139 2986 191650 1 4.490945961835674 -1.162526071794471 -7.213226258321866 -1.831665063763458 6.146619867766963 -0.7341051525356299 -0 -0.06146620917157187 -9.977973981710788 -0.6837274693310915 -7.286538598661199 173 648.5682299137115 2391 1 7.759337936785089e-06
 -2.435750807979062 0.2861020421572755 -110.5947724067994 0.1745240206157091 192032.4547106213 0.3139555874053382 -1338.990946889182 50.86427763478362 10.33700875971373 1.574567907499564 15.86950104734872 3082.255851348162 4177 191603 1 4.392868378042783 -0.8675446727005811 5.768700110097392 0.5813879461487631 -7.379159397424491 -0.9110852707885204 0 -1.339512442518124 -0 0.3151297200670279 8.721020367596095 176 655.4557449817657 2391 1 1.314269597522276e-05
 -3.360958508431796 0.1130473271300168 -9675015.203263626 0.1033157087362946 -138340617.8599408 0.2626080899572871 -2252.438687645648 61753.92700776175 8015408.613594779 2.065414876459613 5.286341754871656 2782.127935996755 4511 191643 1 -4.373434322199147 -1.017324835325076 -3.340678028636465 -1.610735929290027 1.661041483575282 -0.05929112508968617 8.193678770383165 -0.369648695470147 -5.284750844538513 -0.2858674705885235 -0 179 659.6128799915314 2391 1 2.593740746147585e-07
 -3.824013156546826 0.2561116180330702 -892.2586794026843 0.06338515362643284 -35616745885374.48 0.05430904292830952 -3.301446631064281e+16 457.1390776118315 484.654286464899 311.3187509657169 144.087397869018 3017.502474226242 2799 127776 1 4.666722860685742 -0.7006845701220215 -3.196640491973364 -1.790604124400808 0 -1.107778753638534 -0 -1.306725371219612 -8.256086263326326 -0.8775299488151189 -4.836908604510677 182 436.7012140750885 2391 1 3.62879751060737e-06
 -2.916365266596886 0.08653061216796663 -12211915874.95056 0.2771648176160794 -678.893193981756 0.1684101571306099 -1332724.388002792 52.51670675510017 8.232678120249354 1.023757325101852 26.8923206968656 3186.400162267853 4929 191601 1 3.483377296757305 -1.825408464225527 -7.784569010527015 0.6352321457941503 4.076866502320001 -1.415485958008415 -1.708481655647608 -0.2973873370646754 -9.557090807821897 -1.240078195806424 -4.745871644925575 185 657.5799601078033 2391 1 1.843348159361548e-05
 -11.70293929817511 8.993622121761279 -0.258014275656229 34.70870689156981 0.3359787141932644 0.443423444065569 -67.63447483028716 28747.74350087768 1759103.310241662 527.5613934474781 858.6429770242431 2930.02741789927 1961 127770 1 -3.720550064351911 -0.9527452396342762 -5.262905349258069 -1.421346435973122 5.571722584390048 -0.5903526634881091 -5.124697341348426 -0.4387307493579637 1.896454992177854 0.559518992717174 7.371953415617181 188 440.1464068889618 2391 1 1.224416501021138e-06
 -3.525732662263224 0.2332850043278831 -3442.275511704732 6339.185370171604 5957.934069226099 0.07577528146674795 -3697880812447.419 67115.59716750489 10379495.16088491 2.221845959295775 4.477812474202359 3062.341060849034 750 191662 1 4.371828379455151 0.07565329158722987 1.965009977018262 -0.7452822083362243 -9.968617656646089 -1.881278114289368 8.772719273722831 0.1072444916176 -3.756163261786813 -0.5075479339728046 7.591874317988609 191 653.5519227981567 2391 1 1.34101137905248e-05
 -3.432771340147792 0.05551569436219923 -3879611914216966 0.6737888498222062 3.355183891996556 0.240527689463775 -35329.50977735982 1613.376112970237 7054.198594782458 1.183504895386549 38.40189767304783 3075.904219067302 597 175649 1 -4.390003931699177 0.9524489598781192 5.893866833404946 -1.995793056997084 -4.602528419711685 0.2424313813480472 -1.915549125086648 0.6537902918645648 8.70813336473012 -0.9777795161644409 5.378550763203899 194 590.9212219715118 2391 1 2.618490639770527e-05
 -3.595057839230256 0.3994846655894391 -16.49282978795827 0.2758903004400309 450.2443728529336 0.1064437406755158 -71008346.22517252 45.71870179950715 9.572981574690186 3557.41824885671 -5192.170514363749 2978.385075277353 2297 127774 1 4.573635261986964 -0.8498059864155829 2.135316277350064 -0.1402561835464766 0 0.6625096759553992 -4.952235404702384 -1.760436660838813 -0 -0.8313289863490203 8.592896749842835 197 438.204638004303 2391 1 -1.551713225355925e-05
 -4.224868877911487 8.32626062242093 -0.04784557200974309 4.13229347670731 0.07797317716011892 0.04192839903155206 -2.484119205626174e+18 321.0198374889424 294.8802550201608 1.645186689518149 7.4742022208898 3268.562797713359 304 175650 1 -2.45395841104627 -1.78239283018814 -9.835724988786479 0.06360527578522476 1.166853532082711 -1.910470745689377 -0.9271837279789485 0.6349282773009777 -5.762463985198913 -0.8622688237574039 -8.14261656908694 200 593.9179019927979 2391 1 -1.716925502631993e-05
 -3.356811316887306 0.06289375987943797 -60029157296.58327 322.2039388147953 18.54600074811316 0.1664745558520046 -150325.4450391725 1471.802490134366 5156.473260865594 1999.238409873475 8693.693914937596 3096.249405074157 1236 127565 1 -4.468319234230174 -1.952559366362414 1.739491807115241 -1.470392678632032 3.76752947181842 -1.81282680706251 -6.573319824845901 0.9541204490075113 -0 0.2807540853035206 -9.893026045169401 203 434.1982440948486 2391 1 -2.014365879242603e-05
 -7.566520515719032 11.96681270698665 -0.1654115455375629 6.562128671153193 0.08160404012928751 0.1674067080287024 -136349.0292050996 35506.31076228942 2961568.533520141 0.2901408735016986 9849.646122965074 3128.490267035278 1758 127769 1 -4.663667212630581 -0.1653287152757983 -0.03859811338074426 0.1351966375520401 1.275420502005432 -0.03444173163739172 -4.949073959457454 -0.8358981336845899 0 0.8174255582637011 -8.878086757915298 206 440.785658121109 2391 1 -2.089450063983329e-05
 -3.831275224099921 0.8976029617973175 -0.615135465538126 1307.844004014546 -14.9936609844034 1.452125430708708 -0.6365322780559916 3275.208600471301 25674.34390327098 25462.79647758555 849346.8330679237 2966.423872621216 140 190936 1 -4.612758854575631 -0.9629172167535379 -4.542002332802124 -1.07129533349203 0 0.296881021521627 -9.470100284817425 -1.930081266602063 9.376919503220456 0.6793212219043623 9.736220974188083 209 654.4394309520721 2391 1 2.34359260544625e-05
 -3.454009314979448 0.2091775964740462 -4336.332152905746 52237.18495800331 164049.3242684964 0.2571340025746728 -3646.225004241784 150.8109990352294 78.96729802796983 2.084943603335043 6.615907649794764 3108.932995019963 648 191531 1 4.656593417845486 -0.7158707167483342 -0 0.6662153026435034 2.051303706703178 -0.1012896614225464 -4.035974187571157 -0.1754018619243763 -0 -0.05900955063760981 -2.799843426599093 212 648.6802899837494 2391 1 -1.377480913033277e-06
 -2.901835425595037 0.09348169913743189 -114501765.5715344 0.03837424257255382 9.992220117198795e+20 0.1466518742505978 -997650.087314432 175.0839723224536 91.1203658982454 83647.06948271155 4955951.717587604 2969.039825712661 3882 127776 2 4.648401229807638 -0.8398723107423365 4.866111435308308 0.2085027077860167 -4.134008489760323 0.7397527466442195 -1.227364889938742 -1.409161693133528 7.031576675125651 -0.4565276748577869 0.7276921104824572 215 437.0995090007782 2391 1 -7.620185019127462e-06
 -12.03209458782486 10.3724272351618 -0.2832741639055483 0.2517797131959057 1050.530241782468 0.1166485711575049 -37202623.69348746 10.21734577656015 1.549652845247156 126.8353819700704 33.74998569455374 2845.596396992966 3080 127770 1 3.195796150822831 -0.6926142644894684 5.350745892014462 -0.2711378641503881 -6.128082801077613 -1.179464835651862 -5.150814675813883 0.187744287600609 1.882212536134335 -1.20846100553951 -0.9184480773601775 218 436.3738479614258 2391 1 -8.029956233889384e-06
 -3.08596252994212 0.1639331167735389 -342909.0868969043 728.5685530645493 57.19748914728974 0.3408335303682384 -1106.859798875037 86.22398089248938 24.46280049666138 1.640590707312922 14.07113488036901 3118.663506802867 2479 127771 1 -4.642852272898996 -0.7739005174236384 0 0.579413089851355 -0 0.6221781608617953 -4.232603411215182 -1.427704408707815 0 -1.824755093721932 0.9745867498475942 221 438.9863529205322 2391 1 2.490377504433295e-05
 -3.177085877143802 0.03727463009096615 -8.763915656753344e+17 97.45523038352901 1.516207481039477 0.1231709196177716 -3989959.665379176 291.6944722886678 255.4779057955229 933.491971037027 1540.631305542207 3096.414658643502 1310 127772 1 3.90699810123983 -1.531463559768275 0 -1.157693994952883 5.085728284205229 0.2290514370604555 7.119299553490444 -0.5810642556520085 9.826672456588176 -0.9274361424094906 -0.1469399281482264 224 437.2797200679779 2391 1 -1.640423558757528e-05
 -3.177891431928876 0.208241519192438 -1446.605363361148 8435.380007639627 3329.58760272681 0.1378162103115221 -967759.2937918983 53913.95641746368 6557601.094570938 0.03565110941270936 9.983023807142886e+20 3041.472746919299 2467 191663 2 4.170167411488554 -1.388082413829455 8.239146589018461 0.2946124133215986 7.132627321761248 0.8740639752623451 0 0.7677244841222737 8.346177334221627 -1.116976344081639 1.07127295726019 227 652.1256968975067 2391 1 -2.635387082818847e-05
 -4.275377196277266 0.8960181062293762 -1.337753278591922 69394.84020365549 455844.4746814372 0.4030071027500713 -120.9304321952672 7250.569204624099 112708.1444256033 1.619563112491298 7.245688038455459 2932.537597714258 747 127776 1 -4.624086539658224 0.006244452261677537 -0.4080001039323964 -1.430388214417084 4.240803072851865 -1.939282482774537 -0.2548933371955275 -0.1791140040770305 -0 -0.3394938582442943 6.942140448511283 230 443.5507929325104 2391 1 7.399096735025242e-06
 -3.329043320763384 0.08680904730341246 -131503882.6257438 0.2523877057612709 -535.5615239318341 0.4966579761968207 -45.83593910078556 494.144740535727 677.86798835671 402.344535016119 470.4902730302153 3015.828563069276 2244 127762 1 4.575879682540785 -1.792306207320181 -1.792413490152343 -1.586858894028681 -9.076835636514566 -0.7818538167206476 -1.701945693071424 0.7842229944501629 -4.082613545878189 -0.02232813106406266 -3.637289449785563 233 437.5645070075989 2391 1 -1.829988532903286e-05
 -10.04825920318425 10.90079915535493 -0.2215626980529647 9.906749836097962 0.07550334697349612 0.5476056168396409 -10.39852016998774 1874.757650438132 7372.64122200995 0.2333809643996297 83191.4896811052 2986.511586817335 1545 127760 1 3.971190254400701 0.2847271179968534 0 -1.965298567614876 0 -0.1794286356351087 8.609993417189393 -1.45587860376899 0 -0.0004767899142539542 3.902735143862661 236 440.8168120384216 2391 1 -1.029509772445528e-05
 -4.610917229096432 1.52294334707607 -0.2584331362190144 1145.00220797556 93.88944736794902 0.3179302583713856 -397.203809271184 301.1386792816638 246.4686201358751 23920.65416865439 1000854.172487274 3165.308232754862 689 191495 1 4.07128378743406 -0.4257159243452602 0.2911280295001992 -1.982725590457443 0 0.7273801408525511 3.837969812627501 0.07478842746805459 -0 -1.910506318226421 -8.251116673737705 239 653.1316430568695 2391 1 -2.320418954665494e-05
 -10.88192820613959 10.0862934402677 -0.2354534439537084 0.1349194920532807 -169629.2924579656 0.05650776639122674 -3803109341541.562 3214.788255827656 22840.09630782858 0.04985282695155101 460760336243638.2 3178.876741526378 2411 191578 1 -4.009347704673869 -0.7794489316982292 -4.689516343556565 -1.616801028547531 3.938684287273047 0.7007672669416563 -3.655667740010069 0.1721322423387992 -0.7458281722942259 -0.7822610952541069 2.343708660845404 242 654.1413621902466 2391 1 -3.86711136981094e-05
 -3.112126484240564 0.08485961928126386 -249025422.9642424 2.270177270781648 0.1687622693423755 0.1221644153259071 -7457904.838918358 431.5695844990784 440.1899500672572 1.770031310257452 -0.8635995316011104 2813.105346191523 1192 191648 1 -4.283821252399753 0.1494039023219598 9.74665763250516 -1.235401821318282 -5.50811148550212 -1.925860797526765 9.569001206473629 -1.239195885124418 -9.392321763829536 -0.9699868934491862 -1.528019071147983 245 652.6864688396454 2391 1 -1.557534205644009e-05
 -3.185135206017902 0.1457269830864257 -84401.89168909064 8953.33815355596 6285.19487674669 0.08544065055703581 -1129629165.915947 15654.28235276385 577988.4349985339 1.668375358901392 4.920141691511795 3083.914568811226 1319 175565 1 -4.688247384899104 -0.2387048953774338 -1.20785770498815 -1.934469159829072 9.314692156004801 0.1621451010534018 -6.26703993382936 -1.875910677581314 -8.560325031194475 0.2605834655499772 -4.547303045069385 248 597.5648589134216 2391 1 -2.458243598783906e-05
 -3.535040407721849 0.12559431516616 -20580907.41391512 71467.59552897276 373179.0376498117 0.2199445090432591 -94849.75437733553 3350.202620610384 27210.22475330716 5000.712412679096 39968.48428749807 2954.964854960105 1580 191385 1 -3.923291067295529 -0.133860499834955 -0 -1.379373577658537 9.590173115944134 0.9162031687710419 9.322309330388904 0.6599935218518054 -6.257648213851756 -1.655358864395295 -2.628237219334106 251 654.5310080051422 2391 1 2.718952678154185e-05
 -3.289125607490206 0.04060750896607763 -1.805310780985825e+18 1.561784111136948 0.4580601043176743 0.3684241594199277 -227.0226234927469 1295.644056071318 4190.86639443613 73.93455177620346 10.12246122104827 3009.127845013998 2804 191655 1 3.973182113653642 -0.3338939378170736 -6.464183169822626 -0.6093011622430282 3.042568471485852 0.3164508896311644 6.484991059310707 -0.2843921423183442 6.207427194510773 0.2064153850355286 8.660624757533427 254 655.2664611339569 2391 1 -1.724838364375429e-06
 -2.909878717409165 0.08085303075216456 -665591171.309844 1172.863363902678 26.09079477196415 0.0587248590691973 -40426155938369.8 210.7549060087186 117.7540990649199 2.431901493030405 3.173035440648444 2979.323543496703 1242 191518 1 -4.625444733238838 -0.8572683162377093 5.254418490190477 0.6185840606627595 -1.360542648621198 -0.5929668609115657 -9.573468079756465 0.6818964768853876 -9.807428342398669 -1.83178528755619 -3.146686366417928 257 650.4014270305634 2391 1 -1.694395780698086e-05
 -3.419428387771741 0.2445953760112714 -1420.353655382808 2.880661869378218 0.1981558405727794 0.07738472090706874 -1695897679378.397 1628.051698231815 7150.733511983744 1391.853326463394 4744.301445926198 3095.909258645264 1127 127711 1 3.956021772819192 -0.7190995827857574 1.719583418887555 0.9471806789829115 0.631912955532469 0.426515200367203 0 -1.662160558641268 0 0.6133725236904315 -9.288528824997339 260 438.9627630710602 2391 1 9.328621445583278e-06
 -5.099218197663317 2.005558825872428 -0.1788880102772646 0.06635069394770013 390126428569.7184 0.1969116721802497 -17560.24303508627 28152.00696564465 1626459.026682053 0.1909879565831012 428423.694671814 3079.858139228576 1692 191658 1 3.729835304561886 0.9357152453051949 5.056358584492625 0.5446061255049459 4.082471252972137 0.9098918615744958 -2.511472541319794 -0.5101091753628904 7.858339872169944 0.616115535731815 -8.94663724009143 263 655.6972398757935 2391 1 -1.417110479065256e-05
 -8.486290018807869 11.56605287230009 -0.1911061939043983 2.415632433703962 0.1665128280882576 0.04255798594257827 -2.39560313807505e+20 632.8295568569264 1080.497537250882 0.1959933692046008 472336.0009904252 3058.265663088644 1502 127776 1 -4.597019149253887 -0.8579428510286018 -9.881742221163107 0.6882101511654257 -3.201719561463251 -0.03767301886011155 -0.2398376654315886 -0.5085522982655526 -9.364924413073565 -1.794294193809765 -8.424386393636986 266 439.654333114624 2391 1 1.287447076752052e-06
 -3.456047847470808 0.1565718551770924 -40076.51728970611 2.678036052376346 0.1474172096318296 0.3110334822173758 -479.9995748325754 24932.82438387069 1413439.550637813 1.156467102615034 21.98351267524206 3081.618527631752 1634 191536 1 -4.501408654559077 -1.94957977096949 -2.683589857987092 -1.939436859735767 2.476118899324655 -1.744080243081781 8.663049793265285 -0.2955478680423412 -3.410718955881518 -0.7024672375220655 -0 269 653.9565250873566 2391 1 -1.7139033958664e-05
 -3.09513173709698 0.1480613652738556 -1400359.871467718 27170.60465055643 63465.37244157633 0.7161319963441408 -4.907750906718523 23.39837420687471 3.573416404015816 7295.757991193857 154824.8117828603 3041.517668255829 3907 127769 1 -4.466108600528855 0.5255278461384236 0.7920650899182462 0.9845864261281436 0.2575686726438624 -0.5029869460440084 0.3863215713954613 -1.522270460998968 -2.351532300246691 0.3541818991002926 -1.576613065348516 272 439.7180991172791 2391 1 2.399657614834262e-05
 -9.717909521040646 5.776193953893685 -0.1945250673985088 643.8956374390925 26.54668377637107 0.1272022148314979 -20345628.27383047 65712.834671448 9655955.185792247 1.612183726458197 10.68721357814143 3005.846439472467 4348 191660 1 -2.926601182242811 0.8268905848435653 -9.044053931124351 -0.02399119987627079 -2.634450042686357 -0.4389341734166337 0 -1.451719115582437 9.834576583445029 -1.701413751949021 -4.298223248795268 275 653.1690690517426 2391 1 9.103862712114045e-07
 -4.14744368917817 0.3606780138959835 -76.49237182491453 84778.12619084965 247407.2185012837 0.1640845517413572 -584759.3826088122 216.7656281236849 110.3036082849896 0.05744186681804576 2.524527661248077e+16 3037.804165926825 1855 127771 1 3.920266330734634 -1.272503388226725 7.026162019954256 0.8248990214576271 6.0921228754981 -0.9411717066690883 0.3489319750716264 -0.7750478796390823 -8.557251452629682 -0.5621029980685464 6.515665144847159 278 439.7314901351929 2391 1 7.718757781058349e-06
 -3.402303979328003 0.1973304665543586 -21111.96651508066 74812.96384431991 528862.2805501567 0.05290269390278099 -6.122419437632981e+18 92.02985766730718 23.84145565646261 0.6306479001271253 124.9773331764874 3185.384757465491 2597 127774 1 -3.942384799964453 -1.857463085012535 -1.899389548725057 0.7153697085107518 -0.4621638250687434 0.8782842037726986 0 -1.539085504295869 5.154735427637701 0.3609443166032462 5.558228570010088 281 441.2212278842926 2391 1 2.778535717008997e-05
 -3.647741344778476 0.04595214203441555 -377044145825187.2 121.8853809383537 2.479243253432822 0.3887496730252675 -142.7004865792352 112.5730599870274 33.26405297605199 0.037829700568619 9.996432937067558e+20 3182.935891044267 3161 191645 2 -4.371820640898238 -1.610125257392208 -7.870915000876794 0.8520084381343591 -1.323516116166668 -1.020989415169354 -8.01188818144079 -1.099487713381293 -1.039451647606509 -0.9689410805511454 -7.201160778863109 284 648.7267429828644 2391 1 -1.783702001354404e-05
 -3.032647327386352 0.4706096632860799 -25.52059796777484 0.363259863572557 -110.8212327698448 1008.604599632713 86.27328065695767 1746.421082979195 6890.31418664089 0.04872579665593369 3.873496938456391e+20 3241.660329030354 2091 127717 1 3.840757017832223 -1.534793504683031 -8.523275396326126 -1.040629760975173 -4.470300985763203 -0.2457258378747422 -2.159207604745811 0.3860260095343174 -7.928516443233985 -1.332014313524479 -0 287 434.4748749732971 2391 1 2.729678383132009e-05
 -3.93127241397862 0.5710793580447185 -9.134671144950419 0.1325619547168705 -31807233.37384711 0.07379169993407413 -62916626207064.46 71.276031394795 14.69299904947241 1425.976718288257 2121.537145134971 2960.428682677668 2859 191662 1 4.469436829449201 -0.0562553470981273 -0.01364858627450216 0.7290003899575979 -0.7396273056634719 0.09769148089318273 -5.178336427418541 -0.2446755096760676 -3.651200286726198 0.695946829372593 -0.2109852467949369 290 645.5592920780182 2391 1 2.77797665374691e-05
 -2.768208695478101 0.1464508292869066 -291840.599731221 11.84548633688909 0.1175661436571898 0.6304192544266458 -12.97047990844268 75211.64772852381 14389523.43200893 163.2760483071193 30.90270813547836 3012.798374908481 902 191664 1 4.478051225143752 0.6924766341436026 5.28685711258242 -1.178675933507328 -5.426021333381216 0.07071262596955646 -4.567858018548507 -0.3254981013831895 -9.015459672990811 -0.04000028923792879 -8.551674727881338 293 649.8030161857605 2391 1 6.353844010517656e-07
 -4.303325885379097 3.187135900170329 -0.04236702045717234 373.475452533764 6.515631142762611 0.1165144232889668 -16639585.14148325 81.8039713490798 18.43098662163417 0.376689762173902 270.9788044368935 2932.403234319444 3065 191664 1 3.954991954572557 -0.9095657770750609 0 -0.4464076616030255 -0 0.7424054917436331 -0.6453584120890916 -1.358051033494303 -9.144059142840064 -0.3672151442584904 -3.00639255423068 296 655.2590849399567 2391 1 -1.809232100252062e-05
 -3.165325130967431 0.05217578991164997 -3381039735132.879 4.152319138217271 0.06296910151115379 0.4361828120962056 -49.56274988401168 317.5617827960032 245.6736518213777 3.171936307718301 2.964830540620394 2990.47696899393 3788 191663 1 3.874670723043089 -1.759921051831471 -9.417495555856663 0.05429900360770552 0 0.1579342604925929 0 -1.2175006727946 9.657317838326232 -1.162556020438857 0.3144063173924314 299 659.7546761035919 2391 1 -2.319600544441973e-05
 -4.010943529914583 0.1274800550162028 -17034939.95080599 8688.982451726155 14818.16302005761 0.255531517388347 -10404.88972113598 88.03395655451982 24.88065008912554 1.611206993768462 5.826454561288122 3185.674418951346 4433 191656 1 4.0023776387601 -0.6744520553047142 9.440305261974249 0.02107325484388457 -0.08811927003847853 -1.361001920989081 -4.04370353455377 0.8252694845915388 -4.483104246535916 0.5335471019932512 9.018447071494524 302 650.7224600315094 2391 1 2.264148222022011e-05
 -3.089756975435788 0.0899779120660022 -322146578.5150485 4924.807311712201 689.8209935973666 0.1296102149342269 -17645516.04755787 76.80278275158079 18.93423024429602 0.6223489911752464 115.4518869920029 3094.648681227941 2428 127688 1 4.590478846985777 0.8786847764901791 -6.568621299390515 -0.2602465492065749 6.759473719085667 -0.0119595721311532 -0.02626869505410667 -0.2031807199440161 -8.75689908594496 -0.2664817084686239 -4.826991799051695 305 437.0477540493011 2391 1 -2.123546672195949e-06
 -3.647221036427709 0.1574566977168994 -107733.1888021747 0.6548149326893434 -2.193530715730359 0.230419345764318 -12416.16100961197 1449.869595488504 5008.669669361881 1.484771346022668 6.820103262176958 3029.602785579796 343 191542 1 4.635562200075577 0.2879109668422841 -5.029328751945127 -0.09322995493923437 -5.369741301491142 -1.964657499824189 3.996046306335479 -1.058461702506771 6.855966442844807 -0.4165435850402144 -0.318180838066183 308 659.9362471103668 2391 1 -6.194211424240407e-07
 -3.008816358582874 0.03117581965154688 -9.999168923445148e+20 1.357816419323725 0.7588121782785112 0.08933870345710306 -1293263798.380166 63384.01870308748 9184439.520774234 0.9121067904383104 39.56626764291349 2815.347294319192 1146 127761 2 4.061487442310415 -1.262932802984186 7.377996216757193 -1.556079178908904 8.422458323134206 -0.2433791783356841 -2.679730016408271 -1.917642450688561 5.183054327631176 -1.232473526756648 4.895170172715614 311 437.6212799549103 2391 1 -1.868229981296138e-05
 -3.405867210922609 0.07768411685034174 -346517297896.3051 1.76437287803364 -0.08876635699802569 0.3173750790654626 -1893.023257589168 86030.17708275339 17320906.83193668 19.33003144473397 -1.448622096355094 3237.303700584756 3724 191664 1 -4.411510739228573 -1.000492659989821 9.46518168768517 -0.7742300432378011 -0 -1.676890556650877 4.491167487024245 -0.8436417548198918 -0.4533611330885625 0.1920260723508224 -2.848850889519178 314 651.0147910118103 2391 1 2.513711534893988e-05
 -3.243068308048112 0.04997808899758867 -1613178865673267 0.2107098336346328 -6264.132336720999 0.2149857102028371 -29072.99003699213 780.0788032611716 1675.990522699695 11486.71372436725 -68570.5736208492 3077.816757724202 4022 191645 1 4.270001646462741 -0.08850689084194671 -7.972645966632363 -0.429784060079605 2.45983305154972 -0.0004619035765766965 -7.908261870890758 -0.2102859312996941 4.783373492054599 -1.516144514211445 -0.7134376086685847 317 659.0132639408112 2391 1 1.379277809051889e-07
 -3.422548481935103 0.107224793375411 -47154624.54431231 97316.44698929007 696138.1441184903 0.3920981776707234 -200.1770071038628 85919.6145579806 19234702.06823032 22.35404511682933 2.093266959949065 3116.601208980448 2907 191625 1 4.658512838300797 -0.8350437488289497 7.831364350045799 -1.350903091851005 -7.356861720916918 -0.7638350705513606 -3.255016556061417 -1.194112028454116 0.5551394761222999 -0.2384051658325577 0.8286552822469093 320 650.9834449291229 2391 1 4.782059018191305e-06
 -3.036411306444907 0.05551579288230097 -191038924754045.5 767.9861278426251 34.12363635378485 0.150408649448854 -3141138.390550441 30280.34930738948 2158374.616838144 34.57070356655939 3.769044290710703 2918.850700267658 3729 127776 1 4.434754893867698 -0.8782741166260202 -3.380703612218109 -1.493534537598397 1.519461955789824 0.5856655616662505 -3.28759803187521 -1.248863170252871 -5.401048465141315 -1.073245753402313 -1.774251164875797 323 442.7744569778442 2391 1 5.83939725550157e-06
 -3.453404388003022 0.2157454480126726 -3974.54995386087 82621.21903450339 254851.4450307734 0.2790672880680966 -2493.628088939068 7465.228679825984 119847.8152267191 212.5360006286009 49.86939805719976 2856.923664595731 2684 191663 2 3.339104065704057 -0.4090641333215519 -7.233769457558065 -1.31283042269777 -9.861783036615433 -0.206630542767778 0.4119711769930481 0.07881733361320008 -4.013728790667258 -1.572227109747553 -8.12355050011557 326 656.584125995636 2391 1 8.045247200898638e-06
 -3.661201716631812 0.355962580615215 -50.59981491545332 413.8708973405604 68.20929289396445 54277.81686320062 -1429886.822863199 19828.39228009318 823150.7442436307 1554.221639528326 3951.469544317843 2995.992526214626 1006 191472 1 4.513405698668159 -1.367152584147555 -3.191798952482632 -0.2126459640408216 -3.967955952814036 -1.010648304927413 -4.137389750167254 0.9429690134819642 9.641745265691824 -0.174318607407936 -1.213446095109743 329 650.0027341842651 2391 1 2.454921817917669e-06
 -3.392398731742694 0.1965274529507821 -3264.898973948903 1.649324287211856 0.2057123754232151 0.3429843946670799 -417.5616066769452 175.1027052391484 73.74852178451351 9.489808445499008 0.3847353776828011 3012.347562308913 1554 191626 1 4.164489940384282 0.707912714020468 -9.492900482362977 -1.260800379459912 3.885731876731155 -1.907196500095194 4.617486866990765 -0.7617477280547682 7.342987525930187 -0.1208752430003974 -9.731152264499224 332 651.9318141937256 2391 1 -1.136795124926714e-05
 -15.87611652396801 12.04080495005491 -0.4272934457104349 0.05607758290208419 3.381546132495286e+16 0.3095822968838546 -2061.277374915704 14379.38906700493 473959.1523510037 8681.91374165973 216059.2114171548 3110.926104821986 2505 127765 1 4.659892165064087 0.4407102125733022 4.806055188176579 -0.9822034876143517 0.1541840540597503 0.1238223102424598 -0.3196983849715203 -1.362262213550328 0.8641835986861861 -0.3287538503419292 -5.659372753401144 335 440.1704769134521 2391 1 1.662479389828581e-05
 -3.7678269130673 0.7444386600262889 -1.302831356511101 0.0897621724177254 484038830.5414106 0.2038832517935082 -26118.66632903321 88.60601294511928 20.62778496312699 0.1191388576227232 205338539.4769237 3004.878879272256 4867 191660 1 4.617332700411838 -1.702132988756633 9.250072307587729 -0.0898079547372639 2.592656127894279 0.6101587058454796 -6.023106652222573 -1.003305471726688 7.693465540180036 -0.8541241062695573 0.4641932523266652 338 649.2476689815521 2391 1 -5.455216450264251e-06
 -3.652571527962094 0.06582924777009971 -152020607219.2262 1218.771916188583 113.9452406898997 0.279956575977184 -2053.65142294651 1555.506367800719 5706.452470016188 0.1059457692022914 2515368136.569567 3056.396726456899 2837 191664 1 -4.289448462618375 0.07231766608489565 -3.941298173774933 0.8771922213637668 5.793576232331212 -0.1647729000262741 5.105810800938008 -0.6751856152972335 -3.277124825444761 -1.404560932814361 0 341 654.4501249790192 2391 1 -6.361349417850498e-06
 -10.16283655279463 8.95413832250224 -0.2120843687296922 0.05376799520026412 1.097621182699222e+17 0.2426978948569552 -6916.677713453267 165.9975886914126 77.47971767172842 1.867452788832001 3.574619722677845 2937.500081846187 4189 191663 1 -3.444079073353821 -0.4945673240545263 5.421700597929118 -1.673922805094123 7.377457113246495 -0.3994807218808383 0 0.9307584621424727 -6.739675146209199 0.4984522559334739 -0 344 653.1293230056763 2391 1 1.491936412712865e-05
 -4.286617539219968 0.2273090472130373 -3844.677449884786 0.03901540319800352 9.621256067431511e+20 0.3703636210007881 -174.7602472715114 6733.512272007254 104645.1540285358 0.9648877806917407 26.13650435610322 3126.632201596048 508 174415 2 4.314319441344155 -0.4425214231153527 -8.020949546937361 0.8520771955504611 -4.331137520040916 0.1709785996274285 -5.983520009001229 0.3815070319273879 8.984545691754549 0.07566140398034268 0 347 599.0763800144196 2391 1 1.109274821238445e-06
 -2.829920332690122 0.2935753236757658 -185.6645573878476 76.05185134034997 0.9521318482857553 0.2360276168238958 -6176.915581769686 21395.39666107762 1247406.597862927 1.382324962377349 10.45289979454941 3219.474483806005 766 191547 1 -4.257780592634548 -0.6294721093521662 2.669887065417866 -1.171398238701399 -1.392780706922448 -1.422370268731074 -1.525028627431814 0.226583874905474 -0 0.6668768395638338 5.408337191833124 350 655.6661949157715 2391 1 1.973942611840105e-08
 -8.857073220585079 7.525963455385383 -0.1640976126293403 140.4002635280042 7.647027784388339 3970.655430101138 -5816.994469368011 28575.35865096617 1671056.134695128 14848.27624161109 384558.7702429378 2984.44593074136 1142 191655 1 -4.696629656036277 -1.801797009800253 7.807740401018984 0.5791537628890149 -9.892408242812852 0.8515575788204756 -8.157880920143608 -0.6965168854370544 9.761018622975833 -0.0534214073186412 -4.827844177056758 353 658.2839021682739 2391 1 8.977092640232246e-07
 -4.032613879811072 0.103422892807719 -73317625.18934616 0.8487025458017915 0.94093467910129 0.08545927970252382 -79934015454.77924 2453.586431838703 14631.97979163647 156.9248077723499 68.20185815755764 3032.999279910848 1368 191655 1 -4.602956870224076 -1.718689960958944 9.857685149985279 -0.5121439621527948 1.388025213750881 -0.3677958171819515 -0 0.1419641256150057 -8.874600622340081 -1.811065960239816 -0 356 654.9103238582611 2391 1 6.502822853136861e-06
 -5.482152817919361 2.906026631723133 -0.1354264542843478 4966.069699185101 3205.818140563502 1.724169421331104 -0.817632919185184 159.9188771609913 57.13502486483231 1.572588035921312 9.122125936256108 3064.819168845723 4231 191661 1 -4.359110596081159 -0.5738672975110459 -9.822976427186374 -0.3859621532573296 2.29797021107821 0.122870683521708 -0 0.7737335455970502 0 -0.6037424747815026 5.499100397842814 359 653.7381827831268 2391 1 2.288159907662721e-05
 -3.762371876592867 0.2841299105207735 -391.366207837402 0.0402579248029494 -9.981500080398474e+20 0.06704450889942919 -29092888723470.12 84.64811496535313 21.92718215225977 4864.017438033206 31882.35486804636 3029.418212872346 1319 191577 2 4.016126754401634 0.08447573057387595 2.865655517914494 -1.75906977845714 -2.842052985205795 -0.7496451792231094 1.262407910131147 0.2314373361396518 -2.98333624821145 0.8900362988313191 -7.462954552232361 362 652.9756360054016 2391 1 2.135937106869216e-06
 -3.482291758258726 0.3612662892549501 -24.77278512707835 0.2191546903078869 -863.2572701836285 0.1604169059587812 -61990.07559584064 294.8639084680269 221.271459549266 1.483293385079298 11.04757168972678 3044.024334179291 754 127749 1 4.15438652197402 0.3409803827154443 -5.02771176894581 -1.862343998343732 0 0.6592067023297137 3.130511222160886 0.6551891474928735 -5.223093713477533 -1.16893228798929 5.589808456573938 365 435.3429250717163 2391 1 -2.782574563888104e-05
 -3.91200317040083 0.07933201020486316 -8819388909.653061 5.207595592328151 0.03195997588078072 0.2491825863741765 -7212.031391510652 63359.42830428737 8539832.62515503 151.2462351273957 33.17233706765342 3233.663978810885 3246 191651 1 -4.538255161638916 0.1894462686858538 6.685089485484641 -0.8577644326599732 -1.715909610802596 0.6267097854899633 -8.321483565337296 -1.168442770905302 6.707296597733744 -1.03420739537165 8.017584624004822 368 653.5539779663086 2391 1 5.289073476670701e-09
 -3.27326474980197 0.5232559464027118 -3.92071528281565 242.1614970503291 4.015040835689268 0.0914741457512521 -2913268780.381768 106.4401490220049 27.47519625450903 2.803072866634923 2.484672829996286 2937.787596149793 1173 191605 1 4.402784619565608 -0.6057715638777932 -7.50344634868172 -0.5884356491166294 -4.080082302804687 0.110850444532653 -5.465742182230862 -0.7330662154113305 1.592418865080322 -1.314364400555034 -9.951577873203178 371 656.2152850627899 2391 1 -8.354870532447338e-06
 -2.775008336315326 0.05039756353591196 -2.196735371386521e+17 469.2472622483382 55.09496856884876 1.216331242336845 -2.132096409325439 425.01498881511 454.4850246509332 1.903134047878688 7.473566995014093 3038.333829217246 2949 191613 1 -4.698647090249652 0.9234089240617425 5.423004378750884 -0.887298170530781 7.179329357307578 0.6490409320305028 -6.761301261726365 -1.912624234866849 0 -1.733859787195174 0.4241321010023924 374 655.2873530387878 2391 1 2.379381012041855e-05
 -10.19461780829658 9.870709206813403 -0.2320575268438873 59401.303404294 321579.0062747283 0.04134537686359251 -7.878171264215944e+20 32259.17329789194 2534452.840878915 373.9060961983611 445.9684553520612 3039.203120018595 1817 191649 1 3.73240443592975 -0.1097722680996682 6.861827205854689 0.6762939883334691 -0.180764300469745 0.6762666178275976 5.091628017734958 -1.982834318189821 7.857911224474272 0.0773110405918036 -0.2315374232286906 377 653.9549322128296 2391 1 2.353737429959218e-06
 -7.60592882889694 5.750198435974667 -0.1300230020144079 83.09072242160609 3.164740271993119 225.9181305909356 -19.18333844133775 33.91672694284539 4.432920460903958 650.2422748866412 561.3891338882486 2802.855232299787 1503 127750 1 -4.246942506771219 0.8486870745931681 1.617984894554074 -0.6869180657079959 8.703245402893346 -0.2797676148824682 -7.780195830117867 0.150362799679895 -1.873844744590655 0.2382757163969509 -7.483342338969457 380 439.3169951438904 2391 1 -3.309506102308661e-06
 -6.465496140629748 11.73542487646119 -0.1132676666793769 0.3032449908232605 -130.9193678175268 0.2649962745541842 -1043.350892305062 2089.644757547055 9561.473959186313 36.88812488299049 4.009085950066621 3101.069970212172 680 175538 1 -3.939997295300581 -1.439871059253319 5.141290627526112 0.09778122030418722 9.212099662425413 0.7520756908941086 2.104013387557463 -0.441517395595203 -2.96891582585369 -1.595163533335369 -6.221279649867922 383 594.5971701145172 2391 1 -6.297884160410141e-06
 -7.833774424623889 6.419917165063009 -0.1439403584113843 813.5976257226653 42.00543163736981 0.2348697579849363 -10717.22481962538 16568.57321705013 612633.9883712605 0.1976719107944446 284369.0078833494 2927.954444275299 3243 127768 1 -3.261136672062882 0.8962371291232585 -9.84851828946986 0.3996368534927401 7.224201782045272 -0.9216136853382011 0.04586836284395179 -0.3055983188956963 3.736511565196261 -0.6446933305237286 4.00149245172101 386 439.4684610366821 2391 1 -1.147030926369803e-06
 -3.571389805829618 0.06456577336086389 -133450020920.2679 683.7081260173776 -19.98920584832602 0.1018955619755059 -472784061.0912095 7396.974100611102 126283.6475963063 385.8350259829331 296.3418118768034 3028.68799522002 1749 191657 1 -4.645387044391956 0.5253126353046652 -4.759295049781657 -1.951132152025979 2.150885639024662 -1.120673311531005 -0.08322208526813757 -1.592732515554544 -3.488195755933832 -0.758300634658589 1.261656678206706 389 651.1002309322357 2391 1 -1.12075702290768e-05
 -4.594466878397046 0.8079439161012946 -1.079770562846738 2.546784339406213 0.1659695095049565 0.4046571334589874 -164.936187197155 93.09272471410817 26.57805722719019 32954.15335980769 4034060.259317158 2941.830545317484 1436 191617 1 -4.525106431303111 -0.2275411936577854 -5.25507347331704 0.07367210803329184 2.846725957120519 -1.999967807368609 5.694538224672585 -1.928720172421574 4.912988200014966 -0.7011627237704801 9.833216556026764 392 659.1899969577789 2391 1 8.808959221822746e-06
 -3.598724612329285 0.07832178156637716 -31769337022.47009 0.2382070575260122 3274.354943585281 0.06759256481390981 -30682548983053.11 941.6014992887837 2312.906045809066 9771.423281452137 133674.7132668631 3148.5067663567 3750 127775 1 -3.679551127929421 -0.8356384148032081 0 0.7591567708947919 -4.003129562346837 -0.221654147657409 -3.298455244166545 -0.6983328819954836 3.048114659019188 0.9537238445269168 -2.486668074986244 395 440.9132440090179 2391 1 9.615024411690089e-06
 -3.584148672998576 0.3795446632993265 -41.56469169496344 0.1542994981038396 93824.66874555725 0.4040409731146284 -171.7104433022589 23705.73824766684 1342685.437282879 1.115552487060431 17.00577820545851 3137.7406008123 934 127392 1 -4.58193936994191 -1.678000970760824 9.329124542679473 -0.3780784875105381 -8.349417419337703 -0.2754220498406674 5.313526914001598 -0.8571938008146374 0 0.471552400484379 9.707594149493856 398 438.4459722042084 2391 1 -4.176451128276095e-06
 -3.360464153157324 0.0359948543161395 -1.317817012736667e+17 1.978576419662644 0.1907674599381926 0.04804116297455821 -3841350354184407 640.4442174734641 1119.109793978554 2.559036512059007 2.64888500735577 2943.818762831865 2561 191554 1 -3.094871611036124 -0.7296047585736467 -9.356746854456258 -0.6182380721153784 5.003836441093093 0.9255867583528299 -3.023051404005706 -1.999265864524231 -7.953771634773627 -1.549178609655687 -1.5569985304305 401 648.560436964035 2391 1 -2.849368254466966e-05
 -3.901079254802279 0.2236239896198453 -1447.500770454469 194.1509675606916 1.786847354190754 0.412612634561168 -73.91432920946404 68.31632761944654 14.58226492752772 44339.41020226455 1033565.269873863 3103.367451826102 2273 191607 1 -4.393602146952005 -1.097837938786041 7.481044438398735 -0.02343528142218435 6.990596223773798 -0.2147601538191335 0 -1.091769280663135 7.767709625457403 0.3834367608545244 -7.687153026454359 404 648.6501441001892 2391 1 -1.44313755471953e-05
 -3.06098869011736 0.1713133261368928 -10709.03972538861 7008.729059864102 3058.328709689753 0.1462025448424255 -486037.931450644 376.2678647759704 345.7055497802551 6500.238714873869 50525.94657564813 2858.080884406098 1103 127751 1 -4.125155804905317 0.6419607793076461 0.831903633436704 0.2862092888573401 9.934454463259431 -1.876500043242356 -5.644341569581697 -1.827174425505386 1.679468481286699 -0.1017061841018627 4.916306344901363 407 437.6168868541718 2391 1 -2.125050902985179e-05
 -3.130891739594675 0.05524268723464084 -2426889454327192 2.716465419135352 0.09196551069488573 0.07921255612981683 -4913084607618.915 24260.56458579504 1164053.344315604 0.3628098853937988 3844.127772386831 3103.527358492697 3903 191633 1 -4.574055341228125 -1.55408304509918 0.7550258673398806 -1.135951407052135 0 0.07113047542256369 -3.877141891645578 -0.08887343335403403 -8.455927404434831 -0.01483154214823392 -5.708577199524011 410 649.3483078479767 2391 1 2.266682753479029e-05
 -3.125910682809647 0.3001485965343429 -212.2469532883979 3566.396140353672 989.7757775314 0.04655836978158533 -1.415204826622727e+19 12365.98795670846 292549.7073268003 962.9241365788588 -1466.777094805948 2999.116737575521 217 127219 1 -4.345254481781899 -0.4501787803159178 -5.059261066185026 -0.7600767181596595 -2.049690841537781 -0.2219291342845633 7.934331181239628 0.4625875233733855 6.035418209773614 -0.7084072637280041 4.734812476115723 413 439.8459370136261 2391 1 5.89747035701231e-06
 -3.788115700358652 0.08630341486653417 -527718988.8507646 0.3997444972870879 -6.875082633170565 0.2936463082143111 -1215.780722049352 112.0565906216677 35.01801400203297 6631.120277162391 86302.80265453045 3017.834352983974 958 191634 1 4.509287328866992 -1.286797169203798 6.927848948917265 0.08431912765183114 -5.458006393047513 -1.130522772503978 8.435946595387987 -1.508840881755439 6.074163400861663 -0.5227093702374228 4.824560411589585 416 649.0947051048279 2391 1 -9.689280558356708e-06
 -2.841536444267289 0.08930585376952065 -1298698490.953793 3600.39011861404 797.6758319117436 0.2925756733155106 -1288.804992918068 45057.60572038269 4525008.194123522 1.090851996642658 21.17247362303874 3053.366705240509 3947 191662 1 -3.54122133925908 0.4308068149561923 -8.422049213846652 0.7781385131125917 -2.891958490087819 0.4473438886706295 -3.894761264975171 -0.1507601727052847 2.534914750820478 -0.1706249701896621 0.7221228027470286 419 651.2227959632874 2391 1 6.243422982246409e-06
 -2.901963375969787 0.1179206048993713 -4624711.125413747 96985.5509381626 869473.1940403722 0.1937680537454945 -30931.37424933436 325.5400786522603 263.6421426327042 1.011417680559688 -4.195750707556163 2895.219382177402 522 191627 2 4.440105248927909 -1.12129046971598 2.233573465664558 0.4548763372346132 4.871844141767482 -0.2075069683124342 5.939683679404426 0.7087981646034328 -3.906075560886076 -0.03143808082750259 3.533193849322108 422 648.8907880783081 2391 1 -5.728330383114696e-07
 -3.273153354400882 0.05746738050828639 -3449957239516.386 32.54738393144793 0.1036675808347991 0.0546217647769721 -1263470521811959 70.18895884656349 15.15378587728523 4.327889571735612 1.531136960314461 2916.371547788322 4366 127760 1 4.317391988388163 -0.6637897961439041 0 -1.642471374949629 9.223478614889284 -0.4031657429344913 5.350290395868057 -1.559409022837188 -6.075904580100825 -1.446173048139241 -4.370605857815067 425 438.6203398704529 2391 1 -1.006518127017559e-05
 -3.596415818581999 0.07727830023576807 -31555629402.55837 1.481830857223229 0.4698522002583608 0.51040261852627 -60.87616420772381 15414.33689306532 548087.2771938492 184.4123438362156 55.77754719117458 3064.341819453987 1902 191660 1 -4.423859593496246 -1.267553961804477 -3.201922423971643 0.08643232940610131 0 -0.2998042308599 4.909808332874899 -0.7243866765260788 -4.630443860075991 0.2779818751706364 -0 428 656.2700200080872 2391 1 5.827774155258213e-06
 -3.347665145003464 0.05077403372950795 -3768178513854994 98414.14258906727 598957.2999687751 0.2496982921358968 -5215.449417439854 24.74686661570097 3.359888519900813 905.0356445877051 2559.414195520385 3189.070367414917 4385 127758 2 -4.29596834561677 -0.4664627564653596 2.27974986384355 -0.5234018306239347 2.033441090522955 -0.1661737060619881 9.568612044241286 0.3870185241496581 -1.486325801633938 0.007241967268893929 4.6300968860794 431 437.6963670253754 2391 1 4.764966563257261e-06
 -3.945610959083253 0.03433361421782918 -6.449417173897845e+19 1.187241733151016 0.5109032829443342 0.1000281691575544 -269852771.0275884 315.891833417135 237.9067995281961 1.137879190465715 9.591386937010618 2912.610170987477 3577 191663 1 -4.549367117238322 -1.625076416863424 -0.2466626546117205 -0.3495209895559617 -7.725509444384969 0.6192965693719024 1.658054569547758 0.05152391338514212 5.188477371333113 -1.339578581905735 4.97981575020598 434 653.0859000682831 2391 1 -1.361196041920463e-05
 -4.24815486853404 1.312202092970795 -0.3257531779517591 0.2137353381512372 -2219.382943956111 0.150641179575729 -1047330.131320577 836.5075774900104 2050.948113850573 4.858409430855618 1.334738734631032 2982.15174795776 5317 191656 1 -4.659134479115894 0.6070076706483114 6.833798278668426 -0.9161763730081223 3.355343581424489 -0.001201722135530066 -5.293808051391371 -0.9187535529029622 0.5838814856093091 0.9668940504734365 -6.061995258768194 437 656.1265299320221 2391 1 6.278058735262776e-06
 -3.867003765606012 0.5255555309200546 -7.67109792646681 2.695685665324044 0.119193458812073 0.3519277136221469 -161.8854568384783 113.64841666126 32.04763005436983 1.488511018379438 10.66512815499797 3065.03973825501 722 191166 1 4.643375772118768 -1.267121680162768 -6.541485726232902 0.02028726645858378 -0 0.9192975674090711 3.943529764012156 -0.9144544766556395 9.254529499587669 -1.806690041735254 3.968618050968628 440 651.889946937561 2391 1 1.08198154783677e-06
 -3.545071004260416 0.1798381183933084 -26694.5648349099 0.3410405533166723 116.4108156199675 0.08753135343224135 -29053021182.20637 5.604377546487385 1.491428955686146 1.409047768456964 26.57805384063077 3139.051810859038 2150 191640 1 -4.667376894265841 0.4308492029537949 -6.357599377836676 0.8730120132188515 -7.697539488684473 -0.2038169453792963 7.987556173876362 0.5775473799641784 7.286833599958014 0.4050838657927182 -2.224673588286625 443 659.0827441215515 2391 1 -5.981622826543912e-07
 -3.141872530480204 0.08080987913097332 -3662650676.300364 117.2914506857736 1.124119229301334 0.1171343784312016 -44595418.10773462 68.07999331344813 15.85820405214265 0.5194722331361179 404.1046264471589 2949.989755872982 2254 191624 1 3.252721841601928 -1.230540019773425 -9.680109311685323 0.9219135318995861 -1.546139705932512 -1.919753319893106 5.942152622921965 0.4871349171037123 0 0.6696956939714496 -1.731058716064574 446 654.3867070674896 2391 1 -4.746059000163386e-06
 -3.148878624480466 0.1430621521514263 -452230.5937325245 0.03922992230783405 9.98591902611011e+20 0.04889185793739153 -4.427812166281874e+17 3670.487230297131 29360.84084567836 0.04124418786518042 -9.938185163000915e+20 3144.925119832164 2416 191599 2 4.025696322893452 -0.78906807762767 -3.722544845568377 -1.579845605573294 -7.905184890932714 0.321217986306837 5.217544422961002 -1.055357625780739 6.336068488317737 -0.7500988967759357 -9.517687023256666 449 655.026004076004 2391 1 -3.02846519792493e-07
 -3.469785777512892 0.1295904211183315 -379727.7587379566 45799.83811081148 63663.47955718457 0.1233353757355607 -11699391.94186718 3025.428856870921 23832.20287502179 1.395418158385116 12.71552653143156 2970.301559423035 1688 191612 1 -4.613363821202094 -0.6284631541531978 0 -0.5682708986751663 -8.176367821368709 0.9726866073050537 0 0.1609469912613503 8.908771958697645 -0.2913253206269193 0.97617877037358 452 647.4153490066528 2391 1 -1.732437811427006e-05
 -3.321855725082123 0.1066314838749928 -16892137.24443728 0.2395126255787779 1944.76450226201 0.3522131127586727 -197.7498589442154 5256.888522363368 58722.41449749671 252.5675376726573 67.60150446056878 3135.327706860911 3352 127771 1 3.609770068625954 -0.9079469137604326 -9.171024708922062 -1.627412640067886 -8.594175406915399 -1.44239334695958 7.521539090891304 -0.4702101909751627 -4.869545179470667 -1.493859837565338 -4.345169086285008 455 436.1558980941772 2391 1 -6.022382759316432e-06
 -3.49126559088715 0.1356999643840533 -416853.8737307999 142.2978406851583 1.629712885134101 0.08055798961194714 -63324661848.28053 2778.340655021843 21304.59048393637 2.829283561812605 4.307166901357335 2970.295125867015 1755 191652 1 -4.402211008562769 -1.022008786353674 4.368011524699777 0.1042467502455233 0 -0.3186352862535698 8.021713237840926 -0.9883434597413014 -2.929969217836718 -1.458768474337031 4.473512519984515 458 653.6211421489716 2391 1 -7.201657169923204e-06
 -3.90273410870717 0.4140907724126348 -26.15156087615586 0.03870434294388404 3.934396406328673e+20 0.05342779902699872 -1.106825593649145e+16 24663.04619703791 1495344.03704369 1.511969711614531 12.78202814676682 2855.313806679259 1273 191639 1 -3.715890791900457 -0.9741630970757083 -4.095333451938256 0.3184352239747636 -7.062832636311494 -0.95598558078688 -5.795055766461519 -1.066698206291363 0.1707366201249494 -1.955613290876876 6.625209305667816 461 657.3479449748993 2391 1 -2.30896446847348e-06
 -3.165992428027498 0.06303530673744467 -34135760628385.84 1429.973173477056 95.20357179413894 0.2764098775393163 -3415.210688736034 64.2182155382135 12.34739174377745 702.4338072026534 924.9241347300007 3092.497973660159 1478 127768 1 -4.610295707623425 -0.812352174370365 6.974012534490353 -1.468661205306843 2.229577730437209 -0.09005479431130768 4.881165064777043 -1.770486805522852 6.322032570507147 -0.2949644450194774 -7.442328372183688 464 435.7731549739838 2391 1 1.706699271594869e-05
 -3.708186820673239 0.07070669547071404 -431184193250.5712 1.888988215548117 -0.330988959413493 0.05315775671685521 -2.238655539018842e+17 249.5283289760881 184.303085178514 5212.177008414995 76227.66997930892 2910.296540688073 4357 191632 1 -4.260263668580664 0.05194585466513408 3.521725096398498 0.05859353831483372 -7.202441036272573 -1.443611828482357 0 -1.361415104739824 2.415368403220788 -1.118014758202137 9.760975032743902 467 649.7445738315582 2391 1 1.148024918360297e-05
 -3.090662718776056 0.1259035072239386 -2949020.240464081 0.05835551702332339 2904341506379055 0.046552365562364 -5.603096904796862e+19 140.8360319929349 60.19449751282752 29403.02515048338 1578478.002402538 3035.877401912865 1516 127774 1 -4.586399868973617 -0.3203724515257598 -8.801426837917582 -0.4951892624683811 7.427818033011576 -1.944185339791937 -1.717462118151753 0.3658032066889887 -9.363159755156246 -1.28097395709819 -6.788559196211545 470 438.5192699432373 2391 1 1.12321363518072e-05
 -3.316296434783324 0.07157834778712387 -229892502307.2809 23042.45572623811 31384.5860745663 0.3370914953868329 -428.3358109279721 523.3939694771575 712.4162266793263 0.4892800078861058 861.6355889031219 2892.405889834282 1005 191649 1 -4.309631587831541 -1.314328987507585 1.521504338609689 -0.9078142848014688 -2.427018564241738 -0.4399057071254049 -0.1631597145279695 0.7286044724861894 -0.5064826648360548 -1.861214611088142 6.381141763919477 473 655.3332259654999 2391 1 8.224300959400923e-06
 -9.277740120278814 7.394265821902873 -0.1775223096122351 1.981783065373751 0.2561868799371062 0.2293569686651669 -7935.744893091342 92.07621277548141 25.75103259917848 1.170297279979756 25.60959381547147 3231.766547238556 2630 191628 1 -4.433156851341513 -1.901062601467613 2.576359699409815 0.4193320985351541 -4.892483778513013 -1.132056112545153 -8.062181552164823 0.1304182004474885 7.900123630358481 -1.640815051541891 -6.399436237223674 476 656.5181491374969 2391 1 -1.704524363677743e-05
 -3.02426602936084 0.07818500179265635 -410540608.6578534 1.015247251126063 0.5276573317430582 0.1094301929921588 -31734681.82894877 199.7336574207376 84.19866152786491 1.068753327922026 -11.52585113703453 3008.458336582453 4149 191583 1 -4.61652130559404 0.7759026852348554 -2.891472864818931 -1.452417027892228 3.841764075551285 -0.2182747349962497 0 -1.946422258685762 0.4652971538306376 -0.5993450422029181 -9.046314308919706 479 655.1736030578613 2391 1 -2.176614923770567e-05
 -3.468801666063858 0.5137477489477397 -10.21178939952746 0.9029121566384521 2.551852196525526 0.05260188709997499 -5.014897024321261e+17 326.2827166374677 221.4761325690601 0.05076490603218411 -1.147111184846806e+18 2953.002952033289 2623 191642 1 -4.120779167141318 -1.180118316101442 0.9755577784105283 -0.9714642121735535 -9.96656308750419 -1.229102998440736 -1.492197359677363 0.8232005785253067 -9.929197812586043 -0.1911540150338089 3.75484230621776 482 657.6935470104218 2391 1 1.22751980090098e-05
 -3.957525174757277 0.6726854878125598 -3.21941086101772 1.271693125099322 -0.6143782809018674 0.0562128907543934 -1.9316530901046e+18 117.9093615036862 42.86858167333241 5.187848694693508 2.280401074607881 2852.979178322968 3377 191663 1 -4.574976962363369 -1.755736196066943 4.497841278234832 -1.859747667995699 0 -0.007570747317913632 -1.817637320165557 -1.842788199461471 -0 0.7313631392228386 -0.7649546811565884 485 654.1678609848022 2391 1 3.363683392515671e-05
 -3.168653179529212 0.1794353264723832 -25597.8187465132 9.272006390182142 0.1258946607026261 0.1267458219991871 -13744704.61020936 1807.503603307982 7806.78250676488 0.04170089867085001 9.986822791491482e+20 3187.256510097222 570 127044 2 4.415328670495108 -0.7283853782805476 -6.88388667257923 0.1596323238456905 1.258985915566097 -1.55833679726432 0.6756417003294044 -1.385588790752598 -2.741395879101837 -1.89374193548545 -2.05308104182396 488 442.1937210559845 2391 1 4.99581456361362e-06
 -3.328149070312338 0.2094532052475649 -3081.613172896954 66736.50208644703 208655.9634166192 0.0567684192229792 -134251731091163.5 612.3902852797187 947.3525425312057 265.1809428775135 65.18421559413351 3056.25933411324 830 191660 1 -4.398177741263734 -1.568068055889351 7.009398599901811 -0.7145138672339906 -3.361831141178212 0.7688956928486935 4.825699849018714 -0.4627177160609399 -8.102297567351153 -1.973332425929349 -4.303068939124307 491 651.7514951229095 2391 1 -1.450842754867281e-05
 -12.24603272019015 14.4175756891999 -0.3604034401350336 69626.29518070021 97672.98209414912 0.09962554190992613 -14617630232.63345 12987.71112541653 393190.0667899008 1.49766067005853 10.68555087774396 3053.271104827497 1611 191663 1 -4.688770080736858 -1.334653867476693 3.77286828304406 -1.995374528180631 -6.528062363458869 -0.7382949365237037 -6.682737301759092 -0.5958598205932963 0 0.7862882044170716 1.884027684947936 494 651.5847229957581 2391 1 2.216804306343009e-05
 -3.11432972042502 0.03915700774368858 -1.36792512714957e+19 0.2027419525308968 -7700.608021027923 0.1366018778961354 -10561550.52760811 1903.692282606768 10158.8476168317 2.597619507870449 4.506920867734453 2867.394916875272 492 191589 1 4.213009623326768 -0.8054139940375045 4.989324003327069 -1.295051012755013 -3.443923682427693 0.7865464371886297 -1.331286239582357 0.1900322632469988 -4.263698941683955 -1.713597750844922 2.267712244862909 497 654.6031401157379 2391 1 1.238611907037446e-06
 -3.463588283052725 0.1077515651189945 -86791266.52291733 852.4256939527975 29.68367165562207 0.1632470940439575 -836304.1226825084 64.40072944214836 14.66666167195334 0.9391605189094082 29.23363557357672 3090.448296175307 5293 191644 1 4.04552749977161 0.81908224991097 2.059685031980839 -0.06868544355545761 -0.2446312171257721 0.05378016715689737 2.322733840301476 0.1852501673616115 -0.6385871515723842 -0.7718778515185933 -5.804731652709279 500 651.2518820762634 2391 1 1.148630235258208e-05
 -7.426288038996827 7.956864661084005 -0.1209395731606796 4606.321083989006 1006.400137561369 0.1798300963522902 -121908.4098243027 121.5617471557999 36.99234008896049 0.1269721920289974 113799274.3759789 2882.284056547249 1748 127763 1 4.540275961706893 -0.4054038522196795 -0 0.9458131153343826 1.720180844216773 -1.525616453963711 -5.746605024152169 -0.779994838453419 8.528725395027685 0.01822239831015392 2.586904732125769 503 440.4211349487305 2391 1 -2.706877359835687e-06
 -3.869190532240858 0.2633105923683609 -1129.494984446492 1288.305814203784 132.6596390952617 0.4028624223468882 -233.7891410251467 1307.32135116814 4748.166235787714 9.530143270039872 1.422523645362267 3270.105500994503 3353 127747 1 -3.974086566232395 0.0002094387564128715 0 -1.123069029835711 0.8199489896432879 -1.586879421544931 -8.465945172299858 -1.172431906119697 -0 -1.3308276007113 0.07725030617694628 506 440.0744290351868 2391 1 2.199226520677788e-05
 -3.947678550527742 0.148519017834387 -34895.13468610385 53.86115482860447 0.1502352273566295 0.3595762348537113 -107.2583764195517 28081.27408733296 1774403.320472903 10.79325103311012 2.117961454404138 3096.968564347718 1480 191653 1 4.613267031059088 0.5543176363013189 -8.548009571436365 -1.707862944943054 1.305841599680954 0.4913331249915758 1.385071132060716 -0.3269418377154496 4.826736111944681 -0.8910044214638999 -5.003213599131367 509 658.0124218463898 2391 1 -3.462063573859359e-05
 -2.747648718924709 0.05703153344599464 -110464058169293 287.8295822139681 7.780215028627548 0.4295921942833657 -116.589497092118 11810.81936211858 352557.3628963811 0.06679334299976515 281181018199049.7 3061.686590385456 2351 191663 1 4.600952508591327 0.1410079956145655 0 0.9806771585875196 -6.003452980130492 0.0724510586297113 5.219332152451551 -1.589189052771386 9.078441960204035 0.1876646911153869 -9.775275203875047 512 652.058140039444 2391 1 7.245430682031056e-06
 -2.649560229218212 0.06043737326110973 -325655689914.3362 734.0657581785541 43.96726604314097 0.3923275588033242 -168.3615389247578 135.2667407606349 43.12577133070597 0.1187085750468568 182355934.9142591 2882.35393688538 6112 191663 1 -4.572646540401594 -0.9658042097662003 5.344127902642207 0.1759519941903318 -5.69511089976176 0.05011319606906463 4.739785770829759 -1.661232086896108 -1.79223590482076 -0.06938190254133496 -3.472033969902419 515 647.309063911438 2391 1 -1.693385509202224e-05
 -7.692721956140669 12.56648433207863 -0.1801866377760697 410.4058894674752 19.1238596452466 0.2853929121323502 -2340.923343910861 179.1134858105848 71.3379796325106 0.1759919132251894 2032228.733492614 2875.756982894248 1820 191663 1 4.206394595313284 0.1653315925836502 9.06355547971293 0.8954479838916951 -3.831785314814221 0.6711829553147415 -5.326347874743065 -0.5609424599629831 5.86022970473847 -0.5416233380013553 -9.358800339120185 518 655.1561589241028 2391 1 9.257790871391179e-06
 -3.850735935683991 0.4164599223838125 -25.68901988781149 1.991536551907096 0.1670119958943193 0.9224905013284577 -2.92138815792374 25909.44777898115 1436072.982805341 0.798981170215921 84.47712781417577 3145.715583776986 149 191148 1 -4.243078031725667 -1.52978757318918 4.966878749735164 -1.093523038128396 0.7111015740216713 -0.1878595785520716 -6.9607751684483 0.5488252851175046 4.484170975038761 -1.30725646821578 9.215757227722907 521 651.5306038856506 2391 1 -1.856580135792459e-07
 -3.720596222852121 0.08408758016793987 -11997738717.75194 4.633183274530579 0.06978064481105177 0.1790620719224524 -370268.8198654975 10067.6396244943 236350.0492044359 0.09749406334339346 -73308138924.85393 2867.028041204692 4999 127769 1 -4.064547690539678 -0.5602797846930274 -0 -0.7938762393616958 7.120315106541151 -0.9620096575732182 7.288064306379866 -1.512926562026347 -8.876416202292766 -0.9980366075392304 8.124289236280765 524 440.3339638710022 2391 1 1.736964328622289e-05
 -2.377790797841232 0.195930827807196 -14233.62526595777 78.50671460713612 1.555191105213942 0.09253919568172687 -10889813201.69169 259.4964171207523 178.832337075827 2.18364408740581 -1.317160447276364 3033.833915074793 2107 191509 1 -4.443901319229196 -0.7153679196217926 2.468697899403727 -1.175670333653801 -3.761490250509461 0.06391574499213169 3.706650695886769 -0.8507335088076253 -3.215616053923767 -0.07256859006633132 0 527 654.7048740386963 2391 1 3.852669962682645e-06
 -10.18621003019605 8.276304032341613 -0.2132065607138193 13000.8992046569 5054.13139221884 0.2615797171731148 -1072.391853931114 2550.017881301685 15112.82585028502 1.455996662793729 0.5830628814694278 3070.359027500494 1591 127772 1 3.831890863307093 -0.1998912110804466 -2.787715374518708 -1.917984186852899 -8.512559802349973 -1.300580118864069 -8.139412738621273 -0.2281303243413744 2.79427094133135 -0.7387490647370205 -9.50879221700562 530 438.4976198673248 2391 1 -2.649671721429061e-05
 -7.72736572380648 7.684074132255722 -0.1414554087125625 2073.736206906478 318.5859148451788 0.2165854528032865 -21391.93326219669 32270.39779253093 2665626.291062678 0.07181063470241475 12926109326760.25 3047.84493300653 1598 127765 1 -2.891534678671478 -1.36615259363823 -5.108847664422175 -0.101268111114301 1.085467718445964 -0.06525183202561018 -8.409086569401856 0.9489920538673625 6.562944009389996 0.2358883973842709 -7.301841612355648 533 436.6589920520782 2391 1 4.691560024529207e-06
 -3.1431619070258 0.2743204744804509 -145.4552131948167 1.873247883534471 0.1595741885100897 0.09173839539211165 -14409116255.34033 2213.95995648158 12231.35494473228 1.503525064894556 11.20105780411998 3137.474022049553 366 111019 1 3.832058781912849 -1.370667380493714 0 -1.352134284496455 -0 -1.914273059835924 -0 0.0876952681233409 6.583076393019787 -0.09603635383339619 4.20221447222078 536 381.7872018814087 2391 1 2.502055265098778e-06
 -3.355499973067381 0.05974049342487686 -23486812719719.53 2197.375506359011 52.58316540157458 0.3712127496838293 -349.4907018219941 1216.976449448666 3138.051491468045 0.7339895568066641 44.07900855562363 3000.865579668599 3823 127772 1 -4.487605017053253 -1.90688087590495 -3.037478337897078 0.5398555843840196 5.19581866925884 -1.92543680251458 1.969306625577499 0.3532738997575082 -9.397280978499298 -0.4226061665253447 5.896731695114056 539 438.3412051200867 2391 1 6.846206116629282e-06
 -3.871333977662736 0.1374806843811917 -242754.5415685549 35338.12887224974 165584.2645454705 0.1835984540893268 -89127.71299738022 38713.7031840464 3440418.161345827 90269.2262592279 12096885.71945705 3021.923841176123 1599 191511 1 4.527427332373339 0.4557175090548409 -0.1095079760434476 -1.92919334237077 6.503692207223922 0.4706247252036566 3.466066966488192 0.1844906065719907 3.49291559462412 -1.764059641272979 1.08040595057762 542 656.1185631752014 2391 1 -1.15981694314764e-05
 -3.047675497913628 0.08883595358458989 -2108539238.611974 36.76644231126189 0.2493487385921171 0.2660112254085569 -2126.027833682834 46629.79597026815 5975430.093170355 8506.058534043659 143544.2159279311 2975.646043005059 887 127770 1 4.490594248158682 -0.3049901588180904 -8.754899257698447 -0.4422009960313318 6.265437534777403 0.1110738865938505 1.126300428790247 -1.878557474985179 -2.957627231262246 0.1069269264324992 -4.587551301529069 545 437.91197681427 2391 1 3.750889184419527e-06
 -3.244792888166647 0.1411017471051564 -91735.14723568596 22701.22647689913 63794.98150998732 0.08988350839771223 -2255031821.39676 1876.568434364812 6359.375189955755 0.03663558210813413 9.956764957966867e+20 2913.90432444821 2366 127771 2 4.430345011065048 0.7755356499531055 -4.161817363622447 0.7163906450913471 6.577566606303649 0.3248227643986423 -7.53478104280955 -1.937440654000171 -4.858639177137365 -0.9108152779203734 -0.04210167161938605 548 438.372663974762 2391 1 -1.668694124364416e-05
 -3.470057925585099 0.1042619272159167 -6503058.894449322 8.892090847639114 0.1269803388433468 293.0255870116458 -35.07685025214133 6395.996453413884 78426.37782820016 1378.945000438932 3184.309086620949 2910.859518200494 869 127641 1 -4.399337863163904 -0.3339261653390686 -7.814347432348582 -0.1911965924139736 -0 -1.27038572572396 6.336721206513854 -1.168280553547552 -7.706640943037925 -0.4831947403277859 -9.3256394589956 551 439.6120069026947 2391 1 -2.026912811704289e-05
 -3.39298875152335 0.05375533221836939 -1.401249398710777e+16 524.7993282342505 21.22365317383289 0.09907708027823499 -27786075067.61508 994.8125408647826 2342.123812099282 1.346911487822246 24.02081724591576 3017.763534491999 1023 127771 1 3.602694467161866 0.8949863803724334 -1.064155999989525 -1.642216556779509 7.410215961037879 0.6567425490719202 1.344053378298748 -0.5828884861419938 6.18163928857521 0.798398635657704 0.6854251499874673 554 426.4782011508942 2391 1 2.432273439578135e-05
 -3.606902320828734 0.1584093045011557 -52769.47068765853 0.3032715010705642 375.2453042233889 0.09244139996431852 -2347032726.762908 83474.56967407199 15634658.30139389 0.9542138300090546 31.94276015047353 2963.980839279751 1525 191657 1 3.70200686914643 -0.5394835090022161 -0.009173959077055649 0.2239492485130894 0.6794810512521696 0.4502612261423362 0.8107072465155873 -1.240233748151103 -0.8337352514222736 -1.772382113783943 -6.503266400624963 557 593.4980299472809 2391 1 -1.008610547766637e-05
 -3.524241709320143 0.3020680337781966 -68.02790841408674 6810.46795190491 923.0289179238413 0.0813027132443775 -8610922231.686844 61.91893715335674 11.77445050498698 1.204699087057868 21.24450142172779 2955.706070242779 1819 127728 1 -4.377296397282359 -0.7549203678132477 -9.557253146915942 0.06527768383741026 -2.485666107025231 -1.91292384305579 9.25890106846014 -0.9263928400102071 7.22743666208561 -1.820075793889717 -0 560 397.1214919090271 2391 1 -2.394509712491713e-05
 -3.426591386143397 0.1543977886459014 -630353.3858315181 1390.031009061628 165.7679837289672 0.078499572679642 -4123601733684.986 254.479185015076 184.9765022534373 2.748326765635873 4.998847829715969 2917.989573310001 1205 191528 1 -4.297706571031124 -1.567441099215993 -4.923728573089146 -1.095865000175865 7.077637124841877 -1.433887107282203 0.8641580516889888 -0.1715674036467672 -4.541520660533902 -1.660661903893051 6.982047568169249 563 589.1975140571594 2391 1 1.849840339776423e-05


# name: injParameters
# type: matrix
# rows: 1
# columns: 11
 2.01 0.03999999999999999 2 1 1 0 0 0 0 0 0


