# Created by Octave 3.8.2, Wed Jun 03 22:16:23 2015 PDT <charlie@dicke>
# name: outString
# type: sq_string
# elements: 1
# length: 114
Slope	Lambda	Gravity	Lambda	MagneticField	Lambda	MagneticField^2	Lambda	AttractorTemp	Lambda	AttractorTempGradient
# name: om
# type: matrix
# rows: 187
# columns: 31
 -9.954745115532232 0.09509587473486862 -13356190.35359436 0.1193433021378833 -1807320.034469756 0.1988111777147399 -13545.40548769911 45271.94597068832 4640962.37593099 2027.909496690798 7764.068486746936 2902.153090926801 2444 191657 1 -4.687289105994725 -0.5387399001352433 -4.447271807800013 0.6448495050346343 1.751509909077822 -0.0483608874866741 -5.775331048982075 -0.7852895251441563 -4.653912512651937 0.1552489154974296 -0 3 860.8127329349518 2391 -1 -2.846054276267319e-05
 -10.22176677789097 0.0830317417472059 -84406581484.68596 7112.25955128604 7385.627536926369 0.09287745552026923 -146911915343.804 67821.8481526078 10531693.60723553 0.04698499439409189 9.990517060208727e+20 3153.089640614362 1579 191631 2 4.39481750825113 -0.3183094278613643 6.699057954848004 -0.9226668788580454 -1.73258647713581 -1.951590049836565 -9.770413413093479 -0.2793420006694927 9.72079081884616 -0.5945838023020134 5.483504921203495 6 816.1938490867615 2391 -1 2.434663900480591e-05
 -9.585437772062127 0.09058612875269073 -1508491903.09577 676.7258135024621 57.31022960587647 0.3706663295615171 -340.2740723693144 2806.855607017227 20612.82906740081 1996.097748204994 4146.190822786908 3040.583839877085 1044 191662 1 -4.604916880326722 -1.765944751688207 7.456070236734799 -0.3397731804966844 0.543734428269484 -1.484441916301407 8.989348074175119 0.7131910884768229 -6.641016500368026 0.455504202504664 -2.406340763151882 9 816.1352119445801 2391 -1 5.185102333877826e-06
 -10.59667606639072 0.1107628627941924 -26062825.29488032 25097.33152219971 6672.081051332019 0.384072943627213 -328.9323405074864 4543.679477220652 50676.75643927189 0.1621383311469411 5483127.937517401 3252.594723675339 2320 127756 1 -4.674721569591256 -0.8823296266750384 9.690890467971444 -1.394155137598464 7.44283788777016 -1.6899463532214 4.987231360592128 -1.860444136526765 9.132952679164545 -1.16561087783975 -8.557330452331961 12 549.4001591205597 2391 -1 1.071665756988292e-06
 -9.759766532025774 0.1035327865188884 -58694415.14743053 90.04120507312417 1.433323509927756 0.1308153745747664 -12871690.35891161 3778.589979087253 33012.38133437711 8.757435238140372 0.684171349056453 2923.673135300927 1161 191534 1 3.6810654919507 -1.357884505973272 -8.722686546700205 0.275401561191023 -8.972708022763575 -0.6234728322762058 -2.347107691179274 0.7027473482366644 4.362831925930307 -0.344333744608802 -8.440297337314703 15 815.4725539684296 2391 -1 1.00782017507484e-07
 -10.29687493788938 0.08140657818824676 -607370910.9336371 0.1673829674213006 64526.48102111107 0.09718489788445459 -388920865.1384743 1463.887825641675 4984.578786822498 69637.04383684012 4590890.810168726 2969.814021593971 333 111384 1 3.302531137548192 -1.569207130263027 9.497909260380787 -0.3899177080247433 -8.697446043434001 0.7902796813943014 8.777624670037182 -1.38370069155634 7.676456317360266 -0.1967430982939353 -4.247228959114763 18 479.61159491539 2391 -1 -1.945160578334793e-05
 -10.161825519726 0.05910390880978728 -4080580047740.022 97.25945798134069 1.232839257128047 0.281314462020505 -1931.100933106599 22412.17122655245 1061794.354408208 0.1408762348188928 18556702.4072485 2928.523731274148 1801 191630 1 3.933428297561573 -0.3645970770933245 -1.242927713481425 0.823070165482882 -1.675762160740384 0.9463312619096355 3.81358435459983 -0.5826121366108525 -7.403226299745475 0.2286318493276261 7.664819790782021 21 643.636913061142 2391 -1 -8.376062727849539e-06
 -10.26564216925428 0.1095298008465403 -9462276.392541332 2352.881866782643 758.72527716076 0.3300954187838196 -671.7939087619375 43.04158330894988 7.0488182497808 0.05191173969765994 -2.557282603649769e+16 3088.675515338477 3076 191653 1 -3.419776476950089 -0.9989288214820533 0 -1.518615181924488 8.951826834371728 -1.738879724635389 4.891091864116969 0.07467113173772509 -6.89608983486402 0.9490521381773354 -6.649904993384559 24 654.4774870872498 2391 -1 -1.148143558851174e-05
 -9.740259474882819 0.1253967815378557 -966875.5550222811 2.741854467411163 0.1532674218760677 0.1290305556719962 -8812698.65909077 32.01143853873275 5.49006409579231 1.121770194245843 12.76093880101238 3070.280802083209 965 191454 1 -3.990500046884269 -0.2301602350086043 8.265756536681986 -0.1156872647527045 6.98845990223408 -0.8487534248082245 -8.573753338277692 -1.289651105890609 5.348171382713333 -1.309863662916924 -8.916728805539664 27 648.9877049922943 2391 -1 -1.156150966331736e-05
 -9.288446928436871 0.04549689741053408 -6.587664898775571e+16 3726.721060060124 673.9184360406153 0.1355199535526793 -17682012.84915962 74.11531862369566 14.62425694488697 0.1051097208227124 -1581927458.772542 3034.25137471677 2764 191640 1 4.341352879570281 -1.621531528119815 0.3957477482575653 -0.9973398969758822 0 0.507608625135914 7.194398343168261 -1.181316688101667 0.8714713263437108 -0.12303247259565 -3.087853966847139 30 651.5177819728851 2391 -1 2.556398215229619e-06
 -9.516768431743317 0.08692077621674128 -1820692890.910922 0.4300136495913462 33.49530110370782 0.1672445475428928 -283608.963440616 1360.799150425089 4797.936919439116 2.211033562752372 5.030385280658838 3061.614068562993 2743 127746 1 -4.636777903786519 0.3972771706327304 -2.872040840364703 0.81861498512139 -8.127660669362449 -1.463801990445031 0 0.5675110261686775 4.690103464983258 -0.1815219532843849 -0.4657417124153866 33 436.8353741168976 2391 -1 -5.877591695919468e-07
 -9.480912348464331 0.07234050794375048 -151307501792.8348 2879.923258751607 404.9372010053106 0.2482212636862389 -11650.26726481873 92.80922490166067 32.24294095455588 0.684175540286096 111.8763532536692 3027.260032821553 5391 127775 1 -4.6180446951911 -0.05824841141041048 -0.771510973030523 0.3067139557059271 8.932688690107744 -1.494440460208221 -7.226423172833506 0.06831766263218549 -1.693610696305264 -0.4262380863526216 -0.7257724908180245 36 440.9265580177307 2391 -1 6.346815887817147e-06
 -9.628774261664399 0.07033752526889087 -18107473044.79342 719.262847043879 41.02977592057601 0.107393394364203 -79527159.5284483 561.4734098077317 745.8135036583376 53939.00085822654 -2603538.875844921 3071.60645681231 2909 191648 1 -4.668765892897941 0.8328399946266725 -0.8477777883487088 0.45642826409992 0.6620656494021104 -0.2479688516409589 4.660539309411494 -1.661332809034707 9.554409503778119 0.3056791288151079 5.250148943644978 39 645.2550311088562 2391 -1 -1.659567628634838e-05
 -9.679832998693175 0.07878475855969723 -145004557425.5218 0.07079715764831319 -15285858581290.05 0.1834588070960894 -303265.0620510391 79.33027919799558 21.60387722260267 1.955470080051636 4.210643707566523 3083.980074798153 5820 191663 1 -4.655050285976723 -0.3225537782268457 4.048790046346011 -1.862504922449277 -6.152246274117303 -0.5936935350291535 -0.1626959572559397 -0.1192272608206615 2.23047734237717 -1.619434911846928 -6.652370627865192 42 649.3782141208649 2391 -1 2.041782723935998e-05
 -9.607828206556665 0.04697685668663203 -56731752960809.38 0.7949381882199897 0.9616386274827459 0.1212893622274624 -5496900.998246856 17870.9119584077 722025.7937768443 0.1001454653257804 -239328120.4421589 3237.60289146782 2387 191651 1 -4.633767196179433 -1.288517981058458 7.014346844949291 -0.9531136950559436 1.966425608162749 -0.8173941543798433 -5.351254359778863 -0.1491902480197549 0 -1.836197930221522 -3.111302117709934 45 650.9368929862976 2391 -1 -2.703556054353155e-05
 -9.836005870436724 0.1143016584737984 -47208180.63466264 39.30335665044414 0.2682985342718381 0.1978485726647118 -162423.9913011723 56056.4922253711 8554488.399175037 161.6335316003335 52.03859730844162 3207.146446450094 3045 191656 1 4.237586475875073 -1.133259365446268 -0 -0.7771391591346806 -2.485677679851908 -0.4752976863277638 0.134761610268987 -0.4802883272593697 5.090820710321101 -1.90287192722461 -0.07619504660454934 48 644.0791101455688 2391 -1 1.27158627593859e-05
 -10.10913178078537 0.06818596954671771 -4011733226843.242 1.391464487477556 0.7817580533986411 1.426794098958528 -1.572092662710916 14048.11035797712 413664.6146582265 0.05077009104531895 1.318103893238564e+18 3242.042679968755 5455 127775 1 -4.440526519722328 -0.2874081993262366 -2.299266716968129 0.6334979370150879 2.23379544092119 -1.501485951850992 8.196663690426385 -1.552400149278996 -2.563531178351585 -0.8703915759313059 -0 51 433.4767129421234 2391 -1 1.389365984627675e-05
 -10.14507320532347 0.09339425080979406 -1969176828.648644 34526.06969318759 141374.5154064748 0.1109726904234776 -712708741.6367764 18.07658476393565 2.520629833617282 3080.4212821394 34012.57030940727 3039.050137872832 1154 191654 1 4.342802130964966 -1.891980730572481 -9.380552843038117 -1.485596599292879 -5.188198449333843 0.04342670411329184 3.876898589738345 0.9751794113194285 -9.144185122836914 -0.3463885624307075 -9.506987298366687 54 650.2872669696808 2391 -1 1.390659619416942e-05
 -9.873618446459083 0.1367785508419072 -1057433.613786465 0.2861149949707681 806.599860929797 0.1252361575449624 -29535809.00638766 60873.43403242654 9267542.36091781 0.1969982126199012 405410.559084009 3026.834773174002 2537 191658 1 -4.645284532621988 -1.46875334885856 -1.822383646306583 -1.145579190905273 -7.507096107727969 0.2679868526731499 2.004592464754948 0.5894321315785214 -9.091151849223634 -1.144339989211157 0 57 653.8850080966949 2391 -1 1.666089606304553e-06
 -9.517458299041364 0.1202653497362997 -6531852.266462507 440.5789953049324 29.20235692455023 0.2348891214228778 -11480.11121649192 34965.09601884443 3162982.806959434 512.549478920322 375.7515516795236 3035.424428275061 1432 127750 1 -4.43346743062775 -0.07892585809443901 4.858073482328373 0.008554107197909375 -7.415105239356011 0.5964123997263613 7.289726284324765 0.03834539601289406 9.791849128775471 -0.3667054558113261 0.9211128812162404 60 433.3508780002594 2391 -1 7.04387298200321e-08
 -9.825936362165898 0.07874585890043338 -478685928355.2882 814.5016681417975 123.1552547991537 43840.23625263116 -252739.5346932193 15743.47975284442 463270.0474251343 19911.80303395797 88348.0799398433 3147.800552716597 4791 127757 1 -3.155233328967032 -1.560596836649379 -7.607288608361111 -0.09274794565009352 5.521087328806566 0.5673323285095879 9.976450671476352 0.3997047534400653 -2.369489725977257 -1.216828121210479 2.260399048763767 63 437.9942009449005 2391 -1 2.899767285233823e-05
 -9.360842320787299 0.08747367821629441 -3321853497.677805 0.9917673642267494 1.633074179425371 0.07156491448805388 -27171847997698.86 1468.985105488925 5626.616980501423 1.489161505246231 8.141845992435282 3069.69126305167 3618 191649 1 4.366537416892626 -1.18235199156388 -7.372004798553524 0.6219372773097369 -1.457462796368282 0.5001641415635478 5.879601927181253 0.5684923321878097 -0 0.2057699895671536 2.654049968195817 66 655.6671049594879 2391 -1 1.290035570384691e-05
 -10.36198029720806 0.0515300992893896 -995171147255676.5 0.03913237535537067 9.999977973696311e+20 0.2813486391274382 -1987.987241801841 9910.585188922281 176840.9885791412 9.439534080409727 0.4547448454455446 3228.473702518407 842 191646 2 -4.455602698339021 -1.217739349576199 -2.906634635574201 0.8442347906508969 -3.603486146651369 -1.812905189059499 -7.474912967760432 0.5800900710993209 0 -0.0997429304906898 0.6412588678720761 69 651.0333669185638 2391 -1 -1.716156143930512e-07
 -10.16774317811827 0.1181812939343423 -6820698.799462245 1.86231006233877 0.2081564523294926 0.1115598977096577 -87881647.14423002 4469.76579236302 43825.48803325675 8797.818732539461 110602.7733035948 3006.606518057382 2102 191662 1 4.239074250389665 -1.884631106754076 -8.272065413921673 -1.473455490087458 0 0.1830880175635166 -1.778481772210342 -0.7021690721417997 5.909981925897509 0.9849597501520528 -3.870606742301834 72 653.9127271175385 2391 -1 -4.2224292691649e-06
 -9.852235038548761 0.08443840577352683 -3532262872.757038 2896.782462401159 821.3031480097047 0.07882243327730147 -752896789042.0331 108.8849938164651 38.71966001343873 712.9408943110145 1710.914451078926 3077.462271119096 1265 127637 1 -4.664202203775631 -0.3682948489899989 -8.852439414200186 0.3024430997252474 7.203494815485636 0.2919816441953737 -8.383718500614574 -1.09535962537513 -9.025859437638852 -0.1523233684440663 0.03528675987833996 75 437.3951139450073 2391 -1 4.103190386314009e-06
 -9.365545303890801 0.08777456452840235 -762631513.6323756 28.51256583926348 0.1859226201062012 0.1051603529266292 -451303048.1452608 232.0584379037894 152.8480100330995 2786.33614477213 7837.902390499074 3065.093550863799 2678 191664 1 4.635739660479486 0.8957993224546352 3.279708176830406 -1.049464511954346 6.868735823086888 0.458899431720452 -0.4567203027996376 0.1949020653212186 8.451565316205883 0.3102767138098894 6.153840480533425 78 650.2156071662903 2391 -1 -3.082669728931277e-06
 -10.26139154958389 0.07861294671812132 -1479146155.266636 351.1200140792369 10.6168369502887 0.06450048535826849 -3730880580661.907 37.1879657545918 4.337440442585552 0.3081157254594577 5656.953791640465 2929.602233266643 918 175655 1 -4.008969691444793 -1.80524906464369 2.260103980064217 -1.664873261819634 2.533729026591009 -1.127422098569418 -7.243492608215115 0.8678373661298506 -5.765248936434133 -0.9049434305363597 3.310998108009778 81 594.5015189647675 2391 -1 -1.769999638944456e-05
 -10.14429022227883 0.09604908045107358 -11378474561.53736 5469.262582601704 3719.860473233513 0.1432122613184196 -32224440.16853567 2192.726757370262 9833.696032701235 0.04979119575318314 -8.489263832852761e+20 3123.060431780215 1982 191662 1 -3.883361546993674 -1.216536614067678 2.455621854479865 -0.8006846570636599 9.726781863048371 0.9351155808294997 0 -1.586531305035098 9.839346599720642 0.9805794130101551 3.694386358380228 84 653.4040570259094 2391 -1 3.601376644237939e-05
 -9.368087051696413 0.09892793512572604 -80031981.89481351 18665.18131102759 80215.75438237154 0.4745188747265404 -68.20937628572018 41.51789139185703 8.569978522705414 2.761783956581553 4.315585270447216 2773.682133181259 3382 191664 1 -4.264947922567795 -0.857083797747646 5.826228814462716 -0.4926710826724312 9.321551656025296 -1.849207549623585 1.99656964129613 -0.6702192820646271 0 -1.343938159924075 0 87 653.6241390705109 2391 -1 -1.797542405103539e-06
 -10.0669835601372 0.1673596005138505 -183881.7473055603 3.296955174191015 0.146417893339727 1.112443579728978 -2.571114529620851 5103.678213752342 68528.85871012937 24.1234338241639 0.9979973515009638 3037.188749414484 1337 127763 1 4.522944145921578 -1.98802198465896 -6.454162732561099 -0.4391936343291878 -3.098077096560892 -0.5149592038001591 -7.753771261410979 -1.824467403511822 2.307566659934911 -1.614234030035171 -3.77501851657189 90 436.3042161464691 2391 -1 1.035717558871544e-05
 -10.36123633104923 0.08947706925574618 -913392024.5692296 98.45646790137619 1.254910813660845 0.4387872586097288 -85.28231949688764 154.2281343494598 56.17198018439209 0.04935477827524432 5.735390088525701e+17 2894.719451681855 2137 191633 1 4.581936700200045 0.2807711945686329 -0.6553761960730817 0.8233648590321101 2.243722478478132 -1.071849282062534 0 -1.926482997989956 6.491797316435097 -1.500004069275401 -6.810454521596101 93 650.7790639400482 2391 -1 -1.731490855354969e-06
 -9.922814415592333 0.08640575138931408 -752055365.2731494 469.6655095153143 37.5372243563656 0.04216160936132015 -4.327333630431661e+19 47.3356096415779 7.695780115641569 30372.54470187808 436464.5725023326 3096.013180045181 4598 191662 1 -3.406846828770782 -0.848304248906402 -2.255687728405944 -0.05507799472055735 4.829116950140795 -0.5725512639161989 6.758675720865583 -1.851323087252156 9.009615694298667 -0.7650641313261071 -4.05908527325739 96 651.4534101486206 2391 -1 -8.90467329412683e-06
 -11.09070592730943 0.07990475219800591 -105912459.3774306 393.9824071585254 -13.89784912619264 0.06686859991200991 -95948721160.60585 5148.493378609364 64270.79387222393 1.048811615206384 31.02945700450478 3098.685217214101 1272 127741 1 -4.020509509894617 -1.686928030078319 -7.755733893180016 0.5500005413655158 -1.645029607365006 0.6231665603694183 -4.507053120867932 -1.009064988271412 -1.230948755604204 0.1620546523625092 -1.989658172092231 99 436.263335943222 2391 -1 -3.746938221273501e-05
 -9.77679573549745 0.07552664848325211 -588295009281.5856 994.0152158962901 41.54153228221732 0.09432357037059626 -41585343581.23674 23675.17229300662 1273631.657515945 288.3070370625228 57.36249235081044 3088.642198294519 1508 191663 1 -4.45913741129696 -0.323761173710043 -0 -1.969738386204858 -8.298558139670661 -1.761398152284606 -4.198998974666186 -0.425959567384341 -6.747654555138942 0.6512973297703626 -1.586819196055446 102 652.558042049408 2391 -1 2.05563763887238e-05
 -10.06362751188554 0.123700661168437 -1861054.351535957 0.1816062122703409 24294.85991612806 0.09140674308176649 -4590036586.264539 1095.190368703197 2873.418668801841 549.618680602342 747.9497180444085 3000.227574792989 3094 191661 1 4.542476541060217 -0.1573357018313813 0.7993631705496909 -0.2926324547763751 -4.081782137921944 -1.341996810741368 8.616514928684712 -0.1324184327535205 8.089353849626363 -1.157904643105464 -6.828451226939119 105 651.8810868263245 2391 -1 -7.585318621696079e-06
 -10.40113522638053 0.1480858661622803 -324762.4180271053 4.190605901623502 0.09580845849508553 0.7588459651367758 -6.138412765055248 9711.870664681537 197393.1706750889 0.7741905400711265 104.9898646208952 3167.245229200706 319 187808 1 3.411385474254764 -0.2325760380942743 5.406008302145055 -1.601127712005489 8.70311215939736 0.7030995808056608 -4.376571488667366 -1.737008898090738 6.078969853479831 -1.168793091476832 -3.038874441619503 108 649.2140309810638 2391 -1 1.982457765976652e-06
 -9.70265720955395 0.0466824884479485 -2010845156132344 5969.457064683672 5974.963290164567 0.2420436415488309 -5669.303183936924 3252.523000663579 26109.97523380786 2.53681854484834 2.862344419238293 3009.604353439559 4552 127769 1 4.125877674944721 0.5311150580765061 -6.374474745700212 -0.4026141736921964 6.731634620368849 -1.882197868302272 6.241025943421749 -1.923862604934155 -8.868196828886822 -0.0201316787882391 -3.103730082858195 111 436.0185921192169 2391 -1 -1.243034570111536e-05
 -9.652095586715435 0.07052738349439611 -177802434981.7429 0.04688686098128553 2.964443523252199e+18 0.250632325939471 -8835.168177410947 20307.95736933638 1152408.426233735 2.125536629650397 6.35291108796389 3101.029792458668 3352 191662 1 -3.905258351698189 0.05988644371130955 9.493092898403486 -1.224221102383853 3.309410198680139 0.583336926531719 0.8131623356244839 0.9544597990313139 3.339643401998868 -0.02946751726996412 8.84765038547577 114 649.4560887813568 2391 -1 1.129395237606704e-06
 -9.803573645306674 0.09429814959752367 -229665796.8658232 0.3227138791889353 243.7535238062355 0.1656529846322596 -322845.7784671268 981.7640456978106 2241.378098138143 33554.59959024569 2965540.454094426 3297.495603539824 1412 191150 1 4.40267222312288 -1.68146730319714 5.599660970035123 -1.557057845363371 0.08648673237333071 0.1392435591862502 -1.476365488550645 0.2023222528264887 -7.240285559643009 -1.558480993382607 3.291704615568905 117 644.2387890815735 2391 -1 -7.524010710446875e-06
 -9.988283711930654 0.04747007309554828 -7976506041233744 117.8197949260567 2.379182094271707 0.561693916939957 -28.07755876338024 69.30810740527801 17.95402049190116 1.334873482164853 9.95346041501398 2997.582117287607 4886 191662 1 3.744666833399483 -1.137397944574771 -4.246575278809394 -0.1086138205343001 -6.38928379026568 -1.253681162407409 -3.596085138655686 -1.751103756238429 -7.235395345980979 -0.8548319664005994 -3.407814308696293 120 651.2146420478821 2391 -1 -1.453780126039879e-06
 -10.03338590052804 0.08096235654901 -8499542663.302916 441.8396146226817 28.00956113895066 0.05129016062834331 -1.769673118963849e+17 18.65993093233287 2.57903360918893 1.592690427431534 8.961230884579344 3127.054973471369 1228 191651 1 -4.004459710622662 -0.3090161618204209 -6.656526775178826 -0.5538078725919053 -1.131052366715767 -0.2556045576111234 -7.160796271942653 0.3555859587727603 2.920051647345233 -0.8451796136634524 -1.627522975823975 123 645.4207589626312 2391 -1 1.864175404654228e-06
 -9.73032628391819 0.08524542219073948 -15248410038.79664 10498.59128600481 10363.31704897769 0.1723810505660842 -778739.870007581 107.201730789307 36.6377382724458 937.8824048465768 1913.754847900674 3195.387471890253 1491 127742 1 4.43889992711862 -1.04416711570758 -0.08568108228217008 0.9598386387690048 5.018358860519848 -0.05383964019820999 -0.1824449642976469 -1.08788354886283 4.723759461548324 -0.2078596664187771 6.036249311623002 126 434.4846510887146 2391 -1 1.633092193873194e-05
 -10.65345685453922 0.08070322506994063 -1245137154.746773 0.1658510417238778 -22778.53271920784 0.1227641837616585 -9426363.297191611 34.31507842276793 4.381914210774144 0.1750661237969456 493256.1796658063 3045.659791748926 3106 191663 1 4.141283709241914 0.6327874184212039 -9.37031379866516 -1.761952005837032 -9.458089747436143 0.2559285085962184 0.197578490637806 0.1750592863320017 -4.540659958234957 -1.908165823350259 7.004531519831652 129 650.0446918010712 2391 -1 -1.66049204713496e-05
 -9.990529368615427 0.1109012973810409 -19441745.6386263 6.7906297603908 0.04389073092985381 0.06813976806598671 -3481617262112.652 301.796970090216 230.9853458988537 2.60545497624244 4.157794372512861 3094.640791786098 3605 127772 1 -4.655822762488845 -1.008220030656297 4.312499528260858 0.6880919538491423 -7.797056783304949 -1.14617504372313 -7.961310480834115 0.1937792557383746 -9.981671299273904 -1.30210821804569 -3.733459342366797 132 435.1624619960785 2391 -1 -2.259108873165688e-06
 -10.02573997343012 0.07790869447996387 -2990142289.814853 2.69077539461835 0.04103136091662881 0.06263193507114126 -15999846350335.89 76.09501741075223 18.46041562346405 58514.69096049432 6153460.947920537 3030.816343990384 2587 191605 1 4.27199854605518 -1.662038521269383 -9.042026622102401 -0.2871261953546985 -0 -0.9346266352031664 -9.810466767228888 -1.019022608367596 7.07770238012192 -0.3417957618645291 3.614039345685691 135 649.2453780174255 2391 -1 -1.467171250113867e-05
 -10.06395420349336 0.05246686854943088 -17652147158590.2 14.99954261229822 0.06670965372934892 0.3767234377735897 -148.6037392364613 1577.256906239008 5986.722922296581 1.200571356223809 5.502349846977227 3185.770836334954 4523 191659 1 3.527456466939594 0.5208779177509624 -8.638006359605136 -0.7467355214776498 -8.209598249748741 -1.037475375615347 -7.925352323431266 -1.038360163230215 -1.682133048013139 -1.371703781740957 -5.420150428235346 138 648.4150738716125 2391 -1 -1.734106910600282e-05
 -10.43334011818632 0.1274287368383297 -1513413.781218339 0.2587891293538992 -723.6955758707384 0.2140635058510811 -16856.48166990652 82.87670244366525 20.51267831827577 0.04273688029193117 2.985787845640405e+19 3039.869085957479 3302 127773 1 4.519434245949064 -0.4059905931163081 -2.554153845550354 -0.8971183439061337 8.798095670873884 -1.819324764113541 -8.166535325090777 -1.438971819278304 3.285792417421186 -1.102287536935445 -5.1849613483044 141 431.9315230846405 2391 -1 -5.338857292376576e-06
 -10.06423318591873 0.07240995572348093 -57667745588.9783 398.8901284959032 83.25188914568659 27838.03411923286 -386458.662736026 3228.744431571039 26154.99184635644 922.1789049219183 2727.718011705008 3091.982289369986 5402 191663 1 -4.566065880520859 -0.173277671755713 9.256886907114589 -1.772818060319702 0.5766248237146003 -0.9898844334670205 0 0.7734404484808439 -9.906233306489062 -0.008922530835935357 -6.960643835406445 144 646.6103348731995 2391 -1 -3.188479925943095e-06
 -9.92823907816287 0.0825099665959898 -1070941079.237944 0.4297891950284192 -5.300030218122886 0.1775220893316375 -127857.5052379965 100.122343100426 28.65852789504492 7326.490971697021 60134.41537764244 3187.892657153302 4739 191648 1 4.676791649599403 -1.27610939125934 -3.411780491825632 0.8621842067832564 2.492211510871105 -1.153405304159667 3.625108004926991 0.5506833800329107 0 -0.3360666301862381 3.052957685420619 147 651.6407279968262 2391 -1 -1.199618281684369e-05
 -10.57308980011777 0.1253691707813478 -21385504.72432856 2.167118647099355 0.2459117729667073 0.0500596290597812 -3.387013504618272e+19 7281.814543815914 127958.1478593685 1.131933993416574 30.39912674330641 3224.778172779583 1564 127775 1 4.206214959738687 -0.7824495849549979 -5.663745617479699 0.5443460113379901 8.113598174760021 -1.386754949234625 -0.07190237639705011 -0.7514771514688023 -8.799335280022287 0.8617189123848705 -2.477639984658364 150 440.5764429569244 2391 -1 2.089601412902136e-05
 -9.962326760007846 0.07036116347267182 -14058063112740.95 10890.34930437316 16294.00055161269 0.2313435734123105 -54580.44103377184 96.02341983877182 28.91763434568748 0.9586783287327397 47.97362552213282 3058.759570571587 4277 127765 1 -4.553506703466989 0.2960961161492425 5.215192164629626 0.6224645627360199 3.643909852260295 -1.963704112582621 -9.01119807103934 -0.8928847124783594 4.42238924864965 -1.289170043923382 7.06786109309092 153 436.7793247699738 2391 -1 3.115286732957636e-05
 -10.05697615766105 0.07795074582791134 -7648154761.329383 855.6175849561708 110.7166793600069 0.2252095622125903 -16384.87845752692 11.29765947653684 1.779448118207641 1.262797867014407 10.66746833889699 2996.665339521524 5418 191664 1 -4.546979386548885 -0.818759133613713 0 -1.791156454748368 6.524661324400699 0.369852313350886 -8.70583170632262 -1.92734167373944 5.971848153246547 -0.8530497548110727 -2.414771508712608 156 649.104012966156 2391 -1 -5.901615131955363e-06
 -10.33320705720131 0.1175305380229883 -8701608.21741963 6885.866849731094 2726.944798624415 0.2155806243244685 -17525.16792007632 76.9873958718477 19.64850513633264 406.2348026333881 453.1301138039029 3106.266838973761 3614 191662 1 -4.276237381995513 0.5963782683705525 0.8395167022476784 -1.384342811304577 4.889623416850943 -0.6759013169244135 -8.183155958581056 -1.881916851685051 -0.4792192831757447 -1.690394610567833 1.12037507992656 159 649.4260821342468 2391 -1 -1.557556755568269e-06
 -10.77042732464824 0.09727496463140166 -151416818.2945071 0.0366945204695461 9.860305728810866e+20 0.3207572085905588 -694.1954933243607 9987.50272180409 233011.6598535925 25939.34418720693 1042887.188760417 3049.794313665344 5244 191659 2 -4.193889216314324 -0.2213056212241558 6.701618670630006 0.1185973162836533 4.335094827146681 0.3207797736555218 0 0.9578632820556146 8.16624805506663 0.6814915244364732 -6.673130275168999 162 654.8740780353546 2391 -1 -6.088769755472102e-06
 -10.12901274490894 0.0538906027295285 -28312376076883.36 0.6696794722598101 3.757940791789415 1.386692318895742 -0.7122949101358123 2808.453071732978 18466.68942355699 1.65019009565072 8.579737817332093 3150.533315443457 3591 127773 1 -3.544655936419973 -1.302296365912651 2.591297542489929 -1.51705384076373 8.379433743665054 -1.53286752880158 0 0.9373190567342919 1.947354447176952 -1.791058797079319 0 165 437.2358639240265 2391 -1 -1.067968414828123e-05
 -10.08481336645034 0.1305056492234915 -753274.1519786429 0.04686571632005931 6.958023085706474e+16 0.04910368499688796 -6.221859828673094e+16 233.349959888328 171.939729360507 1.507813486771503 11.14194251758041 2987.212049185777 1856 191657 1 -4.307798290046105 -1.260139929405078 -3.194880176289989 -0.458935390661857 3.737959336324171 -0.8119936231677825 -0 0.07402999819836517 -4.270708494896135 -0.8515085147926831 -2.030711952387562 168 648.5937881469727 2391 -1 -1.157802210878761e-05
 -9.524835173973672 0.06899530332743636 -616972831810.8007 3.441892065995792 0.0957423151522102 0.3442374496470344 -634.5977067047299 497.9734593931445 723.4345857081275 181.0456818820549 27.2812016179287 3239.638977675157 4949 191651 1 -3.960615686184486 -0.9462744923581692 -0.184262122488474 0.5750278627511141 -0.7815970899679909 -1.768957381781326 -1.599291934216098 0.954371188376927 -7.202291825503908 -1.93247432970742 -5.825441081293617 171 650.9189729690552 2391 -1 6.089124071977806e-06
 -9.494926584304892 0.06856088091889495 -137180538214.4916 1.202091574998875 0.8022712587079029 0.04279552271713839 -5.997934670936315e+19 393.2102732731514 444.1550607227707 193.2020514418343 69.30372139943772 3206.027896903501 1348 191661 1 -4.252976006716808 -0.3759516337919147 -7.110376263487032 -1.323457041860665 9.427551056225647 0.8209166701899044 6.579852968885309 0.331852217436169 -0.2614634121977009 -0.5127502369175465 -5.892608853512398 174 648.0106530189514 2391 -1 -5.728712724908757e-06
 -9.77568221759503 0.08794743515656563 -365432397.0615361 12596.98563130794 10840.12512739916 0.04013621338595248 -1.076110043091277e+20 32862.07968480113 2938908.644007347 12965.11110195988 310205.1180244358 3003.984223113996 1989 191478 1 -2.160989110817874 -0.02164225802909141 -3.213571829605657 0.07398440834613096 -1.99086465620297 0.818672731009209 -3.139590253425706 -0.02845069311364855 -4.107859119046276 -0.1167662482631809 -0 177 645.675222158432 2391 -1 -1.272144211867733e-05
 -9.314598551561041 0.03428080167863373 -1.447002581996332e+20 1.352755516827755 0.2883892329240697 0.3903249434576678 -121.3428902377902 135.9210623284152 59.03355685572059 152.7273974091426 84.3202850941004 3069.521503771129 700 191629 1 -2.902232728979217 -0.08737022475446478 -1.319157619293438 -1.062374924452615 1.373606947485964 -1.148792949195326 -5.065080426236236 -1.434851201401814 3.93016061902456 -1.22501392112724 0.8543883031497437 180 647.4540579319 2391 -1 -1.176624464347474e-05
 -10.36439697845092 0.08303275059312246 -12320875201.84967 0.4445510772943941 32.14866216682599 0.1281590675014619 -36266014.21951459 807.1818934414131 1523.52740658221 0.09884527407869879 16702392957.84951 3163.405750497088 1896 191642 1 -4.281688147864554 0.3550063128262066 -0.2887192765126403 -1.704642069441524 -0 -0.9105790658272088 -3.255731461887263 0.1950909681648185 1.64631041668799 0.3885728896147501 -5.922241753283263 183 652.8869369029999 2391 -1 7.69309335888734e-06
 -9.791109989871932 0.1119015991957937 -41617516.76299047 0.1079457966243782 94214489.44302146 0.5140441913474079 -53.97095212915864 78.64408359821337 17.4029454320943 0.2065723613064774 -266200.7358088169 3346.917820763971 5765 191661 1 -3.727893645520518 -0.3269712452473517 -9.383209916725429 -0.01746913771853458 0 -1.597266564402044 -1.806353340019436 -0.7423815839503192 -4.201328299603268 0.6172483307954799 -0.2822580478778027 186 656.6058619022369 2391 -1 9.790900587612414e-06
 -9.56992413121252 0.05402548975478105 -900700581943.0035 25100.19261353776 74758.38485891779 0.334028705560573 -229.6009838786947 89.39904619405112 24.83956256902941 27.04781725077038 3.497526354227074 3116.901123146881 6693 127760 1 -3.983388367985084 -1.697167245082708 4.222556922380628 0.1372777882733182 -5.051437877085222 -0.880033326418701 -0 0.9729105680785248 4.231246661000617 -1.267214336594771 -8.644628479633401 189 434.9580130577087 2391 -1 -3.027508986538753e-05
 -9.974632496022974 0.1089933387352465 -181614041.3175547 914.5049843315471 83.85824696869567 0.2983169151078818 -2113.545179923052 68.3552805162896 13.09472610503557 1.476578980236882 5.466287477928275 2952.451021927839 2038 191653 1 4.616062740539548 0.3416317645084814 -9.365840836177217 -0.5065853884031188 8.051971245071034 -1.257594842007707 -1.249815507993899 -1.303397284565706 -0 0.7240705353217645 -9.82150876297098 192 650.6756649017334 2391 -1 2.151402434002416e-05
 -10.16211611731916 0.08961194910298008 -3979586583.066049 47425.05480679333 157926.0610381956 0.3318215140444091 -1170.205264155341 105.5603382438508 30.01034807517507 2.849811801864175 2.352570477770093 2825.24432154714 3020 191646 1 -3.368297145911543 -0.867799784554399 0 -1.801038141957467 8.308408780558443 -0.7128872205108694 -9.387258108790661 0.1145056501474607 8.239862624343592 -0.4396391832063218 -5.861760625969271 195 647.2420001029968 2391 -1 1.384722811648128e-05
 -10.20387886205191 0.1089884207811102 -65732503.54876009 167.3913123163166 11.52802662197577 6457.747638076537 -12851.81062599027 188.8694040613128 94.04869471186709 2.443756028855997 3.286312038074537 3017.109653814251 3660 191660 1 -4.67020047466259 -1.984489813186728 7.522978972895199 -1.72938074788205 4.52020256675718 -1.754809775381025 -7.728986291207857 0.9479253810522432 -7.813759802083425 -1.631306990455791 -4.643854555667156 198 655.9010360240936 2391 -1 9.71803293371442e-06
 -148.6022475910001 315.1963344999949 -763.3607926892875 1.641272635803779 0.1064579316632775 0.1203673960201734 -33063248.23317888 5709.265856018391 79102.74384983843 3.67794892845656 1.114163008789474 3129.295393010078 508 286773 1 4.601383419357251 0.3362479686063606 -7.053275828569921 -0.3163872190032446 -8.741331428384882 -0.4940038865016181 -9.129477122806291 -0.3579163910367713 -0 -1.524666723161656 -7.527199370114413 201 971.6815009117126 2391 -1 -8.653218200089246e-06
 -10.33001616478255 0.1013744220455599 -13523405.18830474 13545.00971972294 22391.81460682543 0.6613988819239708 -9.757267809866446 434.5524394550024 452.7232911621157 1.257619248445443 1.959940434686281 2966.310497217434 2723 191663 1 -4.424253787347335 -0.5993948393942512 3.637804335431698 -0.01513664006158777 5.772462038110933 -1.412047864855107 -0 -0.4634463897336163 2.705034760529093 0.001377727653352834 -7.840245963480703 204 652.8940839767456 2391 -1 -1.740138352037195e-05
 -9.553574797751228 0.07782688198102401 -8704233781.985216 0.3092718066893384 596.7126834957636 0.04339147456115992 -2.347793251058093e+19 3917.100711024929 27638.33904124748 1.828928260689193 2.834784059919494 3170.631343330784 3902 191659 1 3.784755048485465 -1.936116916546442 3.733830904341231 -1.854239538478067 -0 0.1496145822945523 4.262225096275483 -1.845894497340179 6.56950427231053 0.0110954691649212 -0 207 647.3629288673401 2391 -1 -6.234989791576412e-06
 -9.814652332611196 0.07833706617840396 -2779011178.916957 0.4569905914361654 23.48514466536656 0.7076585361696581 -8.183042365220015 1285.332470810287 4014.273785763884 0.6336826483331384 41.13199834703492 3074.898422547032 3856 191627 1 -4.247639476261584 -0.3210328757282017 9.980998573594688 0.08551531006156708 0.1270444976286438 -0.7439269959219112 6.841612985373986 -0.1514877401011105 6.776568372122655 -0.8662523404308775 -5.313230995859714 210 650.1077160835266 2391 -1 -1.428598951992973e-05
 -10.56638439305899 0.107391770778167 -2232605.956722167 1.615710566913047 0.4290820491165883 0.0359610612082615 -3.80724538253067e+19 6.058361891212775 1.319877922294727 0.110427242140147 68806470.6436068 3049.221162896789 1748 127766 1 4.066611096849633 0.1349679673713107 -7.203651990457535 -0.5483855624957616 -0.2427399161727517 0.7650862587410376 -0 0.7289396727150312 3.114814452482802 0.894114520276406 7.152330751815374 213 438.3460071086884 2391 -1 -3.313718060901869e-05
 -10.16644547397782 0.1335138431157367 -2908516.061677535 409.9940028878648 12.71433818267897 0.0817117643568538 -495375626594.0464 3213.354546842233 25038.95612146188 3.297556396508385 2.0537975594988 3145.063423316852 3707 191655 1 -4.606774349952772 -0.03334903725354897 0 -0.6811070364410341 6.837456413697569 0.1296356528017059 1.821074963360236 -1.128243590327724 5.366349535294083 -0.9853120822742802 0.1031029465868687 216 649.1221058368683 2391 -1 1.207648108473458e-05
 -9.951086664968743 0.07533104727655943 -14549524999.93274 373.2701420575546 6.000348662395645 0.3076933858102453 -1418.724832639201 46.37149981007475 8.240667842157659 1913.828664608728 896.1213384889376 3190.346944290224 3843 191649 1 3.933170793706215 -0.827945470145144 3.120004823660333 0.9541651579123012 -1.107964009004407 -0.3535217952989322 7.65153272867637 -0.6103924473031013 0.2703912947609464 -1.133337806836787 7.11790016906369 219 648.7182340621948 2391 -1 -6.872924703516941e-06
 -9.920074760514742 0.1918112139019874 -38912.27595606472 827.0823860397616 133.641854699559 1.756552077322067 -1.049718589615315 59.53413645998585 12.88981993788386 4031.644501006125 35606.12288333339 3047.419847751063 1344 191645 1 4.587292111796814 -0.05401013123256431 8.554910328211353 -1.411057209554088 -0.2855519931004498 0.8826469786275646 -2.17895841650546 0.02434195158282729 7.400753954328566 -1.387789935157498 7.066787865630516 222 650.8874008655548 2391 -1 2.968011704504228e-05
 -9.824491814736245 0.1037414138209979 -22870982.62925162 12.35339065644827 0.1451528015325136 0.7026381068972644 -9.998232182962937 112.3807201270427 32.2781659620498 0.1366352958693775 15242153.85717381 3221.551161588927 3232 191631 1 -3.92257298044538 -0.6652870100522836 6.099334965520179 -1.561543004411374 -0 0.6078211669952216 -4.71869790344705 -1.748035105472587 -0 -0.01966881339832499 -0 225 654.1064929962158 2391 -1 -1.1010511650253e-05
 -9.849906351882195 0.05958359043262317 -33941504598298.97 471.1392395082662 42.62855995691517 0.2577871785360358 -8522.470291729525 1202.09226307586 3809.437432554132 1.075410752954919 11.96874883010072 2864.041436553699 3647 191658 1 -4.484710468384661 -0.6524176769152081 8.193082650886387 0.007096460013371586 8.364447613683884 0.53217276771844 -8.172750957146439 -1.224558147379582 -4.629823945434415 -0.9338611201077098 7.77748525350542 228 653.4908711910248 2391 -1 5.310709611407202e-06
 -9.583204192593074 0.04798623421450752 -3338432249850066 118.7547586961296 2.756777227713588 0.2007600459399989 -48484.88205411329 107.0905260899229 33.18143646700955 0.0431400144335082 7.74419103703216e+19 3077.360935880181 2793 191656 1 -4.601544471487305 -0.9480649432530868 1.07260206792364 0.6863006119178241 7.601263098289177 -1.339689466230258 6.484698133513685 0.4121742693161439 1.673478651793003 -1.267177630784694 3.151583972252506 231 656.0224800109863 2391 -1 -4.032950664277369e-06
 -10.13347217224359 0.0453328105496402 -2.022677444434863e+16 0.2376969604071878 992.9376551291864 0.1839576549656163 -99024.017107861 2136.107656655333 9484.269818030416 2031.376992155585 12932.43962084144 2890.645161803074 3711 191641 1 4.667880991731659 -0.2506855087386031 7.492255689502342 0.8224980894117637 3.944413324324436 -0.3118000053428914 -9.840530943559415 -1.191842764685158 -8.276304835282113 -0.691389642424566 7.67166195009686 234 652.0747380256653 2391 -1 -6.025556414494484e-06
 -10.12309273883605 0.07390900076014278 -39717083798.20403 1.70898349078236 0.4290373120720763 0.1120654453618493 -203918794.422971 50.49635439993769 8.181187725392297 0.05693281461419124 7713602125729158 3315.032336807973 3987 191662 1 -4.473027340132899 -0.005967366996525671 5.688700840444093 -0.9256485293684893 -8.548547630409226 -0.5609157274232492 -7.876824233650995 0.9879744110824102 -0.6886206020251868 -1.308116526367561 4.412791688289806 237 643.7236821651459 2391 -1 -1.830247791503552e-06
 -9.818543413927525 0.04822165394536871 -1.681988990804797e+16 43852.74903687577 178640.2009459177 0.3335945178202107 -581.2459243845441 538.613197729178 792.3436334935726 0.8651643686219672 78.91198926504761 3123.976024286504 780 127761 1 4.534569624706654 -0.8667982539807486 -0 0.9157134883648901 -8.542757667590413 -1.149499010721222 -2.462817837415308 -1.900254873286198 2.98805832041945 -1.57299614591374 1.924612270262561 240 441.63729596138 2391 -1 3.830643901528517e-06
 -10.85279161986515 0.09076928977636735 -280497296.2288434 5.257817658160152 0.07386866273556462 0.4963560988338669 -50.70923673029132 43711.34077489055 4769252.531502858 28603.50658645904 1313762.68447223 3091.212693421398 2573 191657 1 3.891956801559409 -0.5168677980599403 -7.804139605045345 -1.401347430760673 7.954321464738824 -0.02857864846366362 9.895333179561188 -1.039535844621495 4.419396932297269 -0.234148998804927 -5.334455712861693 243 655.862174987793 2391 -1 -8.058521778934107e-06
 -10.40130246606689 0.07832998913106808 -1401608720.043899 0.1688736667230633 11604.04943935816 0.05345544658826257 -1106945169871704 7494.377044867995 124912.2294854788 95.38873789074754 3.675346892000831 3103.982305093726 2393 127765 1 4.577063622551188 -1.736356979826505 6.714003230240982 -1.157511746315509 -0 0.9515139442939278 6.988230669823343 -1.640198520871916 8.330337773406438 -0.9956522648112607 -6.529092687159492 246 437.4010682106018 2391 -1 -1.866237524909884e-05
 -10.1114576585554 0.10263543107194 -80895077.31900853 315.2119461213786 13.43324134876364 0.3872614501276444 -191.5980597449296 889.203223341106 2189.851547758607 5.849028304453021 2.78590079421947 3239.204733904884 1127 191659 1 3.713498856755025 -0.8193518166422252 9.892721427598563 -0.8330266931917603 4.901010487068794 -0.5977827567725686 -0.9803388507138462 -0.4031151903148241 6.46690137066148 -1.938047595127026 0.8812290662319882 249 652.2629718780518 2391 -1 2.061298322054979e-07
 -9.827565716430193 0.05008413159604916 -1626310777299794 1.634680896522988 0.4505016643295707 0.1773542623795515 -249658.2270575763 107.0809474677712 35.57932972701755 1.452209685501842 13.69510414545784 3087.485355950016 1942 191664 1 -3.678916998102458 -1.355425372620187 7.571532392651076 -0.9363358976245877 5.295109065635504 -0.138584006246914 9.249378573318017 -1.266316886011627 -0 -1.391652249140924 -5.022694805826851 252 653.9133479595184 2391 -1 -9.592612378451946e-07
 -9.630048976113814 0.04446802228771316 -1.124488917572863e+17 6.746507746963561 0.1012939554110959 0.05850261141077766 -820157318689037.1 14237.26884160833 526258.8161819866 0.0965926006585026 12589395769.58101 2981.172909844136 2778 127776 1 4.628651633484005 -1.934806818530555 7.82543023517581 -0.6240466227244799 7.27670914172084 0.008393522664991175 -1.762118623091866 0.4701070355510066 0.02801737163260487 -1.600016032725995 6.258683940066233 255 434.4555230140686 2391 -1 -3.636908895742485e-07
 -9.629084395603298 0.05791975347901133 -619013948546929.2 814.7262015896139 71.88718576343362 0.1350163229262396 -25276690.6561994 47404.18799795606 5673968.690353759 0.8944366981425673 88.4183241896343 3091.28712817676 3388 191664 1 4.658096502523465 -0.4496535385255314 -8.62676792012989 0.6760925118970156 5.083089909287238 -0.4152469728947894 4.14965505871428 0.2664207860608027 -5.666931131182753 -1.768002599891481 0.6732192549971163 258 655.4793748855591 2391 -1 1.74775167783603e-05
 -9.530714507315951 0.07195690592306696 -2577504148193.518 2.912048324256999 0.1379119548974208 0.4371731295525185 -163.506910033799 2734.644276099075 16802.93418165398 97.4657161336952 5.04029188596405 3097.357225922523 4636 191638 1 -4.559690643906785 -0.7973832346991481 2.859693187945625 -0.09121578867097839 0 -0.2960433133746703 -1.136844324127387 0.8705919008080123 0 0.7296808303367088 5.970932655210193 261 651.3174729347229 2391 -1 2.253152771274943e-05
 -9.93652954316441 0.1324999967892233 -2264673.505097135 104.7946276859927 -0.2963753150182033 0.06586793442555082 -118271148267494.9 26910.42699108292 1848449.577544893 518.3441099996123 599.2277356207395 2944.667257620091 2954 191656 1 -4.648103610133548 -0.1987106591403495 -1.983080542962503 -0.07365894225623394 -0 0.4818302288632768 0 0.5825694638800423 -0 -1.327762510910301 8.176990434357275 264 653.2286281585693 2391 -1 5.209252729657628e-06
 -9.511694215600947 0.06764106503559753 -12333891799.30436 18705.52621368201 57066.9711936919 0.04674630586436347 -2.096066400504653e+16 12366.16918745154 374461.920564853 4686.542772265879 67057.89554238852 3018.087150466559 4202 191653 1 4.335498821854613 -0.25861483358511 6.831178965103439 0.5231636274550109 -0.4053430180416688 -0.3274094094584505 -0 -1.417428743698842 5.530428447808277 -1.867121523186873 -6.421007603024893 267 650.1837770938873 2391 -1 -2.359548663095897e-05
 -10.27980396962218 0.1055199567312375 -142291976.1067895 10258.16533253125 43367.58418314021 1875.33251358839 -1173.389217751542 2133.059675317244 9274.669946534765 0.1120265106623255 2065746114.695068 2850.272096704753 3979 191629 1 -4.674953858460398 0.1195400640974174 -0.2653919150779416 -1.685422952581739 -5.284800072071683 0.8062067787994893 6.845996951924826 0.8688056619055917 -8.104678512649942 -0.6453709662907957 5.723079817594188 270 654.8797459602356 2391 -1 1.138226245123676e-05
 -10.34620681526126 0.07651378907886826 -214462024865.309 2.846453676587246 0.09135675238261488 0.4359982259338371 -170.2502611360603 30.67087299933617 4.406635384140261 1.194287166274483 21.55492324318067 2984.265249422593 1586 127773 1 4.52073867884002 -1.199034135739261 1.193175313514165 -0.622643257097244 9.575488303267603 0.8124276336575864 -5.515137519776856 -1.802030848077089 3.66563178303185 0.7557371605105065 0.1520942456156362 273 436.1949551105499 2391 -1 1.400914416275146e-05
 -9.579734951832188 0.09999025824839722 -33078022.73571711 0.04914165521391408 1.196698376995017e+16 0.2664940220836097 -2518.995927898845 53.67723234824083 10.28797792872877 947.4849256271291 699.7957168226371 3173.042367289976 4176 191664 1 4.462609801441575 0.5706363693749461 -1.763944567384615 0.9534095133342557 -6.109611284918143 -1.043480863340147 9.412676457372957 -1.167356018524226 8.397307483940921 -0.4628462404709133 -7.782997770520414 276 653.1368570327759 2391 -1 -1.362106141002798e-05
 -9.82115550656313 0.04875079966868203 -40463986847540.82 0.08340954966855024 -613309343.8551967 0.2660277601305687 -2305.735390729632 22346.31619175594 922916.040489694 2018.505187813347 -1919.712858111611 2983.989690026211 2463 191645 1 -3.991156486645962 -1.817753131053679 -3.210257960854983 0.4221325259032822 0.9228967470076155 0.210886343164411 5.70309498655773 0.0656965183790898 -5.898256099439742 -0.9451245709577361 -3.754467590400313 279 651.452892780304 2391 -1 -2.34969338593633e-05
 -10.52416788302551 0.05803628670800274 -211979695254034.8 63448.47680441323 609790.9109924467 0.4457497189297491 -127.9799438402586 52.21532672297104 10.47956366255554 306.9838213496179 209.2369778545728 3029.178882791486 2097 191644 1 -4.590491499034037 0.1175758789855372 -6.752857071796157 0.5948494842343837 4.693373422351014 -0.05431980732384556 9.873771531141639 -0.9856825495961754 -8.691522616712096 -1.305290698358473 6.092447576525461 282 650.0004780292511 2391 -1 1.307072582467825e-05
 -9.898937255321588 0.1075406821873439 -280206478.7858424 26103.96731678916 60711.8532321633 0.1437536965247561 -18807853.32967044 18362.72514249417 672499.0181822309 2459.438915680296 5878.43417246127 3044.769898407635 4578 191664 1 4.53310173403002 -0.5266950920990263 -0 -1.944793427185002 1.373862135013996 0.0003204547851689898 2.913029268051071 -1.213644415073937 -9.551722089451744 0.0002838962705271561 1.856830519034166 285 648.4874868392944 2391 -1 2.244243138876056e-05
 -10.47220411286075 0.100814694114775 -427828905.6713801 0.2496038059404863 -2864.46006296945 0.2536014151633909 -9711.656629405972 59.53445788586748 12.08333339185732 2.566592630888857 2.021422076901795 2964.814540498974 3815 127769 1 4.44572450073859 -1.271015932692496 -9.909090270143158 0.7583962953780817 0 0.09501429915126271 8.961405401397084 -0.374152317101565 -0.4690735383982707 0.5218460199758508 -1.780624436819755 288 440.2860119342804 2391 -1 9.279899154737335e-06
 -10.13666588847714 0.1242528477044159 -9232961.835027479 1106.970560795777 92.41322472717044 0.3142112143087244 -1230.355096112024 79.91438514687391 24.1954749097318 4628.621053116496 73593.21152066777 3093.140259552785 2766 127763 1 -3.606479094325063 0.01867553520214395 7.079689205082813 -1.319660848619846 5.30297852017542 -0.289073767215113 -1.526013325600602 0.5931041906166512 -0 -1.460705040678168 8.925961098331852 291 438.1634850502014 2391 -1 1.281757179629784e-05
 -9.715516945403918 0.1215914089370576 -3351811.736688455 0.1746962196555105 40202.96349110652 0.04609708573602216 -5.8365508092941e+18 7886.274749141583 172010.3343961177 2.441549077347412 4.486052314856367 2941.690425424093 3080 127728 1 4.267083221982252 -0.592028511312142 -3.735546954726489 -0.7595410655130301 -9.045789823926555 -0.2844315191793108 0.9192739528058729 -1.955937993309349 0 0.3336573503594299 6.391290341226694 294 441.4705991744995 2391 -1 -2.397926727697516e-06
 -9.613985909387036 0.09160398174860418 -1331161640.669925 131.3463988189072 8.53514150996879 3.779020310752558 -0.3766454039550402 9986.410886120499 238823.5619149862 0.3086649701474102 10381.41351606007 2811.374872431831 1089 191633 1 -4.242798017836515 0.2301184350814243 6.700735545493957 -1.251092493311855 -4.982938289017318 0.2152070500689569 -5.765609393157822 -1.120419584407972 -3.662592793889617 -1.393742183881957 -6.909844401909144 297 651.9383890628815 2391 -1 6.925288233854957e-06
 -10.26021850133248 0.08597362921256803 -2629606662.44835 0.9332323567470303 1.267528784207351 0.07846457825426532 -732835828749.515 303.5870975362299 235.3882095581146 83.00817025376678 32.41037561059355 3022.454545926614 5447 191662 1 4.143908372552354 -1.103278312623605 -2.180861996987216 -1.663008749774815 -3.496254922070925 -0.06276498580077662 3.688601634571979 -1.936773757214318 -5.272652288540386 0.2971501072677242 -2.291342709383204 300 658.7645750045776 2391 -1 4.093786284598128e-06
 -9.86578954560777 0.04387112249495935 -4.617803257412969e+16 7492.010382822723 3698.526550242057 0.05420831712973018 -3608496624545362 483.9865225485353 587.4874010454981 0.06527822333466436 62045629168877.88 3003.632703597718 2914 191664 1 4.659282043856418 -0.6625419451270416 0 0.7226832394173067 6.359953272553646 -0.2181546058671167 -0 -0.55639031077407 2.514385364816572 0.8091859876374023 0 303 643.9062020778656 2391 -1 -6.973526421432865e-06
 -9.294472833270854 0.09689012925505283 -642416134.0923797 63007.14969679308 261487.8461212158 0.6851597556374001 -7.386328368715312 640.9234772078383 865.1162989904998 1313.956445260377 4416.027142293903 3316.489148674189 4841 191656 1 -4.45769171768462 -1.503382744805466 0.2134334945291987 -1.184336198707983 -8.703997591175106 -0.7642588786172304 -0.539031405194593 -1.461418411012456 6.183123414185182 -1.913773286416448 9.359507273767569 306 652.1292779445648 2391 -1 8.873799563890591e-06
 -10.44081974913006 0.08783364965938567 -2879805250.313797 6.013589561415627 0.03584121350061519 0.192923457817523 -132987.1619439334 847.3115194945556 1845.083364366865 223.6998427031666 61.53087089111612 3016.00329619496 3729 191661 1 -4.568524144305117 -0.6998140094940961 0 -0.6309189764855 9.832251670448178 0.7811474819682989 7.179777153327439 -0.9171311338945786 -3.644581439068853 -1.570214376460153 -0.7488255644406765 309 651.6368539333344 2391 -1 5.757267501344883e-06
 -9.909025145418102 0.1191022416694516 -489325.4579784577 3.311060120769917 0.1331724537834158 0.1133059988255531 -11606756.54405284 1417.831913708968 5338.372271320349 65215.34870157861 6546262.428986588 3151.274549908112 1786 191620 1 -4.400797021492306 -1.933995743875371 0 0.442946231334421 0 0.77755752447047 0.01017042956118885 0.3412413596985533 -0.4996097678542153 -0.8963554314163904 -4.589811738594935 312 660.1557791233063 2391 -1 -3.082042280357983e-05
 -10.17932094691247 0.06119912992338149 -38290742690034.16 451.7406613626644 24.52813935810238 0.08601346662867565 -205836094960.6326 26756.58725441566 1863618.913071255 4084.91844206993 19776.70846428455 2992.254156866 3747 191663 1 3.464981517179254 0.8664861590110777 1.202891664006367 -0.7097945098191953 -9.339769062862763 -0.004537572709252511 0.4948637355127765 0.01066277112320162 8.45584178856244 0.5599000448564575 -3.062280169327572 315 650.970370054245 2391 -1 1.262853188759989e-05
 -10.32014471108026 0.0932850265279449 -28427123.46399712 454.9377520016444 24.04784399337181 0.283008507767033 -762.1099829847 448.0741549626578 551.6884898420955 1.563694409602287 10.1623402372634 2802.336778860688 1143 191661 1 4.021416919723278 -1.937262986491313 7.570622599211719 -0.1952452133892857 -0.4198966020315327 0.8657624097543315 1.696329594460126 0.3286969361702984 4.004048258008146 -1.40082090259482 6.422022106964469 318 661.9398682117462 2391 -1 -2.539152754845838e-05
 -10.09784681851297 0.08213231516250251 -10592269054.50877 1593.059098836208 80.79970431316988 0.1952811298960621 -158286.5436840892 226.7073009696543 126.7588377600791 0.1932448655666065 452216.2071952454 3088.122949040635 2110 191653 1 4.415219916647446 -1.80568204521914 9.446800077644131 0.09804361423372926 -9.025019916276126 -0.1160376622922286 7.59204859359544 0.7672334739637279 1.809123079807176 -0.4318999139391631 6.322957501968068 321 649.2720398902893 2391 -1 6.296441342552068e-06
 -10.17629945277152 0.1185705560348471 -5205571.85144978 822.1048686342451 55.64522133883356 0.2070132072514179 -42881.5431303421 17495.97623142614 780707.6699401925 3899.608240734444 20263.97058961525 3192.635550500327 1386 191591 1 -3.880301978893139 0.3706576147351316 -1.051084812707946 -0.3968941258662788 -8.033296835879989 0.1968132078313252 5.717624200532422 -0.9524367761848334 -7.411583662893769 0.2860518099247855 -0.062361245330945 324 656.0387179851532 2391 -1 -3.573479178297536e-06
 -10.21799094617574 0.06822628252359493 -904593245605.1052 0.2009380154361445 -19502.33172449765 0.231033686764555 -22823.53795091756 242.9298871891989 132.4859085851393 2.039260511402896 4.532658669368107 2964.454795381465 5247 127746 1 3.289026231077486 -0.6216399236620678 -5.695357909094101 -0.4732843900593053 -0.7302817749227488 0.6898879579289887 -6.051831204887701 -1.976380708777302 7.461391202197213 0.8431024806315869 -1.433307095753029 327 435.4311301708221 2391 -1 6.738110436193624e-06
 -10.85649623080391 0.1718996652896851 -132097.1220923657 5379.595147594171 2947.838101676694 0.07179153843070897 -12960902139440.1 73976.35983059707 12501544.57354895 5578.967861357559 86354.00408737845 3182.703271240665 257 191204 1 4.273226366667056 0.6277400654308795 7.025298337977548 0.02279039792341696 9.575907537201781 0.168981264723036 -6.784473963796589 -1.250866031634957 9.406381282431784 -0.7642452974232947 -0.7137391435045277 330 650.5004758834839 2391 -1 1.379941211674346e-05
 -9.851613322786704 0.05890462331623525 -3459169779584.116 25415.77780104441 32362.17073312585 0.2790448339162493 -1319.6406660786 49.91975147975874 7.446035276177986 0.3657120940491903 -711.1949149463973 2922.342942870554 4820 191656 1 4.522269753816405 0.4679864895279993 5.463781510602164 -1.03890699279072 8.77812721316038 -1.472041414781897 0 -1.079006712333114 -2.320200818703622 0.6926594305586091 3.273956449713711 333 653.2586309909821 2391 -1 -9.725431196081964e-06
 -10.04626665200382 0.102135693140693 -114843323.4668914 43651.66162115082 213277.1402927493 0.1958183390108357 -83031.48703039523 52317.92794222963 6104505.814056264 911.522248144036 785.9527136858152 3102.298344277519 4778 191662 1 4.233414832233435 -0.065499075166624 -4.376537941712372 -0.5879193174650563 -4.398280094534881 0.5105982099209481 2.581008384635127 -1.371613771626165 -6.514731932297266 0.8614200693796943 0 336 649.3869450092316 2391 -1 1.489405329894088e-06
 -10.30930434457463 0.06008272671779987 -2108685648574.404 89854.46655213507 130851.2603809756 0.1104479025460949 -161069999.4477484 20168.79999986181 946766.5268447616 1.185117057508425 11.20235741415001 3145.592957864066 1461 191647 1 1.57072291962709 -1.983066657146853 -0 0.1613029529102148 -9.414241588954223 -0.07271864829757389 -2.285989647122541 -0.5412586067576104 -5.91698700939736 0.2775024505490595 -9.66500047795798 339 652.8691380023956 2391 -1 -7.837950192735166e-06
 -10.57442598443505 0.1145512358887948 -2726710.481604073 0.09331441640024449 315400459.7243218 0.1962782334583623 -13268.60709116731 11179.90596506431 319781.5890898314 2.300599417128496 1.564454899024736 3072.862837430018 3563 191649 1 4.043363486596033 -1.478390011141593 -1.653287730477103 -1.040747432294513 -3.244534597850564 0.2259606274771224 -7.510865272282778 -0.8362505287508704 -5.934613066461449 -1.228029198073797 8.529583680343162 342 645.748416185379 2391 -1 -1.79531154515488e-05
 -9.676749001469176 0.1112739726978832 -14398001.21420958 272.4915538547505 26.38299340509389 1280.820526573492 -795.9209181862718 148.0102472061956 50.68924683811996 5495.560604800497 46814.48301465001 2969.666343806156 1415 191594 1 3.812259634688381 0.2134402989515074 -7.568671918502618 0.7664814444677884 -3.617211954756053 0.1821894880092061 0 0.534514045408871 2.076560915262625 0.2351077329722511 -9.238877712512465 345 651.3738341331482 2391 -1 -4.302511793321416e-06
 -10.33489902538421 0.07654178470425221 -7892282580.827498 4828.007304758718 1146.397003012643 0.2357676386241034 -9673.79408289855 25.82186567363334 3.50552845847759 765.2900028251266 919.0138203863903 3228.477674954224 4277 191641 1 -3.511320915991935 0.6978466001848407 -1.518406459318608 -0.8046724969729144 3.937951783258527 -0.02907725707899282 8.98196746934944 -1.82191021677298 8.784381312856691 0.269221018135143 -1.729066605786988 348 653.7761259078979 2391 -1 -7.975801818828168e-06
 -9.92798338566055 0.08479892809286141 -80383266279.38554 1.731143457332778 0.3778048545775791 0.04704735344602695 -9.443442611646541e+20 2696.350954199544 18984.65451175686 13860.85744423735 197281.2490427958 2919.145103619755 2667 191659 1 -4.305042801019031 -1.936855189308242 9.21364942872049 0.2517628151567645 9.856054659445983 -1.111714889991416 -7.826355698505861 -0.3763163456848036 0.3399627320872574 -1.916465018144271 -0.2492908324742924 351 654.5096077919006 2391 -1 2.826755290123902e-05
 -9.767622763283228 0.05934327398525173 -5610381145612.1 733.307399342242 10.02400221695198 0.2838466526501332 -2037.538000461283 733.1096104664099 1126.53830046817 2.121062914426073 4.384316419601228 3024.248687951105 4551 191662 1 -4.57856038343836 -0.6043682410456217 -0 0.4629658233603924 -1.36330402662652 0.4022628664582113 -6.619083356965533 -0.4416126770223023 4.099864824576379 -1.849569355597044 -6.239783557654879 354 657.9160768985748 2391 -1 -5.848991861862006e-06
 -9.390998698468868 0.05493987831596756 -176684790485242.3 67404.47947714607 709631.3323373601 0.1881185334696122 -148378.8468039079 134.3344350722502 49.38350757319836 1633.418571486917 6274.100934465141 3115.141002709301 4314 127768 1 4.309810653636468 0.8806486016250274 0.1608172159024508 -1.343882197045009 9.982372637365856 0.9041879609436028 0.8551595286475555 0.8007976923037088 0 0.4297620773436699 -0.4487505586747762 357 443.1824779510498 2391 -1 1.633980704127285e-06
 -9.984795709615312 0.1223615649086686 -18723445.22623117 41.83950504373784 0.5242639468521447 1.221633243810956 -2.330265964561828 1716.056227482861 7976.40246113035 1.258256347286254 32.50999387677741 3081.17690051645 3283 191652 1 4.655967056143994 -1.723984791841034 1.636951810279849 -1.717346387771261 -7.894985836377916 -1.709560861964762 -9.522101723375155 -0.9763284554534923 1.219828286693963 0.2142562768881473 0.09349402238805071 360 652.0655739307404 2391 -1 1.691147127038422e-05
 -9.919915805484294 0.09296082363522404 -1045637838.272957 1.166369941192565 0.3884808209923531 0.2802873930402712 -2759.751547617538 532.7332304057618 739.495780501383 0.04928595294283012 1.542965062452415e+19 3024.710659755293 2742 191664 1 -4.003000893763105 0.9022690107964695 -8.9885579448123 -1.83909757831879 -0.662205404780305 0.4543083378005157 -4.51654172940292 0.008491494442537797 5.594778428483647 -1.118824662383278 -9.232205035672383 363 652.4287481307983 2391 -1 1.054282895584094e-05
 -10.22645647292527 0.1099557209511915 -108283194.2122997 0.05358761486886249 6.539534581972285e+16 0.4056273873173808 -160.8790457968596 12.54792842672265 1.832881503268074 17053.48320294496 571010.0703167852 3123.913774777127 2263 191637 1 4.364697414000282 -1.35754605774058 -6.122163467872777 -1.897098179644371 -0 -0.2365979824917464 -1.380657544612969 -0.3708056527771096 -8.282584055036832 -0.1057638501342648 -5.657745615804467 366 659.311460018158 2391 -1 1.438977587396049e-05
 -9.420125127723182 0.06126344420485014 -6727880290007.9 0.06918617532205402 -3396718577151.158 0.1772637825565677 -313466.0794905871 34260.78413595413 3028291.613562512 89.15301380480375 18.72715684975606 3153.762317919581 3454 191663 1 -4.315160307112257 -1.585700563876991 -6.893524803073779 0.3653023354008064 8.810846576739813 -1.573802155661585 -0.5384350918121568 0.521446428566779 0 0.1094626619710541 7.748551962413956 369 652.7251439094543 2391 -1 1.843205473375893e-06
 -10.36314858544207 0.06764558824721263 -239100953477.5385 396.3045307285275 8.526430285177158 0.2620127900774142 -4529.15768290198 881.4403528403707 1651.362609849947 1.187438142804344 22.58227510601974 2981.572378470358 1438 127586 1 -4.695095095653048 -0.4980662389392939 -2.021480408291321 0.7178094686532583 8.235869995671001 0.5226144386626648 0.5580135843685712 0.7104837967496794 -6.019536983793982 -1.690052062746227 4.78542914822261 372 440.2427439689636 2391 -1 -4.207963120093637e-06
 -9.911741945605881 0.07287255076595471 -1393876680991.665 1.581988131358118 0.2969578561674907 0.07401458003335569 -21800091868408.94 540.0275634340634 665.08213525373 0.04764111816549078 -2.722226928763002e+20 3117.493124066023 4978 127770 1 3.851586611002029 0.03404566618359436 -9.90612404144087 0.4888562508012964 -7.711438649363943 -1.969694402158935 -2.8882278060296 -0.6167577507042443 -1.97992611514155 -1.903552346392398 -0.9621071074958172 375 440.4268689155579 2391 -1 2.148685567998457e-05
 -9.697142100539121 0.1334835920389635 -265468.5263190159 3.034062476278865 0.1328604350747041 0.1582591768414067 -234184.0583477441 52562.31095405888 7525643.193146515 18834.73164334163 143769.8684864074 3067.406949705755 1226 127692 1 -4.497825997248126 0.1962625910102851 6.162293722337226 0.08782020046620777 1.271851421914122 0.5747412072094775 5.005529832113178 -1.516811049679667 -9.760313709322212 0.9504872452035239 -0.1366707616886496 378 439.8775880336761 2391 -1 -1.819172427931634e-05
 -10.45696263341347 0.1391940754370037 -190567.7871480815 2.082429765529286 0.2079518764103019 0.2472989998959418 -3477.89668500112 6.110681781345462 1.235334873462497 41.63013128060363 7.629700385739173 2954.412628127146 2364 191659 1 3.898857252141517 -1.880791245177701 9.424672943564921 -1.829782913804627 -9.784666567697682 -0.9341717906534663 0.6533371205247267 -0.856169828600664 -5.976705578425316 -0.2680052727917719 0 381 655.1224961280823 2391 -1 -1.77779588275053e-05
 -9.933127842708897 0.09871854129369455 -309533971.7856139 381.6203764599753 6.309829121581604 0.06799653117634394 -39192873333271.52 67.3012316724937 18.49180233502864 1.117303997931447 36.26589816955605 3060.98191322327 3053 191661 1 -2.945361824084164 -1.02239630604411 1.148357186227956 0.008549744783698602 7.917150646210873 0.7094823536846694 7.563353730347423 0.8315827175190478 6.992422651941362 -1.524991805028804 7.268732347622086 384 657.5897901058197 2391 -1 4.84527418718797e-06
 -10.06336434502442 0.1153683491071703 -4209296.142384531 0.1412307530888215 146787.1609080919 0.3488184696701148 -330.3397363722947 16017.57657027516 687440.2338369879 38.40850335544715 3.001017103011035 3068.937177047477 2015 191664 1 -4.070984240911844 -0.4910349230950555 -9.798670223858952 0.3886448283244777 -4.761674609570361 -1.859811814004871 -8.407190007983479 -1.075133985636588 -2.691588541315225 0.3001958645359935 1.796680481568075 387 650.5434398651123 2391 -1 -1.368776362846591e-05
 -9.691394165036979 0.07897950698371764 -6374147346.510821 0.08864616950047259 1855017878.250741 0.08098975021791155 -104121965270.3471 2290.564225014453 11452.1293062475 9.320913894542894 0.7554226555801886 3250.03619522447 4573 191662 1 4.678587856297104 -0.8726593424592366 4.584250458959574 -0.4404707759281887 0 -0.8519153821226695 9.17651793375739 -1.978220697838463 2.002200103872807 -1.684522965137204 -2.339524272891879 390 655.3803718090057 2391 -1 -4.920773036841568e-06
 -9.794277419092367 0.09018309306023253 -708012406.87572 0.05728111744502203 1082042568690888 0.05216121724535307 -9.028399393371507e+16 6030.323769413625 99640.33696469033 86645.39269558429 15422277.49840657 3175.958712839225 1725 191663 1 -4.34813912103412 -0.6119729772952276 -1.488151138816881 0.2285145182080245 -6.820145676334198 -1.249945074079284 5.495155527730128 0.6421525433205773 0.2404912988321186 -1.742098891137354 -0 393 650.3502488136292 2391 -1 9.582462503614319e-08
 -9.687399897836496 0.1051524350523815 -4884349.323804912 53.04811863300577 0.5590702140423899 0.5084794218492649 -34.82671949140558 3974.900029393606 35885.09427689665 17081.59665066705 193440.4261907719 3264.124487705267 479 175463 1 -3.794929970819664 0.5368331111043299 9.916397684164528 0.6949772971462349 -2.472410926008207 0.7281398704132669 -9.374528020489285 -0.8152658654827878 0 -0.05046599990759849 0 396 596.4068551063538 2391 -1 -2.312479665142188e-05
 -9.985321981489651 0.1109199981841629 -20022096.8008967 74.71976922587476 0.7280833492703864 0.7943596997378369 -9.070741716293973 1520.597155458091 5675.428076410215 0.2281123169264833 174080.6667491095 2932.8469018436 1866 191653 1 -4.219015251441518 0.1752541238079171 -0 -0.04375922848231541 -7.869639551950032 0.9114283359557698 -8.428721338406429 -1.655368376357544 -5.450259740195033 -1.095404949338764 9.30226776544764 399 653.5796720981598 2391 -1 4.320516206896023e-06
 -10.01241605581441 0.1956712823101022 -15571.43498601418 708.7263349955789 78.94451075754202 0.1452906395961125 -6857641.411119919 47.40615217527674 8.080174083705787 0.6206973583801256 341.8377796744484 3135.186796078326 420 127766 1 4.511541823818702 -1.865621795913031 8.766597116211747 -0.617581179099103 -5.541850299898551 -1.120786898901919 7.110350571936637 -0.1437640739883843 -4.62502487450474 -0.8127455429174715 5.904325498584738 402 441.503751039505 2391 -1 7.81596276513702e-06
 -0.0345105316698981 1479.319078655877 1084.446168514774 20186.71792869988 21404.27769325414 0.05100546198518562 -7.769996368879667e+17 42839.48547998411 4385011.144109435 0.2028959784180452 753149.6334679475 3193.798308413585 2665 207621 1 -4.460260170884275 -1.21210360062107 0 -0.6810179135842578 -0.09114632718242843 0.929548021591712 -6.57990099405462 -1.695742869675805 -7.190808992564437 -1.265376901960925 2.121588553250604 405 711.5117740631104 2391 -1 8.709663471242211e-06
 -9.65662991200953 0.09451641986428602 -31802815.78450861 386.4888282269762 20.81318590501971 0.3449154774084597 -247.9974491727264 12048.07774622329 350543.7402661605 1.499440809722514 9.913279014735075 2941.484936845488 1911 191620 1 -4.435017628192656 0.2136970199002963 2.434377163168022 -0.4788627344725036 -0.222638178272299 -0.9693944009701436 -1.812812762364351 0.482002277462123 5.031105847887727 0.6729775889217078 5.144483480454187 408 650.6782999038696 2391 -1 -2.40304300367683e-05
 -9.725934711743829 0.112875348985395 -236907828.5897779 1075.521182363725 140.1655205188422 0.2307664228500006 -39428.09027659481 79.36774670396414 20.25197283889817 103.891559238195 18.96917056285298 3299.125668191628 2430 191659 1 -4.461612383125291 -1.695165433097116 -8.78888094854322 -0.5219123313694771 -5.565853584794087 -0.8230040245567931 0 -1.455018577540399 -5.792910948450386 -1.168994422426927 -3.969033516555836 411 652.5568900108337 2391 -1 3.017262041623401e-05
 -10.16526396359679 0.09174470524921398 -2854572296.489497 2.977037694694041 0.1508254152336868 0.4091968671767692 -215.4517194605842 44398.32919824856 5280390.098005719 0.8398687143868322 17.82978759977599 3083.389971662771 1934 191615 1 -4.323117335721069 -0.3530292381897802 4.231021447059375 -1.945241016768776 0.7924048755006381 0.3903002249904541 4.88943330424885 0.5329165411349002 1.745140741428448 0.580790722005895 5.800167528253812 414 650.6158590316772 2391 -1 1.25488957234943e-05
 -9.725905585630947 0.09996018712673443 -47736371.61541249 4017.325616420706 1481.229016410141 0.2742070536240236 -1460.932681015622 4242.880312794461 46242.18340680387 0.2010307988831236 150020.5703195615 3113.887663281794 3047 191597 1 -4.358267851784776 -0.122673294641583 -2.619031907310497 -0.8000469745360625 8.717986008810916 0.9996080710616342 8.23872124588447 0.3766193519916778 6.555582551557081 -1.779375872605298 0 417 651.5406351089478 2391 -1 -1.264984059131297e-05
 -9.00545641228338 0.04378453992106063 -1.95028325589639e+18 1.471511856851995 0.1652461474653544 0.09019187118731885 -44876672732.34675 1856.694061586576 9786.163159616835 372.0155892512143 274.3244293020924 3197.841517774458 2154 191620 1 -4.379773801643571 0.9052914094030315 -1.492443621916446 0.9923613778408136 8.380765568204266 -0.1348362857362471 -8.54554458322453 -1.408420906452688 -0.1898974137057996 -0.3601958771727257 4.219508923302391 420 654.0842759609222 2391 -1 9.960735588309104e-06
 -9.684426906652797 0.1102412064792135 -22499208.11679484 34.66638490952477 -0.04670795449384633 0.6380326759182847 -12.44638820437661 534.6359866328111 710.492740062224 0.3552467304852793 2150.52386547038 3139.991511967238 596 191648 1 4.189580744530033 0.8299421514437864 8.415863246831547 -1.890741329383506 -6.657354710620401 -0.5746942594629161 -0 -0.4728467183048474 -5.069095672850414 -1.922374485369259 -9.363804664051084 423 650.6235520839691 2391 -1 -1.217132237068658e-06
 -9.26870235784815 0.06215910865861911 -11762307616553.94 29.49228440057707 0.4248186194004735 1.390904966364931 -1.051912454079589 166.8458629100457 85.43622620380208 0.04531340293967117 1.666357365384672e+20 2963.071474538453 3780 191660 1 3.835311575887756 -0.1479705979685626 -4.728241106763075 -0.3181162975393779 1.524023974993364 -1.392564848285546 5.321662224113448 -0.1046251453824221 -0.7495928466921153 -1.43905002053872 -4.531303573065824 426 657.0335409641266 2391 -1 5.26951596370086e-06
 -9.851396991265483 0.05991005151383394 -19566606099507.91 9701.04656005793 11875.61578683169 0.06061768170437806 -1024159958212376 366.5459002799174 337.627288279031 27.22883019381742 2.851105474202591 3077.110758315124 3055 191634 1 4.398302821143611 0.1275303764134516 7.211135257819857 0.03461191594694047 3.449837456440893 -0.4304362585618051 -2.383979236297859 -0.2849827013271948 -9.225927678964709 0.5637387668065568 -1.112109725085413 429 645.3796029090881 2391 -1 4.134105121847123e-06
 -9.647157997604888 0.09028703058885244 -3489048269.374769 1.591236170176766 0.2103418747908166 0.1088308260557285 -1188876744.611898 7321.835242241329 135245.5260312804 5255.262691473238 51968.98362847468 3174.520302120632 2761 191639 1 -4.603133083747702 -1.285136799318463 8.498340136453423 -1.74971935630953 -5.91229564921823 -0.417855314496757 0.8433912818800016 -0.4151893416912067 -6.042538949937747 0.8762259516519708 -0.07333037559819733 432 650.1213250160217 2391 -1 1.211298661317712e-05
 -9.673428742492842 0.08207934446257942 -3438789479.599909 3.169408784398129 0.1292286665640923 0.1566948851645098 -943901.5920874641 18065.9274373332 709063.6923149527 0.7300524097165912 92.4488380371986 3284.752417381518 1304 191664 1 -4.633044595710112 -1.788720287948205 7.015100150449292 -1.244684791890728 -9.807389830667759 0.3377370497959693 -2.050455141945175 -0.5324159214482966 0 -0.2893708307826692 5.643831089070336 435 655.4700520038605 2391 -1 -2.597905453643641e-06
 -9.830623543769921 0.08132933892684771 -6802410697.16871 4.357675334400293 0.03740573909935752 0.171684338169251 -354337.468697067 12248.55603840205 304752.8233780419 0.1275760703619942 193044263.8233836 3080.602185519278 967 191664 1 4.12735139143815 -1.971767169697502 -5.092705212825209 -1.712504494669322 3.21827704073029 0.4462104021955291 9.696763143940915 -1.275358532012641 6.963098067833079 0.7660747272928923 -9.512686731606534 438 654.1616339683533 2391 -1 2.000870731322945e-06
 -8.758987599325893 0.04871052737867479 -2649495060603128 5.375930760685938 0.06454773547351118 0.4012432702939939 -177.3157262012448 476.1253187949549 595.5471191195824 8.142421051117916 0.9231026946306187 2922.4302382471 1846 127773 1 -2.557617718679106 -1.90696175850151 -7.898620344881465 0.3979094300922625 -3.808592096386893 -0.2187561814970636 2.490840793880957 0.8254690386323045 -0 -0.8719214292416684 5.55536941158862 441 443.0504958629608 2391 -1 -2.970551521155406e-06
 -10.1422013365262 0.07471391181511372 -142911327458.6042 1616.327547338409 240.0217300922146 0.2339036810319327 -24944.03698190567 292.1027800888053 227.7347932872208 680.4360490135821 476.6694500942591 3073.554652960249 3067 191637 1 -4.030998369818614 0.4620221325593969 1.582516766032555 0.7594976490174479 8.446089109778923 -0.6119738350593958 1.86109950976456 -1.895098278685722 -9.776490522468597 0.8781259123962228 0 444 650.5236098766327 2391 -1 1.036887144588446e-05
 -10.29185504723365 0.1100317260042427 -74226167.76553042 0.2677814770110133 -795.8187303045254 0.4469067673266405 -148.1768192463613 41.28372779734692 6.715786672991239 5667.534807468382 53592.7121880616 3128.89225017705 3827 191663 1 3.811273168119771 -1.760335048341488 -0.0505281330248688 0.370021132980117 6.496541849616097 -0.6053731239520923 -6.011894004402908 0.7193608397980489 -4.863069306652269 0.3507465028879459 -6.587797654610842 447 651.2417559623718 2391 -1 1.515386122281246e-05
 -9.809908511718756 0.06391282604519841 -2528444684328.526 1127.289181053192 37.55780836673781 0.3672901132296313 -444.0225448112751 11.61251024912498 1.429158527089784 1.500926666503902 10.57826009996506 3011.489928537801 2377 191658 1 3.908333823002496 -1.148077171631747 -6.471300205102676 0.557658548962769 9.357500559955348 0.6978543775167986 6.196465758546548 -0.9416565815356579 9.744219226292682 -0.9289634561065672 -8.633999631257222 450 655.5358440876007 2391 -1 4.869165967324937e-07
 -10.2981419187712 0.1183291758483538 -28894881.19165892 0.04511166636248135 8.734479623215917e+19 0.07775324327465757 -2390483009197.514 347.3072084357347 244.1316844911949 29644.88255488798 1517728.561013976 2991.308417954197 1402 191664 1 -4.256115535441541 -1.497155278018267 -4.308005094922113 0.3541479173101583 -3.326751508349744 -1.979141708978456 0.9281637061001642 -0.3746683372287558 3.898089056237625 0.4509181628375565 -4.799491478299938 453 648.9017028808594 2391 -1 1.251278275379176e-05
 -9.826310872757709 0.06527429565301475 -8825256108389.326 892.4838947620617 119.7741457416558 1.209443378143291 -2.306140310388509 97.01502730184674 29.3626577846271 1.633622824885136 8.598722921700803 3045.979672514006 3732 191664 1 4.678727908604748 -1.242611003241891 -9.615702675075022 0.5838285175782785 0.2113317188288253 -1.035832123357542 -0.3210768003613969 -0.5106656480985078 -9.461565732536188 0.8445185957915449 -8.765214983346143 456 650.7036800384521 2391 -1 1.374306686104292e-05
 -10.36507095121944 0.07958274545828181 -12426056138.43376 0.03989413796528269 9.993245194765683e+20 0.05986977537576424 -725652242206764.9 93.69484555353243 24.37236952370631 4374.096829826087 -11832.55859658001 3101.829168359382 5133 191663 2 -4.169808615438745 -1.593193309295619 0 -1.102023630660991 -0.5876809370269696 -1.479594699306478 0.7193605525398512 0.2232266833459527 0.6682962493184386 -0.719595505167109 -5.297184332656459 459 653.8986217975616 2391 -1 3.837775688695741e-07
 -9.710204533706097 0.1166925477788362 -14140942.37864767 0.2411046842614459 -5341.55694399785 0.2562622733908849 -5886.447790225702 124.6138607976551 48.93816014199763 0.04362318528778478 4.406233763170443e+20 3086.124474494869 3588 191604 1 -4.526467279530436 0.3763267701163269 -4.408662540212416 0.5163718152285988 5.320268138167151 0.5579506334291593 7.698108195218872 -0.09826918740750037 8.791127879582236 0.1869944839821968 4.640839143749429 462 652.8073108196259 2391 -1 5.612601116774091e-06
 -9.149087993527269 0.05175828821515108 -103126201654063.6 230.9602193277941 6.134416989773745 0.07046799396857049 -1999425198989.631 1829.26908755224 8047.346561210302 1.214050307886406 12.5006309959344 3039.455780520605 2958 191664 1 -4.397057738507921 -0.4267758269832777 0.6432710920720455 -1.897809926155452 -7.335808589331663 0.8009642052287544 9.073531106814919 -0.764244983496388 -0 -0.755877422800534 -0.9012302749490688 465 649.5443379878998 2391 -1 -9.301661005965398e-06
 -10.01844457312483 0.05013321008345382 -2138800986017782 17.66531690481865 0.08792977106360648 0.3743195967573703 -315.8588517879568 101.7311434507325 34.2303294813345 58.34292458904527 9.396056473379643 2931.936833485993 4630 191623 1 -4.583549288044422 0.8794357954080732 -7.985644198171373 -0.07584482595007017 5.915256843208504 0.2907313022128437 4.682233059162495 -0.02106934050424679 5.114409644762176 0.7697525837981161 -2.67217671434048 468 656.400750875473 2391 -1 3.456708632135518e-07
 -10.76126231982892 0.1413301857749271 -313283.2675779424 67499.31387544544 -287091.0685919398 0.07463627129179635 -187397824736.23 69.48145315138972 19.12291933970927 30.18497353041356 4.878960526850586 3068.824293477463 539 191615 1 -4.607924960215747 0.01043215289295229 2.147704395516915 -1.459545270494871 -0.5497926510146769 0.8461565005330498 -5.059808225644083 -0.07213141445273939 8.194196485032508 -1.734387048466791 3.266727421188388 471 654.4700660705566 2391 -1 -1.30098439654613e-05
 -10.33408955586732 0.0832889192075127 -8942670395.763027 469.4212622464331 14.10314431254787 0.09912042659299182 -5646988311.146139 919.7777968486985 1730.426251995952 1.149433463027022 6.599655581656158 3208.833460261661 478 191495 1 -3.267376939361472 0.6285749822041256 -0.7330399669083052 0.3297593707436088 1.510063186795721 0.4101347376612079 4.23391546503001 -1.425325512493254 0.05133504155965651 0.1292800427778635 -0.5865654769747914 474 656.8618230819702 2391 -1 6.637637282617062e-06
 -9.700243217863918 0.09482338936495736 -37746250.13264854 0.7468874121680674 -0.3186320640785366 0.4765206456470498 -47.87432384877538 71.46408442233097 14.97575870862213 2.614612779736873 2.078692198558758 3141.505092316131 2113 191664 1 4.200464606676297 -0.04002681695452465 9.421873046860824 -0.7930945716865416 4.617373338928486 -1.870151137398394 4.772598936548834 -1.778386150415712 3.717770685009371 -0.5158394772266108 -2.025184285979388 477 645.7072169780731 2391 -1 -2.367964110683511e-05
 -9.874690358831865 0.05723701661924385 -90958386790584.48 799.0779196294567 75.66846055869125 0.3869982048742479 -432.638384500787 82422.23544705818 16428046.27713218 0.07854678825997786 -1833362347086.732 3192.785530379548 4578 191655 1 -4.367252727130618 -1.74098771848306 -0 -1.931855907214111 2.138580637004438 -1.455962274256423 -9.337153731334396 0.3072008440184639 -3.726880233699692 -1.556685065573549 -9.511491888700727 480 653.510792016983 2391 -1 3.621547949301344e-06
 -10.20977607494172 0.09964421893881877 -23751853.89084433 3.311188734334593 0.07149787883879169 0.6451018730947342 -11.60399858673978 98411.30030706449 20154701.51015304 1.438549736907892 4.138883783406397 3069.286325031591 1877 191623 1 3.774357305400108 0.6756071539919901 -0.01991388659383508 -1.452186173186125 6.330477001250379 0.8222205931888489 5.230469267443554 0.2140925721943074 -5.362588486449542 -1.197059347181295 8.408266885397717 483 651.1680748462677 2391 -1 -1.716255688160558e-05
 -9.94759542510115 0.04813344734305151 -251571567460256.7 718.7921769454141 88.64029416186381 0.133922394911007 -4025626.55874707 93.28501094383768 27.82596545830014 2038.916583098388 10246.63527246376 3125.461513487914 1653 191651 1 -4.342479982806219 -0.08646170085257235 -9.653127399690268 -1.745715189900383 6.381942182101758 -1.085804341173947 3.359328584038227 -0.7095084033528378 -7.465210391727567 -1.211644990727188 5.830720348136323 486 655.4632580280304 2391 -1 -1.543374682607319e-05
 -9.220660554066582 0.0463939141976745 -8204163831670353 78108.91682160503 924810.8025168312 0.1894187645322089 -60536.43043761642 94.19657336987649 27.75312444310405 42111.37588450061 1683814.588642163 2964.420455685246 4041 191661 1 -4.597243310727412 -1.68776712388834 -1.754191935737497 0.6716518651438501 -6.492557976522636 0.8040134448330636 1.336653438830194 -0.2307555876742136 2.360393829391242 0.2098449739212182 -6.287991070362178 489 656.4658379554749 2391 -1 -7.455666029785662e-06
 0.005202822210505866 13965.61424862559 95617.66549766179 0.2528866760629228 -907.4284125260971 0.0644744545818311 -147893513353453.8 663.6917191486973 923.6910942906466 3.06148955676804 1.852837585376849 3210.91960070327 12040 239564 1 4.579792506390644 0.02969354210135085 -3.00254451379314 -1.799645941686842 0.01831453461478327 -0.2997610526333805 -8.544389920029159 0.07569335233369354 6.157441342005881 -1.011139313033974 8.985301637183504 492 823.0275008678436 2391 -1 3.037060242905022e-06
 -9.591834511824075 0.03839764543782976 -9.998972823667869e+20 58188.60608322877 144046.2963506429 0.1808470763849262 -384946.3193950277 1305.455141742432 4364.991518039284 26180.00562069263 854967.7248877051 2989.080192900412 804 191102 2 -4.421372010579729 -0.4938782990267638 4.954490579077776 0.131591912386419 1.301977693790465 -1.291431845164854 7.462439145218584 -0.1550214764122951 0.2359680069713024 -1.891643224081614 -0 495 648.8116250038147 2391 -1 1.327313825152877e-05
 -0.7417077749606665 483.6732072376057 106.7008533114335 2.671531840825375 0.1380385561623369 0.07272029487742454 -712308640132.0753 100.9395093552352 35.07072611137981 2.08147733142943 8.654123875612004 2943.519256339304 1364 191604 1 -4.566417743578363 0.2625051039045259 -3.983877186673099 -0.37858653813882 0 -0.5882960456825463 8.985583880574602 0.7643927251539147 2.419978623394121 0.7174513177516859 6.563983747543696 498 653.7650310993195 2391 -1 -6.062318336848331e-06
 -10.1052299799513 0.07083239099207289 -126283858582.1487 976.8320748015466 145.1680420291271 0.6216882859221886 -12.05429224351644 964.4342312784187 2494.634141471394 0.4292608497474933 741.9473401717622 2946.60302613041 903 191553 1 3.994184458052422 0.4571216241066319 -0.05777007472373086 -0.4877158619466861 8.464419869193371 0.5491082009318822 -0.3197516129952915 0.7245319313145142 1.373629227812098 -1.360224649931443 6.9220321916918 501 649.0109491348267 2391 -1 -1.942376065609333e-06
 -10.18178501224583 0.06929819998740659 -254765855906.5068 622.0928341583493 34.46336280160774 0.2850123740289199 -2363.895931822038 138.6548211551665 54.65711599692863 1.106971677846882 34.3524999117043 3054.935699918578 1841 191647 1 -4.362989121778114 -0.5347145991037348 3.81768874148676 -0.8254944604533172 0 -0.1226005581555327 1.22581667913176 0.8772202318328821 -0.8333172259660655 0.6957529814250036 9.312966867350893 504 658.1659770011902 2391 -1 -2.819058666260343e-07
 -9.850016561445301 0.06011548703367494 -10300755901968.36 0.04065171406862541 9.984820994568969e+20 0.2491213227017274 -9234.682523580144 121.8429448497803 40.94797391426297 81169.76164013513 14263796.57250509 2884.027673055631 2176 191662 2 -3.83209942439848 -0.4161026712551427 -3.717770993817368 -0.2749557121228579 -7.099740754656908 -0.6864636800015252 -2.023571515307083 0.2042718048605398 -4.657787044906694 -1.475917516612279 -7.939794088237248 507 651.771017074585 2391 -1 7.023007054203016e-07
 -9.860607429920208 0.1275457111969088 -4973701.633550402 7557.030790126491 10324.38927420268 0.09361422495739609 -10741881558.02938 135.6735800916664 55.88306194335805 0.1993357164647832 399493.2192979207 3030.304211137228 2253 191657 1 -4.615079544051422 -0.1451739776564117 -0 0.03922874913325324 -7.705124133639538 0.4338468171007719 -1.742779985745136 0.2949886076341878 -2.545109193037648 -0.3216439167618956 2.928875708497954 510 655.3625979423523 2391 -1 8.49745467888087e-06
 -10.47196948659284 0.09426555050827834 -1357693751.580603 0.2898350482449119 -461.1490657216558 0.3062131140967849 -1904.935441376464 398.2687827561398 379.8457261455911 47654.51873620657 3944408.803541292 2935.061247696814 4204 191657 1 4.598171318925594 -1.712361207603061 -3.855688831942076 -1.381874590780099 3.891475947061462 -0.43646065225201 1.045472111636598 0.8022790991348243 6.056884063962483 -1.587275536255209 -2.70086129529868 513 656.6101620197296 2391 -1 1.408138930463027e-05
 -9.969648444234478 0.078826091153436 -15038787535.38662 3442.67624151297 447.7601317602649 0.3647010075919611 -494.3326828511647 42343.09093580387 3976462.142381268 0.04230115078527456 9.999529170098554e+20 3137.400221242184 800 191576 2 -4.324738209593598 -1.280185859216785 6.261572326808698 -1.751456344493918 0.5400964890700459 -1.753943705646823 -1.523209820478311 -1.519640426464839 -3.960263373771671 -0.4648164948958353 3.26850864776235 516 647.9428539276123 2391 -1 9.715734690254031e-07
 -9.413543171602287 0.05911539612493771 -67091289905959.45 0.2240049710423527 -3809.382988791436 0.2766610629569659 -5144.865971765113 1693.919095109568 8560.009033622133 1.887529425461828 11.22795931648805 3112.115537408905 4880 191658 1 3.616117232575366 -0.5838474661346513 9.696148966255951 0.1889482306437968 9.390949699406978 0.9022494793025202 7.671153339752905 -0.4287516786325849 -9.853581365687841 -0.8280649906828117 3.792408741816872 519 657.0752999782562 2391 -1 8.108395610785099e-06
 -9.367815146235539 0.07405288015728538 -4822785284.001348 467.412108181996 29.06616179516815 0.2126424927891703 -16482.71275834138 15298.69865175279 582009.8535255612 1.703073327559105 7.279661168187883 3050.568049833838 1177 191442 1 -3.933622621316313 -1.92018513146689 1.132732972363855 0.5713283399646292 -4.461837087737886 -0.002898290054075964 3.272263775165144 -0.3031092494491974 -6.600421848852463 0.007622481756643976 0.9562577500289366 522 647.9883210659027 2391 -1 -1.644054087172682e-05
 -10.0453938022535 0.08280040689656289 -94947541.61280093 3.666783869142412 0.0970565938052642 0.04210515966636783 -1.08430148674001e+17 30.50705966444033 4.814289171687667 3.31300902265668 2.50460231062056 3087.356186900862 2269 191621 1 4.486582409059327 -0.4058506115537366 7.342372184853799 0.5274778727858118 -3.451361543294262 -0.9453129622775123 8.746311837194119 0.04116275888491037 4.817093121605087 0.8935242585486867 -1.328595817181833 525 653.3862969875336 2391 -1 -3.401373379849918e-05
 -10.29592053966201 0.04396733156726965 -1.361116223231504e+16 767.1314778811457 31.73015094084795 0.04147571807015737 -4.528975214624476e+19 37574.65421542439 3566959.832777245 0.3323642800189958 2519.840810535772 3297.536822105318 2287 191650 1 4.50281159304284 -1.044580670137905 1.328559931936575 0.2963991369639771 2.792878533698778 0.03049827393252795 2.734927284386095 -1.838706996249417 4.170427279803142 0.5251880609100961 -2.142451646933232 528 651.461354970932 2391 -1 -1.194339026952833e-05
 -9.33558713137916 0.08334700799835344 -3257786095.187853 153.5056847206957 2.374684866055737 0.7840288591090665 -5.264019266164855 98.8662118663968 24.61279099736053 0.1298460086999857 40836248.92313587 3132.00749522312 2249 127776 1 -4.498862211398389 -1.216806557960379 -2.472894495137099 -1.227648716349703 -8.34446956115263 0.6621287024778292 5.876018100328212 -1.471003165743518 1.109950226078881 -1.424411915773089 -0.05114715651712132 531 437.0358707904816 2391 -1 -2.677103233830808e-06
 -10.38021226385111 0.1547077538176986 -125425.9891038085 33.30202904444093 0.4335293395930563 2.819777551978231 -0.2547742518220061 332.198512917422 261.7734090024495 0.04077591517271113 9.944523934122578e+20 2870.650431332667 2678 127769 2 -4.393542500065872 -1.886177303611904 -8.734048112751086 -1.640983458721662 5.164764114373518 -1.193423277407999 -7.883790120780464 0.7150921886606816 -1.495664328795175 0.6388533449208689 1.305658373196172 534 443.3784279823303 2391 -1 -4.341318877107883e-07
 -9.084130753781173 0.1150013858287996 -50407767.68053854 2.43775553148784 0.1843824677633993 0.05329518624651851 -1.057020891515827e+18 35782.65245998932 2698374.121492962 2243.968621686945 7479.10440299147 3071.616093132609 2192 191631 1 4.205414332861229 -0.1075588665488461 -1.395636853794102 -1.434727004738291 0 -1.700437147381365 5.593065843080981 0.6715678527849058 -9.292812446114471 0.676334268276899 4.639786974660477 537 654.6461088657379 2391 -1 1.906292994965955e-05
 -10.51042647318148 0.08553561435533513 -1196033985.674281 0.09165676063990148 -1681998961.832623 0.270290743629575 -2469.295921676179 233.2382450667418 158.0441121730605 2.122995618505632 2.935598440495173 3037.942980936891 4635 191619 1 4.409650934051466 0.7240087187058472 3.391898701193834 -1.412210805103324 1.483571680339274 0.8263309010189723 -1.853828263654495 -1.446002101086092 3.673681454531097 -1.82392214970545 3.036736208773983 540 656.8319520950317 2391 -1 -7.163403710217645e-06
 -10.17875553734342 0.1119343576555278 -46310233.93045176 0.3400423751035455 -134.4226480092593 0.05244516620305258 -1.843323795902349e+17 1807.958221811054 8195.188963319939 1.646094902819839 7.189685284256064 2958.327282778976 2010 191660 1 -4.646814628108977 0.07752089462536599 7.262986313197889 -0.09351562567584988 -3.042690263053924 -1.811373461612876 3.035027720935365 -0.6898314767948089 2.742891357773351 -1.882210484600854 8.661023924092961 543 654.6886110305786 2391 -1 7.802095933594203e-06
 -9.977266237633376 0.1402309861597451 -2788557.84575051 4.769833366407151 0.08188080762412386 1.241911962817298 -1.946047216030023 50.49370921502717 8.637306605645783 0.0468992518926686 -4.88639224538504e+20 2964.332146195279 2538 127758 1 4.603351029724747 -0.5810101168541522 5.06083874243935 -0.1398260130882694 7.491714330387705 -0.8674853422119302 -6.531048738445016 -1.058022524793058 5.539591398075427 0.3348156552066985 6.500209287364638 546 441.6242368221283 2391 -1 1.956920473807078e-05
 -9.856860570365857 0.05677802706407632 -284658830694.6151 1.351653844802753 0.4558318582469517 0.06431399308317647 -964139356364.3845 3766.99655970201 34045.60914007021 2.459086850450876 3.5322289663822 3020.100079815642 2932 127767 1 -4.398847544041943 0.4923889390690332 -2.791267757581441 0.7033587106524304 -5.966582941573559 -1.902704042494541 -3.449664422267102 0.7470946017812303 -1.297473661382019 0.1580263800039558 9.403053354148406 549 435.1005601882935 2391 -1 -2.849634263060181e-05
 -9.756956561053206 0.1341263932919204 -426789.3146796792 25614.08944586809 39756.13493899284 0.1725542945479098 -123299.2577988133 1645.8151126726 6584.651966238611 1474.37920877589 5318.501449310053 3131.929913882447 1189 191444 1 -4.092338958854962 -0.6481449437930511 -1.156447215984726 0.9323048427540267 0.1161959461678772 -0.1611647858112981 -1.11695697669476 -0.2911127074602851 4.376846898095605 -1.014810357517917 -5.88835829075292 552 651.2351469993591 2391 -1 -1.704672582765956e-05
 -9.744905129762692 0.04880279203967296 -2940394754975713 7.166426206979382 0.08733554904432801 0.2459280843161709 -10002.74901432162 67.00736091034993 15.1113150332107 43485.2189600725 2165062.275551387 2983.019565922941 3022 191660 1 -4.691215497182371 -0.2496454117460489 9.885523347000024 -0.5880437267457417 -5.233290058108271 -0.001680251699246688 -0 -1.443398478733691 2.244746790212532 -0.06266634005409795 0 555 653.2931230068207 2391 -1 -1.9830968187875e-06
 -9.760809101448114 0.08830885173391452 -10073902316.41196 47773.48054520886 343327.6115469126 0.146051379763293 -9745420.48850082 2042.206214607444 10904.16310997112 3.143548215037186 1.988345182299154 3162.670539524613 1345 191638 1 -4.576095582712492 0.5160700139245158 -1.862331298397242 -1.606954495695677 -0 -0.1575007248532243 -1.821947028998577 -1.740134467953293 -2.210263370533159 -0.5799181407186964 5.938717676272099 558 654.3387839794159 2391 -1 1.610251058938346e-05
 -9.733147024821385 0.04704090176930371 -7.111506131536072e+16 7.534317406273664 0.1235311146567919 0.8106024745507595 -9.291166498377144 404.0385753861506 441.5658158013005 1.297687928660755 14.12485895571503 3081.161853367783 4692 191652 1 4.597543145093807 0.07588552384387222 -6.232426011973843 -0.03469502796376031 -1.310942485952662 -0.8471982980968011 -8.339230301207492 -1.582194210770225 7.069429879658104 -0.5511195374515516 -3.246137374067262 561 654.4719460010529 2391 -1 4.447624799077168e-06


# name: injParameters
# type: matrix
# rows: 1
# columns: 11
 2.04 0.07999999999999999 3.1 1 1 0 0 0 0 0 0


