# Created by Octave 3.8.2, Wed Jun 03 23:27:36 2015 PDT <charlie@dicke>
# name: outString
# type: sq_string
# elements: 1
# length: 114
Slope	Lambda	Gravity	Lambda	MagneticField	Lambda	MagneticField^2	Lambda	AttractorTemp	Lambda	AttractorTempGradient
# name: om
# type: matrix
# rows: 187
# columns: 31
 -10.05156667296589 0.1142208849984714 -18272259.98162584 413.789700312897 21.93405702518398 0.2181352281089532 -20110.46213443661 54.55036000502394 11.14827235083481 0.04268975658027314 9.999817024577084e+20 2887.125835287948 1699 191662 2 -4.65845608199584 -0.6861397095339434 3.010873894570361 -1.644967386107861 3.442621764539077 -0.7156941210886369 -7.805562959188912 -0.9281295956634441 -6.859167918894846 -0.625157978967132 5.561864995958391 3 822.1368219852448 2391 -1 2.674730695811583e-06
 -10.35580036258929 0.09771871331912731 -123468641.1805095 0.0754457988650923 -90858333878.64027 0.2274111630805619 -12306.56364118641 966.2913085454026 2375.572408466507 20477.84291529618 787317.3000955331 3111.967498517567 2621 191631 1 3.647307274249362 -0.8666216608171222 -6.85071260132514 -1.843316852569842 -9.448901093527821 -1.913802733908479 8.717402734501071 -0.8456828235775893 7.189377738487098 -0.4433744899423058 0 6 821.7169041633606 2391 -1 -6.555844431463717e-06
 -9.869099246054287 0.08879870656818933 -2972061134.006282 0.04052340174127207 9.995807046131283e+20 0.2957538346681753 -2959.28591462198 401.9966431967575 452.2807386100465 140.617605956896 41.88870256650824 3115.320906230539 962 191624 2 -4.677141723544006 -1.222240792358688 -1.644049437026199 -0.829397929388124 3.374862603069579 -1.050846095314906 -1.881984909773891 0.5046579870133083 1.901115847149925 0.3630005662035484 -0 9 820.983067035675 2391 -1 8.608853018935033e-06
 -10.6605733146777 0.08334573520334082 -15181591955.21074 1.016612968571368 0.5172814592489068 0.3386077811244192 -1113.487695410617 140.0736678904554 51.03247140325649 116.6171334958754 19.19215615658435 3043.073126224672 4330 127774 1 4.421124815749423 0.6301773708449243 -4.25755319274152 -1.795980086406118 5.813277596944871 -0.5788888431481292 3.42928284588188 -1.184350671780312 -8.124456838030698 0.08968589242857217 -1.898057633048301 12 553.4042038917542 2391 -1 1.126238796498566e-05
 -9.69844249946757 0.08273899338328373 -1500208445.662222 23487.93338588051 91952.08746312122 0.1252491490004582 -17478619.1674237 5.619607944207536 1.632281936903685 1757.646985998999 4873.761741835528 3053.286104887413 4989 191660 1 4.453915583561319 -0.3084210973609789 -0 -1.891430756045627 -3.004018925868966 -1.417627175512491 5.318006724765724 -1.845029638070008 5.993175176382252 -0.5266346796609023 -4.702070434839733 15 821.0010440349579 2391 -1 -8.383773787401105e-06
 -10.11578358736243 0.07905611262012129 -12631056893.00533 7.535331809186492 0.08161456606500959 1.041014900892326 -2.960449544440958 277.8362596075411 193.2843644639641 2.378929422810236 4.046554443575669 3053.354925568386 1382 191659 1 -3.839657761110002 -0.3946824067957185 -3.562443408634692 -0.2742708463536587 2.731227849250022 -1.771268950145608 4.717257068091442 -0.9773292673861533 -1.66684741775687 -0.0740901385783914 -6.850551939948971 18 651.4796931743622 2391 -1 -1.809386050412357e-06
 -9.830629063233605 0.04044221401398349 -1.876415960502572e+20 22.02316485646688 0.2550626840880553 1.674764694860313 -1.121816031954405 59860.00374505942 8491955.932790076 0.06983623054003277 -105832539603548.3 3145.630687174084 1879 191646 1 -4.362699332826422 -1.932958861089463 0.48724319530778 -1.412451981686464 -2.697187420316566 -0.7998787131519558 9.83707849529959 -1.98786427025443 -0 -1.484746344830646 -2.584453452579156 21 652.1442580223083 2391 -1 1.347687719722436e-05
 -9.862884233364484 0.07027733768422194 -5094356456720.674 93.10679543418182 2.00069234212148 0.2460645800188352 -23368.02994897187 40699.83955779443 3260901.814857798 0.2402154551643721 166987.7169241514 3122.459007643761 1308 191644 1 4.276966721511218 -0.2363863764744601 5.655873728380268 -1.651038538154215 0 0.05549860499534541 1.960490627491722 -0.749420746267635 2.844605299187907 0.3001101960821022 6.170297356972574 24 653.2711999416351 2391 -1 2.336555813590719e-05
 -10.1395707515009 0.07153616826401933 -22365687593.45099 0.2166969233118768 -685.7753305231965 0.05189887365562648 -1.26806410260253e+16 10412.37196122982 285905.6314528349 0.08662111368626771 11539408448.37331 3190.373208168286 2169 191616 1 4.136748378659538 -0.3926520943581356 -7.111835316823852 0.937333264538645 0.9213082673738251 0.5758712342786589 -0 0.7221941821630282 8.221435841757788 -1.44664565452186 -1.088237898381791 27 648.6710748672485 2391 -1 -1.114763272691578e-05
 -9.286911489699349 0.05989937041887645 -728840588165.5419 0.2439333112504983 1221.360456547762 0.05279087964186654 -1320526400601876 163.1390710509868 81.44537232766541 940.5290897537012 1650.342520578007 3076.840731248707 2575 191649 1 4.651850917539477 0.9538304909332918 4.772264746090558 -0.1656023076514775 -0.1625741748859033 -1.544265922400354 7.672676008327208 -0.4651094982268695 -0.2952965082948156 -0.529260691944117 4.463266711835238 30 646.1271901130676 2391 -1 -1.774329350794943e-05
 -9.192627179696307 0.05796652543795935 -98165666567378.14 9.556313682407904 0.08142054124778396 0.2844146091031947 -3429.215124305994 110.1200564712868 45.31624746874355 525.6005802931028 727.4485466439932 3031.106500197888 2518 191568 1 4.607693117821675 -1.666953175011532 -7.951858195626905 0.3393648065728927 6.612352004284926 -1.912417013492504 -2.672109800090549 -0.6189051360103566 -6.544350840140588 0.2893686498481207 -9.021820431105063 33 653.1090459823608 2391 -1 8.558314607355358e-06
 -9.086396808747244 0.06043984425634075 -666562765682.0109 2.229128365976106 0.1012027418908292 0.107827313152153 -101779629.924758 7008.579248627504 125704.3368684414 0.05325167547973576 -2024419007102438 3110.33323594479 7286 191657 1 4.090275396476668 0.8586891302307578 -0.6637169373363507 0.6253954430354596 1.771583257798511 -0.8841544748733874 9.470962193474383 0.9662141765497037 -3.604163202126824 -0.602323953714766 -8.818223460878775 36 652.3951349258423 2391 -1 -1.442064293860087e-05
 -9.815636580227681 0.04825471426244295 -1123345433663957 3350.944382149888 1506.670039262733 0.3197690755180804 -584.0390523859043 294.3327603717426 208.9268625307073 0.7959466770709288 85.12463003130132 2981.358210401308 1676 127753 1 -3.898780806586355 -1.443481926469531 -0 -0.7974761578054146 -0.3465738646110843 0.506128141942944 9.845549196031065 0.7844435037644746 9.156151019368338 0.1236859893187957 5.232384370875971 39 436.9308240413666 2391 -1 -7.491887402515701e-06
 -9.63150609647643 0.06683426022957421 -1158349501892.101 722.068024011316 64.81569819698474 0.1351742582990667 -11895474.01695091 5943.89132264991 104922.4996281949 0.8566417431828474 68.21269302708495 3056.220034586097 5569 191662 1 -4.605500320094928 -0.5109009067222354 -1.491489337850673 -1.519812790043081 1.753364733312239 -1.259916832749491 -3.968484676627761 -1.466194176860528 7.139488097086444 -1.575915397620416 -0.7991327184971606 42 654.7413601875305 2391 -1 5.486902803534134e-06
 -9.92427717124807 0.06105777470820228 -743497891757.3728 0.04008292807960328 -2.863408492429793e+19 0.1635581979544315 -321694.9215282056 225.8089811866366 94.82607151231903 50120.53871796939 -2392543.320821761 3082.89573822092 2753 191638 1 -4.690931316629406 0.6681532780977135 0.2231818604110534 0.5556619121591759 -0 0.08098306150087621 3.712847416349937 -1.483630116236374 7.534274358698191 -0.8441991675670799 3.285417417998249 45 651.858794927597 2391 -1 -1.275825262648891e-05
 -9.587921612838118 0.08213004417366358 -331455217.8013593 2.820344544460893 0.05752548179443811 0.9343555366557112 -2.300610034478526 2138.802609143605 11501.37804744927 2.097715488558021 6.35971814323966 2880.708368144215 2489 191619 1 -4.69519607701479 -0.7961339821626456 2.065139017412234 0.9014933231319677 -6.398507528373896 0.9033505680927494 9.575612787035155 -0.5082587090033375 -6.734598511660657 -0.12431964986399 1.777343642221711 48 649.5088798999786 2391 -1 -2.15100163735953e-05
 -9.821904072635535 0.07322433736302839 -44265533762.99849 4.015517449649174 0.1311258305870582 0.1361745365767022 -6930372.385492189 134.252816839656 62.49781128178789 2.381046047619011 4.907983299329844 2926.683730499536 3459 191660 1 -4.572026963236831 -1.993598775580017 2.693398271960707 -1.523026863660253 0.5258609618962535 -1.032254115137256 -8.857676971776376 0.3402919174855543 7.129463807472185 -1.114890063082771 -0 51 646.8968350887299 2391 -1 -2.475283422613022e-06
 -10.76551029854675 0.09777972410591659 -67030247.55509363 2.152827589618925 0.2523141357666386 0.652986850151104 -10.98824101824207 184.5907845882386 91.80740982763821 1.573203260380537 7.256762100692525 3020.213244411865 3923 191656 1 3.128486245676246 -1.53647860848515 -1.482769116618037 -0.625714898972884 -4.075943992266589 -0.6178838485222942 -9.390644863227175 0.3661477120846608 3.43871824277306 0.5015928082458969 -7.086283737748774 54 654.5113167762756 2391 -1 -1.231263726534612e-05
 -9.316340713802541 0.09556449327926472 -65810290.46086958 0.06971178257422214 355118202147.9762 0.8570498369585484 -3.566540882194579 54.70672999924795 10.40793901777223 75029.33008579693 7428398.770140583 3019.898540776292 3213 191636 1 4.538561643365821 0.4891703872798381 5.035603009571565 -1.247639254131087 8.361459342964965 -1.239254974911472 8.036300564548279 0.01018146879846069 7.179194143808965 0.1493973353333264 8.471283461282079 57 649.109071969986 2391 -1 -1.281736346003854e-05
 -9.54121344761497 0.05136699713251741 -2739771773028979 1135.889322745066 118.1822905145005 0.1021192574985622 -2193854121.412681 82251.20011980481 18487715.48582305 3.242266229783003 3.605106037364501 3139.022740864953 2160 127769 1 -3.636692824304233 -0.376219183314313 -9.138330227589266 -1.141137785723701 4.288585951238066 0.2492461398861069 0 0.7193107554680749 -2.465770137741234 -1.46588399202748 -8.569635361805386 60 438.9482409954071 2391 -1 5.352121675660216e-06
 -9.718869485415544 0.0725227830465125 -13780491666.84025 195.5194470978989 7.38437613904914 0.2193466504165785 -17183.6001303926 490.298282108251 647.4722991522167 5449.314551930487 91942.80920816149 3052.506417930285 4993 191663 1 4.573786135448287 -0.1064680530646154 0.1505362309696912 -1.285658592884076 4.445049032895358 0.08557697123451113 1.418077486068053 -0.8856098572615254 3.122265815797343 -0.7554076978554853 -2.27659568366349 63 650.1210939884186 2391 -1 -9.742331473475227e-06
 -9.9105775714067 0.1167488768290198 -52518725.46392958 502.3744786581029 166.4149867709357 624.0888476714644 -271.360066184699 10404.11243327478 282630.8169517568 14531.76171024963 618613.2093624956 2945.863760147821 2329 191630 1 -3.975417061210938 -0.07205779386106405 9.973631046784654 0.06483872392309387 -7.627578084841307 0.2097251288243109 -5.187961543162279 -1.088965751776857 6.542818734291461 -0.7873134242467845 -3.537367536187489 66 650.0105412006378 2391 -1 2.403245831641604e-05
 -9.891862970813131 0.09411155026427596 -1661592350.671408 0.08438104679736164 78932341490.48529 0.1278293860322014 -54958570.53712174 36.31682826988181 5.813206973623871 0.09838082904950815 17527142765.04222 3128.852198494681 3585 191662 1 4.560064216358982 -1.505384684637737 -0.3348862727760995 0.6532999563698501 4.803619549845574 -1.490701655321788 3.492463670390714 0.9984656418444029 7.110582851791023 -1.164540228059027 -0 69 653.1907501220703 2391 -1 1.42768273434809e-05
 -10.83125801615712 0.1028678715815207 -595973556.6366069 0.1529149482666847 -1350245.839075855 0.3019164873404336 -2363.783488556546 16484.39177934956 683568.0832179345 1.34028149495308 8.630513295617133 3121.119554271694 4588 127775 1 -4.07573794385969 0.873439714691326 0.3777214921573089 0.8841911942453411 -2.878357726461969 -0.7471780956777891 5.731790351906191 -0.4247300888963776 -4.667303348765031 -1.297542508727865 -1.294676724825525 72 437.0729720592499 2391 -1 2.032898621599584e-05
 -9.940140287327903 0.09451858899515769 -326713154.0618944 3.466610240142076 0.09508101288562802 0.1199402524497793 -78573610.50486389 47.77118420112269 8.17263658185446 195.3962882965656 69.58310691889267 2984.825162485028 5250 127762 1 -3.400713378719061 0.6939274563541402 7.34140017124535 0.8972282346948992 4.679581967772371 -0.2155989092380271 -3.456605163424294 -0.330588809496362 0 0.4801881651706656 -9.163690152744826 75 437.7022650241852 2391 -1 6.694857911635573e-07
 -9.81593313929859 0.08163509532061744 -9195426870.699211 35.75632985443687 0.2722672054914442 0.09039015984160649 -19474037819.89706 12558.98313837215 330395.8773977943 1.49665764738133 6.633445631987913 3046.557101872135 1127 191652 1 -4.020951547068323 0.5534769847608545 7.387575552616855 -1.474609927689023 9.118354768985249 -0.2995305644181104 -6.373972792788958 -1.8518510429027 -4.072804421229053 0.2208263603895015 -7.193308568032281 78 647.8961491584778 2391 -1 2.082197440715818e-06
 -9.893172232846293 0.04953823449963431 -1.514665630502551e+17 1.282415163379238 0.6274566502645481 0.09325304278734275 -50286278406.91718 348.6514431587356 296.3927688114545 0.09962308322735224 80089992267.29085 3116.571912757268 3305 191652 1 -3.53965261544461 -1.053949902481618 -1.509587340078679 0.02742875445086933 2.634679614282614 0.7402017559280587 6.207247667155789 0.06353674257111042 -0 0.9510739809504201 0.8388302280913011 81 644.5753779411316 2391 -1 1.941409161674273e-05
 -9.86140853314541 0.07025579917359298 -2245405840810.283 1.200206765184396 0.3903519150555854 0.1011204228556598 -7786023282.52187 265.5507657584319 186.9103117587688 2268.078160945919 11159.34390319428 2973.801983210261 1101 191653 1 -4.288264722621355 0.828226520472501 -5.814801524026342 -1.904865119113889 5.649457594621802 -0.07517497732448146 -7.76440347636367 -1.423632648016017 8.252460474430784 -1.093285888947137 0 84 651.3445699214935 2391 -1 1.998902360297969e-05
 -10.3479365789346 0.04717155806126031 -1.437635158686976e+17 0.1838408967917588 69825.08997624289 0.3111797969143434 -1560.620530389394 1343.858305889705 4299.631500605389 125.9165957623319 62.46072792173566 3001.789938089355 4303 191659 1 4.223953527370548 -1.083932244053354 2.000432111371877 0.3791067631152232 -0 0.2272511868832221 -0.7183815573037986 0.3285576470859812 -9.348929576826187 -1.914504105201539 -6.542584624548969 87 651.3037528991699 2391 -1 1.083688751100392e-05
 -9.488180204620676 0.1196428581816318 -6591488.999638222 592.5792135450215 23.33708056516756 0.3571757879972885 -390.7550503862311 449.0523967980723 501.3705778716032 0.3710104300299251 2208.74702510309 2978.29310204683 3322 191633 1 -4.18399219014451 0.6538164327734268 -4.554853904339442 -1.377666327458273 9.401495131707744 0.3012253760830594 -5.232058257733452 -1.536825492014111 -8.079232118845933 0.3625507844821843 2.219990227886768 90 654.9274060726166 2391 -1 1.479713300454041e-06
 -10.10859678686227 0.06095486881715879 -966056986078064.2 73.0493866319521 0.5655198808941256 0.4515279005218003 -167.0596945794673 7.132403809503043 1.600386620790997 1.295981797206553 40.47696191337465 3089.184137063857 2666 191663 1 3.957061938579554 -1.775098170402387 5.922035737779596 -1.455876979433147 0.4041460939510859 -1.312238344374018 -0.9673894158682756 0.5963266160260638 -8.396150921649646 -0.2524526141100534 -8.068741588958027 93 646.1226270198822 2391 -1 3.064031234197147e-05
 -10.09908420206622 0.06913782115577216 -617416822954.7709 378.1280766794582 11.47856738870367 0.06371242513898442 -312308740628784.7 84.59923527910387 24.65119127812844 185.4769164245238 77.9635955979137 3332.205822828219 5050 191663 1 -3.512695483347913 -1.118240733482489 9.097972092312766 -0.2365601776545496 0.2780063463666611 0.6265116475655911 -2.348625038273051 -0.7341695739152998 -7.096927666249103 -0.6755615034489139 -6.184608266856135 96 650.2982401847839 2391 -1 5.928556320818437e-06
 -10.0564672412592 0.08674160398012878 -496223551.2030782 5593.164904202747 2539.433056188981 0.1828124373933486 -84061.45690907238 27736.15933436604 2219151.321086049 1.845874999445717 6.441514528833511 3050.310627344278 934 127741 1 4.616796669336097 -0.01551834477359206 0.3295670603249619 -0.001260416631095255 6.144781861285951 -1.943298197305453 5.253761212319994 -0.004194935456587793 3.351145390842439 0.5693750101221715 -1.999645045315726 99 435.2930490970612 2391 -1 -1.137842185950444e-05
 -9.746448035362807 0.0829326281199468 -2561215301.795391 53292.03926638759 317416.7591389024 0.1020485052373389 -525561471.648963 2046.12420097524 9253.805722518135 0.1954692252637607 213519.7674275652 3209.018742064054 1174 191560 1 -4.335066765293442 0.2115017451822258 7.112147669993693 -1.280647399610978 4.288249371093276 0.8033864406445086 8.890231976178965 0.3997800046073796 3.331211805657861 -1.005396485347926 6.953404079091849 102 647.8400070667267 2391 -1 -7.119783515828018e-06
 -10.05167812163064 0.2420971035725632 -2154.794435938755 1.44193487286945 0.4413496464294295 0.2295992881613942 -13949.80894159186 49756.02033010509 6207568.221212718 2080.434868214063 4378.261071463365 3118.256994675104 960 191655 1 -4.552228104213873 -1.512976238789912 -8.025694075089874 0.6842932927642855 -0 -0.4909993597205933 -9.554377927320386 -1.970756065502423 -0 0.1325133856838878 -2.606820801173537 105 649.4764878749847 2391 -1 9.649167414407517e-06
 -10.53262450989059 0.1127917862510295 -7138348.443336483 3.35546073067803 0.1655584546772304 0.07158352189485638 -848918880641.136 12412.54409798394 394986.9375508895 1.317481248894937 18.11022411063151 3041.192795425976 3479 127773 1 3.985229260151754 0.7474157660178329 -6.459977590267172 -0.686387378998127 -0 -1.544066310069771 -3.285990170850607 -1.504426038039377 -3.114392256821917 0.4019554687328694 8.929240045719421 108 432.6570000648499 2391 -1 -9.993818828108685e-06
 -9.550055591167103 0.05290707163493853 -4.378991602794735e+17 4657.900190601925 2149.696737894859 0.3032829080829518 -4775.867324078151 139.1763000333864 65.77197654130205 3.2016635772494 6.653042822927343 3038.922950946392 2181 127755 1 -3.445307853861526 -1.959886443358125 -0.6817565548099647 -1.11151665751559 -8.217864340193824 0.9870126654192237 7.529258471926484 -1.033661181950263 -0 0.1636821936563138 0.114019037579411 111 437.971638917923 2391 -1 3.706888962510716e-05
 -9.947017825898223 0.1732348952016503 -329045.588285947 0.2337859407662873 -12686.34399540467 0.1409265485057868 -66797486.34311085 46927.23867179079 4581061.237812511 8030.395002736207 124135.1669598674 3311.902102702123 2151 191490 1 4.040994889576868 -0.04321394878718902 -4.607041142019092 -1.715241488545277 -3.880839071823831 -0.7341270691107225 3.558859157905468 -1.309085249167507 0 -0.5384728897108042 0 114 655.4155321121216 2391 -1 3.329565717588265e-05
 -10.0582976478497 0.07589776352621486 -2421408096.107822 13995.4617042651 5622.284549216465 0.210927506735238 -19892.54809875984 592.3177291771426 839.7283258548287 2.326301098156755 3.173595031978548 3128.29703698322 475 191598 1 4.03077909747697 -1.242132981532707 4.375113432137341 0.6016843989803884 2.981809869241789 -0.6176763656026889 -7.033043091022762 0.1500694177462733 3.7461610755331 0.8220711941682293 1.846902462057606 117 661.350958108902 2391 -1 -1.89123319705467e-05
 -10.01034197759546 0.0756584021244467 -136748095827.994 1538.917949581316 445.1814601830202 0.07374982341377397 -4178511348208.374 234.4401583442486 151.8850479847676 1.553033128909842 16.16219767885914 2989.264066644011 1883 191657 1 4.654471003093109 0.02109106379922028 2.574763967151782 0.4285757246869779 -3.380674636790631 -1.779059602885745 -0 0.2511764418060407 -8.250571776930327 -1.964586269342318 -1.887168030992174 120 648.9570441246033 2391 -1 9.469110030241871e-06
 -9.996600280903902 0.09147016017891248 -289216104.9399114 2.256948200223474 0.1464813940486648 0.593118262093057 -20.23923633506711 275.9979358810144 203.9288212552521 21064.0853615843 1819125.318075709 3385.471443925701 910 127689 1 -4.046006959178879 -0.5407623165027511 -7.91098716628629 -0.1720790650249207 8.888446498482823 -0.2926722013646774 6.631923338559106 0.09432198873495244 4.332498300893587 -1.587612646243914 8.337231822720272 123 437.6013000011444 2391 -1 -8.333814806695381e-06
 -10.04654138364142 0.07340688666567519 -3431835436.951536 24478.2172773188 75936.80158515253 0.3856571568904339 -189.2322241457409 366.9065189487488 321.4250252059533 18507.87844582694 263240.3835456808 2774.242337244935 8550 207630 1 -4.566591800497131 -0.1096976992728216 -1.078843674910306 -1.45244021989158 9.449426883871062 -1.473120329611229 4.157651586151703 -0.749194923845911 -4.260080066307898 0.839911284528184 0.2566175934693229 126 713.1182498931885 2391 -1 -2.163288420209513e-05
 -10.26232593310481 0.05774724141523189 -269080195078728.1 3480.372003515266 3920.307362365838 2.015213369252328 -0.9043912071633444 3001.314547704889 22095.49493838039 0.07132955178141362 83081103259597.34 3199.681497127864 2114 127739 1 4.552065991834771 -0.8862568741078283 6.040844087680546 -1.072351314565035 -4.277394713907976 0.2091856483908638 0 -1.911488278251993 -0.01911772459768901 -1.975500041291964 1.370296641294221 129 435.7680289745331 2391 -1 1.204438292263198e-05
 -10.5126096712798 0.1090000656216604 -39502017.10900022 3.267159269156749 0.1060087291382139 0.07653583471627692 -550200408915.0419 47.67768781809357 8.205913989479072 0.04146010498617113 9.995062006641076e+20 3090.813282854705 1608 191639 2 4.369547061090699 -1.507546769951125 6.228579447334423 0.9109030147072841 6.154209053086761 -0.1165604759500392 -6.697710031562047 -1.081117379346042 -7.679427758512864 -0.9575621980746494 0 132 654.1787691116333 2391 -1 -1.678899106598196e-06
 -9.840770259085716 0.06918107980814303 -43610627577.42215 86722.27492021836 724268.8997016407 0.05205513137794253 -1.100075686658589e+16 1700.766438930052 6762.418986226124 0.05727917887955761 2409253963744934 3106.185736373909 1976 191661 1 -4.381957575184703 -1.069610739813635 9.637329892341329 0.3795496300440129 0 -0.3760539171227126 9.626501280568188 -0.5861469736176863 9.930913700167979 -1.855342108799393 -4.714446270051382 135 651.0301620960236 2391 -1 -9.067849213497472e-06
 -10.29933570828223 0.08653196214999397 -1725247627.386071 301.7701721420517 10.03338567350782 0.1242626176021531 -42474430.18561552 1136.240789792507 3025.50223855476 5.209816214646126 1.16654452422459 3089.288185131163 2174 191602 1 -4.411406311447981 -1.172451435285302 -6.449017564473047 0.4265465979224747 -9.343097952927128 -0.5646081972832855 -2.29903951374485 0.305162896599735 2.819062220369689 -1.933196403945703 8.163518550102664 138 653.4631261825562 2391 -1 -4.1353416944413e-07
 -10.4190896699049 0.07991088458643468 -81849148050.93405 0.04350264797205984 3.024182759743647e+20 0.3693064580989981 -473.3705129824882 4592.594628955822 59047.18004486976 2.630280321398556 3.504621290342596 3160.350335120027 5181 191662 1 -4.444379157313115 0.9465990047936295 -8.062480045545106 0.8036883101069465 3.58491214392543 -0.822827912344958 -9.188466899508182 -1.234672694199465 -8.310345340086357 0.923462164232828 -0 141 657.2684450149536 2391 -1 1.547061538631961e-05
 -10.45407311340271 0.1181335783769427 -675595.5610959372 158.5326591988802 5.243392140197867 0.4146455256998435 -82.80523353520812 97.22794702305372 29.24612493280576 2.094361167537171 4.45137576527379 2887.774537706932 1986 191661 1 4.454192046097909 0.2749897181830847 2.614756027724233 -0.5705376542839318 -8.786313399759267 -0.09086386671796819 -0 -1.026971197572861 -0 0.06765081383540922 -5.856475884099432 144 647.429249048233 2391 -1 -3.104390722643922e-05
 -10.01528417754729 0.09440302380282904 -267518477.7476563 42.50647197864131 0.4461117757184269 0.3185429347732177 -1062.710703471123 44573.06710846071 4802473.613837943 4.565151389766953 1.624078387039392 3142.329068853634 2217 191660 1 -4.007653684886279 -0.3069674852327893 -8.543917306446323 0.7594930887260856 -6.946513417031945 -0.178407836401826 0 -1.994079680019706 2.63984332001225 -1.935010458131692 -1.303203343564042 147 653.0223021507263 2391 -1 -1.043791131578571e-06
 -10.79662530381596 0.08926119663997167 -25844818032.654 37.31395281697265 0.03060743428661717 1.099149112375873 -2.749523450477736 6462.555018786131 103358.0751602558 50787.54590047958 1498787.953334637 2944.102764955864 940 191474 1 3.983421688969093 -1.985403374565516 -2.494201033321049 -0.3222229530635117 9.71637259548449 0.8717717981193327 8.24174599092324 0.619198963663508 -0 -0.628442445263488 2.233849549863445 150 653.1567280292511 2391 -1 2.55662789034155e-05
 -10.14608168648656 0.1126633472243215 -31925723.82501316 4.416207613758795 0.211479033811502 1.524687192020819 -1.439521104850486 200.8819098252356 114.6281618711226 76808.83753896989 17603536.02859827 2974.059580012358 3547 191662 1 4.662918495585845 -1.965128137156218 -1.060060749805935 -0.1908774854050553 0.0003833749882318216 -0.8214724867028381 -1.701749032929748 -1.709602811761692 1.038807369124259 0.6385423339451002 1.292420767896041 153 652.5310399532318 2391 -1 6.696260280854755e-06
 -9.801240298037131 0.118050638517785 -13186721.16645641 22.54063592206345 0.2913277147275674 1.874176269752993 -0.8740784007021171 11935.22508025835 307199.3481912618 0.04515052952394376 1.528594902872205e+20 3062.906692909621 7571 207624 1 3.931632977341623 -1.897793393637731 2.754884011948041 0.6210260013406761 -0 0.6955697413251052 -3.510581167595553 0.8728399297351208 1.474010604047045 0.2680232470797325 0.8650443771723251 156 707.4149489402771 2391 -1 7.84182051105817e-06
 -10.7620309373318 0.1646786107552107 -194328.5573808708 8.819146904800755 0.09593692041950164 0.1472466369573213 -6796836.250094855 325.9413857929094 273.4685487043434 487.5144021438851 345.2261905033911 2947.585248739782 1141 191656 1 -3.762933673808915 -0.4071717336040734 -6.983446027586181 -0.4132802090499599 -1.712692603251053 -1.296338965027402 3.148410411685106 -0.3038745061624582 4.835714451085889 0.7707726441988956 -8.021121341408147 159 652.4453318119049 2391 -1 1.306054999995463e-05
 -10.131240067282 0.0972125084379179 -100270759.1218327 1.102162329552306 1.321412306527816 1.852945722178266 -0.5790154307651324 153.2875172703374 80.1287965291 2.998758763505246 2.715331133334102 2959.254198591881 3267 191647 1 4.658768690436806 -1.83224453897432 -8.196480128897116 -0.1125783074551672 7.813772299970434 0.1377687805548793 2.052629638415973 -1.63503356050729 -7.521015212872285 -0.5384683166247024 6.943219276470847 162 653.320906162262 2391 -1 -8.120366982928853e-06
 -10.15990703532909 0.0449806532580516 -8.838247016144091e+17 9.135102692269651 0.03625878112599253 0.3176303385511701 -1274.524576401752 2043.858267441624 10745.26241448444 84812.81841316965 18985524.46755707 3173.640410494562 2425 191660 1 4.573907330944508 0.2607952411219649 3.524250194401962 -1.201596889180878 5.77742337919072 -1.744758439551348 -8.955506549793137 -0.2191508526164902 -5.228008175869688 0.9784571681505922 -9.421596744132772 165 651.6208000183105 2391 -1 9.903045784686946e-06
 -9.599131888718034 0.111389894789191 -187734183.950226 1985.837832219089 631.9957912273026 0.3688495956218433 -762.2261629060097 43.5870601965168 8.084236802362913 372.314394523519 36.43231751185759 3295.171316519371 2108 191640 1 4.692019084175532 0.2348934535247706 0 -1.202990017144975 -9.921874157608206 0.6836535253682752 -4.618247907385032 -1.558640098486186 -4.739806117493439 0.3082790043010148 -8.300444704956009 168 663.8190870285034 2391 -1 2.605966877814042e-05
 -9.197221708404067 0.05857295797536565 -71479409238691.11 8178.265086385706 18828.16038590526 1.736340381439776 -0.9555707566292528 26657.18532406079 1728649.965125345 161.1949416346925 20.10592034902544 3141.068259529554 4272 127766 1 4.496076801552015 -1.970290985742195 -7.112436097919899 -0.2367934318918925 1.323912267574068 -1.335163734278038 0.7973387599120425 -1.297377495540451 -1.362444685700352 0.1073670532925943 -7.25218331435086 171 442.0775630474091 2391 -1 8.133371863231634e-06
 -9.552854497678519 0.05776996365406854 -1.628163184843436e+16 24438.7298888584 74813.68319311063 0.1785101275759739 -2084851.508105445 12052.23921540629 350899.8589762677 1.111941702234908 25.98204725312057 3233.401400358867 4184 191648 1 4.647355835498726 0.1903010488415457 6.373314272988524 -0.3718948545208143 -8.727097814309877 0.2795985838637267 3.463277731873275 0.2663613781675238 -9.985339720802342 0.2517709491447352 2.805471139234199 174 651.5410811901093 2391 -1 3.961082472791254e-05
 -9.427407532496545 0.1015610811431263 -31139025.9777278 17331.42053222176 30824.2149047575 0.2335737063079656 -6729.645585335303 332.8053575277795 270.0193333528896 0.1637100386481607 725047.1030514886 2988.663627520852 3011 191661 1 -4.45090518816439 -1.236356811568656 -3.896080154923036 0.04266965553747675 -0 -1.776917132478039 -9.729158700825041 -0.5587917097582409 5.019483044700506 0.08385912289392954 -6.042604994699749 177 648.2606389522552 2391 -1 -1.56629739961907e-05
 -10.29746481553427 0.1798670508776087 -69417.90709960621 0.04445491727622239 1.749060819752478e+20 0.09761006883254573 -7859030480.191001 5274.493308764678 62955.3932627706 81.52314885535354 -2.344243398551003 3092.135423812072 2292 127746 1 4.538242405332813 -1.635173959929962 -5.136535900773451 -1.64626811911827 6.584670024667069 0.8549831250561977 0.8090861711500206 -0.5787898660529054 -8.205710877830938 -0.9202213244235153 7.773382674540853 180 441.7288191318512 2391 -1 1.029035006991202e-05
 -10.22229842150549 0.06807475513880663 -148090453981.4705 322.7150215797759 16.92800341758915 0.1056685097982953 -287194635.6229215 2374.18112015115 12364.80039963181 2.659589067725433 2.465371666567183 3270.487949114489 2472 191534 1 -4.693545799790305 -0.4682517443708498 0.8811265071344105 -1.290566242902656 6.89649154770343 0.5196610628138951 -8.4465409486009 0.1261206093201892 1.012375882439069 -0.3799000669049288 0.868137881461533 183 655.9729509353638 2391 -1 -8.256767564446007e-06
 -9.831911488628453 0.09758759920663015 -66986260.94108849 0.07937176232240731 -23745184856.35094 0.2159470649905922 -10294.6954014134 51.38405672641791 9.551421509173434 1.732235430227155 5.319988754100494 3240.682738603699 4440 191662 1 -4.152399959441953 0.2743396592825964 -1.486347403180782 0.1122781509521831 0.1310298984646812 0.4389175697274199 0.8906869186373614 -0.713198629196091 8.435034447598696 -0.8248661202218361 -0 186 651.5714287757874 2391 -1 -1.204062152135264e-05
 -9.872315731941466 0.07027904548369722 -165435838932.5869 0.5678790111182807 4.569732532148782 0.2636643853281172 -3551.446009794945 30.17391854337457 4.417548520001266 1593.307744263357 5299.511652312104 3234.261739549424 4251 127773 1 -4.484936530684219 0.6944507240755778 9.898023439339182 -1.229088651105211 -1.044965971307264 -0.6559012353827871 -6.944387707891782 0.7355050480308885 -3.357636455550154 -1.736379395308331 -4.534330267180546 189 435.5993499755859 2391 -1 -7.973925415501376e-07
 -9.419974404790656 0.08807366305106185 -956225354.0185831 4094.662384663496 1188.745393784281 0.3818933083867163 -273.7137035429466 590.8218116140409 799.7634925284526 1.444761020737789 7.934176544246217 3097.002031357536 3864 191628 1 3.838226873190645 0.1123740005913709 -3.871996473052896 -0.6945471658209286 -4.443967110802173 0.384009904069079 -3.218872493106413 0.5454623137262695 -6.415620380632545 0.1886280524623842 -4.80865874227995 192 653.3272190093994 2391 -1 1.356422010759653e-06
 -9.690754089813996 0.08388063695267181 -4680443566.993423 8.607209683950279 0.05319761480963041 0.1919580005061951 -120263.5609919934 5491.43031578497 73882.89393913271 2.095748323762752 3.031014957126935 3115.954467937968 3534 191644 1 3.66209309059227 -1.992811306565504 -3.125329102016375 -0.4510808438222585 -0 -1.606882981985405 -6.657760872338534 0.009388698527741391 -1.216009734571263 0.2163668820214583 -3.621744938138925 195 650.1223080158234 2391 -1 4.942859739308867e-06
 -9.545523900630325 0.06843119847871339 -89461847965.02779 17376.39621611195 74289.71437872917 1.334442007742387 -1.430081120656623 12641.41655890565 374035.689884306 59709.83565394531 -1818070.626979144 2939.954806217972 4242 191664 1 -4.077178507187595 -0.2632118147087237 -7.430411350047649 0.3231308588882004 3.593628191416177 -1.7652051919182 -0 -1.85483617396166 6.242707689099214 -1.632673921429694 6.233676600592151 198 654.8206570148468 2391 -1 -7.868849715499255e-06
 -9.411868845956876 0.05416728593235492 -15031252193304.72 95.4917184675311 0.9646813894380737 0.08620630703629667 -6469095126.320861 136.1889941826765 50.70998663051879 0.1135103374314938 95796288.64344046 3156.313628572555 2230 191662 1 4.045096953687144 -0.1855383751219613 9.976597184586536 -1.984175859786093 4.657801117858254 -1.866930945693035 7.196049401165034 -1.705416024905496 3.324386438203716 0.8956516256817739 6.729138059910359 201 649.0496459007263 2391 -1 -1.432682482138182e-05
 -10.17788324395698 0.07930570168872493 -63338592793.97736 446.6739193623185 20.06202560371993 0.307840676124303 -2155.293418704195 549.1475334843105 841.9757632537683 2371.164744482601 7112.372967040927 2849.09559801055 3655 191657 1 4.608631286649402 -0.03258543718392205 -1.883687137551808 0.01421085540028376 -2.028134715446079 -0.6377238749142774 -5.906526233400979 -0.9274797629847731 -9.378204007783225 -0.7094209767855117 -3.423002090406186 204 651.6475641727448 2391 -1 1.452755354470929e-05
 -9.684233413713269 0.1007257095452885 -228039854.4414827 3.753609803521607 0.1295075048577012 0.07388083011887606 -5472929878903.477 60.88639984396082 13.54944799885553 2.242285749533758 2.729717494589698 3032.713190063995 3041 191659 1 -4.414342779951002 -0.6095549352567202 -1.853828294477174 -0.3848614547059643 9.051266315633802 -0.6927587237503134 -1.821931095084442 0.3149667103163671 -8.04341712170373 0.5323498217974517 3.619323318424384 207 650.0867550373077 2391 -1 1.079778037290429e-05
 -10.72332266011034 0.1079602348592356 -49389232.2607395 0.3289095355561527 104.3031385348621 0.2053242536714805 -56576.22131518299 542.4100823269818 623.4453961327748 12879.85358848694 -85232.40767672294 3103.269574323677 4103 191640 1 4.664588838637115 -0.1601251777327777 -5.556014151615218 0.7558031745016107 -0.2342075170471878 -1.220822920672056 -4.351681990137375 -1.867049364337635 -2.777851997482856 -0.2907341866895488 -8.010032307192148 210 650.0699961185455 2391 -1 3.517685489442864e-06
 -10.02596268165216 0.06976338466660106 -39000946392.39264 0.3887104564057143 74.59131198017981 0.3170186639941497 -338.1755264848297 132.4910557655038 40.62258818699788 1.070031543499296 10.66619059475901 3023.579352208061 2484 191661 1 3.951959652247465 0.1218656778416922 -2.010830981280022 -0.181742742407753 2.811087635182827 0.1462862197246424 5.445270167370068 0.06749210261588205 0 -1.94274071557366 -6.525247568843463 213 651.6176691055298 2391 -1 -1.296089396137432e-05
 -10.03041616690462 0.07112679254023407 -262444723372.6289 0.1529678518570735 960520.4504178734 0.1710639030587586 -422726.65965408 37081.31728662163 2627691.351879656 4.013346386711004 0.5138359858805047 2882.666772907776 2501 303466 1 -4.362449079644302 0.3629559607200745 -5.722226280500242 0.4883841652583163 4.469136106768111 -0.4969443482040141 0.9103448518531603 0.5768431868909025 8.62623862402835 -1.650769298914792 -2.486514896265275 216 1031.10391497612 2391 -1 5.684730657375278e-06
 -10.28369939656934 0.1144558896594274 -7389893.935731759 0.8869891919204638 2.204998618092052 0.2646562560157049 -3432.418218991628 1431.769521029279 5192.523311249159 7469.749858454622 101764.7044118293 3057.902338370423 4094 191632 1 -4.16321305394592 -1.918809028340728 5.29460022933722 -1.641579529076099 -0.6790221996422328 0.3241634347740403 8.277876884030558 0.7355662831768317 0.6124117140386391 0.475348707880213 -2.76909861447431 219 653.237368106842 2391 -1 -9.170555036256583e-06
 -9.879394697580377 0.06102786086382217 -203218827989910.2 1.714432995669466 0.1859084026350173 0.3851468772898656 -365.2206035128447 53618.69185989245 6804409.244794602 61503.15082282839 6702213.327680882 2839.076332357805 1697 191649 1 4.674620738717476 0.8190854951903388 9.75997752023485 -1.137794941142181 -3.623215577325846 0.3282372064063082 3.035678840171481 -1.634294815534559 -4.646558473177842 0.4054524047734968 -2.178107149959634 222 657.602000951767 2391 -1 2.181089592720715e-05
 -10.14152964853009 0.07453717385096377 -7710264233.088501 1.710760291428127 0.07226351183951088 0.1483073828965373 -855721.2858181926 6652.60968986668 110310.3640807486 1.319243623968027 7.146326007569646 3148.390325265243 2488 191660 1 4.62825702717181 -1.683914872332964 -2.349194850410508 -1.740344459405246 -0 -0.6595132511464703 1.579556475900653 -1.97001439018677 -8.246627766527538 0.1794324088959991 6.935474431422982 225 649.263120174408 2391 -1 -1.313163461255667e-05
 -9.820277549727098 0.2278790369800316 -1897.909336080203 58976.47342045177 119671.4929972632 0.1438481133341683 -1188802.314886326 591.6760555895435 643.9328503688353 0.8691713877483719 -32.43322660299837 3044.311009348144 1734 191650 1 -4.321533768791422 -1.504966218732839 -5.521038198498172 -1.911853415692453 2.103807144137767 0.1202192580381433 -5.196570737847874 -1.446826555524162 1.429469305822039 0.1563317680458005 2.997455003971802 228 652.5161669254303 2391 -1 -9.656154667476603e-06
 -9.821118362265173 0.04771460780890354 -4622475434166178 91455.07795298372 1321331.876835625 0.2000661366218801 -47083.26837085267 78.33174966253071 17.93945488594123 3.692135609157245 1.63784692613995 3072.879776098481 4267 191656 1 -4.688754027178292 0.2028612662275883 -4.284575457551873 -1.100767215040914 -0.6887969698579512 -0.8572232888506441 -0.3349033315514278 -0.8115836785044319 0 -1.900575788289207 9.080677261869061 231 652.0440230369568 2391 -1 -4.769945140653132e-06
 -9.734569091604568 0.08254805908368602 -5397450158.046535 2905.191886143877 1876.204427813341 2.399187800927032 -0.4819640270045178 54.7693334306728 9.656943728712175 0.6384693756781699 120.0122324982578 3102.618844290166 1176 127462 1 4.652287384137979 -1.439838728701805 9.411545134439093 -1.490771727204721 -1.134717076065494 -1.780932691462277 -1.841713095068656 0.1203760646890739 3.55958881067865 0.2295204612407162 3.159289678035788 234 441.5527229309082 2391 -1 1.056688877951651e-06
 -10.02572315431979 0.1080065403826995 -38280047.80254415 458.0912883550764 20.34352101231671 0.0939656607247475 -8287710367.114644 7466.555999294745 161810.3275711727 156.0357445382477 64.18208087121397 3080.953546021266 2735 191641 1 -4.538918679673755 -0.4247700135167642 3.1012348149419 -0.9889424181213675 1.459196599374896 -1.64310526105222 -5.334105409770943 -0.2373346254090354 -9.110166942370466 0.5170159988941396 -7.761585316984371 237 657.7993421554565 2391 -1 5.44419077165288e-07
 -9.514764169586627 0.03770981526017102 -2.446407533162825e+16 1.38325055727964 0.2772501867298957 0.1759888662542205 -44013.3032025627 3706.230873414172 34605.44433124068 0.09444396177659685 1139984036.981486 3109.914095228329 2593 191659 1 -4.167385180713253 -0.02801436485618327 -0.06868888440071697 -1.923712850297074 -6.775631333450259 -1.999734398650347 4.124767028698233 -0.8059267243113437 -1.714699841437687 -1.219780482424618 7.64660702414653 240 648.6872210502625 2391 -1 -3.028959747167463e-05
 -10.33741491982816 0.07433458668082289 -290648568842.8412 6345.932029382049 6275.048994290205 0.4761272911530707 -79.3188109491645 12726.58906836394 336696.3904622684 1.347019703081484 7.996640777230955 2999.890462385748 4036 191645 1 -4.433089539639416 0.1530678070910176 -2.688640554628544 -1.253024444027548 8.674411578353038 -0.6294422920451535 -4.750264489243129 0.108401188642488 -5.154121438347817 0.2713590265391743 -8.266921215858217 243 655.0872728824615 2391 -1 1.216778045952596e-05
 -9.922211741623645 0.05763700632085261 -1.010518261027355e+16 5579.812926196807 2838.540973657364 0.183490877777309 -1150108.403494004 702.8903743298732 1099.304172392066 0.7221086926273834 113.946849045507 3021.010667697785 906 191417 1 4.629345296051321 0.7769419383547782 1.972831449098285 -0.2155692926131882 7.652519587228381 0.53516133596144 -1.184583173275792 -0.5376293166747486 -8.968524901154634 0.0009836045954294402 6.56161276278254 246 653.119078874588 2391 -1 3.336567299853267e-05
 -10.14525370283321 0.04017351890933819 -1.016947295116613e+19 8.287572836141324 0.1040368746697363 1.762732045618101 -0.8821018960457073 504.5603365849539 629.5811884807624 5.678477061543883 1.563504498435018 3026.65702889523 454 191345 1 -4.606237720743284 -0.5297220856958225 7.662647138416357 -0.0424177682235758 6.574912602384501 -1.104217091321543 -8.549819439277325 -0.3196040328639045 -6.057005738561407 -0.3129160403875479 9.580520090799043 249 650.9025311470032 2391 -1 1.794608794165983e-06
 -9.56466889634668 0.05462351206712029 -4.44432669506659e+16 4517.531908263474 1232.406041923636 0.3818635323939989 -752.9509217890543 197.6871443144226 133.4619652525626 1359.841798825787 5771.735511728334 3028.96126255541 3190 191661 1 -4.167769741450789 -1.782447662219706 3.787341270500884 -1.305331464087431 -4.502853924516509 0.4616304583523894 -5.342992093400971 -1.136339189511144 9.563695250965377 -1.068074985158813 6.962926507715385 252 647.8374848365784 2391 -1 3.230525744106683e-05
 -10.15963552904446 0.05541244841702466 -50895473172042.48 0.05299795933391384 -1992626954409623 0.1229053157384131 -41621101.54342852 49364.78462161332 5333363.455215982 2495.934249985508 11573.50459198694 3339.031501766187 2011 191659 1 4.568873967729393 -0.7147208485631129 6.53422264686361 0.952131925807655 -5.491099852678193 -1.587643144331882 6.741948165077962 -0.8339648029535445 -0.1342995761747803 -1.137063608645149 2.422797305941662 255 655.075443983078 2391 -1 -3.914029019778704e-06
 -10.03629205326468 0.09874600924684077 -270006647.1200166 0.4503525102756241 19.89380620293847 0.1064071864010866 -658965010.5949376 15.673993214323 2.119220778267744 313.0168015617165 278.8958076102473 2995.517740054385 2507 191642 1 4.578848636357986 0.06202318327169372 -5.203111987450197 0.5687131440040472 -6.058604541134191 -0.417299662706304 -3.954811855682586 -1.388822364544827 -4.207053513437597 0.7501614776468511 -8.026793348871976 258 655.2564198970795 2391 -1 2.400028052130512e-06
 -9.286631446464387 0.06847561265020967 -1248888961150.652 36488.63280449248 69505.18926781658 0.3534802668884042 -691.6862124355222 10488.63093546821 233665.286230374 4.306820634082855 0.4471558370709602 3071.667565126731 3080 191656 1 -4.665964397633416 -0.3154922731771421 0.1708227269747571 -1.805718722464197 -2.376319866608712 -1.842912895377835 0 -0.8454429537809407 -4.908851968247079 0.1927784118094449 -6.680509628242596 261 648.0229680538177 2391 -1 1.11396900775087e-05
 -9.988799681771651 0.1635951209012267 -77163.63138297033 758.095492488064 32.69800878239889 0.2213563175054244 -26950.15975787521 25129.29338266069 1655631.832921831 10.13353378719325 1.323505817698449 2930.249379029664 2348 127724 1 -3.478486473208801 -1.025650299682932 -3.986167461289754 -1.636333856424056 -9.438171855103521 -1.671779791905277 9.562445450346189 -1.869981343061743 -3.703175709408657 0.613632304976381 0 264 438.875372171402 2391 -1 -9.014472829732142e-07
 -9.706181103613389 0.07252115327740685 -14382585942.03584 678.1911395612642 30.12987160789631 0.2319801884525109 -8047.998582445087 7792.122800003079 175772.4251646139 1.00277789972877 9.760585911149127 3235.882543676302 3396 191645 1 -4.632221775206359 -1.38745005945016 -4.086916281225483 -0.06817214649982617 8.061964849797489 -0.4912800523010308 4.782354803182455 0.07922816064066307 -0 -0.4425554097500939 7.594027830184823 267 657.5087850093842 2391 -1 -1.351700762516131e-05
 -10.28595945892193 0.09483565612530276 -4630308715.026334 0.04452195465809772 -9.809586678864436e+20 0.06581813064362864 -1874858185920149 22365.44125036376 1201572.123104886 0.04859190663169614 2.653886457550085e+20 3188.163188245815 1597 191640 2 4.141792163516794 -1.477564131937647 4.70812799354737 -0.292369623851803 5.641729078238988 -0.821772714830292 -8.493444274710887 -1.492632050803673 -8.207417230878793 -1.256715007217727 -7.629470542165867 270 657.7460889816284 2391 -1 2.410483525290026e-05
 -10.75671488199199 0.0876083873009636 -44627498.96460863 0.1218162705886332 1207279.05347316 0.05578788421042687 -36905217088781.4 133.459016670902 43.48985894996126 1045.920090090976 787.954687602494 2970.778456076743 319 174421 1 -4.654109367444256 -1.574459814763334 -4.712674746578871 -1.0816461254033 -1.574629655028304 -1.008756521455022 0.7074140822004722 -0.0006207801869910999 -5.367404343538842 0.4852445960194136 -6.18799340215831 273 595.2025811672211 2391 -1 -3.081426731949599e-05
 -9.25817407094142 0.06946773224494024 -414959823500.5427 327.445634940353 17.04093080176482 0.1434678128894003 -3910275.755174258 213.773371762134 127.3772805874553 1.278700438703378 7.146682930050259 2907.154962136909 488 127769 1 4.412016263621528 -0.01851842913738015 -2.864767935782525 -1.519673619385539 2.272017872388746 -1.054863952636701 2.993677784188867 -0.4888378634610913 -7.312422553812539 -0.3348070347189696 -4.895153172230171 276 436.6717598438263 2391 -1 3.637932838909504e-06
 -9.332613728087399 0.1224751795779283 -3019061.190831057 41526.88951983708 129097.9118660168 0.09147145990763834 -4994673756.187142 161.97133242678 81.39828362000971 38192.06256366605 -1028774.660383432 3007.339662877976 1542 191541 1 -4.617850465634412 0.2187515763326475 -0 -1.707810789744441 8.565497230917861 -1.948678058521438 9.821612315811192 -1.387264958591875 -9.700889083968491 -1.758396521181608 -9.704948928208502 279 657.2342631816864 2391 -1 -4.127543223919492e-06
 -9.975626301700494 0.08495389088795073 -468222439.523939 62525.44554256126 730141.1440985344 0.07950224230815137 -29143319338.18417 216.2921328429181 125.9473952787831 37337.69718220543 2735146.057020891 3031.118608531732 4424 191662 1 -2.346255338667078 -0.4027179681737518 8.143798998532981 -0.9362316874612775 3.063911745938539 0.8933432134433854 -7.565435526592937 -0.7088519840504244 -4.285817049205952 -1.12274287768934 -9.52515386015957 282 656.6341388225555 2391 -1 -1.577225737345115e-05
 -10.4889212107251 0.1037180856700402 -22978939.05987009 0.2592742857485927 -569.4578854611411 0.05121229668447688 -3.810365812188663e+16 469.6506826141493 533.2369529080559 33405.59212717014 1896349.187709421 3109.576005147715 2938 191662 1 4.642362422254643 -1.844315440172041 0.002601929849975093 -0.7304430304032525 -0.1143763615630071 0.1266482604964523 0.05792221563256028 -0.603511750038308 -4.798378036171025 0.5154606085125257 -9.646252240433773 285 653.8020339012146 2391 -1 -7.901576155754367e-06
 -10.08917457519147 0.09186434673719246 -3261861072.608105 1055.321544383246 206.1403570083938 0.7467525203762958 -8.667552628424222 5678.530918681294 104455.1894081267 708.3530842000691 1061.536321117034 3001.602471267729 555 191524 1 -4.327951764980481 -0.978030304989943 -6.087662492833294 -1.144837718327941 -4.452042673784455 -0.4483032125025019 -9.781081699705469 0.2293561794019712 -0 0.7108367409537094 9.98506739645803 288 655.3025939464569 2391 -1 1.505458744977053e-05
 -10.57616769698314 0.09790094611625115 -4177088735.595851 0.2482080383010581 -4623.00526687309 0.3326168079342319 -1164.410073988977 80907.93770777372 12843645.84732767 0.04843447091553506 9.836961827934946e+20 3123.854968056196 2616 191657 2 4.584061992567352 -0.03335051402776749 9.465405929816628 -0.1845335965172757 -0.2429402569716248 -0.3873694564859695 -7.274900531801524 -0.8959266658144678 -0 0.1397633398578843 7.940964540424156 291 652.9661910533905 2391 -1 3.115860308893778e-05
 -0.2343747434189092 328.7603626035033 53.59140893009319 0.03940294033488706 4.586642010280552e+19 0.1053936884298918 -164285772.8157296 29264.38783796212 1842790.057401168 0.18613217289353 80058.243227087 3313.897074101445 822 175648 1 -4.473644582061129 0.8185155794031544 0 -1.469835437074127 3.820160093116983 -1.276180923903501 -8.555590189542093 -0.2545069101735393 0 0.2169564245945396 -6.201341154758151 294 602.3421099185944 2391 -1 -1.615522060125601e-05
 -9.395075201474024 0.1127909506981827 -17856462.39381197 562.8010209693638 44.45494989841305 0.1355479459175356 -8628501.345912566 3573.966225876295 26528.84688970243 0.1697642124617774 -2281471.549166753 3080.803025269189 977 127376 1 -3.698630219599772 -1.916867892255708 5.270427832363342 -1.791653520393375 -1.512743919898296 -0.4752137844843372 7.031003804509172 -0.0556520644737786 -1.621140569300954 -0.7221768885089945 3.80650308953958 297 437.7770218849182 2391 -1 4.99202059322825e-06
 -10.07406426526083 0.126006304360288 -8613188.065598298 6791.747704046455 10815.33319103364 1.527213383178737 -1.613818449213463 3385.239189804501 24315.87499454296 0.08291519171428351 1659363448825.613 3042.63583888284 3199 191663 1 4.161682180571361 -0.3133975070297624 -3.160700331155081 0.9812267983802556 -4.449164107642849 0.7478547286150752 4.868589911177808 -1.121547599049832 2.141980330545285 -0.8640514158830763 9.82221388843608 300 653.0391058921814 2391 -1 1.445654752059815e-05
 -9.655603332464784 0.04168182746274283 -2.275364757484546e+18 2.522270346865128 0.1843911038565459 0.07356064523034547 -2264473831140.94 15434.20521252522 602639.928164308 1.164225472457193 19.55075535027662 3123.120937767896 4654 191663 1 -4.488330236126389 -0.9349693086869184 -1.675327225129898 0.5535469019621231 3.02914640718022 0.8994454357632495 0 0.7092623696010478 4.535225349568915 0.03801282100999395 4.933912029379123 303 656.9635820388794 2391 -1 3.665496958807665e-06
 -8.936903060853444 0.05323276759832946 -39515246235021.45 341.3244940337898 6.412534610278952 0.1701589975299327 -107718.8500025889 8220.435769893164 168162.8940747868 0.03944040681265924 9.996829355291941e+20 3084.768797475113 4388 191660 2 -4.487350869005311 -1.883214594528057 -3.450613159243924 0.5719254670938367 8.078551903228632 0.526596366300294 -4.086858867481915 -1.01751160116569 4.07747129706669 -0.856057655730865 2.700714353911623 306 652.0146641731262 2391 -1 -9.764146823384183e-06
 -9.745661652392345 0.06926694823139731 -1304890856390.801 0.08048729949184394 253196784608.1898 0.0525337516786485 -3.491555283204017e+17 7669.481314346288 125913.0548619438 0.06271550630816945 5572901370608621 3108.948509782157 4859 191655 1 -4.147102824657735 -1.389146006201298 3.293243408470691 -0.865360526871191 -6.407988876978455 -1.055957913948018 0 -1.712024784416245 5.938354171494511 -1.65380181283729 6.34738832346704 309 649.2584118843079 2391 -1 1.148611531311163e-05
 -9.81785140324925 0.06023472604402064 -2006434562752.005 35693.18934153832 112998.8127023009 0.1682057062476881 -272324.968762178 85.90324896383737 26.48106989944311 40.26010322479026 8.201279949462348 3139.338491315179 9687 207632 1 4.601399800316969 -1.516661188197268 -1.586994898213034 -0.2119037239214983 2.336979187877482 -1.877397772794412 -5.015058732173972 -0.8799080182848611 9.572561132073458 -0.4435721454526638 -1.790855412677112 312 710.3868958950043 2391 -1 -7.997947395533402e-06
 -10.55692536429113 0.1155392907343382 -60265219.65018015 0.06044636194884466 750588320497406.9 1.428325238093559 -0.8858542279436351 11031.11341858024 285846.2016318227 1.309790933651464 13.06236415542866 2993.706592985812 3013 191615 1 4.601010328342417 -1.621273120160322 5.930175457221583 0.508321019390598 -6.340904376326624 -1.872080632912519 -6.173526465800084 -0.5497180096658996 -0.7373170291194917 -0.8394706491527373 2.001780162754951 315 655.6446402072906 2391 -1 1.614791794570165e-05
 -10.47826094490424 0.08888575094395715 -3646226037.224807 32061.55699936516 155317.8414491495 0.09706277217155904 -10032438057.5863 268.712319997699 155.0454096604896 0.3511936424286988 -1961.802407757947 2984.210673812133 4644 191623 1 -4.610713081210263 0.8598264051208302 -3.66212912911182 -1.244754910901236 9.434454438582147 -1.996245990442246 0 -0.3906354676214114 -9.974036657266112 -0.4335111060920021 -8.89583306248357 318 655.4163360595703 2391 -1 1.070302176982666e-05
 -9.27149246940467 0.05394391704340787 -225263193900914.9 21567.63489136983 53502.08474439511 0.2067154747469672 -26725.13632258477 14787.50728343093 545059.6443223938 0.6376001430033208 49.95971986527653 2994.925608194946 1538 191651 1 4.648707558430862 0.3416102725185666 1.480306863141297 -0.3542855921913049 -9.611763276682519 0.3028936456866909 1.425641519741318 0.04197207469121438 5.127688180686805 -0.6252273350141699 0.04477743526050615 321 656.5598149299622 2391 -1 -1.276510333752898e-07
 -9.960780852205522 0.09274750780262245 -42177767.37702155 1.586348812078122 0.2645012967023028 0.05239731571412715 -662269516444487.6 16.72106342133497 1.935232579280126 1.77798133991475 6.316202077280193 3091.449913639625 3831 303462 1 4.472568345894642 -0.4467005676206091 -0 0.1176599645276322 5.830057598205928 -1.676873570321765 -9.538093099247542 -0.2923236769842728 5.829873717147729 -0.4645555991083974 -9.120654340882309 324 1028.855161190033 2391 -1 -2.200733933055815e-05
 -10.19962029072218 0.05356253505840625 -71661530901401.22 2.252342592213934 0.1918415264016644 0.1333478755278728 -5985660.432539269 879.7720696499438 1732.070431244549 15204.25415402641 610612.5882084966 3035.891791249013 2642 191662 1 4.562413576147936 -0.6120222494185327 3.924847454854884 0.1449122898068213 -6.933430090353509 -1.347972022108233 0 0.2662297387494567 4.405484691985889 -1.396636902961769 -4.652303301143374 327 656.6155660152435 2391 -1 -8.164337846334913e-06
 -10.6575748709681 0.06790566919762592 -14990974445.07877 0.05498034216906524 49820476836081.26 0.3257688061817279 -575.8538475510856 18225.76514864999 807098.433474717 1.225832195433826 13.06692177149081 3193.871264204082 5463 127770 1 4.507625970811263 0.7391685928735162 -9.39446092527302 -1.984073882607396 -8.78657018939356 -0.3674213441379033 -9.136155551369473 -1.052111283383493 -2.879129785859229 -0.8589340683049862 -7.275301672336811 330 441.6367671489716 2391 -1 -2.193209087869927e-05
 -9.126985993623638 0.06867089964147755 -184663803213.3341 1022.68119714341 85.11127791911764 0.3017330642191487 -504.2188854170766 5449.729950248532 67532.56393874828 24970.95460493418 515407.0395051123 2960.154266363381 1357 191644 1 4.302381868444997 -1.865680711195081 -0 0.1576305178494896 2.99810890988118 -0.7717266902146848 4.999001953795879 -0.9699887636067022 -8.147645732519283 0.2899893875660151 -2.598488096424795 333 653.0180959701538 2391 -1 -4.48718301462093e-06
 -9.937121808785573 0.0865893002213349 -12257735031.14158 2185.319093315953 -215.2843570581398 0.06738684002767981 -166636611562050.8 98.58379919980649 28.06938235201103 748.685360277765 697.3327196658485 3239.437488645514 1740 191661 1 -4.585309277104201 -1.006953976005263 1.531548214560607 -0.6581503247556704 5.925620430656879 -1.4700273791891 -9.075367121245831 -1.240679792129821 -0.5852861723036176 -1.940711392375834 0 336 655.6935439109802 2391 -1 1.431964389641475e-05
 -10.34799938492217 0.1031581241001239 -86149930.87068124 810.7435721777863 52.1755924201895 0.1955115565792904 -96319.50559379015 64257.74039694189 9404083.437466698 0.09574684992267948 22722618153.92641 2967.010505464149 3196 191617 1 -2.69677765572669 -0.6642999377327712 5.678143002912947 -1.245002739422771 2.727721791710084 0.4706192176267665 -4.61525357956593 -1.027608715573026 -8.90934459292353 0.2820965901335794 -1.694033661269655 339 654.9780929088593 2391 -1 2.811637642130922e-06
 -10.358150675858 0.1059715331724716 -28000175.31197633 1.658249026245435 0.2473114129644075 0.3090871540010623 -963.9795299240971 42965.34077562622 4333946.550828301 267.9941352958858 125.472457632893 3050.536776776109 659 127735 1 4.627793467727007 -1.069812704431538 -6.095627823328277 0.838675358590852 9.733437219590014 0.7944251647506837 -6.272394623548244 -1.485479672325753 0.5984204437387826 -0.3553119117926506 4.873699509779694 342 442.670560836792 2391 -1 -5.08209516109187e-06
 -9.914001105764497 0.09588874236987729 -277683875.089503 6.518181896745715 0.04839558857517021 0.05023136337517033 -3.792224557744117e+17 264.8382258982712 200.079912448584 387.1774036965274 -123.2688230824497 3206.715040317093 1190 191615 1 -2.237424936983533 -1.128664756246494 4.589170055021114 0.4774261340841788 -9.385247408056948 0.7881875479951859 0 -0.9228232652974473 -0 -1.177584356709226 -9.722262629824352 345 652.7944140434265 2391 -1 1.100400711402116e-06
 -10.07980862539246 0.03817155065393459 -4.640054986072769e+17 43057.24649984884 361582.7868838308 0.08184350041151751 -15006603849.57174 155.7289393486202 67.08634670444263 892.2442418957949 2300.813411265505 3252.097406901528 873 191663 1 -4.678684891623647 0.2293378271464594 9.270286998920891 0.3642950903145348 -2.056320695205279 0.5075432928497374 0 0.6229931213940464 -8.129219033102604 -0.01960254746879997 1.070356560567299 348 656.3308980464935 2391 -1 -1.585609843233669e-05
 -2.696726916753883 247.2042991074566 23.75659185319135 5.319541407332439 0.05141213341725451 0.09566231078105701 -1555337253.327542 12114.92473385034 325818.8883946299 1.260691017300595 12.21593172842613 3221.957137811024 2811 127774 1 4.322307741546932 0.7592875284411575 -0.7132766558494792 0.2560852398802433 1.472911442276202 -1.474679446496159 -3.62747864382072 -1.383254178860947 -2.702520108624062 -0.6282411925955831 -2.781185955063108 351 441.3371388912201 2391 -1 -7.553684407939503e-06
 -9.454965513867835 0.07128314174382912 -107327485968.6407 0.1523196600039147 907225.7797282758 0.07789517509779617 -346224548467.388 113.9757087031163 37.42734256055988 37104.07694449784 2322685.830387947 3204.979545215888 3932 191658 1 4.614315714112983 -1.970442904141275 -5.506786658923682 -0.1927445231485994 -8.958003320225814 -0.2214739211162948 -5.899928413365229 -1.563859259651361 3.997078042888866 -0.1479062139192546 5.34948739353494 354 654.7617349624634 2391 -1 -1.185880964212693e-06
 -9.465628172768934 0.04140650818564827 -1.130167564554212e+18 13.45383055306018 0.05236123964318139 0.1064595917685736 -338356102.6759607 336.1220102538113 327.9844970218321 1.766463688141436 3.947509992720217 2919.01528571157 427 191528 1 -4.359663535530679 -0.9495531827719983 -2.422777478763964 -0.9699979747157581 -5.941900218143619 -0.0290742561910875 -6.901051657136478 -0.6631244435460761 -6.353039676676501 -1.437988421440428 -1.758408033760758 357 653.2159881591797 2391 -1 -2.294816876243811e-06
 -10.53823163514215 0.09409562457757675 -792547263.8203709 0.1310650141694264 -4103114.786767659 0.08130309109305528 -368307603997.3493 18363.37365027384 754709.0233441883 1.192213822400685 11.36875379971451 3078.468636813051 2981 191647 1 4.581930259209098 -1.063371104375666 -5.523238250106315 -0.4471325008826534 6.671263045990501 -0.8287410973692326 5.783920195013898 -1.305688421029872 5.790029243738124 0.9097713052096417 1.647441542904927 360 651.6656858921051 2391 -1 6.154504039640517e-06
 -9.481009793520002 0.09518764163305966 -1247111568.30777 7241.224751128579 3148.336877829437 0.2524838826672441 -10822.61543439704 902.0478316348807 2131.908406341153 0.04372859343297805 -9.990516252144945e+20 3151.947673362983 5049 191648 2 -3.594183319849861 -0.6197593538863027 -0 -1.025977532779104 9.536896418602783 0.2683026451503485 1.986667127587426 -0.5248486718918297 -4.540360494543452 -0.06016733876095783 0 363 649.2212500572205 2391 -1 1.148686727432664e-05
 -9.588081678080265 0.07516810647877332 -80880924890.27249 62760.42338003559 706283.1199401418 0.0828344281457129 -257403744180.5607 3374.044627316066 28014.10235071015 510.6424104601597 431.4243146172718 3183.280373286073 546 190268 1 -4.660685995760868 -1.58109317658373 9.807196670708763 -0.03590235761490224 1.679571695893372 -0.2670297534473161 4.670468311853766 -1.668227848284557 0 0.02897296598339147 -6.867951324977215 366 650.0106308460236 2391 -1 7.35850945706726e-06
 -9.602176938532814 0.07249947328447337 -37536081111.04385 75356.9348901229 343914.4126655168 0.4449521499689538 -123.8297131675508 684.2491385051472 1077.338263408723 0.9181923726712707 36.20138402554759 3106.566738564185 138 191464 1 -4.675329693763743 -0.7865101084699049 5.522608081803034 0.6040176382248368 5.184030420012915 0.4890118463853472 8.337838660317651 -1.944190512910492 -5.008950576214471 -0.4035888278122393 -0.9547081198825476 369 659.070573091507 2391 -1 -4.7802759855741e-06
 -10.23009258026457 0.103258738716053 -10735799.71496155 1280.280048212092 358.5916882942976 0.5236081012796469 -31.97400220375252 7.2215551780341 1.379455493823298 26762.84788524578 1026092.736921161 3161.160918910514 502 191417 1 -4.618973236992704 -0.5743268556211447 0.3585612671953866 -0.5122492780366548 8.060725111424103 0.7893634103923786 0.1982193926441882 0.229633769551024 4.336093740088889 0.01992519584405714 0.6839539245412647 372 653.0087909698486 2391 -1 -2.110688816892786e-05
 -9.770199364159659 0.08639350141870672 -220192260.7218438 0.1391659751107173 -149849.9427885904 0.1250868114325659 -4947090.824269711 280.5224572939256 198.573421228377 75973.69697999151 10812398.56276786 2991.197047424683 9930 207636 1 4.372559334968144 -1.225459126528109 1.372767210888132 0.9897503807699586 -6.396333130390963 0.4508947819142661 -0 -1.40589250924624 -5.552195748626372 0.0490989750288069 -7.797921946236139 375 705.721953868866 2391 -1 -1.833084068092986e-05
 -10.04147197129914 0.0485854992466092 -1718998455135789 0.05981726547193455 117231556130457.5 0.07683801315662145 -301007543083.3737 2180.075081627646 11406.02380586647 586.7136819688376 400.1180912403775 2990.337687974162 2194 191618 1 -4.169627553883126 -0.76783101159893 -3.278809699277272 0.2767327025081494 4.539356109434074 -0.2845990618763326 8.444683770069766 -1.343530436312376 0 -0.05035649710906134 4.233453312717804 378 654.5830061435699 2391 -1 -4.985916838967606e-06
 -0.08122075666578452 2814.564429436445 4000.031270376801 0.3548903228782233 -7.120661402411012 0.07809715327324097 -36642534236.77661 6203.032771211172 95553.25803368737 1.731437461415116 4.87030468031515 2988.284781856662 2845 207634 1 4.258078731144272 -1.144260360270906 1.936247467837325 0.05870342790664247 -2.584604224880995 -1.471745297504205 7.284150707354097 -0.6502315105308671 6.315922608021743 -1.418521474189072 -4.949949083065431 381 710.0797472000122 2391 -1 -1.932717024136148e-05
 -10.21758757594232 0.08797757238039473 -612950623.051348 12546.08420892931 -4390.063047741558 0.12997729566848 -8754056.74544118 23.04581770200616 3.093962433331649 2.703336920184514 3.40865639235869 3063.916397988234 1148 127702 1 -3.203755561081599 -0.2187968018068336 -8.582196960416596 0.1287020787178993 3.546851943555941 -0.5245938383969122 9.787598384115146 0.5956143247783414 -3.570535944555226 -1.22201666481828 4.370849725258085 384 437.8596489429474 2391 -1 -8.684379892270916e-06
 -9.959448645715105 0.09473896963279987 -703476771.7823533 5356.875140099975 1766.849863582518 0.3265705948556643 -961.2046447802568 1726.847148297794 7178.41524575647 0.05689731272277215 2.921673233746428e+16 3127.121545485325 2323 191626 1 3.475471050284078 -0.8368961201898841 7.08298870193247 -1.905314776469786 -5.777810071945345 -1.322135598712686 7.323107793382647 0.6872549707084152 -1.94073299404208 -1.370588723545096 -4.132260252662321 387 652.4107620716095 2391 -1 5.92035467031842e-06
 -9.680432209879308 0.1065236588472539 -20351061.80323288 4618.138379771758 1551.140286238609 0.05525475700171389 -1699699347022541 13929.12461897976 411590.3509232099 10586.55106792239 114488.8048573734 3109.570020688174 2728 127769 1 4.336962473766816 0.5962063409948755 2.600767326805043 0.09341965868636262 9.819193989268882 -0.05361845711837708 -0 -1.790605144326759 8.138578129007298 -1.448836597191231 7.312171510968238 390 438.2918810844421 2391 -1 -6.618090514547132e-06
 -9.282846064709162 0.100162401354398 -88890770.23581389 9.055489176429981 0.1018357143382888 0.4269486858287606 -128.3571536869984 1186.255924542175 3876.181686258959 417.8812642395671 660.9807966839096 3092.90925574502 6576 191655 1 -4.602412236537798 0.4837006825900021 2.588213248535155 -1.799048283214497 -0 0.9605300899007481 7.122284133473631 -0.5185240397284145 -3.26047352188452 -1.046096119175933 8.770910710879967 393 652.5375988483429 2391 -1 3.170195168389713e-06
 -9.871378153398052 0.08309528973088699 -623919220.614408 5.392200389684866 0.06562170735360826 0.1900862820198561 -57600.70187102064 19627.62678934176 1090680.88166881 89545.36174007397 23200301.66954472 3124.784694453686 4326 191661 1 -4.173031206236939 -1.195404790788912 5.307194125770209 -0.02404440961903912 9.058572403008279 -0.2374376674425385 0 -1.546654206741049 0 -1.453094741384025 -4.145503678439033 396 657.4204850196838 2391 -1 -1.408274387629249e-05
 -10.61272186288829 0.1476189125711784 -294376.989070365 27331.78498853045 45552.33860834652 0.1569110039675644 -985216.0712170762 135.3077198815763 45.96458624702306 0.03987244317422131 -9.967873626004218e+20 2903.751177022182 1359 191333 2 -4.410132456314492 -0.5467297594448626 8.38444616976569 -0.9505736383278149 0 -1.509186186563069 -1.304525787357611 0.2910306584867608 -4.829566980071599 0.9704484936268738 1.159874245122669 399 648.5264940261841 2391 -1 -2.380776670030883e-06
 -9.428178949550638 0.1394025309609374 -545894.4554276404 1803.363256801975 500.1229745128641 0.1130563580621582 -215976850.7921164 4437.423738308618 46277.96933983443 3.459024546392116 1.230869268263355 3133.575419177056 313 191432 1 -4.505303357854839 0.8254501470108582 9.174744581044919 -1.026689798473447 5.144903500961114 0.5244173041830287 -8.773316003430974 0.5610124534873648 0.1682402969000871 -1.700347368328974 1.894506581945326 402 654.6765160560608 2391 -1 3.039103540622307e-06
 -9.608514466793206 0.06260553856096276 -5774262115800.862 4.108348999734578 -0.02137989595070356 0.1790309712526036 -266558.179784281 228.3149281997823 149.5637688085443 0.08303484011567944 534112351853.772 3090.914677984318 4852 191663 1 -4.301426762927952 0.6742545597546243 9.979822271411944 -1.216109509092177 -0 0.04678399003630492 -3.494541014848827 -1.312440701266397 -7.284606920409789 0.4587842772711186 7.884570360582574 405 650.653284072876 2391 -1 4.086716732365492e-06
 -10.70320343134407 0.171256245555842 -46153.37601686425 75295.55124401007 504216.0576309281 0.06011555060025561 -257866010824462.5 2368.229274684501 15136.87258889335 1.652366089584966 12.74487078879116 2977.612035317608 1410 191664 1 -4.517822791993678 -1.249143206506617 -5.699347882197877 0.9216457827566442 0 0.01321479089867411 8.339816441543878 -0.549402094392086 1.189382790039939 -1.804608987309305 -6.149312286669653 408 656.3852260112762 2391 -1 -5.437534251571894e-06
 -9.864529806904649 0.1021761210971669 -145278908.4550555 11.11651432045903 0.07095656397042316 0.1395777447866493 -7181218.879599377 45.41700093133942 8.408923322859367 0.0441531254551787 6.398696476143877e+20 3041.890726449652 3890 191664 1 4.324777428273097 0.9581060231655951 -7.012294940166138 0.4865810888849911 -4.766584053683348 -1.637307963815395 0 -0.566588760099255 -0.6069535798698618 -1.508589161532679 0 411 649.7758939266205 2391 -1 5.840398200452202e-06
 -10.90837930031283 0.1974206542911538 -21023.97954183703 0.05209656923322043 -1.356210828663443e+17 0.07699812076414228 -1952457584368.03 352.0462933135316 265.2023076391047 85.01929722150172 14.97335926509023 3089.025222852708 1423 191661 1 -4.420577755915426 -0.241379414416457 1.644496494860585 -0.5889315953935359 -9.489667699220693 -1.047599832257005 -7.955663094020121 -0.4911476870506384 -1.160965296260814 -1.354035453680727 -9.010689654877977 414 656.1091029644012 2391 -1 1.087995511480932e-05
 -0.1730220481362474 23154.57231079253 264775.8417642697 11765.82935399998 14819.24075492329 0.0573272903135864 -302238995740921.2 1192.20713731065 3165.807002096562 1.119139381475895 13.3405498513786 3241.326942314183 670 191472 1 4.599465318895882 0.5272158599509082 4.347405686739965 0.4382693435271187 5.549854428907237 -0.6054321864401357 -1.617110114384932 -0.9382495917417861 -9.632456682126943 -1.096023756510027 -0.6727001052204846 417 652.8745481967926 2391 -1 -1.185276980194777e-05
 -9.505530492719529 0.073209711922452 -85940900388.00777 777.2397798123682 52.64562123090945 0.465838644183382 -57.38814370582739 181.7428164071533 78.76078002363695 45.84191873704558 6.99492753793972 3123.765686518107 6388 191657 1 4.393732590457851 -1.421370566800303 1.005875196161944 -0.4520361229414958 -5.332573326667452 0.7918842352686681 -5.87752817068218 -0.7104013634864659 1.724382174464938 0.9366357667300855 -5.644944044515949 420 649.3022410869598 2391 -1 -1.958412641685767e-07
 -9.928852986259631 0.04230504647545959 -5.134059566912967e+16 1.856410416540957 0.349933279564558 0.4729585934378636 -43.2887440988064 238.3999151041569 133.9652074294445 120.7945687900141 5.195670163159334 3028.416109373458 2649 191662 1 -4.350673538458658 -0.796613443567443 -0 -1.484491938413361 -8.525965387440721 0.1695333805499661 -8.37789021127255 -0.5320507901466716 0.4369801871460526 -0.8698899165519389 1.625333275417966 423 655.1021339893341 2391 -1 -1.130963774685576e-05
 -9.638913259706861 0.09377738167877314 -366325673.5387791 164.2730299335461 3.224999518686344 0.1418721754607348 -3596189.710840553 7124.852177683553 142817.1338395133 0.3603830477629074 3265.009891114892 3171.423344367355 2345 191637 1 -4.420772885895166 0.2838436690083598 0 -0.6200525433998028 -5.173805163279816 -1.655959421171309 -6.994959041489866 -0.3691111124053013 2.991240496758129 0.08983044505231637 -3.645670337578607 426 651.5695760250092 2391 -1 -2.225732305379185e-06
 -10.54898311417648 0.1269461965471771 -9651094.887953423 0.9252350280566863 0.820740651548044 0.1140212708891963 -505488557.5176294 42162.56542599517 4028765.108690863 531.2511627248232 392.7713030269554 3052.327897948911 1488 191633 1 -4.667983181059382 -0.5011174873158772 -6.837882027285229 -1.131537967061909 -6.163343903979986 0.05587214292024753 -4.165609379196521 -1.217276023307235 4.825345363626671 0.6480352916481369 -9.987558822493718 429 651.3177819252014 2391 -1 1.380607342105773e-05
 -9.53633052969184 0.1138211387297442 -9271985.219432378 43.7392041363053 0.1905354101655916 0.3487204720092149 -442.3891855947857 39.62733152485537 6.61571759857574 0.7818967557385553 83.34769962899679 2935.065964030007 1584 191634 1 -3.891011635081493 -1.664129837253313 3.440104686407478 0.2314200683088532 7.306861965115777 0.5400560150743732 -6.5424413309762 -1.980974543960052 -7.321619607628234 0.0475005375486881 -0 432 649.1031198501587 2391 -1 -3.865080017004687e-06
 -9.418689381005041 0.07860219893631033 -8999972925.876062 3496.526980409747 1121.742283813645 0.2132638178982514 -37384.22021628622 86069.23875494864 18516435.54960922 1.19164001688915 23.03437328214929 3023.800756984148 2620 191661 1 -3.572478161139584 -0.9896427513248973 0 -0.4922717897547084 9.707481358379777 -1.97651688923316 -1.191886565874109 -1.541880970414956 5.710551533146345 -0.1561768417210062 -9.173074543092927 435 650.4374010562897 2391 -1 -2.90836231953556e-06
 -9.958578898375542 0.08509024823990625 -16978981884.67494 978.7803282208999 73.58894986015646 0.3513981883049196 -634.2787592774359 712.2498482144516 1145.497669506311 1.10760391867388 21.67630885481076 2919.07040616478 365 127712 1 4.211068992876372 -0.4233425980401436 -5.945231335391992 0.0679097956380685 -6.341688027450653 0.4694368591146665 -9.269467123891099 0.3188483441275247 -6.555957066923082 0.7114906683339077 8.889472811914704 438 438.3616800308228 2391 -1 1.882215022508763e-05
 -9.343739974074957 0.05149958178491284 -1.921531204711996e+16 0.09883937436154197 -2986162032.691225 0.08303469419792586 -777192307902.7854 13806.39060307376 501810.5172280569 10565.94956738147 135873.1514367128 3090.901448820362 4604 191645 1 -4.422426632053013 -1.547292937013833 4.634171228017196 -0.5132544417207896 -9.636283085485053 -0.2720287203976567 9.08363558132527 -1.456955685736455 3.796620359626492 0.9360847206607401 8.219771728933191 441 658.2267680168152 2391 -1 1.572638310430887e-05
 -9.544117910776832 0.07654595115206458 -21813119726.25818 1170.282590343654 115.0749791194714 0.08654027288484784 -43651324177.03719 20846.39024629412 1200402.787364563 1.908162661877541 6.788879250149769 3079.502526212717 4967 191655 1 4.640137254644277 -0.3875867620338163 -3.37996970043028 -1.16600170101596 -7.715088142659617 -0.1783132014932969 5.751289155201458 -1.062819132552685 -8.527511527487942 -0.7572230430029041 8.891278862609726 444 653.3730230331421 2391 -1 -4.440307253225138e-07
 -9.978625681928419 0.07618172602941536 -29949758099.65003 2.308336361535312 0.2089583271487246 0.2244470872984158 -23814.00486430291 15719.25732260881 594698.6829914012 4.228404416023768 1.719682205310211 2836.595513029584 3553 191612 1 3.89461448875121 -0.6704827156144688 4.056008856554693 0.1442825713372216 -5.477763055950496 -1.35235392037822 -0 -0.7389748956653772 2.554052242065619 -0.5430627325377504 6.6943591430519 447 649.5077209472656 2391 -1 5.489452132898317e-06
 -10.25701092429085 0.08263106416893679 -14735394211.59991 3.154754850764869 0.1044056903670351 0.4346417100010641 -182.2398948203799 78.85575338890591 17.31089241963081 0.1251309072218511 -238848913.3233237 2927.686848798273 1593 127696 1 4.562076980899413 0.6025958362067656 -4.387392758810356 -1.877023099672718 9.004701507972646 -0.7638663421623315 7.56519370786029 -1.19019344165729 -6.432712832041748 -0.131281278825222 -3.010933730524821 450 440.1151130199432 2391 -1 8.639286030620818e-06
 -10.70080787634443 0.1058347822700971 -30248484.28062682 26111.16267745142 35666.42478671273 0.387922634445617 -211.0179946682655 199.5766532053777 106.5677359224222 0.08209369695154786 176195443177.8166 3171.6175826365 1381 191503 1 -4.688319723627526 -1.105079309226816 -2.901297194047211 -0.1916605069274473 -9.120659397115517 -0.5088341315863261 8.534690425840076 -0.1634584222157898 2.409006369436491 -1.283970022940332 9.472110495076478 453 651.2185590267181 2391 -1 -7.907726369566269e-06
 -9.921034614659458 0.09086315384706378 -4387411142.031234 0.640558130235801 -2.360543889804397 0.1168799688403735 -503958921.3745818 259.8651083703469 146.7976058245998 376.5499452733455 258.7112963213478 3063.179878321137 5235 191649 1 4.607318833941258 0.3766361966708489 -8.827777277681085 -1.303453268870114 -1.476946982444276 -1.278569639940365 -3.999176402037 -1.501553924760951 8.1069282248856 -1.723789328817226 -1.837211400296588 456 652.8703770637512 2391 -1 1.546389307083425e-05
 -9.62101848926272 0.08435835494053365 -15704956011.06729 616.5484429248736 23.80963894686269 0.1228148240000388 -203275103.6993662 44795.00312422615 5586580.014518638 1.659501484034531 6.87317836651248 2974.202368342258 4139 191664 1 -4.293501390936543 0.9011480627099746 0.3222833567418277 -1.445040448285321 0.6823585451504002 -0.4013256187835159 4.513970786350393 -1.513982285247789 9.347534843903139 -1.829685525923906 -4.185866854793643 459 653.83700299263 2391 -1 1.717645783825412e-05
 -10.19517699686719 0.09030487274096034 -786784001.3816463 17753.33867635775 28247.51512247295 0.05149066084579012 -6.14819763114097e+16 304.9204209882142 209.378843567561 7816.402191444174 87090.14145797335 3052.939880295154 3237 191606 1 -4.625836044128357 0.3567570817518626 3.759862822500962 -1.03286812849597 1.393237687090704 0.6619463603126592 2.018715528244431 -0.2339509813990777 6.190508894906007 -1.858238436358084 3.997921222857764 462 658.4197659492493 2391 -1 -4.050550996617222e-06
 -9.660273433862328 0.07056818131388651 -32610504272.65523 6223.957668948227 6552.125721746854 1.290382872639716 -1.190923291774095 16.10565120172293 1.736435663769701 1.276191793777029 12.2018852434175 3026.509177741586 3763 127774 1 3.892223436991206 -0.1675289198264132 -4.371682031360317 0.6701815944612664 0.725629718157474 -0.4659315635140482 -7.542624012001994 0.9443826437927604 1.514058125403253 0.3584228151359796 -0.5765617873269147 465 438.0484111309052 2391 -1 -1.207294639783226e-05
 -10.24492842976504 0.1110437270609033 -109065366.310498 0.09666768420772703 -7339760842.741213 0.07379490188838851 -17497199698528.94 6317.569709073829 100416.7256258703 0.6679809459308036 164.758673105472 2990.598407042584 1360 191659 1 3.954143800392784 -1.181903591503293 -3.735389812129345 0.7683778997227471 -2.133267038927901 0.7457821842224144 2.069413495800388 0.3189849362970807 1.770365028288005 -0.2606588259515742 -3.112450710148185 468 652.2920680046082 2391 -1 1.889224498666391e-05
 -9.744397093032715 0.07370398486634237 -822317226.7736202 5.31356001430359 0.07647300750241007 0.08611073706578448 -1465731265.878199 7036.363209464079 148919.5498377794 2.370409593648909 3.231659438150508 3057.95061032523 1434 191427 1 4.604104197850852 -0.5642948494281717 9.603802340399721 -1.414452031972142 2.487005783867571 -0.1061688379618344 0 -1.828250934152424 -7.518514056668234 -0.9604137379187838 3.365600360958033 471 655.7935559749603 2391 -1 -2.832116226112976e-05
 -10.0314975463734 0.1763957392876365 -102552.1075311827 864.3102499250663 111.5872067822569 0.2512189030158186 -9521.976774028923 6725.957045474231 122323.7120798427 4833.731946908669 27047.25688971615 3075.786267351931 405 191570 1 -4.202797617834478 0.5775283240377052 4.383928510171223 0.05660314729291026 -8.436251089461084 -0.7136914488229857 7.884436303270892 -0.4347941104450923 0.06726106429836509 -0.809683103124379 9.654795676402337 474 660.142422914505 2391 -1 1.614246400967309e-05
 -9.709535006636676 0.156270713473413 -200014.8433359058 3827.756489747741 6569.020153840775 8.231027817983746 -0.2643934852494325 1357.44226058477 5726.17179276661 545.1497775686382 730.1308173720929 3114.085648494298 324 191500 1 4.57099710255547 -0.9682242317814032 8.393248413451852 -0.1045631786223744 0 0.9075613635036865 -0.8210128504180032 0.139677798372893 5.269835501797608 -0.7354141651307078 5.196716271193272 477 653.206356048584 2391 -1 9.927969848532242e-07
 -10.27795718185303 0.09133946218727153 -7882184.683893333 55.67873688296673 1.199026957230334 1.299855957465644 -1.551443017233669 29.77028397810529 3.790708473491355 2.336176532664853 3.2472368494001 3039.132706280884 1613 191657 1 -4.58844666362516 -0.6377269945253081 -4.651557210662336 0.01766873816646346 -9.042151095735873 -1.330052768036719 -5.601093967593457 -0.3398748261530269 4.664297739646628 -0.8501654409274195 -4.685061926999546 480 653.7083539962769 2391 -1 -3.666302957567288e-05
 -9.637286825664358 0.04410226772415402 -3.407944487143641e+16 316.0945922351117 18.13212578425558 0.3754020207321959 -333.7011571489844 41933.78023627846 4242283.103425681 1.558593311466963 6.314876110606437 2999.187480828716 4144 191664 1 -4.572927095345879 0.8687391950817203 9.351883703225642 0.3542255420618332 -4.889343018243409 -1.885517773336928 -6.086476119435249 0.6454474739673994 3.368676758456618 0.5585319148722871 -0.20902846632544 483 653.398943901062 2391 -1 -6.162968518847539e-06
 -9.50593542957718 0.0458157279546823 -4008690039054898 0.407220141605798 40.67397488027854 0.05605062089579566 -996474444673182.2 135.9162924061835 54.8476605941286 2.178815894844033 4.586973621959947 3140.867529736489 2048 191648 1 -4.685847407120959 0.7318366049987306 4.171219098824142 0.3599525194044304 -3.364418021111369 -1.305239223565581 -0.07107737648308721 -1.145118321084154 -3.682755039963051 -1.497185197185186 6.115082269860171 486 652.5309019088745 2391 -1 -1.118587480606544e-05
 -9.206913589527927 0.04906494844543727 -1.133985919180539e+16 118.9923313311083 3.145552082254596 0.0652517579645073 -70464697373093.8 76931.00647220739 15383232.75265387 1.355256644951498 14.12476215549655 3053.564945938802 1784 191649 1 -4.500438129102196 -1.989241478581449 -0.9408123649999798 -1.818368982553496 6.759244871172143 0.5718883627029463 0 -1.432816038711533 7.243317890445033 -1.993134300199058 -8.767429035989725 489 650.1447939872742 2391 -1 4.145111375505028e-06
 -9.649768075502998 0.2342116728284993 -5710.860192141437 0.1763644135526199 271939.9850075657 0.1011734497689587 -14910467492.72777 1506.486632496403 6127.676210225612 15699.31583721704 764213.7959937884 3104.138206993493 1618 127737 1 4.665721581606884 -0.749974917506072 -0.4904526503244275 -0.4783375515594122 -0.5208047356723946 -0.05225215437294756 -3.27017937532159 0.2601901314328247 9.899612812845325 -1.959992790901402 4.816231570807695 492 439.6054630279541 2391 -1 2.710821624131741e-05
 -10.15180970437304 0.0638051289231501 -1575898412889.536 29996.09927067753 76261.97848003024 0.2917716257217228 -1691.810506182856 53121.71591064848 5022074.540862837 1277.298173374482 -2061.654309348708 3140.731001892578 1475 191600 1 4.519909753629006 0.9832552643373447 7.184138226658709 0.9192467547700907 5.093127642473888 0.9930225696551913 -5.826432755366225 -0.4438417955367431 6.641471420102272 -1.466884625037499 -9.073322060416917 495 656.3894510269165 2391 -1 -2.389837229530021e-06
 -9.960298314759884 0.07700847817764127 -200584378794.0651 0.1290610707506084 17275754.41422929 0.3574142631309519 -349.5572907463485 65116.90191253822 8673126.308618432 0.04480318157656694 9.973214440629836e+20 2936.639668122019 3904 191660 2 -4.551637089472504 -0.5913175539264 -1.320917377444652 -1.143668890064887 -8.555507392101886 -1.103558554119946 -6.740335570614354 -0.1918204199054028 -0 -0.9890393631741574 9.08183638076096 498 655.6960279941559 2391 -1 1.704000220602285e-05
 -9.987014225739618 0.0956321187216962 -215766270.1989953 5081.810808719529 1081.091108154181 0.2464427320614781 -7534.20842133325 156.1588762364273 55.66745250120514 0.9559490541442005 12.71257888852969 3321.787598334437 2035 191660 1 4.314000898948048 -0.2027181206696546 1.8673639192679 -1.299388961958035 6.219567083299046 0.8591304421272596 8.475210003908634 0.12357140612683 -1.876110747682833 0.9930829465356927 0 501 650.5816979408264 2391 -1 -6.241932091951815e-07
 -9.86549304735367 0.105485982823285 -53895516.89510144 0.1630979424290142 59619.8579482369 0.4224923295113866 -152.5725149247362 7472.489655415032 135444.1251208417 3.385907347250855 2.353431763470387 3304.829967310578 2003 191632 1 -4.68989154450291 0.9498281594240598 -9.580732430354981 0.5033672155955279 5.588936391421744 0.8932125949878529 8.961623397445807 -1.965066670296284 3.151440035852604 -0.2667560596858945 -7.50682814357825 504 653.6737868785858 2391 -1 -7.884683304890412e-09
 -9.809023264001281 0.0863823163558832 -299030987.6485043 3.372129505533069 0.07054168040651124 0.05035902983306299 -6746951113398670 2609.261086308599 13906.63361188241 0.06329800613483567 -7497770813394.182 3070.667564035204 1943 191643 1 -4.678420295469581 -0.5996782360428758 0.915592343808922 -1.822416556907249 4.813190252703034 0.1736771705302189 1.644161413910795 0.9571599526293846 -0 0.5253872972190949 -9.386530783207405 507 649.8343229293823 2391 -1 -1.758331611436722e-05
 -9.956336183188286 0.09310117994668118 -583868088.9404678 1.72357099173158 0.3117022019412363 0.1241684926777293 -33912964.32835715 28238.15939242912 2012216.272226247 195.5707634942766 75.91545878397407 3171.272717080303 1892 191572 1 3.343727334229721 -0.01335266320862875 -9.174806276100982 -1.727794482611205 -0.3817466982540498 -0.9318578098394257 -1.134432461418523 -0.1288367281065348 3.583796991524669 -0.5861018272198812 2.679509528766843 510 654.686194896698 2391 -1 5.335373144200159e-07
 -9.808403288696375 0.1102613281866793 -6439768.684695312 4852.957585753948 10799.44635060877 53364.67759355468 -1501730.743384517 14776.9392561766 564137.5030616201 8.281345689620096 1.017236579582665 3039.267699732079 4099 191650 1 -4.417143805227604 -0.9588878104924268 -3.292960288195315 -0.9008412690587004 7.935815633680621 -1.050825507409385 -1.268015267283562 -1.611668987207213 0.2338689469298147 -0.850470729999695 0 513 653.1190910339355 2391 -1 -1.197534765286793e-05
 -10.37659518551955 0.06215789305135475 -109216624807670.6 17719.05713432486 36054.68833561577 0.1575408335314371 -6827300.522757551 7751.627377892163 144132.8659289057 18353.03204500692 448085.1905879483 3060.084250191448 3338 191631 1 -4.166784755340831 -1.254920616302282 -7.428314379384677 -1.496134925509155 0 0.6700562238345302 5.253014523397169 0.8995980045854819 -6.293656795177807 -1.879627507922162 7.77855798237119 516 658.0737819671631 2391 -1 2.142576434325038e-05
 -9.737165839905872 0.05983174352023667 -2295278364364.953 2.627982835077141 0.1505307099161157 0.09056227874246713 -3932652449.654412 123.7295163854232 34.10346840222122 0.1609255131758348 -1231318.099080235 3096.8817387214 3935 191639 1 4.41664288487892 -0.1710056070264976 9.747285824419752 -1.870923616207019 -8.302679036263259 -1.446987032802522 4.729468438679899 -1.833253355088379 3.887501572731751 -1.530178539996033 -2.140245841537092 519 654.2002630233765 2391 -1 -9.585275156268437e-06
 -8.51311904467287 0.05238839756520414 -1792840356207503 926.3473300796154 57.28598601898227 0.155274730821926 -720143.6138492776 1362.899889099049 4737.407976843644 0.7480928787808346 89.89555615411889 2941.763683498926 4153 191660 1 -3.78871394429509 -1.705688282728866 3.753434041485943 0.1597855088356384 -2.859998903642667 -0.7398930463631235 -5.154093314963771 0.4289173206587567 -0.5665232054553031 -0.2188095288666681 9.76727948884486 522 653.1918330192566 2391 -1 7.325008415858892e-06
 -10.44478470542232 0.1439321134084119 -761744.1701856763 0.06840801359848785 6889106739080.865 0.2291470465353371 -16596.94507259962 17617.47647252863 707264.8219494921 0.04238591846221955 -9.979582423983721e+20 3064.505152907797 1203 191662 2 -4.445494959117313 -1.098268196742584 8.402966154150519 -1.041341174723392 3.708510275588733 -1.940341827011072 3.746681691330422 -1.407923211627343 8.522703109003071 -0.4659455444679903 3.451615429432347 525 652.1872239112854 2391 -1 4.684128933201146e-06
 -9.966273937910662 0.05389388646206671 -403865894808773.3 0.3777885997877067 -27.32086161101682 0.3569538499530718 -440.7177309007218 560.1251636747444 883.8520085188979 47.36897485781879 7.476865284950034 3075.30118577953 1359 191525 1 3.867926711928242 -1.909216682516456 -5.224395142541857 -0.8219672481216627 4.75659068685849 0.3615636508056914 -6.855514108303785 0.2333015937804247 -0 0.8677532367814424 8.442475597074846 528 655.0658800601959 2391 -1 3.802829932121636e-06
 -9.669179915405438 0.04221169387957138 -2.246335586316835e+18 1608.993570135842 334.6194944695957 1.248485937521997 -2.689904789355604 47542.37943464729 5256648.705102514 1.292997355226527 5.326626968497392 3223.774380801091 3884 191656 1 -4.419623939024406 0.341411748690915 4.448308559626266 -0.4333771942613893 9.640281211763 -0.3854783698939919 0.7081287275295742 -1.715918175247879 -3.265249834476834 0.3895134856535311 -1.623366403590264 531 651.5052511692047 2391 -1 3.454359451758657e-06
 -10.289059228309 0.08997611734315224 -2908266853.28336 180.5250615721317 3.647637262650731 0.2183359374386843 -31666.28947927033 80281.2857234134 15162704.47307482 322.1490523485621 -157.0250920346941 3171.988048291294 2738 191664 1 4.218414436480141 0.8825920479212797 -6.29388305953635 -1.370007687986478 0 -0.5186821881084827 5.014544782416548 -1.034873342896844 -0.185877754030574 0.3525359958179775 4.822769028860452 534 657.2511661052704 2391 -1 9.948511126072209e-06
 -9.623356573530488 0.1447864781114244 -352193.0641698182 61356.46564584762 342418.5860888359 0.05251078754652311 -6.821887493316262e+16 4097.594813489548 50397.89041236229 185.1508076188352 126.1536337276404 2963.348953379238 889 191609 1 -4.406128432366017 -0.9154132079683999 -4.598728054182266 -1.588102954543487 5.253439281013915 -0.2331459776187934 0 0.7440020233351801 5.784013641446839 -0.7217064240970076 1.592100091628605 537 660.9484508037567 2391 -1 3.243201761879502e-07
 -9.938016451198488 0.07191949265363626 -11568671070.04346 18021.89363309693 21308.01970889352 0.06599654595761907 -4167144014676.248 46474.87189873403 5667961.278290196 1.346707980255593 9.615410777706419 3081.991058697187 2416 127750 1 -3.403555504341961 0.4104268481315553 9.927948383809216 0.9857169773482991 -6.522343873414178 -1.49198973490631 7.088460173439996 -0.2752300926352768 -7.871008216751513 -0.0827377267873093 5.500586087319158 540 439.5142168998718 2391 -1 -1.480613611659731e-05
 -0.1521245814877854 1230.222139693253 781.0051064502766 71138.82117988671 440503.0030393436 0.1622452039960723 -691416.9949127401 3876.26164097672 40099.97536075684 1.161512495019011 14.58195248124468 3017.899987028116 1302 127726 1 -4.003580312795219 -1.512423533563187 1.294886087198484 -1.691294722181159 4.697338586962383 -1.624545580657188 2.579919633568299 -1.500259593317491 2.92666516787776 0.9435359799383227 9.376962809320826 543 444.6999359130859 2391 -1 -5.0901482686556e-06
 -10.78030703970626 0.1010747132288839 -317687110.2255279 0.06412250534532159 -50609957592196.55 0.3683359579831096 -584.3619133271985 142.9598897564917 59.51924555615142 4145.269181996836 22512.56406310493 3022.022135750887 2581 191658 1 -4.672207115293736 -0.4405048756873455 -8.923835139888549 -0.9393762050095216 2.375919263466428 -0.09275539174019623 -9.127924159275409 0.252016322014676 -0 -0.7575745789338253 2.11645694559006 546 654.1410148143768 2391 -1 1.197994021558608e-05
 -9.982942521512228 0.06825673099280299 -2014672220495.111 5.293954854108095 0.06852919765398557 0.1923254794833253 -252406.9904029083 4941.772824908082 58702.64425758107 0.09037041635762773 258093869561.3128 3049.097235869633 1175 127771 1 -4.543112220828277 -1.124228195664642 6.811083747862039 -1.454758139715656 0 -0.7576347300703521 -0 0.1248116094176765 -1.458271914843525 -0.9021082415746804 5.758507194815238 549 440.0915930271149 2391 -1 1.425071954173944e-05
 -9.436968235448063 0.1128057204116912 -18890038.98625508 189.1169911109653 3.851543771251971 0.4056059938082572 -197.8890504187562 3920.719087333417 36688.89440718316 1.42014821075477 5.098966270130571 3064.015338623589 2904 191623 1 -4.681403038492694 -0.05624981182722522 6.076253146750926 -0.6937732828168954 2.19416728140164 -1.747626086731462 -8.98294182983064 -0.7029783842230506 -3.987371547893209 -1.315391591755304 -0 552 655.773845911026 2391 -1 6.254224625439068e-06
 -9.816655248782149 0.04543816517677399 -6.991275545242838e+17 2292.421389843743 377.0162726979899 0.2870157231328253 -4236.353635950031 8516.611051951058 177625.8590450753 1.793818112166655 2.532937071605279 3084.600086174645 879 191550 1 -3.860919104287404 -1.789687915139986 -0.09145621194144926 -1.246603737967019 5.09794699691273 0.5492773280336971 -4.443308751360558 -0.0641123349224646 0.8478952824541537 -0.7637906023794017 -0.2909325874297388 555 612.4026420116425 2391 -1 1.21063312229207e-05
 -10.125042742977 0.09505529187417622 -238424050.5360449 753.0639180895215 58.90365123892957 0.06761502174162257 -11788328386821.07 119.8546494485397 41.1593397414485 729.6904651819165 2024.372139385676 3197.884405448764 2449 191657 1 -4.151236711682185 -1.929867855112962 -1.492874838285398 -0.1126076959000138 -4.893990863769851 0.3727000991185339 -5.209218497365277 -0.4352384297011636 -2.860569372570029 -0.2058775836002296 1.879670134409603 558 593.9433541297913 2391 -1 -3.874367297700703e-06
 -10.0764238139021 0.07998239267564315 -135048765593.1744 0.2162016275191698 -21132.56502027608 0.1110173456560123 -1716868108.06705 10870.85177453795 306593.2755526369 1320.13463393176 4132.764850479274 3114.406397407201 2067 191638 1 4.676482294407691 0.8801522716587105 9.11208683465567 -1.135288363964745 -3.259868208664834 0.6944872548752965 1.943605057995764 0.8766339280398285 0.2466423402198736 -0.2413646423137764 -9.297784767003433 561 592.5130298137665 2391 -1 1.986708329643048e-05


# name: injParameters
# type: matrix
# rows: 1
# columns: 11
 2.01 0.03999999999999999 2 1 1 0 0 0 0 0 0


