# Created by Octave 3.8.2, Mon May 25 18:47:07 2015 PDT <charlie@dicke>
# name: outString
# type: sq_string
# elements: 1
# length: 114
Slope	Lambda	Gravity	Lambda	MagneticField	Lambda	MagneticField^2	Lambda	AttractorTemp	Lambda	AttractorTempGradient
# name: op
# type: matrix
# rows: 188
# columns: 31
 -2.964220215189926 0.08032372288929079 -2397639066.553144 1.379844481109451 0.7154134505122847 0.06372496608573855 -53979387597662.95 7272.316467255706 120814.8679242106 2.177779700419597 4.244671326124497 3168.856206606921 4286 191656 1 4.445242916479779 -0.9598096129524488 0 -0.6428972748213049 -5.984852004103638 -0.5890738528519952 1.774412174656599 -0.2494630700013332 4.478565457929131 0.9946769025414346 4.489590309591291 2 973.4489929676056 2391 1 -4.229600869262083e-06
 -3.485689546535932 0.1650842987927405 -201208.5906361779 5281.159843749478 -889.2181446242284 0.2585432637380618 -9910.154198374195 15649.49511828731 638771.5386741218 86132.99509771877 16730066.87017852 3150.231474716591 1937 127765 1 -3.543812638262835 -1.258922353549471 1.543179398500306 0.01149269077523262 6.444906166376662 0.3027306662383351 -3.900659834075023 -1.765018292230851 -6.947836184147365 -0.5832526031734826 -9.619000079607099 5 546.6215531826019 2391 1 2.357502891394547e-05
 -3.17570851412008 0.2889294796817992 -134.0764136426282 1.719354467832487 0.1029788779157207 0.04253613453603929 -1.927686079495868e+19 1563.606609752124 5446.157183666212 2733.855388997814 7976.430503419248 2765.853536792208 536 191578 1 3.994258500831604 -0.2528154809119912 6.003354098781347 -0.8246927130233423 -5.410569694293331 0.9945234757835218 -9.211921010263618 -1.866405555238248 3.544359413693967 -1.656587418377198 -9.548651525551575 8 812.5488381385803 2391 1 -9.759679641457294e-06
 -3.402983591825845 0.6573783027343911 -1.568588139521488 1257.408912650684 74.06826522634057 0.163791556641079 -165587.4292835117 129.2338642871348 42.34472510200711 0.03847191205055842 3.296435153692293e+20 3110.25837577782 2638 127765 1 4.350866439797675 -1.724916547656001 0.1019751696988225 -0.002526489124943679 -3.385338395807861 -0.3836158246808701 -5.638900307570028 -1.282484106431456 3.671695163965094 0.2113553724433536 -9.661191491714611 11 541.4610419273376 2391 1 -1.760468081169682e-05
 -0.2271376792926414 951.7735474902945 141.7582200788431 9.316732802555588 0.08693578466710181 0.09204852112976775 -113179337642.3752 3340.363270331872 26778.34651631296 0.2540223290666963 77213.78251774664 3088.040786472102 710 191552 1 -4.222318443385559 0.9960565086861854 -9.919410271991584 -1.931878627906091 2.223095854609892 -1.14554545028273 -0 -1.673493523289141 -1.289785857500239 -0.2634351144444658 7.745848323052703 14 810.9306030273438 2391 1 2.251702167604394e-05
 -3.778681598741476 0.04502053655714128 -98968810456226.3 0.3315520674968147 66.05398597049887 0.1514669165766632 -243129.307672637 12386.66362497796 289311.3008270517 1.83217660681885 4.499370733516529 2982.449282989083 1920 191627 1 -4.686966687227468 0.866930753287062 -4.798946150461329 -1.563588967197892 8.383897114426549 -1.186876948838242 -8.37328644337593 -1.270740417697953 4.376686546885504 -1.437819613299212 -6.372167101869114 17 809.9649031162262 2391 1 -3.035906335717078e-05
 -7.638065221465502 8.192918963614137 -0.1270702077267681 4.079407182190717 0.04813636558639396 0.2765663645338861 -2255.841502224705 160.1418238147545 75.10150125801236 122.8088717019439 64.71316520408652 3044.25991610537 1623 191596 1 4.591385592333072 0.2417066911781851 5.208977660789364 0.8537358871277062 0 -0.1226812882708917 3.188440455560103 -1.014101812775246 -9.414473310360458 0.4878262501727479 -6.864377668558078 20 644.9126148223877 2391 1 -8.737092060786216e-06
 -3.004544737729974 0.1505060726364597 -68017.07101682581 36075.89672657759 167382.7571522225 0.3613507919854425 -176.9573814693432 3683.050472685661 35410.69255196591 16926.88220934877 708212.8526896936 2917.250230476059 1545 127771 1 4.464319145592866 -0.38793008823406 -8.830637173314988 -0.5833583313913957 -1.051420664154785 -1.134524565497366 -0 -1.520355272469347 -9.334283013656458 -1.574850263592826 -0 23 429.5023770332336 2391 1 -1.142036029552962e-05
 -4.198525817214775 1.094758005042305 -0.502709216260412 4327.62279770825 4030.148237916167 1.106102563530312 -3.011083936237404 23415.61714025097 1147571.88830936 2.274148007074417 2.707077467873427 2900.529238223408 640 127600 1 4.281063987742113 -0.3491378968825476 6.437931558752005 -0.1133021431370906 2.251482965986638 -1.461762894152587 2.607156728589749 -1.006322874479225 -0 -1.010829180375286 2.407477065888413 26 435.0257520675659 2391 1 5.083818086282658e-08
 -3.183338932391153 0.3543081465838657 -94.36137542263801 1114.874938787259 147.4603424469637 0.3119435556275422 -1065.336218002679 142.5435130196702 58.72637163182732 95.43467261850449 25.31341863050747 3075.13732385493 4383 127762 1 -4.548611320032012 -1.751913669619689 -4.764803547654494 -0.04181707941681976 -9.119778478191007 -0.9251080917105474 9.573549273326543 0.5521629523343887 4.552029062892113 0.695646085753352 -8.973360212749947 29 432.9572539329529 2391 1 1.339356018373275e-05
 -3.228843524129213 0.1623286190227236 -232324.0215507318 0.2336846052203239 -7397.307936680802 0.09057341015720018 -188442859344.1931 422.0624497493243 482.2238288755483 40732.02960043757 1437522.52911512 3108.032899600009 1360 127746 1 4.264774476923225 -0.1796589411007403 5.251064153133362 -1.658393662151379 0.3398659435246936 0.1233127057608563 -6.543588276323189 -0.7893727707811342 0.9626565336542932 -0.06939863703325422 -1.858883993877659 32 425.3756680488586 2391 1 2.573992501342045e-05
 -3.450308182718595 0.03835255020265556 -9.012171368396158e+20 95.93901614821549 1.992481176050201 0.7033180655522925 -13.42314280950205 399.3766445309946 439.7030818326833 2.525006432659268 3.904131396628908 3051.256874579418 1358 191591 1 -4.17785998312312 -0.5345233501765759 3.888599068317579 0.1903361223180129 9.077531683365807 -0.2890961810608408 -2.624508142139805 0.223263293688555 4.403359020584166 -0.3924856562185894 9.869283371215234 35 648.4057450294495 2391 1 1.440801049739759e-05
 -3.150525621042609 0.06416827270152191 -14542185662045.67 1.323353662024719 0.8830894982114409 0.04954659157310251 -9.99604913191262e+18 50279.7076672575 5397436.699887852 446.0240833672418 167.4077480966024 3115.592628410023 5052 127769 1 3.669521396841715 -1.856822781749639 -6.952412310437483 0.6220440574367583 6.216475132600365 0.3778854188040475 -2.971506104117559 -0.9248063910265625 0 -0.3839152941402029 -0 38 431.5590300559998 2391 1 1.524926258729678e-05
 -3.434530850532024 0.2340610264286731 -1660.563177702688 0.1272649052931843 8272988.69018486 0.04109890313885692 -9.998313922264518e+20 7333.370437392753 86801.21395962751 0.1116824050025835 1030541801.136663 3150.537908177444 923 127644 2 -4.182762486998368 0.6558374648792942 2.70557680150368 -1.236721994170319 -8.297003045562555 -1.276186442696035 7.807373579920068 -1.343436090400735 -9.053921766536437 0.9616149454667466 0.0004820091003732152 41 431.9984710216522 2391 1 5.440896783643439e-07
 -8.317359961204067 7.155907574498203 -0.1683332931638412 3.172525006692704 0.03615832578401906 0.05710988599266966 -1.612052566608535e+17 4863.131243592963 41199.82690284153 0.05614352399229815 -6.756032535708069e+17 2946.099727836065 2099 191656 1 -4.69695521286435 -0.1198667460109864 8.71241474088392 -1.378687352603246 -6.048637539372106 0.1534791247111755 0.5237262763243704 0.1016075424522307 -5.842562529275375 -0.3963514481410808 -5.776283909305492 44 636.5801429748535 2391 1 2.426392055127524e-05
 -12.38132946154045 8.608346385739219 -0.296311485261881 3583.106640428705 1175.65247523969 0.195893836579881 -77644.01375766758 33919.3108476454 2671826.967835796 0.04902889045787499 1.035964040417939e+19 3004.443637135769 3934 191659 1 -3.640168773028327 -1.591196982809012 -2.659999832516852 0.8437625144057717 6.269002047785144 -0.6856744288189649 4.059236167423396 0.4124571586085555 0 -0.5924034797991133 -0.5317532671432175 47 642.4285061359406 2391 1 5.786185725603995e-06
 -2.392408965700129 0.04206867954825905 -2.156058085184665e+17 5.926150665908605 0.05823529502525551 0.4246571869329451 -70.95766293563447 25722.96119847405 1484411.933004861 0.04248934534044775 -3.922196484892953e+19 2935.457097137989 769 127713 1 4.647993084088418 -0.584682617301354 6.050390394402489 -1.909107838521492 -6.401685475926359 0.4954819789346269 -6.85523942177212 0.2808407892645404 6.050860420691398 0.7218894685457036 6.579934049119422 50 430.3705499172211 2391 1 -5.760446442460324e-06
 -3.216756851976985 0.2869788152451344 -119.3358659193835 264.0864284442854 6.956092572255879 0.03629712162223623 -9.312863523779673e+20 54449.84415286317 5952943.834375175 0.3644966902195446 1505.788835969659 3146.156135960548 151 167400 2 4.36279299065504 0.4218496536063383 9.280279942242089 -1.993803305163929 8.301367168064454 -1.144511843279263 5.146969149507027 -1.805444138360589 -8.045362047097127 -1.769000900435362 -6.815560880249414 53 590.9991860389709 2391 1 -1.16585712539199e-05
 -3.193823967181642 0.1086736840778084 -16867525.30450334 130.4741489630875 2.036937927634279 0.4633297913107761 -124.2055809220082 1051.552210541256 2484.023584661911 115.6708389870007 22.45499141067406 2946.751896648823 440 191569 1 -3.741630909529917 -1.106361822379818 9.039998933266622 -1.913527197719288 -1.34251655264561 0.3497070397486425 -2.970057256605602 0.7871452856594594 2.255010144173129 -0.9634532346667353 -4.917295838176522 56 643.916041135788 2391 1 2.951804847595081e-06
 -3.384020797097096 0.1033225187818995 -106390383.0056851 30719.71066983913 156651.8974481678 2.499040427888386 -0.4603220707084553 8.245861109733115 1.332104490930066 100.6078066426117 14.62001956322655 2935.419711908788 5186 127768 1 -4.648478028316442 0.4356423553036927 3.251008856162867 -1.169114733141909 8.670566988370433 -1.781591607016584 -8.601495913364793 -1.503584050433969 -6.723960977024867 -0.1117647700916278 5.977091205852718 59 431.9234540462494 2391 1 5.785956412822587e-06
 -3.848678082415458 0.09529637015605261 -1180270610.059029 15430.89109871883 34413.59105325097 0.06658680564237551 -192039709949954.3 100.5937704283662 27.84351995352076 0.9589090426946919 44.9080958026137 3065.265864339203 2962 127747 1 -4.675015431334111 0.2379684995554277 7.215911135867728 -1.259933729129512 -6.872514284429645 -1.177432800222982 -1.705594424303968 -0.6702532409822108 8.568798379667591 -1.043250230941477 0 62 434.9702911376953 2391 1 1.679728088645831e-05
 -2.919259811209687 0.11925352241651 -24122291.96713616 526.0680382319745 20.66081278208455 0.2087303952613131 -79835.67542297364 41508.37495794728 3603452.850281983 1865.20120959175 5416.058992766231 3068.121621360211 3654 191664 1 4.675040442947502 -1.991424932688704 6.421488615793419 -1.294918592057046 -9.145865818780042 -0.4766561711844403 5.371580995643739 0.8325728495923119 4.298380763143045 0.04945564747480669 -8.399224529194461 65 650.4910528659821 2391 1 1.894807439835354e-05
 -2.897811345610525 0.08865432175427453 -25399836983.11428 4471.050996697281 3187.223139913216 0.1288035403191609 -341168357.1982545 26568.46888505313 1567255.903516982 0.5764444588735153 299.4026539566241 3027.861938499959 4293 191657 1 -4.463309899692602 0.5548267058621987 0 0.8710543633988039 -3.110942376470351 -0.6404073922189433 0.5829837790422316 -1.965787379694618 -4.950848363911635 -0.2070019709063705 2.354918386411446 68 642.9318680763245 2391 1 3.43604088131218e-05
 -3.890709954345549 0.04659987676679346 -4724168819513164 0.258912907902406 -397.7693728159374 0.2553053582890359 -3339.880479553224 16223.71770014379 365833.4420099625 0.04022242314803846 9.96171817378864e+20 3108.850176918175 3622 127730 2 3.743751480770431 -1.0922081513359 -4.078654965761277 -0.9795402763523322 -5.00664389806643 -0.376364457685348 -5.706910041282672 0.1764671675483864 -6.549345934920602 -1.882521647623283 -9.972134076484851 71 434.8516778945923 2391 1 -3.766048296335793e-06
 -3.065606712570449 0.06835915782934535 -2847223838554.906 0.2210052129335067 6280.981657660761 0.1555235680477426 -2649721.482638517 73229.54674842919 11965429.83419613 5778.27635867125 -24135.78680093391 3013.217709653993 4690 191658 1 4.642458462957407 -1.493667042866356 -1.019920752589761 0.6776811451038789 6.258962473752467 0.6288619387257737 -1.837235158404518 0.7686212391636644 -0 -0.1679726124783416 -9.772711834044511 74 648.405524969101 2391 1 1.562643683144244e-05
 -3.129143114583217 0.1985016394985536 -7692.683008493749 2.586047697905089 0.2175595966143641 0.04133626381797121 -7.224228502752647e+20 712.4831596653551 1455.278791943537 1.772774019059489 9.300345968865731 2970.126014674872 424 126819 1 -4.135856428666281 0.1129235917754059 4.714914011663669 -1.240723959700139 -4.739985011842091 -1.326366077806277 9.247362189974181 -1.67543402414994 5.115134740699209 -1.640855858023246 -3.628102004399539 77 432.9722130298615 2391 1 -2.312025628078595e-07
 -3.735029196972905 0.4376030066041358 -9.065573328204477 592.3014483881543 30.78507515360995 0.27141199565768 -843.5016714906654 36314.03062891417 4042086.422344797 3837.728545806928 47266.24579297248 2852.925737427505 380 190417 1 -4.477625245113743 -0.05922901886919436 -9.71353256408022 0.000289941114309141 2.827956455345222 0.9439888566505266 5.642286044716365 -0.473680071571513 -5.976640439356171 0.9611752531217785 5.80149094490788 80 646.8761959075928 2391 1 -2.390399809510185e-05
 -3.639807602506378 0.2727067535150375 -464.4287276288411 1.534529562820482 0.3083460527033804 0.3522969088737921 -431.475015406311 47959.25962284851 4532962.401946665 0.04334006796572154 -9.991995293457916e+20 3143.716242016009 903 127498 2 -2.156656949769424 0.05450644912514816 6.30852825963073 -0.36284832728645 -1.607906056166365 0.1632124614892833 -2.110213640098252 0.0531168776902575 -1.175698024553212 -0.2043290533188032 9.062933395805597 83 432.1408400535583 2391 1 1.014471331012924e-05
 -2.831736495919707 0.08010143927598898 -48921040780.36314 15165.49169839028 7078.260009796749 0.2040689079927432 -113003.7488926778 23211.90414035051 1399702.508654331 4021.114661682973 19591.33617307204 3011.429833230499 2951 191641 1 -3.955395469326247 0.752803572326016 0 -1.006837098892672 -1.062865661077948 -1.693547280234704 4.511445026763461 -1.858261301997142 -0 -0.04593417765577981 9.377103531767673 86 651.7443809509277 2391 1 1.708612890961506e-05
 -3.629096404153018 0.04788019492362456 -2.258224231711408e+16 2.043590070460655 0.1696556813143075 0.3847489757774002 -238.2615380398405 304.3175590097158 193.1241066735538 1.290483872271212 13.9325249028734 3002.555908618137 13192 303460 1 -4.632549231581003 0.6652305404751333 -9.662445163245494 -0.7385057952203962 -1.728105737325447 -1.683182504876535 0.1378837745137647 -0.09092329566362702 -1.812615301839864 0.3653153263083619 3.238211979755802 89 1019.563810110092 2391 1 6.48782636553613e-06
 -3.64310402392735 0.1536031399796856 -149797.767890506 0.3888387482429274 19.53122201301179 0.06325997747501876 -330907822496116.9 56239.5002058959 6297490.782935023 1.2059886913407 17.4112743036984 2875.692591981622 646 127729 1 -4.060673122337299 -0.5723976535630815 -8.481851059475849 0.7139462071113689 -1.633558826005281 -0.5838594769752765 1.077339742952501 0.5086773437038454 -8.660766760678076 0.8182038908988147 -4.396025317517842 92 428.6121590137482 2391 1 5.47194126639592e-06
 -4.149412611764133 0.3165830080466583 -145.9860021467843 3169.066245577029 556.4547702135256 0.1351893816402591 -2131056.368183641 50.23745727876451 11.13511825702348 30.47755472662374 6.334289538574897 3087.713257297355 1654 127041 1 4.394032511374128 -1.468060687549775 5.474677905609122 -0.8521029168721839 -6.384389659861143 -0.2946294770925198 4.64636972118727 -1.801620900501065 -7.848446275406705 -1.038713438277401 -6.195787815266002 95 431.5971150398254 2391 1 -7.51278743345709e-06
 -3.117435329853713 0.06584510649170013 -26120731517179.99 193.4575296279488 3.02341384890808 0.1440514650402143 -16699188.5626873 84.42765439517932 22.79945648202141 36.43471388993077 3.049749724809569 2931.749302301971 2762 127752 1 4.217951486183353 -0.4849674008099898 4.269339987393757 -1.790382043244417 4.203048514055921 -1.503135743044448 3.56727598089398 -0.1252191261665292 -5.705502701824929 0.5384972936567158 -2.283795789677926 98 436.962385892868 2391 1 2.250742929936753e-05
 -11.36664146971005 10.23065120362035 -0.2534470726454084 0.05437011802184098 2313278776724424 0.1205150672022206 -68838841.8425622 4614.561696119907 53343.07430278043 1.786099800566121 10.00630303719823 3018.599126700283 2220 191664 1 4.202146300869913 -1.216809810708864 6.049677049573209 0.2505040787495791 6.381043220936573 0.9250440453570077 7.298924982843566 0.7690061730141884 -3.65879925613423 -1.709152798910848 5.02980722409401 101 647.5849521160126 2391 1 5.542391196664116e-06
 -4.206132005583093 1.012824982280507 -0.6749551472724813 1312.851125560822 32.19297259600562 0.1317485192246165 -21911820.68608655 2851.06129004752 16610.34350761828 43.38111290072608 2.44712837828981 3074.19012476394 198 127661 1 -4.338162326810544 0.8432725371314707 -9.439982602929923 -0.6650241901290403 2.042012547817387 0.4261782150530742 -8.382528001535988 -1.44508534572861 -0 -1.209817926289333 9.648980689266581 104 434.0205128192902 2391 1 1.386736335887869e-05
 -3.230074233681902 0.03724618128364446 -9.995644613460483e+20 346.8626759530999 4.497591250663541 0.08731252864480182 -44650407299.71833 54948.28840276906 8463941.302138649 0.2520528731170649 43276.09274470143 3012.107514338404 1337 175584 2 -4.55882381778222 -1.068592929573273 -1.34802496664415 0.5013808081952215 -4.426794856070755 0.8077460550685465 6.06559612283221 -1.242252144840634 3.18372365119805 -1.934605532053719 -5.565503479645843 107 590.2654299736023 2391 1 1.195843583946568e-05
 -3.417616602914333 0.2115075006854531 -3294.822622618331 17703.18580269588 59485.14347120925 0.3577161922614155 -240.1945497156491 54860.24994440556 7283871.051864444 4175.511885014149 24777.0069208378 3157.438412856396 907 191507 1 4.552119646444666 -0.5930799341864823 -0 -1.958697516352894 2.428993310458329 0.5241318395776422 4.778735918542378 0.9251894070198969 9.687295546395021 0.09572501308089525 9.058986985793007 110 648.0838310718536 2391 1 -3.281251117627014e-06
 -3.200132978121583 0.0568574680480334 -1516087077727362 0.356256984834152 152.2396963931104 0.2087031811831396 -132772.8163487083 382.7688354209947 372.267078307947 0.1929431577025705 1925831.765233439 2955.520271305641 2736 127761 1 -4.496216482502187 -0.2592805848677031 -9.60153959003498 -1.359155266480332 -6.809176763847421 -1.882954708359001 -0 0.68088579336982 0.5142998894848647 -0.8925223311977319 -7.248105819921616 113 458.8781909942627 2391 1 2.048898510840176e-05
 -3.0390322757972 0.1430330850270181 -88964.81993337919 25.2694553479625 0.1946523517208187 0.07452807312190385 -45289695962.95818 92.21966387950039 27.0239118061491 992.7992685930637 2821.096883609363 2906.706496196855 1222 127772 1 4.173272605263058 -1.239099726409394 -7.834528051952006 -1.42110979116559 -2.472165244997749 -1.386965822193177 -1.066355341184604 0.6819587770806832 -4.148210751543935 0.2346500620039866 5.910642803898599 116 434.088791847229 2391 1 -2.222309574807753e-05
 -2.762995702979152 0.05755110017381938 -1214499215038.031 1.84529081634447 0.115514731938944 0.04810806172719718 -4.053150585944012e+16 1202.822041511268 3469.410643596845 1.306328710240137 10.76277892745632 2876.225112473557 2676 191532 1 -4.547422580512478 -1.181413822038275 -0 -1.343516815128572 -3.545494220286259 -1.325283946477407 -7.52429228909714 -0.4754708040777746 -8.98758707134864 0.6136386713630126 9.3726623971042 119 644.1115791797638 2391 1 -1.574015818530949e-05
 -13.19228476101437 10.06924097224186 -0.3182749482389833 2.806783914622945 0.06554436844801396 0.04789852278746617 -6.008264435473208e+17 39651.53545622204 3630796.105309854 3.20145272681181 2.116514915207918 2901.808169821329 4025 191662 1 -3.747370826895103 0.6246764015669473 9.686318885474298 -0.2615459364093829 -9.417853642367728 -1.354283007247849 2.931564389679686 -0.09020254227310787 -0 -0.6126812080258599 -0.3704428843367547 122 647.5593328475952 2391 1 -2.49092704735894e-06
 -3.036293536551857 0.04168830954141161 -2.876712257765093e+18 0.2504319490854477 2094.25548257207 0.09510289307576787 -4123658529.48995 109.8703905473665 38.94887786293565 1.890161238456405 10.73108864565115 2993.321710510838 653 191631 1 4.106722461924714 -0.8708566593304985 9.494205264605601 -0.701232771024217 -8.587113008961936 0.09871250825316967 -5.18815612562114 -0.3873485222853513 0.05021142401992496 -1.595601376893732 -3.64549815242573 125 650.1153910160065 2391 1 5.264685913390618e-06
 -3.633734191261209 0.2414529626187049 -621.7933882156882 0.05920396790830178 -23865763641504.92 0.2464732127576571 -6821.12203811755 5714.991128257949 70203.57355641847 0.9038923495260938 58.23640524196335 3208.244415438915 1203 191640 1 4.695854501447296 -1.151749076120358 0.6702515381727969 -1.546165408013776 7.945540245114589 -0.4628091854154466 7.032617415255167 -1.662285437981939 5.345227879373242 0.3689797850434564 1.420065075978135 128 648.1782197952271 2391 1 -7.759762215149556e-06
 -2.965148659527461 0.1461337197694251 -103132.7945989624 92942.98353444993 1243454.179747138 0.6208754800640492 -13.61331259403916 306.2183370565065 205.6082434999391 1.139428208377387 10.23110067008481 2977.569000060695 251 127755 1 -4.5509765723711 -0.5326266222014375 -8.91304872309731 -1.777947255771528 -8.706971087707993 0.5270150378546377 8.399067695387545 -0.5315734078878256 -2.251871043099243 0.5013064590719138 8.910990877439977 131 429.9609470367432 2391 1 -1.406340703234113e-05
 -3.225750072053649 0.1005092970615688 -13525440.23702986 0.1152095174594993 -1038186.596681978 0.227673004790986 -4840.415647749341 3454.551969238555 23542.4367988829 0.1238292363307341 43811579.09583184 3121.529740373443 1720 191664 1 4.624085451308462 -1.386905942815229 -2.894838369255851 -1.227322679148918 5.969106011827231 -1.814697425501892 2.792188312969555 -1.818553266579659 6.747258382415461 0.4484670420592707 0 134 641.014429807663 2391 1 -2.176710089051229e-05
 -2.736326439464354 0.06443471934616207 -328977639753.946 1.971527424297542 0.2248082498132222 0.08982557573251806 -6706231177.399749 75446.80582582866 13941803.95917133 6482.450407245235 33052.88962055006 2992.843823891626 4034 191659 1 -4.660030957774962 -0.4938604868821628 4.575338681379828 -1.876624303689919 -4.825541120359462 -0.7877348638859685 9.747896318559857 -0.6316639622726594 0 0.2807045080790775 5.297807096480082 137 642.0470788478851 2391 1 -8.189145002167819e-06
 -2.935292891483766 0.0545204735229165 -1.182875260178682e+16 50.48159223345103 0.5812326661466329 0.1165348869118443 -1134198098.205459 18965.08833285189 969398.1883888224 0.9963017147771093 61.02313665498168 3091.621608022185 3799 191617 1 3.223440935085938 -1.467982846941291 -7.009696264709339 -1.34274239827832 6.73086453772982 -0.9580285756196822 0.3345233820711515 -1.549187554280354 -5.039948656645202 -1.977776537934161 0.9388479199908399 140 642.533252954483 2391 1 2.669963081783868e-05
 -3.357194143121354 0.07058497145451748 -1163302167211.024 36376.3174233972 108840.8743742637 0.2346159242464964 -17613.04661337062 12656.80314461857 368025.5572693317 1.783962012585497 7.704582467483741 2794.856286293576 2993 127774 1 3.884107960092203 -0.6102724990251573 9.655004552460708 0.9668949317744411 -5.847465689328399 0.02399389884203449 -9.181999146605923 0.4213610554871306 5.880994928327672 -1.208302620326389 -3.357697461800275 143 432.7836239337921 2391 1 1.621094827704421e-05
 -3.374315154310455 0.197226435467426 -5521.09229892648 0.04020465632671803 9.990055980704169e+20 0.0553733487666206 -5175832913853303 1114.722895620364 2590.301048024678 38213.79448185479 2284368.281801185 3096.624875109348 883 191649 2 3.828705839348566 -1.295674127540664 -0.2693083880480875 -0.1666385584937906 1.998015209946458 0.1551548669063316 0.1394968803751144 0.571519522011525 -4.641506157521219 0.8386985674440037 -2.834136845096028 146 642.0796360969543 2391 1 3.01701648215578e-07
 -3.942595011746812 0.1796007428726474 -101201.7492196975 670.7724415050125 38.34788221353262 0.2798608782118808 -4640.876321450821 33.21797732081227 5.019891197386571 31058.78402158996 1121871.08688594 3041.403010232757 2909 127769 1 4.416697835520273 -1.259353544707089 -7.151561218179152 -0.1886125508799523 2.083816669398368 -1.789400840107032 0.02748276791356119 -1.404422353235432 -4.869538457404619 -0.7621394226759612 -3.103157151060732 149 434.0681538581848 2391 1 2.314626560317153e-05
 -3.174609786417751 0.2653548511000621 -359.0546562482219 3.39498940602028 0.07190599488007424 0.1063082152943308 -450064757.5825408 57.46299627628174 11.4826758279639 77954.48371965848 16531305.86698288 2834.543638608186 4274 191653 1 -4.495376565653153 -0.4169413593385896 7.329110076810784 -0.01774545715232636 0 -0.6031930516724326 5.627771668508318 0.5532469549174825 -7.218421632753012 -0.1264601282259683 2.502898305508356 152 648.4032969474792 2391 1 3.104744361123318e-06
 -8.274896732449571 9.714562377083857 -0.1670354340968064 0.1778895414541074 -6018.851296522623 0.04924022701777462 -2837139032724370 1136.444096980401 2869.902183977988 94410.93764225295 -5633688.347062895 3000.672566741481 2667 127752 2 -2.743278884915699 0.07752338734805292 0.3292220835032706 0.8851151946887872 -1.836485555458177 0.914646515194165 -3.573918569437761 -0.94563144270262 0 -0.2155654678007597 -5.053267130253437 155 432.3741309642792 2391 1 -2.399777430293329e-05
 -11.38719610025413 9.659734936238694 -0.2464145550957657 1.569263395005172 0.5886219991934658 2.098996993774435 -0.4026460927111131 693.4316298412252 711.6385036004189 82795.10217779015 -7587505.978383441 3210.505342745438 1180 127772 1 3.984784593749314 -0.680131234336022 8.261899019456857 -1.115692444419473 5.342964942380588 -0.2334761994231611 3.253247445876111 0.5412874324360918 -0 0.6440182116589623 -2.753946853445563 158 431.868803024292 2391 1 -1.011932516695275e-05
 -2.847559403152412 0.1503520230411144 -140315.5986192261 0.08125281032810387 31106330076.6651 0.1646902473497054 -404388.0164146519 61.71892259238546 12.97705205167128 0.150254283235869 4796679.817159965 3254.965934863505 5360 191664 1 -4.609482771311805 -0.1553456193038922 2.83272898551711 0.3602994864364257 1.393312493091914 0.9938373971358452 -4.966930732231427 -1.216705732347326 4.641716739018864 0.3388080359660658 2.426208766154033 161 650.4053149223328 2391 1 -4.467794954399566e-06
 -3.49618511152283 0.1722869376665799 -36071.73291093754 0.03985814279987149 9.979170465278852e+20 0.06095088528543195 -229985724530072.4 70407.74380018011 12689255.5618001 1.314964198680824 15.87023497967314 3095.284955287468 3073 191644 2 -4.491967819662872 -0.1145756633184308 1.021979796415603 0.6114642297048691 -0 0.6003238421972523 1.82473007371838 -0.8861859492991364 2.40009619531055 0.796220191967302 0 164 644.0269191265106 2391 1 -1.135251928202229e-06
 -3.561317831953804 0.8171523296932131 -0.7529450673952877 558.9243493708688 21.50342322673904 0.09260600253745056 -1578803906.730082 133.3350143026674 50.53281735480278 48059.97382749296 5948468.223635847 2936.08328948383 2629 191664 1 4.055353063597754 -0.9346377951951963 -0.0888581728763449 -1.675654926752074 0.4184515643365652 0.3305865669825829 -7.300587884259947 0.5946965721892359 -8.446551605772964 -1.328063764221633 2.430137079512771 167 648.2688589096069 2391 1 -1.535687324554546e-05
 -3.131682843849743 0.1099166380445405 -2286956.444511928 0.3638018830857167 -55.76626364261947 0.2161974272835865 -10850.52450354954 377.2028088920133 349.6211676609713 5392.52566067639 28002.15556878576 3000.288114994361 837 127720 1 3.603518191486446 -1.671530868032536 -5.728104766316261 -0.02960873964716454 4.124789028404099 -1.340845205859697 9.253762058927892 -1.310739525543513 -7.763378112916149 0.8272681054184208 -0.5188793526718953 170 432.9345860481262 2391 1 -1.624670037830443e-05
 -3.105835193810087 0.1486989215130388 -14115.19555053303 3.576029216216342 0.08553501457800387 0.3170502570108464 -232.3387966281782 69.05570373558041 14.06385344068388 2.261300434597262 2.983522260409689 2837.687093871475 2404 191635 1 4.406774622872777 -0.8302172748162109 7.053307044435327 -0.3661857705616542 6.292802352042457 -0.2700059986993146 -0 -0.03019739119975459 -3.940279570973614 -1.54674097974714 0 173 640.0410900115967 2391 1 -3.055478664416316e-05
 -3.21571561058301 0.04839059503677966 -1871507536809528 1687.392111608531 182.2732977909693 0.2176245772632647 -11368.00578704801 22831.90025480488 1322551.01283226 0.5712836131059623 -152.4474995762356 3153.496696921363 2681 191659 1 4.249061892620653 -1.729371144097919 4.20494287826867 0.116430815773513 -9.620826159813857 0.8578003866293118 -3.736013429714818 -1.112556060243501 7.167246027073009 -0.5908933974282995 4.644630944638316 176 645.116996049881 2391 1 -5.054166980297849e-06
 -3.10247210926079 0.1434694377457042 -3252271.532307513 23.65117177607423 0.2242805931690099 0.05685493372622538 -8.12369214040726e+17 321.2636600767511 260.8290636513653 1.362953630486179 19.00316346333793 2905.760325500918 370 191328 1 -4.276775206705427 -0.5356483417597095 -1.426649272807134 -1.807439865812476 -3.291128493759437 -1.021851692176307 8.451120857638678 0.5535333340931605 5.013788582185077 0.057492798852719 5.151618822068835 179 644.5094799995422 2391 1 3.170349491138315e-05
 -3.232910028107864 0.2090837745436885 -13688.13024695116 1.948717291382924 0.07082959701660191 0.06338943264126369 -1527866255572474 1756.545444509668 8090.735234963568 20644.89096238691 1487135.965453972 3012.693474791013 2196 127774 1 -4.605960973758097 -1.616234242822903 -7.380126056159721 -0.2609956519070371 0 -0.6833260560835362 4.125257726133938 -0.3698321340680586 1.497890035771067 -0.5227654808350923 1.553184889470506 182 431.8191430568695 2391 1 1.723424000394984e-05
 -5.598845133362604 6.088645629027643 -0.0930185315663926 0.08894687121456694 4367234211.076455 0.05907068665541929 -279516293688412.1 3223.550495182011 24494.25096543576 1864.295675095448 5839.582681691079 2921.449827921564 2443 191661 1 4.636469395151406 -1.821070624163456 1.156480402361681 -0.559763154371927 0 -0.1823248017703261 4.031746781305976 -0.696673197285647 1.700044251000689 -1.22258543730985 -2.623309475414728 185 648.2223751544952 2391 1 -5.172943475396456e-06
 -3.541490433721487 0.1904014590114606 -17207.01520617775 0.2773423315252709 105.7359302700541 0.05844982238747323 -1231456946127306 12346.76121209671 347317.2338955984 0.05420086388968141 8.548852487265667e+16 2988.280033313443 6802 127774 1 4.056075306633117 -1.261641298345844 5.278764939617353 -0.9720893661657559 0.3361451630068353 0.2309137858746379 4.778328522008263 0.4782343249645793 -5.816072543191756 -0.9507074417996595 0 188 430.5731158256531 2391 1 2.693917176376793e-06
 -2.939925147978848 0.6004781436579911 -2.858105828688914 16811.9393819005 17061.3275149354 0.1412395992571667 -2577451.456102606 162.3355229856945 73.47254231283587 42.35767511884474 4.845253812155853 2875.739343326468 1701 127745 1 3.096376869128731 0.8333001978096082 -2.716558303051918 -1.551009927722721 -7.580783641962906 -1.328533013799412 9.475728158340639 0.296387155465426 -2.256753565726382 -0.09623275921194364 -1.243842661454352 191 429.8560030460358 2391 1 -1.18626947430249e-06
 -3.150376153655816 0.3113950132877953 -90.76070856481506 0.9048179858646938 1.347048767516701 0.2961580606075208 -597.6108257573577 647.1127404397781 1004.037939051296 1.380896467430353 9.687644727049602 3074.650943875937 2670 191651 1 4.052855865633702 -0.09216371909983506 2.615278639630568 0.8447727032566017 4.817430253075138 -0.5817803846482512 -0.7610736162358496 -0.4798467798429531 9.287443463556517 0.1596573239122558 -1.167355587128189 194 643.6785218715668 2391 1 -1.230019696451235e-05
 -2.93487336373123 0.05403897586263345 -56652030363350.95 1186.502919454545 93.8885158399401 0.4634376866489662 -79.75397477623255 161.5659351838143 72.84119006043964 1.008917181021016 33.46754723688964 3092.344656924998 2716 127715 1 -4.621325030876402 -1.691459020702544 -1.827786385087226 -0.1096478541373296 -3.535396516847628 -1.121747081613786 8.059579893619791 -1.490605579646729 -7.850987159984079 0.8710027592798224 -3.522222510910945 197 435.923357963562 2391 1 -4.225187586491799e-06
 -4.620246564325123 1.590853583277654 -0.2760581901383217 24039.63414577733 134832.3929738651 732.9546928500098 -233.729587360547 2511.717598251477 15477.2134211853 1.084801204682299 12.40245742330326 3023.961600616972 253 127203 1 3.852680727809614 -1.418260840244152 -1.199728162351402 -0.7804628611981199 0.5405887454240195 -1.151617994975277 -7.806101955656471 -0.802022587488195 -7.332926953339706 -1.677313737045712 5.295879056253186 200 436.15070104599 2391 1 -1.008318057247798e-05
 -2.69548781411297 0.03918960551466004 -6.23547021277825e+17 675.9525562892519 5.847763612808768 0.3070420325356475 -733.4350254205506 676.7880471050271 1099.655378339948 506.7209006432985 -47.00740587930073 3287.824122248773 818 127718 1 4.661135058688321 -0.1448296025704234 2.663978645806059 -1.313550724884369 0 -1.853339417920576 -9.801247421343332 0.9345484186120503 -7.280143973949169 -0.8485856098927806 -7.767880052843902 203 432.1269471645355 2391 1 -9.600283407363183e-06
 -3.804203919618055 0.4748987915382457 -9.310982947733619 114.3091908352076 0.7391718543054802 0.05257750975607139 -505190390718531.8 303.5550760903475 210.6165238554012 33.210818652622 3.356959762569148 2932.261262464096 2896 191642 1 4.162985070836356 -0.2101808560782459 1.5722836136547 -1.698400750906432 1.503192991880301 -0.6852443257326595 -8.552647656076786 -0.7622916177086143 7.797574897983248 0.3323996140851757 -2.251677390967163 206 648.5904829502106 2391 1 -2.411742664015254e-05
 -3.4205444659998 0.3026366642987933 -216.1923162090127 3231.536159367009 2286.938924408193 0.112514550855734 -274548741.8431175 31832.40805465525 2563606.068421545 0.9992354556916976 16.65284114516555 2982.917516687873 1898 191664 1 3.548703695595454 -1.645371795686993 1.041107522583298 -1.62600814004354 1.753742670542446 -1.313249127090514 -5.002826193873008 0.3453947036978721 -0 -1.830672933988454 -8.55802169186865 209 644.8884959220886 2391 1 2.549389779677031e-06
 -3.3699525251793 0.1442387958533786 -230619.9970242789 4.068531412404416 0.09578999477526086 1.531301088504962 -0.8164432322554103 120.3747354940809 43.372135569622 333.9770225283036 200.1762511490948 3037.871567107481 962 191581 1 4.188287700123618 0.9916627721437781 2.896398054789651 0.6573449897145349 -4.388080009545131 0.1959884372653846 6.700294725659017 -0.3272441390983687 7.195500957778897 -0.7098991515593145 -9.757823236122439 212 646.7983911037445 2391 1 -9.284839985072956e-06
 -3.806642305503765 0.7936817914654098 -1.613057724239419 0.09343503979555656 -8154844588.087784 0.06589274678618957 -244622772235018.8 2410.508798353761 15495.36185386195 255.0734640657183 91.13762892576716 2875.161257251864 789 127628 1 -3.26517034410303 -1.39859810900663 0 -0.8036403372952101 6.482454576510886 -0.3154650092270935 -2.993126491962022 0.5650675965138912 7.094319196848677 -1.026787703054614 -1.475758352579681 215 430.1600859165192 2391 1 1.977391935801651e-05
 -10.45706580576101 11.82176715127548 -0.2877759103203265 1309.21142061937 168.5151025344769 0.09766016702618101 -27487754740.41921 8336.55519277719 140733.7104378614 0.04707782789862799 5.018307860078108e+20 3008.730414800735 4125 127769 1 4.629085306929098 -1.628587969554357 -0 -1.024327768570513 -0 0.216417783720507 0 0.9419471384345846 -2.663098551835177 -0.4757299418333254 -6.534865627659077 218 431.3077969551086 2391 1 2.284877034234889e-05
 -3.538913931533325 0.1719185293786223 -26332.63919602293 0.0591476122574487 15606706521315.61 1.536045151998617 -0.7930485290394697 4375.041090821531 50052.11135305175 1.822219675768048 7.227493173649293 3026.763317586695 1901 191547 1 4.154670716235292 -0.5644582374773899 -8.864752377262709 -1.526824371528826 -3.293893527404237 -1.382018823983425 -9.268619421434746 0.4423525792090603 -2.1352396503419 -0.3213743147530348 7.883438640232402 221 654.0468020439148 2391 1 -1.226010359487919e-05
 -3.670704064487325 0.09571351847172063 -195670836.0874775 285.3150530988051 6.304803583407633 0.04826902580713118 -5.320908328715745e+17 224.5802215334221 128.4944217011057 119.0139885514881 51.26117749105577 2964.82439441488 1292 127520 1 -4.293755830217456 -1.970535397281683 -0.7430300745650649 -0.7009130903007899 -0 -0.2541877882421986 4.020138989523709 -0.1363579380234814 -7.529230221103839 -1.926172840645077 0.2454802627266734 224 429.9813780784607 2391 1 -8.54513847466798e-07
 -3.180796135911091 0.1298605940062075 -683073.6106754665 2.77670204306237 0.1849230061765609 0.1444487280327648 -2473516.732641815 2646.482776942242 16669.2886269119 0.1056570162874506 1818728424.890153 3030.020112522547 2322 127776 1 -4.666484208947839 -1.390198998965842 -1.599171414684931 -1.364801176918301 -2.873307255684602 -1.548351109172087 -0.8680823307709487 -0.6576739077568767 -0 -1.509953448698247 0.7239775287621555 227 437.4190089702606 2391 1 4.408056059980829e-07
 -3.642947510785302 0.190867188194486 -10907.67567985766 0.03966779609707303 9.996347927333199e+20 0.4868179135077279 -44.71751969848416 13.23752701579918 1.5175690504752 1.670639642976592 8.508263761908236 2895.733245681265 2050 127773 2 -4.389539491091691 0.591972194603442 5.514964585514992 -1.686175199949192 -2.395459056057325 -1.875143109599392 5.959101604913234 0.07318392894163094 8.791123875986614 0.6094459223103232 -5.183057353800836 230 436.7442200183868 2391 1 -1.877626544192221e-06
 -3.657307779185539 0.1434816884837624 -506139.9178642831 0.1970558188316285 -22311.93586380771 0.1829802659308869 -272841.2283749027 2894.675446049244 19282.9857148827 2322.54337680654 9725.146564709656 3021.041237925285 2331 191664 1 4.691820138756988 -1.336393073879661 -5.412246427028455 -1.824588486086255 -0.3444758137179456 0.5626316170649135 -6.098148980352231 0.6263592382060561 2.459298584876987 -0.5132183678486841 5.046097449403741 233 650.5833559036255 2391 1 6.592522287721615e-06
 -3.377792601857079 0.05736023372953014 -14409442827665.78 3.899166878111033 0.08833960488290105 0.08297365175009204 -72774861938.48462 34562.14581424625 3528753.762871387 1.618193610039918 14.89090149567477 2953.18244235836 1280 191664 1 -4.582100468395621 0.07940267644998845 -0.7826096138979648 -0.4960862785416431 0.8408227790261735 -0.4476538443907963 9.373228469943298 0.7515713565345745 8.111079120819051 0.8918217752154218 3.796398569302053 236 648.4224359989166 2391 1 -1.785076969407776e-06
 -2.778124577597333 0.1095351642724204 -4026032.541994699 0.5123005260227673 5.366385006984751 0.835709175435449 -4.616455870726769 354.1799702821229 306.1338535382239 6517.409550595934 34944.67689560995 3205.002203087819 2079 191663 1 -4.082647089002133 -0.09877750281944842 5.73559993344014 0.04506733788153383 8.714275592395815 -0.1028853494180115 4.451617755128495 -1.748189625659545 -7.883834406356634 -1.247242738536885 -9.742973105672327 239 632.6867370605469 2391 1 -1.263397764670523e-05
 -2.718041795696945 0.1376516940464411 -1166484.905782463 36617.27428279825 134154.1657591776 0.2063824943187458 -59835.99507883857 3590.940047546199 31527.03311262618 2.311813559693306 3.798437511529151 3052.969513599965 1389 191632 1 -4.445811235797719 -0.5063666152779094 8.390202715225524 -0.2500027311654422 8.888718024805012 -1.092777025184532 9.976783815827298 -0.8244839425352657 8.910133398749771 -0.2894735822268402 -9.952986724779368 242 650.1450779438019 2391 1 1.481898230787423e-05
 -3.370330139340684 1.033085710248233 -0.5525650904394845 3115.024528110508 830.4391339504642 0.440752787592929 -71.84340816284109 22143.82709249358 1118485.243001064 0.1366259837221266 15006063.11633548 3066.042875451971 3960 191657 1 -4.305838802327229 -1.386669558280238 -1.855831982871007 -0.8339716617559656 -5.1922506912465 -0.7022905795593619 -1.785375201714043 -0.8534975229497919 3.152120813741552 0.1404001799703938 -1.584213815324809 245 644.9179100990295 2391 1 -1.525847029799188e-05
 -2.82758372662298 0.06174009722607332 -2427532939954.208 12070.06705754179 20353.02292324943 0.2802609980615257 -1185.54033626925 81.11680111948024 21.6284459717325 5144.304997024309 68986.62114625958 3154.525985430704 4284 191663 1 -4.555623341831891 -1.298825135853775 8.46946971096995 -0.7280188374771077 -4.356080196907257 -1.76359536784505 -9.290116758387542 -0.03954159206261924 -3.374469057717758 -0.04736325309805347 0 248 647.6479871273041 2391 1 -3.606341544488824e-06
 -2.899458277363015 0.08374553664640873 -643778649.5761067 0.3723424951846316 -20.62592661054846 0.3064758199124457 -580.5986434837532 18.85740395355643 2.592544478245275 34343.98434800372 -435565.2316623462 3006.941363703922 2842 127775 1 -4.168241445113555 -0.999990572819879 -4.095907060695721 -1.488753973761604 8.300072034654647 -1.464487508928793 7.674245966085124 0.8309703325414071 -0.0973989013922516 -0.3128322800744013 -0.2333594063882387 251 435.3036499023438 2391 1 -1.048106001572233e-05
 -4.773553329504455 0.5648342162712578 -6.195645211495679 8968.13026382542 3539.046396997956 0.08475015607618221 -17330364424.64233 14105.81313558974 393860.1294759377 2319.548657572278 11426.32939505531 2843.772542748133 2608 191644 1 -4.332901838339323 -1.778475478246198 1.378235874991543 0.596208974978472 -5.93449926613942 -0.5009543368423941 0 0.3048969193385549 -8.314910683843779 -0.7808407086141465 5.590057722382651 254 644.7253849506378 2391 1 -1.021228929648975e-05
 -3.055727602717591 0.08293218754684674 -2848802976.655003 2.655361345386388 0.2214128963072776 0.04735181916194398 -1.98110602824469e+18 253.7909007462661 146.67541500652 1.566537428384635 11.65802121396363 2990.220888036315 2155 127759 1 -4.045466726821672 0.2109513630472142 -0.6714255246253091 -1.060872814610381 4.58376254701481 -1.393127256823341 1.595933298190805 0.062172810187457 7.062890394903649 -0.6084827160017721 2.144446445873597 257 430.3234710693359 2391 1 3.240669192373214e-06
 -3.797627843136015 0.7192167389755529 -2.367693441865518 0.4166501079322558 77.37448828287593 0.6511815362206053 -13.40689384099072 97227.15841838786 15972795.29715866 101.1601317488375 -7.119488009439003 2885.005298571753 1299 127765 1 -4.576803351208448 -1.716607442035403 0 0.06349898345849465 0 -1.977827328176051 -3.222149120806806 0.06471166851069121 -1.439419561169809 -1.99418508815095 -1.870291374613672 260 435.1640100479126 2391 1 6.242266968225656e-06
 -5.205579494669184 4.193876598666875 -0.1131985997307167 0.05370800226902711 2992633275739174 0.3881618713015813 -173.3761153141621 8769.41756965831 180000.2236794197 0.04055386603474304 9.108034759578594e+20 3061.031745155031 2820 191514 2 -3.783492701405445 0.6316645728082242 -2.20500217103722 -0.2522844805708263 -9.466338144577348 -1.036018014243305 -9.627971339676012 -1.466432946316364 -0.4094411847555994 -1.616910930679517 -9.695187237813867 263 643.3434128761292 2391 1 9.684139173902506e-07
 -3.567612792528098 0.1661570373041798 -206590.4822973213 0.04420735801987351 9.947709755735776e+20 0.120296350505704 -102682776.8886768 33.49268708200634 4.310288003670473 128.2027709356222 19.97344903446018 2825.507023715556 3565 127757 2 4.650365140506912 -1.349974683242323 3.623718386349639 -1.92577991004995 1.313179971667193 0.3295382875046968 -1.48653801098695 -1.50292609968509 0.6515820258847573 0.363047073768854 -2.655847305722729 266 431.226909160614 2391 1 1.913491896347304e-05
 -2.753229118601069 0.1191283640557054 -2013227.411188779 0.04386680845738207 -7.183402854777563e+17 0.04576193700344958 -6.975474755631314e+17 934.6381228060326 2597.401171617217 32964.28936109032 4226305.260045606 3049.656842463629 963 127773 1 -2.979255078079838 -1.017739536032482 -6.714162885094165 -1.600589296682643 -3.839416740981496 -0.7730595033672127 -8.266090208376578 -0.5417255681516657 2.44384089251735 -0.4465187792365324 -0.9285268418111592 269 433.7039890289307 2391 1 -1.118268239027116e-05
 -3.365309942348975 0.3789357098304344 -28.43635612444346 436.83476544873 13.65607504388009 0.043233929346288 -4.044971804879096e+18 4616.255920984872 45302.14232743579 0.09976343924601391 1087501772.992429 2862.654503901704 4157 191656 1 -4.461792228444317 -0.9735810630321513 -3.807633113517189 -1.344359996766791 6.05008879692653 0.1289652988409369 -7.434512515156245 0.3324367566186122 -7.705242743082994 -1.6588998164779 -2.580393496119531 272 647.436007976532 2391 1 -1.313584981011965e-05
 -3.358334694817913 0.1517763717615412 -261891.287793701 1002.444417450404 69.02262529311631 0.06058884222626306 -255656874489788.2 569.7301761446111 728.4544426412864 28.58324111720038 3.0974784666475 2870.976501107056 3152 191649 1 -4.63656599198778 -0.1403477979823755 8.188892525031489 -0.07999261100068907 -9.110242057988943 0.5612142209807232 5.578876603057084 -1.507380997883744 0.7998824427417754 0.9299250228218692 7.503023170419015 275 649.5191171169281 2391 1 1.862235833146853e-06
 -12.42825839427876 9.729043886058317 -0.2762060858123033 0.3981928473263635 9.141913797163058 0.3061385926397686 -1949.675800577356 108.650370805744 32.17026471568303 0.2853876776323946 30672.1320689957 3207.120806158013 2023 191636 1 -3.332212844807596 0.3616269664957663 -0.6565976925952741 -1.628916597572794 -2.354905275549966 0.5506533543074372 -0.1620105692852212 -1.910629965225579 -1.829001551919927 -0.3043253426303068 0.7590492077578883 278 647.1542830467224 2391 1 1.552669934595588e-05
 -3.079895658530259 0.08863864228185526 -85771506.44737026 2239.982488368381 413.0067440407373 0.2495017085830514 -3472.57593874317 829.9430743875207 1674.604132318321 1.302916894639572 9.95913337313395 2921.67443450077 236 190590 1 3.958049870386648 -1.490699739695003 -0 -0.7225680388335771 0 -0.3550807999237851 -5.247411637228136 -0.9930999090152657 -2.573987141675144 -1.714420621063477 -5.234580656206947 281 646.866142988205 2391 1 -1.84036122657678e-05
 -3.003854801249854 0.03951766981685595 -5.355521068223452e+18 1.551028085041791 0.3678141392590064 0.09952892735004851 -1373550602.760751 10440.15096093376 266827.862124232 2.274593937444807 5.362574744157379 3169.627374840824 2869 191660 1 -3.485392118937242 0.7741565515222923 -0.5857377348617709 0.493616820650554 5.817297755903392 0.6341802066361909 -0 0.713689680831521 7.00647123619795 0.02743870222607465 3.885878450043625 284 647.5497498512268 2391 1 -4.286209738104773e-07
 -3.248529627382103 0.05786644649605598 -2027634646450.505 8133.222072753712 16578.85770005019 1.253342525155429 -1.182005939052465 121.7234674804423 46.79694336781276 85.62630569360563 12.99563830093481 3027.994258307015 4196 191650 1 -4.259341552272734 -1.081312418236429 1.029635306492045 -1.188145491786734 2.292745144595592 -1.474628979816419 -1.221881537702004 -1.781620103476042 8.871813530094364 -1.252879691094479 7.119757263548198 287 645.539510011673 2391 1 -1.020275509532931e-05
 -5.664209017670251 1.980967523868808 -0.228143559473044 292.520015416056 4.324376142452173 0.03925179369732629 -6.357534005306136e+19 210.0359084222043 94.34543648246317 239.8869115185584 27.79668731890636 2844.244232891644 321 175574 1 -4.619713817876614 -0.5937811796941777 -2.359060459898084 -1.44351752123937 3.624942975771688 -0.9900188999370263 -0.6686040540531621 -0.9263106609546146 -0.5053524726059262 -1.270105621288788 -4.287385165958438 290 583.2571420669556 2391 1 -1.42939941947374e-05
 -3.33021514758633 0.05763752623192684 -1402950312634.887 0.04138929261946374 2.110156396202584e+18 0.1021542851924368 -309748274.2731187 89.26943918256418 21.69872068386655 1.862316522067587 5.42498330712942 2961.704186686607 3461 127770 1 4.669771216987292 0.6576398976765979 -3.568965301932051 0.6207207020007388 -2.157953621480508 -0.1466529626869999 -0.05496057745666949 0.3383676441707006 -3.27768276009546 -1.512316855300169 5.610319064551589 293 436.1059470176697 2391 1 -1.402997725560114e-05
 -3.514452931816815 0.3564906439965891 -47.31519445041604 335.9719649480601 6.4938151321957 0.07968517573892572 -238578136493.0218 4685.22407576149 46889.17072400708 1007.789027511897 2480.189801116829 2931.036306725004 1500 127528 1 -4.409755807564536 -1.689260684767387 0 -0.4562744561606564 -5.148345381810759 0.5987030797493818 -6.014629303472469 -1.877010468142704 3.693752940349222 -0.9850034937653689 0 296 433.4167211055756 2391 1 4.698498589875606e-06
 -3.525431963485973 0.1209991560051137 -7080170.016143351 0.1215311676362688 -12558229.82282514 0.06766875590505607 -33757924707828.14 30711.84723265366 2083898.533382745 404.6786985337636 394.252332797856 3078.739193003732 1535 127760 1 4.490719763309511 -0.5984555944635872 5.111899613839251 -0.05461955945304275 1.608540180666658 -0.4280946024062269 -1.074944623158046 -1.36939467634314 2.141616875832617 -1.301627975731035 0 299 434.8716509342194 2391 1 5.369755863211482e-06
 -7.755539917317168 10.66013692767717 -0.178134100831102 65103.73228711666 2003027.302617071 1233.657940276717 -634.394377631619 615.8925135422719 910.0219764097632 7932.194458412225 125233.1910090437 3218.575602394962 4576 191661 1 4.367967931563257 -1.598894493899 0.9032909114857253 -1.751214981875391 9.441651161387256 -0.05480473617571137 0 0.7895878057777241 0 0.1390499579627535 8.821242156093971 302 644.6048510074615 2391 1 6.25064532431388e-06
 -4.989648140481179 1.837130666452208 -0.237914263206937 1.348020480983306 0.7365322175823583 0.1456446456291369 -848959.4938437406 53935.91933848564 7050781.598120435 1.435000955967899 11.03665041763101 3199.496790520869 2107 191659 1 4.276419055466974 -1.890738264750108 7.556805036455701 -0.575787199473444 -9.662103274927412 -1.379132587911893 -4.276114188292266 0.6344463431544018 -0 -1.276945120265508 1.350257409992408 305 645.0926380157471 2391 1 -1.168447496558415e-05
 -3.194531608536002 0.10526005454064 -47524595.3625197 0.3251832803255102 -128.1783560875502 0.1193980628104594 -89498486.36636412 42163.69007643763 4129745.70911187 0.332801541504925 4715.472960514441 3097.720875253257 3747 127758 1 4.227229781866262 -0.9535990102713354 -7.961169664379923 -1.464233538205324 -2.56309077492182 -0.787518622201655 0 -1.383791476769454 1.782297156627047 -0.6150740655294689 5.636666436985615 308 436.550136089325 2391 1 1.947551389597489e-06
 -2.679876269204255 0.03349661886024265 -9.99984821709515e+20 1.436642185055453 0.4045059074582289 0.1993451715916086 -40199.94862876924 47156.18866436428 4820515.218847694 81.99173325631419 -2.968317827963783 3225.300797416599 1860 127396 2 2.977077481460367 -0.8934593375414703 -7.509829144484252 0.3038860593702584 0 -0.7735154395439512 -2.604385662618166 0.1430288233436183 6.732670314812026 0.970874539204428 0.7373224604858724 311 435.5794911384583 2391 1 -7.499472456227106e-06
 -3.314305201655277 0.3475470606231142 -129.2696607512565 0.04319879677488708 9.953989749518715e+20 0.08247015449882697 -817245872652.8035 1404.472483657353 3840.141613822339 2.268470891411567 1.77919912901045 2942.847653937917 1269 303112 2 -4.445773051753102 -1.739803176409968 7.890437032163732 -0.6796790471193619 -3.012424522557692 -0.1157981833163629 4.259248367544405 -1.351564441769743 -8.889998652414853 -1.67165608256242 0 314 1013.181832790375 2391 1 1.9136829465613e-05
 -3.334833018644687 0.1014760379421053 -105569028.5509327 53469.19690803679 211263.671638597 0.2233872178879892 -17690.00355546939 210.9180077165719 118.3136410855543 1.428591776159743 8.97110718070962 2982.904077818864 836 127753 1 3.95083342893846 -1.116598335741516 0 -0.5750743547050856 2.319260578765462 0.5106482954686618 -0 -0.03620590846082551 -9.386223211267081 0.2741570417164954 6.614016321314013 317 429.6298530101776 2391 1 8.590251242941894e-06
 -3.649182616180281 0.1022604392275722 -813847043.5409225 34516.53600606666 52420.63891428911 0.3110489588943903 -2404.327415156652 11871.83920362397 305806.376161451 173.7774743830172 51.91604921473675 3027.953094517727 1813 127729 1 3.220198309609679 -1.161867426064794 8.030749329318919 -1.522929415049244 -6.578468184172873 -0.05142075710996346 -3.072285958459354 -0.7578902331926818 5.244407216658482 0.1985698623608099 -3.095131861073403 320 431.7174048423767 2391 1 2.811223718035664e-05
 -3.989935185773853 0.170054449185696 -13543.24537407652 87748.056946339 1042493.60949656 0.8510874336601743 -3.39370028131425 327.0443867679392 261.083892514293 23490.49055461057 446102.3553571681 2834.716014347107 1119 191614 1 4.603273491649328 -0.2496701338788956 7.052929495179349 0.9698989286183743 3.934535750557869 -1.956197622388457 -8.271999040796343 -0.314688769520016 -8.591399607166691 -1.783806380835879 1.414137406184638 323 648.7877819538116 2391 1 -2.630168357933628e-05
 -10.00356855182892 12.23959534389989 -0.2653402452875476 2.180589751523388 0.3412771320342458 0.7334904860513493 -3.697101939989886 66.12016478803969 11.87048450358356 512.2269278034435 215.0892142838228 3086.483312989286 2050 191587 1 -4.248385552695133 -1.625604831908957 -0.1962384943054918 -0.4941835170901996 -0 -0.453374279600026 -1.836861346090054 -1.330241321805703 -4.588539148609028 -1.068545181737775 -1.121071531129195 326 646.2860741615295 2391 1 -8.806940949985805e-06
 -3.266839934636808 0.07676120264613211 -7098503153.536285 51.54627681878708 1.063886455108955 1.868109991553976 -0.7803409509788161 108.3389190838663 32.76510829502674 13170.19104898126 577557.9419884026 2861.360739832751 762 191617 1 -4.532363218887829 0.1089126590678315 -9.01927841275926 -0.6267479098313204 3.611643588067782 -1.297872837747478 -3.962459958587734 -0.746430452709145 6.478305287032696 0.996057656895379 -8.979549162108384 329 645.1708850860596 2391 1 -7.788410717317961e-06
 -3.951263866424024 0.6555245212231683 -2.404075880870453 1.577340789970378 0.06043338754163976 0.3338800229863838 -357.4640307911678 91.0795068674602 24.56603906644637 1022.491336412162 2743.469710925058 3040.911107834768 2221 191664 1 4.561406699433123 -1.342708496685974 -7.937791199835177 -1.45796733992809 0.8161887778463655 0.5261659147886233 -2.493530556648072 -0.6983135262222717 9.678684799492542 0.7039603525164235 4.410017358120512 332 649.4979009628296 2391 1 -9.824293054029383e-06
 -2.782818159364418 0.04311649144241586 -66091341501249.11 7362.865203660764 13884.03029020664 4674.493231731322 -4240.108276889086 88.72656725905033 23.15367684968107 0.04570169060493262 1.639665658908558e+16 2941.686603509246 3188 127771 1 -4.488335132974139 0.2345599724743335 2.448102106547094 -0.2670023659201579 -0 0.5804426190970249 6.201079055263044 0.6184715326702706 0.5893430228317973 -0.5022860509329421 -9.523292516729319 335 436.1311919689178 2391 1 -3.582312425628055e-05
 -3.76692938880714 0.03278245325567131 -9.999020473657814e+20 11825.49211049887 13306.98651615168 0.06454726436991996 -8819691575910.4 13066.41407181937 454088.861662717 5867.832290675882 94713.63671942519 2912.151243776043 376 191560 2 4.673329734055064 -0.2578233753597843 8.665726030185461 0.3148714197679431 -0.7372196716349717 -0.6692593941017542 -4.323541249277359 -0.4749985219719975 1.417157129760999 -1.261291987323884 7.223375867407229 338 636.9866189956665 2391 1 -1.214631925725059e-05
 -3.2704210683143 0.1035066889252177 -33661742.89856607 1.870977087010969 0.2994905091309668 0.1968216437987539 -47065.9032686601 35639.33729915097 3053501.598342862 28266.56197098238 752557.1084958819 2934.615639462585 864 191613 1 -3.97604401125415 -1.846012476435464 0.8083490703748071 0.2717665146641392 2.497309461773384 -1.333849663736276 -3.607242335006817 -1.017498904175952 -2.152183063217366 0.4536004874863981 7.039156464944673 341 646.2481799125671 2391 1 -4.441935604820399e-06
 -3.524760450385803 0.1252490168649555 -1748783.252021251 3.930382660157556 0.08031231962433481 0.1765020915452184 -236848.2721532982 87.87272942315821 20.53128674360323 0.04442263034788221 6.940320833844446e+19 2880.748688309793 2323 127754 1 -4.584101183436811 -1.524656411556833 -0 -0.1405400515765045 -4.247066159563955 0.000729092128054698 5.70971904655327 0.6162140530529561 1.448557034522916 0.9198416805353524 0.7146285893992461 344 436.5908448696136 2391 1 -1.164737042317682e-06
 -0.2333000216352422 1208.009790931724 267.8505560967415 0.06057151443025278 -117291366989547.8 0.08891415445389063 -25322456497.20007 59.47707999673453 10.13552051159333 1.708208450514429 5.141537522351404 2824.731864722747 998 191646 1 -4.171104935002911 -1.129501130996815 -4.293161969456729 0.1735688662980177 -0 -0.8865891055779018 1.685933532529371 0.3750610979735596 7.294002980422874 -0.492411835612165 -9.186939509560885 347 646.7049331665039 2391 1 4.97750506568282e-06
 -3.205802407339535 0.04059572590697909 -1.604106895137343e+20 1.395999440505822 0.4982575303852153 0.05918073052082197 -1.158333772008892e+16 69.94891027215263 12.93811618474643 480.3825083371176 343.5898920763486 2951.167877637022 3189 191653 1 -4.354572664593811 0.9044310864289433 8.376234588491879 -1.971129535922735 1.990781134874707 -1.364966439712502 -0 -1.709955995214711 5.463591954537149 -1.441652120660679 -2.577249250871542 350 643.1480798721313 2391 1 1.62721442510936e-05
 -2.857366270369738 0.08353199179869092 -13499315199.4844 812.1823236537823 84.78095037883031 0.2548473887651952 -10198.75362129587 128.9412109517436 48.44033908780168 1495.621388898816 -1260.422992392011 3038.945350782622 1755 127714 1 4.476753147069619 0.3244953823279699 -4.490101267138989 0.7325835609103533 7.707991880914559 -1.217097754008019 -4.406885288551142 -1.860160014603145 5.568186791495133 0.4992972428544302 6.028876173598661 353 433.9461069107056 2391 1 1.794336235490338e-05
 -3.169103635090138 0.09935157572103896 -16059133.71382251 0.1069982689958037 -16635885.57500528 0.1108232081225144 -26642524.59591837 310.4027812667302 241.7304443632688 136.2241193375598 33.75725466139146 3003.226209608439 2934 191661 1 4.497450022073963 -1.269473288705107 1.657836270275678 0.3737450454394984 0.8512528383631084 -0.8212174070318845 -6.517841208735478 -0.3241622333627677 6.682146842381963 0.01417410625571235 4.902537115434518 356 640.7980310916901 2391 1 -1.80597765065751e-05
 -3.458248009019591 0.04408172604962371 -1.412141788316453e+17 3285.326429712362 826.4295823304814 0.06724350729713646 -13644225517139.05 6627.646860086115 111552.7258802377 26987.28882832202 1549182.073655215 3042.437435164702 2740 191664 1 4.527586543647982 -1.911673527209728 8.830213822902774 -0.8463441180753657 -0.3313927650608766 -1.115335671302499 -5.882989215005336 -1.802317413245486 -2.754217477394434 0.4073754346162496 2.236354214332817 359 648.6194670200348 2391 1 8.431182738102364e-07
 -2.895176642832662 0.2374357229611926 -580.7565112354479 266.9833560427381 8.090696851805477 0.06860097594620754 -563032747079.8445 83.26206323902414 21.29579812686553 0.06580451372607687 27598875493954.74 3045.907728310515 1900 191661 1 -3.121916630980312 -0.005481474720634018 6.577971434872725 0.1171403150150225 -7.398819058698772 -0.1498809100504381 9.709697171274408 -1.128277772169414 -8.155913218745861 -1.682181917049696 2.66394783450645 362 637.7103271484375 2391 1 -1.227052561750764e-05
 -3.26975402093179 0.1860324333220536 -20526.64238931709 0.1357231407981236 -1151605.381960868 0.08317458541595042 -54696261923.49196 121.5349172300928 29.8192031038593 1243.020159783499 -1886.059574645214 3087.827921497827 1023 191635 1 -4.162022761272517 -1.061749220914953 -7.225558062968727 0.8153528665803624 -9.065256560646343 0.6265081453822643 -3.685352579396245 -1.299301668062493 -5.968366894740046 0.5679498073847302 7.442790289574571 365 652.0721709728241 2391 1 4.081226293955864e-06
 -3.926941597321819 0.09530860664498221 -746439359.1811521 0.07485593207532422 -2115984685456.517 0.2119309470290968 -62465.53085611708 60.5366591463151 12.63666280700554 64089.84680818554 7369681.710843865 3086.98235969934 5112 191659 1 -3.89575484829072 -1.875260110131723 6.26239884198868 -1.446550306245086 -0 -1.661994874182054 0.430595544605243 0.4820226779200131 5.714751200694863 -1.465664492178821 -7.324065813859818 368 649.4848837852478 2391 1 1.245032741007589e-05
 -3.562973524079116 0.1397817607670179 -736193.9005848962 61.18223424109626 0.5957873242726127 0.248621715609175 -5522.363457468206 55.93640395095809 9.601459936216123 1.911107785457789 1.086752458048493 3107.920021786963 3235 191596 1 3.256623842678985 0.3084671821125058 -7.36673693731592 -1.702840372488283 -7.520294130211152 0.4240988871315983 1.049927676530575 -0.8738542852027962 -5.656779515015985 -0.5920537340364636 -5.420246596484314 371 651.7871038913727 2391 1 3.315560847118208e-07
 -2.784141944147934 0.08078929826762629 -3633731598.07903 2499.692629887112 155.2740892468752 0.1284593404394039 -18613009.58737016 5620.527032535551 73684.95863953045 0.3650460263684592 1505.357915291642 2858.098369764289 3719 127775 1 -4.425751186566776 -1.537742315255016 8.984038451977618 -0.6009448488009106 -7.144190478398503 -0.4001867615436244 -8.233393689667183 -1.17654697834266 3.001780511806721 -0.4291179649984809 -4.408012116404654 374 431.6234529018402 2391 1 -2.114487765407695e-06
 -2.956212393870793 0.03674150605238093 -6.667831719469171e+19 459.124813922894 34.97359790512669 0.2218038360733322 -17081.47822936708 1973.639783449133 8800.306130796664 0.0690187235135664 17045091870609.15 2940.717735355071 2323 127776 1 -3.903101110668189 -0.1486557716305627 -2.382118007114534 -0.2705336451338471 5.740275951201898 0.4824939622952379 8.130584416953479 0.4921438453456251 -3.893810769602238 -1.819643263018212 0.9724168581224912 377 435.2790842056274 2391 1 -4.132254341753142e-06
 -2.558319831925445 0.05928448432117999 -710068442083.2966 0.05436130994881761 415911288038661 0.1778224423001426 -82121.29722813399 20909.99790031965 1123241.351498569 61.52525237974594 11.97067521064902 2998.519434963302 2089 127772 1 -4.591591353126265 -0.6756559441889367 -2.369978520699613 0.3828705100019016 2.391974620874474 0.9264751372812974 3.695650499795253 -1.457790871306516 1.466064752492841 0.2307611876160886 -4.268985436388667 380 436.6120710372925 2391 1 -1.238283390765599e-05
 -3.285522545261522 0.2510073368455273 -789.5835577762922 409.2097733607243 8.7542263222181 0.2172316135783688 -13988.12381332721 103.1591985901223 30.53538349925841 1.977764597725592 2.426394117062552 2935.871082514963 6655 127757 1 4.494576329139568 -0.2076693075765244 -6.171945695362997 -1.956501782858489 8.610771135417338 -0.5223161245690902 -7.27587429296995 -1.236715409683155 4.2478470390473 -0.7395044264816155 6.855605618648295 383 437.3191039562225 2391 1 1.576046333329799e-06
 -3.569964040592922 0.08013332043705824 -4722848395.09401 51589.71005366486 52219.48228395771 0.0544078677966203 -5151376763777881 13785.23901493842 469304.1521421973 1.022502065714322 33.60084981075966 3263.775306502657 6389 127774 1 4.306521165313821 0.2012628968194603 -4.336931349452422 -1.155944791902667 -5.290839603040891 0.539217566467963 4.706680699897259 0.7882050237201685 6.329086134236157 -1.238844215344823 -7.644738832271031 386 434.1792469024658 2391 1 -3.580808307387812e-06
 -3.411050197084047 0.0917907181304332 -360447853.4932998 0.08158602096191134 20179345615.97421 0.3938902128880268 -120.7725243195073 11201.64456431518 216063.5259599506 0.8917556625372582 38.07916662714927 3058.122907529156 3547 191613 1 -4.251223981557534 -0.8548443708562168 6.534260293815208 -0.535640524224525 6.535359068114969 -1.882281181850766 -2.087994446309853 -0.2291685425899069 7.131696827469062 -0.2640127429270863 9.995356105321731 389 645.5809409618378 2391 1 9.610308178945329e-07
 -3.049219858725686 0.09202206451526189 -498584335.6272624 3852.964125115791 979.3344603041564 0.1083923918114664 -285690538.6291749 33.2586272726625 5.9637117086123 0.2826391426855533 15833.84010220873 3062.51236465278 1332 127698 1 -4.48448708905475 -1.176821301982833 -7.360190025737504 0.09138059654115423 0.6011250033453646 -1.772621886366802 2.201068410932132 -1.141405183346091 -5.905344124972681 0.9695504843931371 9.80209387042845 392 440.2299020290375 2391 1 3.718831776891758e-06
 -3.128686653971312 0.08895743837005619 -605824709.3305637 0.7450597709499048 -0.9229902979491629 0.2051842007906199 -42636.80969315437 261.1662421515514 158.4682119288991 87622.76576821849 7763968.578710037 3163.325091008411 3567 127745 1 3.513652441887522 -1.442525333517517 -3.43857008592772 0.0347460129136707 7.334362784267496 -0.2250143738772295 -7.417324964668623 -1.254737550674946 7.41258569551562 0.8135078734353707 -5.866065049135724 395 435.3462970256805 2391 1 -3.256933120441006e-06
 -3.05893692126962 0.1175966958639196 -8771147.10012944 189.9725243001306 10.30653707097996 1.600557470549635 -1.16439449323419 40126.66482577522 4362464.83763873 2.362822356013042 9.130200613829869 3108.202641815864 2082 127683 1 -4.433287340242654 0.03531779525712328 7.780460679281028 -1.708656798808238 0 0.9342995100098856 -0 0.4172581469539666 -9.305509480695768 0.118217603078469 9.120256258049643 398 431.2391910552979 2391 1 1.021973545351475e-05
 -2.792741531904521 0.08554559254405367 -513524812.8064544 598.3108245601528 41.34202731459897 0.1976727392969959 -38372.12107999739 43.94645872566942 6.610528169640288 0.7706276007541227 57.47877417283825 2947.598031595964 2994 191663 1 4.543325759304754 -0.7810726998924933 3.879680856785481 0.3472945588264738 -4.418835653758245 -1.063098823836986 8.785440635259668 -1.719987531804059 8.223333157425296 0.504915743245884 -8.708967907988136 401 645.9108772277832 2391 1 -9.111942840395365e-06
 -3.981795645500296 0.1110620529452964 -13587450.92797348 1252.771537058009 127.7726098220904 0.26457457351439 -3163.633029145146 6741.990446158612 104857.7857320002 3716.790937186137 42899.1068034476 3073.176230381251 2943 191660 1 4.5166134513039 -1.211735803219627 2.900502727035535 -1.534663433276686 7.380628869375364 -1.042863381321472 8.400727344262155 0.7945305439987553 -1.948266490311226 -0.7527278995581241 -4.455620754440804 404 645.7523739337921 2391 1 3.19824812669346e-07
 -3.536156717596373 0.1628307404878639 -21994.95404921527 0.3305110313409265 92.36199730459097 0.08680293016429838 -3503384308.535959 2928.494013935701 17514.43018682364 39059.25320530447 1915914.616302155 2953.623737823656 5496 127768 1 -3.98118830842788 0.7803692237904158 -0.5629942299519923 0.8142763810964633 7.861732393468937 -1.312836155895132 0.572045873022434 -1.998840195552278 -9.935951341921042 -0.5147542497406441 -8.881466228654897 407 436.3209071159363 2391 1 -1.739497159245286e-05
 -3.037437673138864 0.1036230289692142 -6796070.001418374 415.2563617813456 19.88143991416217 0.1358765412866639 -2006432.23872432 78.46743803723895 17.22579655072794 0.1499550673088616 2279526.196024776 2844.008762318858 1903 127754 1 -4.236239707378469 -1.928201832745707 5.579269563756699 -1.567732081360722 9.851400060044023 -1.805566831790674 -9.341948852448716 0.5787327227682999 0.4250644422131202 -0.9603104553914018 0 410 434.5053780078888 2391 1 -1.880571195513561e-05
 -3.330320064029054 0.06948560981046475 -521128781040.4589 0.1658212991457247 245076.9758734693 1.502394265162578 -0.9922428541540652 3398.834250560099 22927.75342878426 0.06311659877461705 2280357685462344 3090.46724478571 4972 191664 1 -4.425779748162096 -1.739620937154017 0 -1.418293676091923 9.888233032835943 -0.5557092348569181 3.476827502375802 -0.960999207025532 -3.78076698846607 -1.842709904525783 0 413 653.6254351139069 2391 1 7.939973927845032e-06
 -3.366878198477928 0.1120375369949083 -5580675.233835607 0.5293179719302027 17.21733501446895 0.3029998410549219 -522.9455772080794 558.0450787912515 824.7975321003941 2.173926439402538 3.925733115257376 3160.690284424136 2432 191564 1 4.228921710994999 -0.882659623111687 9.240240382063392 -1.217510314563422 9.602546191154886 -1.566189133429186 6.696851531029786 0.3532561029617081 -1.060622071212464 -0.3053350785091631 -4.636865176663552 416 649.6047220230103 2391 1 -7.975175848749737e-06
 -2.300421824804249 0.05798300157635691 -67078014712.05161 4.948845177062867 0.05330892164972417 0.2758111248163915 -894.3662645412838 37686.39311520068 3491780.278441119 1.619514082480842 7.59835235576341 3007.376784861379 1279 191601 1 4.391896009335534 -0.4908478095136344 4.987635084004214 -1.857324646866018 -3.946267571765497 -0.5756810244157693 -7.157171805784577 -1.357871485334647 9.804489260264335 -0.1393227631430439 -7.954384156704867 419 648.0383589267731 2391 1 -3.127219453779618e-05
 -3.100157548943734 0.376927400361418 -136.2973801764 0.04892361064541922 9.945845257140274e+20 0.7949158105194153 -9.686011167736655 128.8431862798333 47.7885268999905 72.65064466876044 7.883275837475583 2931.340804539607 1734 127775 2 3.705197596480753 -1.791014633835352 6.216964926016021 -1.323047911198906 -1.086088438521906 -1.848252775117474 7.428069415798999 -0.3466139004302136 -0 -0.133051719879397 -8.883851812432368 422 437.0449819564819 2391 1 4.27460455655172e-05
 -3.388817767283487 0.09619312423432115 -711835733.892324 0.3042758568191641 -347.2349251211087 0.2421005655335091 -18184.87233553258 4853.352259641902 53337.88420537537 4923.244408660087 57201.57948666742 2909.991465429966 409 175585 1 -4.565740181519693 0.6063434721858045 -3.066083177895781 -1.88349138571891 6.052355033957972 0.2092326308908339 1.001783172445131 -1.807818209344797 2.574371664785422 0.958373434934539 7.140169151344002 425 598.1530809402466 2391 1 1.059140122487582e-05
 -0.2012021324174439 29511.52686565608 124666.5011981546 1.882915635292072 0.3781589324969627 0.06452538983203937 -12785812337929.21 11059.61956910092 331022.5248817664 3074.770512249657 27918.88050841429 3044.533717392004 316 188212 1 4.44567901496191 -0.2832225589043187 -9.19942069514898 -1.04459437362893 -7.715782651598943 -1.537852258361522 -1.150148197112788 -1.862136768770965 -4.74991286783944 -0.1318741558372798 -0.6138931867488151 428 644.9148190021515 2391 1 -1.267028965644323e-05
 -3.235098760162128 0.1637010272588156 -13220.81905386615 0.2100400868763748 2445.645132241242 0.06871679952936492 -131941019163.2345 27029.80107739747 1457677.448395232 0.7257005974808426 37.07401205170092 3055.091205833523 1591 127757 1 4.641084286865155 -1.737231586507753 9.6167451565339 0.8180647168240216 3.177040613201784 -1.815992984703131 5.043076157923574 0.9899974580894133 6.676260114422951 -1.893502694500507 -5.944700564573367 431 431.2149939537048 2391 1 -2.92337114294914e-05
 -3.419812550402892 0.0536496052286534 -7810951190444.267 0.05283299030965253 538360749841073.7 0.1651740526714476 -179541.0494690647 52.39274906592423 8.270902954046976 713.8036818885043 773.3562078408701 2970.752168160283 3113 127775 1 -4.6335736241922 -1.727077805125143 -0 -1.121781886228526 -8.216069876649339 0.7705654573282761 7.85249113898489 -0.9151364576318493 -5.570776486718507 0.9472528902066624 6.750149554203001 434 432.1380920410156 2391 1 -1.493675157145997e-05
 -2.800603401076572 0.1062961409682611 -7343181.261998476 0.04761673312682548 -1.131134078263534e+16 0.1425304910809206 -1756915.616313328 3014.561558225935 19869.11378672069 0.1938706103026272 592583.3523489739 2988.198678348898 3842 191656 1 -4.30585430879436 -0.4142856915813447 -0 -1.362223601159505 -0.01077766857776696 -1.387163709849029 -1.518272229327437 -1.550755652308186 0.2443682710386752 -0.5003064719882095 -3.916479612769562 437 645.7219269275665 2391 1 -1.221127379411333e-05
 -3.343115602720734 0.07966535940816288 -16687353921.82451 51493.64581747142 242246.3531009237 0.2863584489116373 -1016.860481849423 71497.41272492423 11557174.65572044 88011.71483797126 10984406.05886799 3165.801854441024 3535 127776 1 -4.618155771689055 -0.3941652750474809 9.020415557598294 0.4239788791528904 9.552823038264327 0.5026705850788868 2.264402723720871 -1.252022804237151 8.32597460522755 -1.728923513543018 1.94097802561751 440 435.8196849822998 2391 1 4.295394069034601e-06
 -3.571839105936637 0.581942643378756 -2.528232250511999 1677.378944274302 73.61210077277433 0.2035315913544642 -49650.20624951136 12000.68161754851 392888.0221776532 41852.48513951087 3743300.215759572 2987.232716699031 187 113155 1 -2.055767419756834 -1.957894152021897 -3.869637266089465 -0.6325333632630611 6.029796232204415 -0.878934287626798 6.052331802737688 -0.3228463452685082 -7.671704899191823 -0.7286697598966017 -0 443 435.4494581222534 2391 1 -1.996265076165894e-06
 -2.925839149354384 0.4968334573496803 -8.138856792253662 2.631937357538077 0.198890006361326 0.04652112169636775 -1.666381148676521e+18 131.3713168148345 43.70708918898656 307.6337901839675 -30.73604683925355 2963.07664944299 1873 127742 1 4.220606256247464 -1.680647614849407 -1.30658788457459 0.486656749857472 9.948022140583394 -1.513459276614951 -4.303828607608275 0.1523368100717546 -7.175548970712457 -0.4592078940740567 7.085924138505433 446 433.5903170108795 2391 1 -3.908165975758396e-06
 -3.587159045080543 0.2013350858241477 -9534.508395532421 21.00613785039285 0.1594709445552681 0.6850217636735897 -10.74107608994482 14935.23546947117 605280.8847415495 3699.974564293082 41172.06982084313 3102.085376803098 151 120041 1 4.006565251543901 0.6078068955144484 -1.27712866304204 -0.3727592431903419 -7.744968917447778 -0.655978865984955 -9.607882735566633 -1.415614669596624 -9.981720917572874 -1.502455690143148 9.59727174343784 449 437.2242119312286 2391 1 1.336893076465924e-05
 -2.787062055323602 0.1147367229600496 -5083321.975821253 0.0635749144708713 3556778342190.583 0.2479377367031321 -5437.831333270091 4344.52927853727 36067.23444500291 0.3686562990039669 1590.905729779339 3179.935732999131 2558 127775 1 -4.352996335702662 -1.57729915104315 1.469249630538613 0.3238252520636577 4.973829816639074 0.9318298798795617 -5.714614012679959 -1.458729903677218 -5.300615089331257 0.3829493468031826 -6.129233155342038 452 433.9040520191193 2391 1 -6.786090743987893e-06
 -9.353389542030547 9.513700439032371 -0.211303881589673 0.2709299360145897 554.8267901847945 0.2108304046756493 -62494.76626962375 424.9425152013294 366.3931310405314 0.2646590811876054 -24924.51920199484 3141.668077407563 1384 127762 1 -4.337277846077624 -1.363568279024086 9.922384208211774 -0.2251836158115523 -5.367723726944664 0.7013950695104536 5.401775777600982 -0.8939648610029103 3.007191749250529 0.140373088851256 -9.922133753104969 455 430.0277831554413 2391 1 2.955395987993733e-05
 -9.774563758461722 10.05041539403042 -0.2097379972484448 58011.88101088426 736371.0705640655 1.888919616098894 -0.7691428232203099 49618.93865197208 5866112.203511253 0.1173946255901987 3242902122.324735 3067.729293453011 2364 191594 1 -4.630289614612873 -1.728985960225737 8.857858160757697 -0.7410461129714063 4.858195823805036 -0.03964836581496733 0.8657377587441348 -0.1393814456844673 -3.589885778817652 -0.9842240665418762 1.920031397604211 458 639.5694999694824 2391 1 1.448898124729084e-05
 -2.175626490448311 0.06541743329365902 22463660344.61381 271.0158078606757 7.860423691188454 0.06016335127901208 -25500112086781.08 1533.167321182208 6471.248562027606 0.8714042135817429 48.60907989170716 3021.641617048069 829 127545 1 4.548178486460089 -0.6378610161486549 -2.449470441044578 -1.208739115606358 7.661345829683631 -1.686674955954294 8.037286151771662 0.7956687881203974 -3.125526209734035 -1.432769850195626 9.812613537149771 461 438.4329919815063 2391 1 -1.832884509612809e-05
 -11.15016585563834 9.692870558544989 -0.2522106375410027 573.8310114438855 29.80333648047839 0.07577604430616849 -2922592588962.744 4123.966810019419 42002.40872709508 1.686155960532086 7.578676616197667 3161.433571737011 2799 127767 1 4.469053140208294 0.06936711904951479 -8.099834871288342 0.6712249609999952 5.571064511392072 -1.632738614589811 -6.458168031983693 -1.150938764088258 2.474876542989691 -0.4900041255945853 -0.1142486859104608 464 435.3460578918457 2391 1 1.281063981378277e-05
 -7.03946288675786 11.51757362404329 -0.135436331872719 1139.80711773164 40.66545104053385 0.2174275619747917 -10786.88662403452 3784.156898060541 32104.83208192764 2.465127342006503 4.943715579354719 2890.9113357933 1190 127701 1 -4.245667555309459 0.6833523318968031 -4.391066515889941 0.3565766938574026 7.507303912160918 -1.42128056685491 -5.731430532740378 -1.07420547578435 9.545779167812279 -1.719817700044437 8.09925444339347 467 431.5401289463043 2391 1 -1.811597471808549e-05
 -3.461998045280867 0.3165295064709822 -90.56280514237801 1823.993469823861 213.2690526904093 0.3670047147500919 -252.5980629704616 27.86276172461259 3.456917631438142 0.6073358283884037 198.9031563791345 3044.11296635234 890 191572 1 -3.775807660032911 -0.8041873355587228 0.03505912587426074 -0.1359945414698309 6.175067434116767 -1.758585206708195 7.435882445155444 -0.9401161801178404 -9.740094857794903 0.9731220809869621 -0.7028114961063112 470 646.0810949802399 2391 1 -1.413330389263972e-06
 -10.17536569814881 11.4942138868113 -0.2511870979702468 58.92320315265535 0.3245104321265934 0.1261602871741555 -8272684.180470827 3831.022852274386 38475.65423375488 2147.62990804374 14500.62992338021 2988.683690466966 2209 191633 1 4.531151840987756 -0.01638756483073854 -8.473012556252812 -1.029206860743685 5.95455919328146 -1.034501556799682 4.89676345139622 -1.599521130221113 -9.720574899638756 -0.4430279618835523 -0 473 643.1661131381989 2391 1 -9.372896874273346e-06
 -3.239701312320844 0.1822655638856375 -76980.17128380298 57699.25668472257 407126.915113228 0.2000118095316933 -219608.7161895216 25239.40415174255 1714876.731148178 0.7116732472916316 253.9723751246571 3191.02912999268 851 127767 1 4.471176877091441 -0.4650822735314248 5.11033301117271 -0.9955019928656839 -3.974531221835237 -1.128184209873995 1.305393851738603 -0.5462979711229909 -4.675918737305924 -0.9625049172000271 -6.643749137701824 476 430.6695690155029 2391 1 2.767266924999589e-05
 -8.767842600199325 5.952348611328524 -0.1860065993461127 3276.7140563216 1348.900087586105 2.270245955765035 -0.2482289318861826 1117.641096231836 2869.092930353046 0.0565281693031087 7.482608465861274e+16 3147.810311992886 3850 191663 1 4.067036435135077 -0.1382843418398565 6.081374726458912 -0.8946560838552289 -3.05053483354527 0.298518187892736 -9.962209619966961 -0.7964851510206188 -4.789216808981643 -0.2608448109377157 -8.85414358846881 479 646.9057040214539 2391 1 8.371445456869703e-06
 -2.471810015504253 0.07243335166117998 -2075849999988.203 3.499934117806295 0.1561165345060548 0.06384972291137139 -2752656053131590 240.7031734196483 140.7703987210124 0.8848799833690486 74.65386599844808 2798.506261993671 3528 191663 1 -4.439400228663747 0.742139556002813 0.8118168696489931 0.7948608442263505 4.206300617021801 -0.7092946141533343 3.969183515987362 -0.532546001408793 1.584334810074895 -0.8972793758602791 0.1021217171546702 482 643.8175549507141 2391 1 2.427763278148196e-05
 -3.8474274152203 0.883045133481539 -0.757253371745958 0.03635100526710434 9.997998931695939e+20 0.06962470273930725 -1181541680614.597 44.92680140775156 6.772996632280519 0.1070519564573676 -622689134.7645481 2986.707818912241 2225 127517 2 -4.201469076481211 -0.01606198636948624 -4.521002666262723 0.8067526856911527 -0 0.6000095829064618 -1.295665274148764 -0.7778405616480857 0.4442159672465458 0.4059920480446521 -3.414611454025804 485 429.9936800003052 2391 1 -1.390407467018794e-05
 -3.199384851046456 0.1036975882851981 -116049434.8210642 2155.055043876646 195.5671929661229 0.1469120200394864 -3810948.741702343 32402.78329628949 2587806.312346026 1.079330423627442 10.39491652639229 3138.303429730732 2791 127759 1 4.531336005002315 0.9242638904094117 0 -1.240557170339262 -5.469518664436523 0.1920803753404736 1.898756893774729 -0.6750725912300668 -0 -0.7576032812016997 -3.578460108727684 488 431.653223991394 2391 1 1.218715417697734e-05
 -3.231172316341059 0.1454611432381553 -587551.4833761468 1891.237646078608 273.1128386530761 0.1986525896969322 -55771.22516196356 3128.474521874577 17112.84962150339 478.7990184926838 291.3596010509348 3116.885681859462 1450 127759 1 4.645276994411889 -1.906251614444961 0.8217530858668858 0.6307495585349101 2.462800199935436 0.2741559100870345 -4.111770341881123 -0.9575089392112242 0.4443545348837792 -0.06981396386457832 -2.846437528155483 491 430.045086145401 2391 1 7.597731785797016e-06
 -5.755288040155874 3.076125626816308 -0.1360530151971254 5792.838090850059 5228.332689486582 0.04796935533243984 -1.048592716580632e+16 77954.40623705095 13585821.64992749 0.06373051331550243 7424564101474.153 2812.52787191943 1741 191628 1 -4.547466733751764 -0.02893994297629556 7.303550908279655 0.8580525719919803 -2.921799530185207 0.5619174809503442 -0.7803472609693713 -0.728087575154543 0 -1.813165480716745 9.421200458056653 494 653.1552560329437 2391 1 -2.10252333280893e-05
 -12.23385860860451 11.10790325955685 -0.3206021930751206 1106.533605018211 52.22512049317349 0.2452350394980778 -14165.15342729531 82999.33470809663 19349981.28433314 0.07100073053699968 285168448703863.7 3160.631939151482 390 175680 1 4.270959335206166 -0.4200408317908658 -2.901179668980763 -1.018269444979421 -7.86862575373739 -1.466229456553622 -8.300905190092765 -0.9813094164168997 5.144134010810408 -0.3928137474510187 -7.280126829796442 497 595.6364970207214 2391 1 1.761831775877928e-05
 -9.697757772922627 9.002629351070059 -0.2057753081577357 93328.65390664153 715777.1428542591 0.3240423439476223 -620.960238841522 85.79096922976075 20.24994482893291 0.05423420169221605 4552020318742746 3063.685500197328 2346 127678 2 -4.574287764008949 0.6212376683906102 4.878521227447553 0.6038814949997824 2.090975063262275 -0.1765102721235268 -6.788721220793182 -0.8781606840518075 1.677125247462615 -1.854341815992791 -0.6887864922840476 500 433.8626220226288 2391 1 -3.469146760886282e-06
 -3.247028477370493 0.1744612821520213 -6730.357047306946 109.1661620099869 5.424137395503775 10.62736721895212 -0.3009869237265958 283.334015602416 211.782882118506 4520.660864953566 24972.08301065077 3173.872181955539 2855 191663 1 4.524831499050762 -0.2765997658154467 -0.1214450641319895 -1.724437452555613 1.549243076943348 0.6731845749468603 5.856268002659385 -0.5867016277007471 -2.763610086464965 0.4608437382024579 -3.551555398129306 503 649.2212800979614 2391 1 -1.235598172281322e-05
 -3.44167102461545 0.6099212866027367 -3.983070806602281 33.47657534989026 0.2902371275488351 0.05805381365346875 -6204693250532900 1775.157975939486 9594.260472849355 2.545266293523713 2.969945605934989 2745.243475055275 1090 191651 1 4.496164304740896 -1.831892253252732 -8.307818514681969 -0.2998542307606664 -8.579506722479769 -1.345899436242118 -8.104357543210535 -0.5399053155912608 -8.873746460783632 -1.171393805354257 -6.016478099541056 506 651.9219980239868 2391 1 1.550077556025326e-05
 -3.191989940897513 0.3947662047487311 -12.6659224207771 335.4323337067286 7.478633514929142 0.1729850513913252 -18974.93147634108 5266.925018493399 48509.22981345744 0.0400780902460873 -7.442142231823552e+16 2966.354456187473 3374 127770 1 4.640214412608525 -1.266622758637304 -5.998276315380767 -1.766179642931529 0.883573570467143 -1.922894923531176 -8.315852315882815 -1.950873807938678 9.670375344053413 0.5881331144391231 3.993371248539032 509 433.3930630683899 2391 1 -4.192367052694201e-05
 -13.78851528510525 10.18479291379953 -0.3416799837040518 0.733629978820532 3.0190533102613 0.3347334900799496 -387.3207985922978 2892.410972408182 22358.86292750564 3101.069687842648 15333.78837714242 3103.779490958637 3505 191664 1 -4.377439125762596 -0.9938779542009346 -0 -1.871594050287945 0 0.4359578282701842 -6.474821456262604 -1.624545855218968 -9.719781129142321 0.5730342046018926 -1.999901876010096 512 642.3302807807922 2391 1 -7.965825202713301e-06
 -3.581758031308226 0.1740729715948757 -39707.38831549769 14372.48754141998 16203.13671316731 0.3140075919026297 -436.5269873789179 78981.03573225372 14535329.91050293 2.108279861883698 1.961928314145355 2891.574899408248 931 191639 1 4.376304422987056 -0.9623438417292611 -8.003081001491774 0.09116890508637171 4.482281799685239 0.6471685956564688 -6.50163712138841 0.2552128705004852 -6.609214057658088 -1.689166712649154 3.015360158301436 515 649.8347129821777 2391 1 -3.056403108526101e-06
 -3.234589764805777 0.2510833419982361 -518.5693660224899 0.04904065190694896 -4.192939428341668e+16 0.1692378619984373 -220791.6709115871 123.3116730429028 33.94555825518177 31926.50762057864 380006.4574067871 3022.238982896471 1559 191629 1 3.335003732830926 -0.1209988544956362 5.955870858679429 0.9061779249130599 -0 -0.9402632034502947 -2.306115266098515 -1.968700836038573 8.608757373860072 0.5176788267388166 -1.614231857672753 518 641.0079860687256 2391 1 -8.377881539161241e-06
 -2.184446528380962 0.1574501451300758 -13261.46570801401 15988.88362952671 20758.08690275963 0.04687119483357596 -3.029517331987433e+16 497.1073945042737 761.7785618115042 3.242276337235699 1.029499030432371 2983.734387863369 1178 191515 1 4.519579731324617 -1.271155135341658 2.935009172114935 -0.2662648070329707 -5.567544443159105 -0.9422140448002363 1.579836791959253 -0.9214240822168609 8.347110302564499 0.5287084725888458 -5.779463375574827 521 656.1743710041046 2391 1 -2.052090410178598e-05
 -3.607728123595171 0.3407630274248348 -101.2682193075289 48061.30680010479 406343.4345406328 1.525729705233971 -0.5589620726491453 70.56870407465715 14.88514909456969 6.236233905030916 1.027355899717751 3043.172151244259 1078 127727 1 -4.196506278694237 0.5378895319247086 4.033226221875275 -0.02481720047913874 -5.33980832246795 -0.4167233447688456 4.896469577423679 -1.981360438938637 9.757833130961206 -1.469866798594225 8.893829974027629 524 429.2034459114075 2391 1 5.114269167975644e-06
 -3.886939827946293 0.4119244989014998 -41.60995222908968 1.886019797764733 0.2767858903923983 0.2509179582765521 -5739.86646570941 1398.985961404997 3991.4945544966 5.513833107116414 0.3944924381097967 2827.974232770549 315 191598 1 3.987716396665633 -0.1168556913281433 -0.5266154045985605 0.733988560375237 -6.630831325140273 0.8062561170682567 7.4327883278612 -1.948373186997657 6.181363768823634 -1.049887176829957 0.3530439741036959 527 650.4501440525055 2391 1 9.541137233799266e-06
 -2.77784380931222 0.09739385591177448 -71611569.53138596 3.075497340588696 0.06878190836606476 0.07048803127556043 -1499443771265.77 551.4167815372765 834.2849472999104 60.16528504356569 16.58705199206761 3098.931930186678 3361 127773 1 4.030990678313457 -1.801799167427545 8.702310411259337 0.8800125779482864 -4.904282698188009 -1.060471285355866 9.881773106663498 -1.286183438962818 -6.928093295396769 0.9550861014695613 5.656991999087849 530 436.5328090190887 2391 1 -7.250525203130482e-06
 -3.394179819261711 0.2117497818130288 -1673.582225810793 0.03622070031803272 9.951497440421123e+20 0.06515123210157177 -3027327561141.03 6775.311920329164 89823.7466454136 0.4583818865859497 437.0795700439661 3034.730281209229 2267 191663 2 -4.538068284868208 -1.639724259278755 -2.714481294033603 0.7764865652146042 -9.050944361093704 0.0868676194141576 -9.54483113471686 -0.7121282801777112 -0.8938360807310941 -1.822928435351291 2.39671484234105 533 646.1245131492615 2391 1 -1.3033098477579e-05
 -3.679247352611351 1.040844883214939 -0.6353002098161389 71.05526175873345 0.6634439269474894 0.7643611778761547 -7.477128181449456 96798.73177498496 18657741.84545952 1.505872171075645 8.303656251862851 3108.049561096124 13660 223604 1 4.551447933724654 0.7508634535352945 -7.63371782312243 0.7448211818405487 -2.838455347820924 -1.21068934374642 0.9353471230751786 0.2864396138744931 -0 -0.2324341329111892 1.964457616429568 536 759.1941330432892 2391 1 1.670552885841165e-05
 -2.622486739039387 0.1426096196340073 -207014.4873581159 260.170897764339 9.46082535452571 0.05859399230107235 -75358203221680.78 80.58455869770486 21.50683352906703 95973.222962021 37246043.77973406 2924.2935961881 3278 191604 1 4.382145674701674 -1.565524630619092 -7.182759203068532 0.4266418881599048 -2.264354603448138 0.08211016844750632 6.811903000006586 -0.4776008602149364 3.739776892268763 -0.2764040239642363 3.486235334994202 539 645.0147068500519 2391 1 -1.073151518975207e-05
 -12.64385171463861 10.99081113673273 -0.3194899791297509 15025.22662543541 12380.09232825466 0.1508303064955697 -1395918.267474456 325.697644164865 199.4010018679658 0.2398199595851171 -76872.16387274665 3272.6814020938 3983 127775 1 -4.57000023277803 -0.9700381601752346 -0.9628790175565061 0.3103903719364687 0.7203913314024009 -0.5852889632364269 9.325341039247464 0.8663624125339915 -0.7967760578690859 0.5890101463936319 3.250346098832384 542 435.6059491634369 2391 1 6.997127695712188e-06
 -2.826234561724215 0.07044536669941892 -66856950089.68359 0.03905820278984664 9.972285493456011e+20 0.06399399606249057 -77007490609033.92 99.52184638048445 31.10041727521088 0.079936995563021 875027402896.8405 2902.766304397045 1523 127700 2 4.533393704320003 0.393007028372037 6.751084878297601 0.259449200531459 9.655342669063739 -1.977160989982073 -8.574451458746784 0.8964600297572787 4.868495677723731 -0.5079977705263348 -8.864047974628109 545 431.3305201530457 2391 1 -1.660690808891786e-06
 -8.100730007141106 11.93970385510053 -0.1810955237102584 152.6506746919843 1.203707851723393 0.1775805824301638 -109053.837366852 4.035164489262433 1.888878119333884 0.5451737438961595 615.3307051941571 2907.894939417867 2411 127755 1 -4.465338073306174 -1.655424761524624 -4.186036052943377 0.1194401048727128 -8.418231300365829 -0.8636931212451939 -5.041523154056749 0.4766322879678539 4.184468794277194 -1.619079736490815 -5.565542287999543 548 430.2241530418396 2391 1 -6.34907764294688e-06
 -3.06211707918915 0.08603731314967725 -244707266.5484401 360.4313251675379 24.91214501241105 1.813561231942715 -0.5189672162461023 751.0800578408207 1160.800756847668 0.1175005300022997 76785080.98884723 3022.79985449449 1812 191568 1 -4.69302899544522 -1.369312902272132 -8.822487198549267 0.3946745505768403 0.9727331980440841 -1.626773481877288 -3.34357508704007 -1.263815671971644 -6.268327427960775 -1.664675172233664 -6.677705362199419 551 646.7488691806793 2391 1 -1.434958449524894e-05
 -3.240659538754318 0.1922946002443208 -10876.59208485382 1862.557319260818 300.6101433865767 0.08775328397677316 -87146662288.01756 48499.47205772621 4928693.719544865 0.1184450023027787 296410605.2969692 3054.997222716247 4672 191660 1 -4.312273477238501 -1.981724190462089 -4.046046479321929 -1.30440787150089 4.737553041529635 0.5669721382212431 -6.55283091427513 0.3204087478340396 -0 0.1665329136641982 -4.314458880669076 554 646.8192129135132 2391 1 8.881746261229204e-06
 -3.919921733465348 0.1198801338053858 -2650165.937594853 0.06561366442862746 4473636862127.732 0.06359317478188542 -30065615030591.97 5387.009979770191 64491.33780409522 1.261727927247552 15.88146756948962 3093.597698450288 1950 191648 1 -4.518141239509784 -0.7025070887232125 -2.334043639055715 0.4035233091462791 -3.60925982309864 -0.142584337690538 2.999831999860663 -1.792423879052632 4.496948145812512 0.03568725328706351 -7.067538541637528 557 652.0439400672913 2391 1 -4.480155909563936e-06
 -2.811751960090188 0.1051438513802893 -63415673.46602944 3749.394366859784 953.2484847958679 0.3829134832935328 -245.6370066746937 190.9394287613679 90.78995560190691 4786.641009824712 11348.13941311016 3068.068288051928 3070 127768 1 4.618180786531978 -1.990129081414693 6.345161519654501 -0.03656725027635856 -3.175035103281414 -0.7601969036143235 2.982719063713487 -0.3710398540937234 6.024348248413512 0.4225262724238412 -3.02474671021462 560 434.7025399208069 2391 1 7.571736996913232e-06
 -3.463674252835938 0.5515619301388395 -5.878299833827684 2263.37562461784 1625.678862198139 7.650716609594287 -0.2197917577517089 7455.396130262026 119738.2898139032 2714.613554701794 15622.9999490595 2963.145795238946 117 184622 1 -4.420009374124618 -0.645287991808047 -6.452662032690672 0.1320867349488042 8.182267784254439 -1.535551995793137 9.02596062198019 -1.322921640335679 6.822922951612924 -1.84250238086063 -4.403894096293028 563 648.1158709526062 2391 1 2.01246272126483e-05


# name: injParameters
# type: matrix
# rows: 1
# columns: 11
 2.02 3 0.3 1 1 0 0 0 0 0 0


