# Created by Octave 3.8.2, Wed Jun 03 22:16:23 2015 PDT <charlie@dicke>
# name: outString
# type: sq_string
# elements: 1
# length: 114
Slope	Lambda	Gravity	Lambda	MagneticField	Lambda	MagneticField^2	Lambda	AttractorTemp	Lambda	AttractorTempGradient
# name: op
# type: matrix
# rows: 188
# columns: 31
 -3.156432094949361 0.06667994886435061 -291090289784.7483 2.488350277585514 0.1031124436053701 0.5159375015653893 -43.25355536472625 93.96574053356879 27.74030214804319 1.729090684381452 7.887156729249919 3015.373719515463 3147 191659 1 4.50176532032101 -0.6696756655383265 -8.627757751091355 0.1445517845473122 -1.653547234646243 -0.03185860170163222 -2.136889306367269 -0.3190893887335254 3.067001722156138 -1.03011735886678 -9.406986527291552 2 990.5508780479431 2391 1 -1.847155656345077e-06
 -7.495934403789209 5.798416039994864 -0.1307042340341212 115.2036927227302 0.8813753724361145 0.118719231983033 -197221952.0214717 80105.61569461897 16478468.58051348 1.747327662908536 7.849247970345886 2986.945964623351 1434 127670 1 -4.155870954330049 0.3565156370989828 -9.980484928794827 -0.006997055900683401 -8.176772315993421 -1.835540998928678 2.481323365913432 0.587671709716918 4.014987425748941 -1.383787912638547 0 5 550.5305778980255 2391 1 1.133850365112953e-05
 -3.385659523128694 0.6526416511393162 -2.279281644174615 1723.585793886021 398.2037496988405 0.05137185680371025 -1.817772598705512e+16 5775.881184636923 85569.58677908538 2040.020084973282 6985.534759203791 2795.575971174778 895 127741 1 4.54738030740573 -1.235353761058748 0.8502660037737915 0.6249941822099014 -3.809647620393737 -0.620600187636569 8.822531604800762 -1.608419129303828 -7.825977670835002 0.7415711321778535 9.322720501340168 8 548.9719219207764 2391 1 -1.054548885693256e-05
 -3.423680565818063 0.06170790017090402 -7653045490758.367 1.420854993789741 0.43370716805754 0.2538038996269649 -7371.389303672171 12.28775103697593 1.541634532288104 0.1094067470471841 1821963202.164258 3182.59221082738 2585 127776 1 4.415924437729687 -1.985970173582484 1.764629357405298 -0.3430803085112082 5.945414279021479 -0.2517949288580681 1.298574922047207 -0.8799874546880329 -3.732726122147814 -0.8055813528151017 9.986397854826777 11 551.3513789176941 2391 1 5.176544673467155e-06
 -8.557069579992858 5.655294289193343 -0.1535834878892226 0.8191739043130702 2.353269397090783 0.1928617937783427 -74372.73402483074 3410.342098839319 20126.98391093606 0.1082788062650666 1654529872.620662 3140.525636557235 2238 191661 1 3.036009319300523 -1.895300824558178 6.848504132309363 0.8292818424789115 2.224482353303731 0.3137020400132778 -4.870372408151129 -0.4959466480650834 1.811174870060286 0.5211089994888445 -1.878464681030615 14 818.8438189029694 2391 1 1.4522787127222e-06
 -9.543359827736808 9.582385763349592 -0.1923273137811204 1.399413081454741 0.779949816336321 0.08598065983832658 -128579350089.7679 2047.6054409469 9519.679609654466 12450.04018875113 381459.119612937 2980.199904679788 1061 191662 1 2.550689148584635 -0.7900338613842167 -8.292461437571102 -1.441799208630989 -7.491322832794754 -0.9328481625517213 -5.112926392744214 -0.6756510883365845 -6.449509987574479 -1.596694576634383 -0 17 817.8631749153137 2391 1 1.673276493337992e-05
 -1.109330973311669 607.6459072478146 40.9785756633836 1.38998314224987 0.4143166759889668 0.1552563997362046 -989226.5939660883 76936.29402657544 15606708.02917815 0.0858719840253384 126423863228.717 2955.167611170233 2552 191635 1 4.686331707921546 -0.8798274905307215 0 -1.626502341039852 -3.873870462449709 -0.867594374112322 4.788680414799175 -1.355332950681156 -0 0.7258609712423252 3.078778009451206 20 651.4554870128632 2391 1 -5.921429166499959e-06
 -3.400722235865887 0.05024749528783506 -1.013393435368306e+16 0.1193951007865811 -11134773.34083374 0.3065483247444219 -1674.293346761206 135.1511789080207 55.49518618852204 45395.27982061951 5436787.171947848 2912.000323439257 3451 127736 1 4.408837581196116 -0.7281430092575789 9.544739800527987 -0.9771051312643309 -3.676603855945159 -1.820374158614304 -6.400146196260085 0.618757698054496 -9.324775982500118 0.3984137900133282 -9.037596951402447 23 437.2387428283691 2391 1 1.039119603214333e-05
 -3.232525355792355 0.03866817606109746 -5.348269798876309e+19 8771.678328127511 13103.5123268701 0.5250012449155219 -49.12722940542294 89479.0454493251 20818928.76249085 211.6351643227313 159.2845160028412 2974.059794296959 3186 191661 1 -3.974990089356431 -1.19148754875307 0 -0.9938704396837155 7.28539509286616 -1.044519783861272 3.753713782810025 -1.887397124099078 -0 0.04450693409290674 2.502690577809679 26 646.7780208587646 2391 1 4.386430238854285e-06
 -3.50817653864604 0.05933493045665195 -4107986041779.375 1.808348661956717 0.2217438709376313 0.3052278857544555 -850.6522422610036 105.3013749465016 37.09258237894828 10005.17955931893 57291.57764513471 2846.25319808589 1253 127486 1 -4.178050084928655 0.8433931259292704 8.863623523538818 -0.4475144439810013 6.150248314232759 -1.473547787561554 -2.693050047838921 -1.256849143398797 -3.798941465640077 0.05892435248098684 6.808826852836262 29 431.1750750541687 2391 1 -3.994034428328766e-06
 -2.954913376435004 0.076942734372663 -22637353337.51071 34960.56858018073 87458.9127812128 0.2540376828035473 -7051.936713493187 272.942811016487 240.5834598339365 4067.443587368492 45890.29460001771 2905.226136237048 4070 191635 1 3.970957643420747 -0.0371383916521353 8.151590814254671 -1.771020035036853 -1.490340492863981 -1.09488940809322 9.935775618099489 -1.291848454013147 5.271673754978271 0.631182906740325 -8.844778792280206 32 646.4701302051544 2391 1 1.804817373630951e-06
 -3.651824983174543 0.1804167487714022 -18671.60567853418 1.98169956923477 0.1537547319455153 0.1615329310243792 -361230.3006524122 1962.498187378932 9097.144682458107 23892.68745532095 1091823.263657469 3041.206585143547 2628 127734 1 4.62299617934381 -0.1472193214817983 -8.802858937558206 -1.106362353361037 -2.823038647116641 -0.5260384557276119 -0.1353556932943722 0.4204061407361013 1.061438447018145 -1.163155538031488 -7.801673085703452 35 432.3364260196686 2391 1 1.656868565739222e-06
 -4.988172159315299 14.93644609310164 -0.1117162044037156 1753.409505860377 252.5056031767432 0.2370495320762195 -12407.77387431552 65.63650711847974 13.38337689625734 0.6249088152992255 203.5107710371564 3125.655171062348 1042 127704 1 3.952201109485386 -0.8371278054466149 -5.004096761484069 -1.320341839711782 7.286380276581999 -1.746447536307797 2.812332958610119 0.7862155839859248 -4.570716655381688 -1.544595720113327 7.746500528473163 38 436.15420794487 2391 1 1.329901790162624e-05
 -3.447122082258365 0.3129235872999955 -152.431197359832 3.155277141176992 0.09102264347982345 0.4815571819135498 -60.17469638100049 5534.525593410627 76972.96611185487 1.594398742455763 10.26799199303867 3097.066473813287 192 127202 1 -3.773683061504866 -1.336669904682279 -7.101286199103965 0.06886556138362376 3.590317068155449 -0.9688005795067625 0.1086107448965681 -0.6998809217098749 -5.576267395698891 -0.8724985179064007 -0.9353283414057136 41 437.4935948848724 2391 1 9.259207533391702e-06
 -3.197381782428397 0.4540282045579079 -11.09931164184694 363.9360081449326 18.52924699448764 0.3485860696860746 -481.1597082120747 536.7054535035036 704.8519927429298 1673.942290944057 2748.212015965278 2961.349833028065 1809 191648 1 4.473334818701277 -0.06985151554391415 -7.438220102227779 -1.202734488200472 9.05365999634517 -0.668240628237367 6.124799102017707 0.6321371271768732 6.766839249610858 -1.970213012067513 -5.01564676222227 44 647.7355852127075 2391 1 -4.869127935128459e-06
 -7.442692500975738 9.571801115145041 -0.1238144426899649 1103.375567311742 122.2570171690134 0.07026159539973087 -924286826867.8802 1306.736737309311 3682.302077668852 2.738222945409263 2.446173948434903 3109.538966866251 1917 127707 1 -4.242624649159878 0.2161260464418144 -3.225389232620769 -0.1718273252269444 -1.694032681189678 -0.1095962698404005 -7.323884855949618 -1.086236393992492 5.247336095034584 -1.771624622217594 3.485637484738923 47 434.0352680683136 2391 1 -1.3362562268371e-05
 -8.426066060550948 11.46550710486273 -0.1708572049681632 58373.06075006706 345575.3300289939 0.2891659480201537 -1288.168343049223 1967.684641737862 10441.19360601623 1.740569138846951 8.756733862571023 3215.796045431194 1905 127768 1 4.666761613469108 0.490324384138666 2.894814027344298 -0.7624463853374692 -3.58609766499008 -0.6353745360317102 -7.094845465434691 -1.040704800040391 -3.163902752430854 -0.4030901427582246 6.845009103521136 50 433.8202040195465 2391 1 -6.829890333667764e-06
 -2.984821191333247 0.1159980842706329 -4099717.217191364 1845.898541218038 264.7162822708721 0.05004961304669233 -8.366514946591798e+16 69082.68688602 10004500.17966309 0.7713872459489308 58.14523402695222 3024.192485485359 2783 191652 1 -4.427135508490077 -1.921542615362821 4.786914157479104 -1.008403679426531 9.563447072420967 -0.5293319468191395 -1.098364214722531 0.5482096867233293 5.789058556434834 0.03135414890656023 4.112435880989008 53 648.2188589572906 2391 1 -5.796247943755296e-06
 -4.089734899587625 0.1838320671258638 -65591.23174854585 890.7372777297293 166.1901097674038 2.306908525530408 -0.458187905410233 10131.53458511561 183655.6867592171 0.2347248948053262 102862.8117241655 2970.388446739827 3724 191616 1 -4.692018344211917 0.9810184502379684 6.384679856385681 0.4072422995108385 -6.722381836993643 0.05864613811510644 -6.238760310357709 -0.309915719689025 3.136018844578626 0.1868067601447225 -6.429932134097363 56 646.1913418769836 2391 1 2.239172219339873e-05
 -4.224101129951564 0.2022769112697343 -6859.102045488387 0.05641815740861816 -6850156369730189 0.2481005392389515 -10332.39126083883 8260.168850253398 151997.8290874756 1.174967922482305 11.41578283705988 3067.483812058108 5269 191664 1 -4.556879058700824 -0.3557672293698326 -3.180749089143008 -1.860063242323823 3.498874392630565 0.5015019771071922 0 -0.7812762871784331 2.463574134811958 -0.4964557950868063 -9.925494238415986 59 649.2924897670746 2391 1 8.491682752360066e-06
 -10.42391147283732 9.366969402887346 -0.2256406580199214 0.2367059791914267 1695.052171824451 0.08535201562489506 -29463567348.76296 639.9906085218108 1115.301101136625 1.745479779990997 8.698385618502952 2979.223895625106 1970 127707 1 4.399749653471231 0.3559386586051145 6.689957281585055 -0.9188848041237048 -8.412615139784091 -0.0548596594495639 -0.5357709340776347 -1.75789682978905 -1.88188813959437 -1.757686943977734 -1.498687964775042 62 437.906464099884 2391 1 -5.34784086890797e-06
 -3.46763308927423 0.0427107274962838 -1.36748444326606e+16 22247.835007847 -28173.03925936536 0.5879246500312355 -12.09834489578788 9816.923742264038 198155.552394754 0.03934648025108422 -1.378287351636645e+20 2952.815591155604 1606 127770 1 4.469826934768879 -1.423379051502882 0.2837308475259253 -1.737708396193527 1.83989876116083 0.9725103354923013 -1.80614002550416 -1.586150782210978 -2.353612725087592 -0.5504764068706649 0.8582370825888397 65 438.326287984848 2391 1 -1.491358380982268e-05
 -2.708669766192966 0.143890886227583 -608186.8365046214 1355.484446871623 275.6855738643206 0.5990673714885701 -15.38284359795651 548.1016360932471 614.3423917852218 1.237011702455296 16.82137731510243 3062.571447425818 2660 127765 1 3.316239518518283 -1.042116365138334 7.94863914619854 -0.009525464271370694 -7.488017526117799 -0.4942938001464618 8.603670579816097 -1.466262825695323 -3.767212980056232 0.3286429932661856 3.274417281827848 68 438.890392780304 2391 1 4.607320668420116e-06
 -3.176016880291729 0.09801337841861768 -314666253.2307402 0.5989294734875004 4.285627888995921 0.0547951230268438 -5.436179851898345e+16 74.89754672871977 17.09725637112632 0.7753819638279011 90.95383271486831 3064.116772150533 1280 127761 1 -4.60470724933306 -0.1571582254888408 0 -1.56757873247204 -7.425941984458335 -1.83129264168043 -3.074845743070209 0.6651397627379234 -0.8822623951116406 -0.5556698287809221 8.957563427603942 71 434.9525940418243 2391 1 9.918038532682034e-06
 -3.374140542819986 0.06398730207067624 -196591870559.4149 2.292391585991691 0.1357847110882347 0.3519300883695894 -267.8063764669822 5996.19162742035 72551.01474934023 0.3298335908614184 4446.125988787391 3076.00809481256 4786 127775 1 4.414283463350262 0.1147914430190871 1.095500698519643 0.2987152863990276 7.004131728302482 -0.5405843467623193 7.430014563032296 -1.530863001554913 8.090101900658805 0.3207182928966219 1.00692967094163 74 436.7999188899994 2391 1 -9.891851971450888e-06
 -11.86193041049835 12.1919101858778 -0.3210316157691065 1800.486439283204 164.6287492843591 0.1098693296485862 -357066677.6097653 28.17862846672222 3.638070293878302 47386.94199857618 667154.3133516471 2981.454566763357 1496 191659 1 4.44501326030796 0.5772713011281851 -3.318018378301973 -0.9237198369893935 0.28449289716287 -1.196356139033549 -0 0.3644238546811884 -8.321705736477417 0.614327595158537 8.791457475666828 77 653.1018710136414 2391 1 3.597434761460602e-06
 -3.505875003686266 0.5723726880155895 -1.366667375143338 1.156178875930904 1.023902985487589 0.4785216488024334 -51.96097801984108 42.0970807021592 7.162044002409013 0.09786536216859236 2645077066.56007 3119.63396041794 1901 127772 1 -3.783863211742329 -0.7358290170389861 7.358531392520648 0.7580377398188114 -0.3948861856559098 0.3860372922152013 0 -0.4062844661089571 -8.770669893144635 -1.439403161535353 0.1436309499917954 80 433.1971390247345 2391 1 -1.029503555753322e-05
 -3.953951201635942 0.6728938643211695 -2.150458221615859 3696.239805562368 1044.638886230256 0.2290084923699174 -1595.939221035128 2971.078444311053 23382.49461896482 119.9092781236723 37.59718904066368 2890.628689758619 1121 127766 1 4.518485191101051 0.09220178562285633 -1.008460279506636 -1.306372065369097 -1.627650834633061 0.1603835443995969 0.1466837372423795 0.574274023756475 -5.122662140686114 -1.190656638127644 -2.347801333952289 83 434.3057119846344 2391 1 -1.204743602938785e-05
 -3.240859136724658 0.1054457672343253 -21474147.76771365 5637.715550987647 4077.560517722157 0.1829231248083346 -108271.6677993654 306.1321019872584 198.2070371338669 1.005572154786302 13.90302471612199 2982.473193812838 5340 191657 1 4.154270522699918 -0.06665219268460024 -6.162097166823887 -1.295648768010782 -3.929356931332737 -1.979313004352694 7.849292761539648 -1.798436200382836 -2.923905965020426 0.5532951849110233 9.940703416972902 86 654.2484579086304 2391 1 -4.582357402403859e-06
 -3.472186244344596 0.3318366496642159 -46.10328203113479 0.6013120281513795 1.616285673563735 0.05540818313277595 -1845055405243888 3292.080574279031 27233.2622751852 557.8290127280795 512.4360261395232 2975.853231124732 1841 191605 1 -4.68106566570232 0.2377371160155922 6.844389341741106 0.5982859421320943 9.855373365715501 -1.930168686405365 9.766547216451624 -1.314639441641103 -2.431811728813534 -0.05086549071016224 0 89 649.3241879940033 2391 1 -9.182615080169348e-06
 -3.435204340463335 0.5589519332594109 -4.10058360423144 0.149962292579071 928904.9588300268 0.07343684581552716 -2651638356730.52 391.7638707374753 405.1518561432521 0.3365513202342196 5160.370758443605 3202.223631690469 1185 191660 1 4.591304454363041 -1.737621872040989 3.531565319495062 -0.270322108961417 -6.79446341110803 -0.3843957395969131 9.847431966571177 0.2320801419071249 -0 0.567892806055363 0 92 658.2646501064301 2391 1 4.96147000994597e-06
 -3.996993126919155 0.3028033537902998 -265.0210870606693 352.5534123308566 18.83839933474853 0.1224103573603184 -20897919.46644991 135.9071468716211 51.44619682066814 404.6354085767543 380.9672772982179 2929.432728913281 707 191505 1 -4.661896503948908 -0.0652302977966048 -9.655902166038663 -0.08534056307114925 3.953913303270552 -0.1994053562050393 -5.7955274448977 -0.9890848928864386 -9.605917324014737 -0.3463653152244275 7.424390513153796 95 651.9413199424744 2391 1 1.96623575123277e-06
 -3.515369689477946 0.05669144467847088 -392063166803366.2 3.072888231208631 0.05121601599505773 0.2094797558570539 -60065.02977013073 27032.73187022643 1442279.786849461 55.99566312728325 4.013968626285068 2995.997520220199 773 191632 1 -3.907061670296891 -0.9462157805227118 -9.5976649999246 -1.987531240499957 -7.938143339499245 -0.6501103610559111 -1.709730924278239 -0.4045491753082189 -6.749084958384293 -1.590565928384264 -0.764718722550672 98 647.0329971313477 2391 1 1.124973991667586e-05
 -3.203475800310106 0.08198235452509881 -4147678922.03089 0.4808951858832045 6.855047869635877 0.3727994529333832 -189.9259186653589 201.4554915544097 103.1638292075509 11027.27272986273 198822.1112248937 2967.056946233886 1497 127724 1 -4.449655651518955 -0.5647189893944669 5.688019779533885 -1.050209412254381 8.734945266523006 -0.9004554904961877 9.623822766823171 0.5567858775606975 1.052597033581543 -0.7619655997149701 -7.072800178837792 101 435.2428178787231 2391 1 2.711486164863457e-07
 -3.038291341486705 0.09062536285590352 -58586003.48019835 175.5508274020388 10.52788489391047 4.892378326282756 -0.2073806162882298 91840.2130557171 18802971.82743195 2.150683545597291 4.141043179078603 2964.990087845749 269 187062 1 -4.120756533697541 -1.695545554779009 -2.468069892127544 -1.484013720797566 -4.137089180509821 -0.5680168154248362 5.055733256438184 -0.2979321234184322 4.595190477651223 0.3515219164354289 4.908574029296791 104 650.8939170837402 2391 1 -1.765115766628939e-05
 -4.987126390558165 1.659108222695264 -0.1846830093954765 1186.398634673496 26.27617116721384 0.04786278287319413 -3.884840822497862e+16 3.591010638511757 1.651648571206074 0.05040517604116156 4.998471922896259e+16 2773.530331816387 1713 127775 1 -3.755954686501584 -1.452065040658566 -2.993864827987197 -0.1656475179907143 -5.82737959275792 -0.1744055588477869 -6.62475168407723 -0.5408950218337045 -6.083156472751743 0.6700338180596566 -2.271716094119568 107 433.0906701087952 2391 1 -1.622419960419162e-05
 -2.956619896770121 0.09827038327415498 -273915296.2481537 625.1013396700184 133.2043602329481 1839.130497624301 -1176.180333736738 37660.52629314847 2945111.379812295 47.48458374770397 4.586307866497162 3126.735183265899 1300 191651 1 -4.478584822474927 -1.590921883936791 8.946451789658727 -0.6776158071121889 4.091185423130246 -0.9702611444359075 0.9681290046183095 0.1019253037646583 -6.684107389232508 0.3401092184194136 5.818212104390867 110 649.8784220218658 2391 1 6.339324532873162e-06
 -2.944378883525563 0.3502385081119901 -51.39626103288933 11.64216204563553 0.1172404724219862 1.294626088215421 -1.046745675499388 90.57143793608611 28.73448880725553 748.7404928809599 1806.028231329385 2857.867557224533 686 127733 1 -4.214683852996316 -0.9004391701571874 -2.540101941835986 -1.409671037219308 8.387647181035735 -0.9645492173618688 6.589843773838805 -1.567535047447473 7.335629578706291 0.818884940843259 -3.144088894462783 113 439.2747941017151 2391 1 -8.783549783617761e-06
 -2.857034762667582 0.04650912369980129 -2.624728710620722e+17 457.6059318581919 -3.721316763827876 0.05279773068132177 -4.814213154417731e+17 84.47480994079876 19.08953386168735 542.3410948146114 -132.3616582761849 3112.273210434905 4016 127756 1 4.66929549587717 -0.2649921878613632 9.78300583806119 -0.8524359577299796 -3.179158034147179 -0.8299988541573047 4.973900370944379 -0.6657734603577445 -1.99351173877316 -0.4995411592005797 4.683324187994113 116 436.4478669166565 2391 1 1.481343166726154e-05
 -3.243277016471226 0.1216877703686746 -7025859.128944792 0.09807029905050343 -696788795.0608288 0.06896122900015915 -47844076594578.82 1243.924883049275 3798.470858725907 338.8793509198565 439.5828275223503 2892.618193647696 338 191663 1 -4.578262265949409 -0.5052587788114318 4.414992593269819 -1.850101428110752 -2.620464029952644 0.8747750941296175 5.386919819987487 -1.012341880107819 -2.345383162143385 -1.508272196717511 6.462838827799378 119 649.6071600914001 2391 1 1.256017035489822e-05
 -12.53102010749243 8.471542840037284 -0.274057844508103 1041.400521043509 41.14763717016476 0.3324570964669029 -972.5780279277469 492.4180490368612 649.1924193262687 1.501551453246736 19.45272538953344 3093.77916404353 3511 191639 1 4.611260505177926 -1.545643153901134 2.773532185561174 -0.8405166382576548 2.648876745996226 -1.790522254768165 -4.293423781541668 -1.653112350122539 8.98259733685866 -1.716614935641818 -6.980824068481719 122 647.0053029060364 2391 1 8.309790475597693e-06
 -3.499847038786579 0.05497372507785193 -3704125304476.204 0.1566550327444707 -77425.35553109442 0.2472001324390266 -4304.765874695261 9654.863517193724 225183.5792297505 83.63099093509825 24.19191928669991 2988.541166796913 4982 127775 1 3.170919783560397 -0.1178622789598621 -5.377070551819497 -0.4742738861558529 -9.911637356484585 0.2476865610284666 -9.399272890636565 -0.8518007231160531 -0.4578624935662248 0.8739593652231674 -0.5383065147473993 125 437.1115419864655 2391 1 -1.884824134697868e-05
 -3.582027294653787 0.1207884880297288 -4897736.603748642 0.9682211337990988 0.6591045484565644 0.06140250955552343 -651900828895737.8 55.53295236090108 10.89308485210338 125.3753638931858 36.00564318173883 3058.779111452079 878 127727 1 -4.687369867771913 0.5636365365956539 4.20496738568965 -1.094105684268381 1.873015988351124 -1.484012901660815 -5.766682505624748 0.4308065831370911 4.448691486814732 0.07608628973118849 -1.00804457060967 128 435.8333549499512 2391 1 5.448628853500026e-06
 -2.954291180195499 0.1983616933221517 -6620.798292109833 1200.119413281047 39.73589654931519 1732.866201578458 77.16988973033924 1891.36274101561 7914.270385433368 0.20186209609505 -142971.6606094774 3128.431516289276 876 126415 1 4.390546220620855 -1.490465945488543 -1.477701960976272 0.3456297392131238 9.895362867503122 0.7186512670160643 -7.181440380304238 -0.9643513883503267 3.493411632262078 -0.08944315193666347 9.406168812589423 131 427.291631937027 2391 1 -2.824074610844762e-06
 -7.544586903926277 4.888731824521275 -0.1535174434381793 0.9294937388734472 1.390589709059181 0.1692873233879275 -412872.9238706154 107.9852250014822 38.01064825440656 58.79813800284436 12.18885605546943 3050.696931226254 1072 191655 1 4.523469259492853 0.6393626101128853 -2.099612594539736 -1.138286859314475 -3.964704157084711 -0.2064413332571178 8.391447714138986 0.8952755820825935 5.275589759684705 0.3178214185669654 4.075451696595024 134 655.3884019851685 2391 1 4.292599234154208e-06
 -3.60594234086496 0.267480828315604 -679.9814513770539 0.5562825045889183 -1.78588842964084 0.3756467108506331 -410.7228722721264 479.8690016609598 515.8548041066399 1.645846182401214 9.393231637579028 2943.2815031466 1135 191611 1 4.388616381008104 -1.690767640724618 -9.442986168689936 0.2090959730570172 -4.845343184994519 -0.7326523005085495 8.418148347318013 -0.5055859008582946 -1.113315960990178 -1.19645055019565 -1.610266509610936 137 650.8559939861298 2391 1 9.561284096301052e-06
 -7.146653668999168 2.698456898226826 -0.236710236560848 0.3160256913182229 618.9956108945938 0.04230592933102062 -9.992959986506628e+20 1710.564971404811 6020.829170865273 11611.17488341932 299704.425555311 3098.382529324334 922 191585 2 4.389090707271134 -1.32367829733587 -4.038382700025858 0.1227499938868254 1.145862246721206 -1.67692684558946 8.457624207205122 -0.2647813032544564 0 -1.790413066207988 -0 140 650.992842912674 2391 1 7.292309990454422e-06
 -3.133882313316398 0.07663109987536471 -9431715274.137947 2.801866800924311 0.153302323792414 0.6475264946838938 -13.92301007368915 630.2950024215907 1043.254516610902 0.8345995371716916 25.60741617107776 2870.088211051703 3931 127775 1 4.343144874705422 -1.550158389073403 -0.6664002695492797 -1.953274225747995 7.708534313801295 -1.997358369187898 -9.99331031080081 -0.9594867639686093 -4.062833618469907 0.2994576035793681 -0.680706565896152 143 435.7109370231628 2391 1 -4.831566332339812e-06
 -13.05878901528402 9.27537452098665 -0.3200978236113709 879.0219360157474 52.46566887955776 0.4447647971337079 -131.502359055753 61077.8172617265 7088140.600036871 0.2792684334332172 58616.57989031696 3167.049709767538 2716 191662 1 -4.684109651197281 0.9646502940512551 -8.022309202796206 -0.007521814557948782 0 0.5776306087777234 -1.955658692637637 -0.8552006705115458 5.6763047051559 -1.19578301644759 9.217511695984587 146 648.7889709472656 2391 1 1.915072553619827e-05
 -3.657683575047858 0.227971924454075 -2422.524442181091 12926.00416482576 7547.818489615709 0.08627772749114894 -31791318767.14836 30721.0440734911 2130592.962599149 638.324964633649 466.1368747727142 3150.116039926611 2226 127771 1 -4.459853790662438 -0.5853013377556344 8.394687763848001 0.2744714743201819 0.04042185108773921 -0.5391943021236472 -0 -1.140598265916045 -0.02902490117877665 -1.759439547825179 -0 149 434.9622030258179 2391 1 -7.325043452872815e-08
 -11.15137337814119 11.3784541057567 -0.296573528651869 19127.03641558659 70753.2031946077 0.9126517896235993 -4.137621269892231 20242.91573557484 1093523.02890991 1.966181328263724 8.365032695647882 2981.558779984922 2442 191643 1 4.581230981849702 -0.09279336315526797 2.423281107396566 -0.5276927982470037 -9.290719653255914 -1.192997114168302 1.04646813121331 -0.813811612057691 -8.007708585239294 -1.850425193511501 2.544706097142427 152 649.9717350006104 2391 1 2.919366900905463e-05
 -3.724106678888246 0.2463500929619835 -978.1324694857502 2.34813638424224 0.1667519944197914 0.04762715804583987 -5.275693798793521e+17 769.7378140587381 1369.793937545291 212.9145003030709 12.95980033493663 3012.504937057519 1791 191543 1 -4.595636281095137 -0.2152839899687163 0 -0.7068148984163134 6.521019435721482 -1.07376326401858 -0 0.9806151811113266 9.283360536746361 -1.087094905677722 -3.318754988074376 155 653.3936901092529 2391 1 -5.471649692161424e-06
 -0.2186345836651353 7176.487465641332 7121.113600689529 59545.12252530604 656339.2261735279 0.05165058583249318 -4099763903929964 2468.538022341403 14735.78454390709 1.057126952364343 17.43065460483733 2855.62190407404 318 127628 1 4.607560355454586 -1.994701887796145 7.80406980014226 0.6035332828825535 -4.360505321429563 -1.03745890825498 2.106299007885483 0.02642154611594176 0 -0.4805690041666359 -5.191444067197593 158 440.2326550483704 2391 1 -1.559957145299097e-05
 -2.639508288451388 0.06392296950398209 -1458986946017.375 13364.36673233794 19512.12519673216 0.3276277953977287 -557.4820834537388 132.5417189205835 57.54797099426271 1.988436233026113 2.9612055631187 2968.909089720626 5387 191659 1 -4.278073759200456 -1.046921466872549 2.549844743607633 -0.1391565324403085 -0 -0.7350525284447366 -0 -1.350636792384972 6.033873736324813 -0.1655255472821589 3.810775152616493 161 650.8180630207062 2391 1 6.905513913225931e-07
 -2.871265079896042 0.06783930092214943 -199745030570.1626 0.2363837721128353 -1264.351729255657 0.07622622724701891 -563712929362.3461 132.9536915195049 48.5214021774653 9.506565181880358 1.580503946177799 3089.620733977005 4745 191651 1 4.642718155846666 -0.2108541114468735 -9.206493963027382 -1.985431177767153 1.385227358700664 -1.158906974287103 -3.077513105216473 0.05006483013388061 -0.3337039910132038 -1.033544238461269 -8.756240556120433 164 656.77751994133 2391 1 -1.501005286659165e-06
 -3.349591526734479 0.1732652689893872 -16231.15080107284 2907.307165046101 755.0669684557145 0.3010719028489464 -669.5194722202567 45188.18243554391 4398254.061267429 1.002729447835681 32.5026226342448 2726.171934308327 394 191115 1 -4.44910289069483 0.6379639370886077 -7.337040164904533 -1.700548062525947 -1.914697438392783 -0.8567528539987421 8.863269621384982 0.7466214957198991 9.586559658714798 -0.7911717662957978 1.343981383463317 167 650.6572799682617 2391 1 -8.8898586361896e-06
 -3.562325247504245 0.1389833505604584 -903800.5276573363 2.860019127495907 0.1325200897837053 0.05107977237825704 -3.333916445309982e+18 85.13737262193486 20.7880403713213 0.1572287959058872 16152549.08316477 3082.611344149279 781 191237 1 -4.467031204663362 -0.04003073208764721 -3.141595679299867 -1.074533827869399 -6.464883175156849 -1.49975837069327 -1.340139618978777 -0.3566077923220101 -2.315035054868666 0.6399795797131715 9.627017287823714 170 653.3760778903961 2391 1 1.618894275567499e-05
 -2.902663697898908 0.09973028039987719 -29995641.26317927 1999.141957459626 304.8773089635767 0.2095903402634308 -21823.47055664442 13988.61643824584 428299.4421526886 0.3060409829941966 5823.692744777029 2911.246516646045 3014 191659 1 3.860802621998544 -1.312626380203676 7.645198595987859 -1.313834424381409 -5.807801034219704 0.489044514057865 0 0.9356290082657162 -4.516919186256437 -1.16060710076053 0.8895091331923308 173 651.4409530162811 2391 1 -1.026159284853267e-05
 -7.947457195986144 11.91698876212314 -0.1566919128184627 51693.85874037095 157020.1621411043 0.3017450080527215 -963.0360954675472 7217.440538025065 101946.3818633472 0.07963049299318435 145816949237.5875 3086.016120978045 1483 127682 1 4.18262229429664 -1.285130569773383 4.157680276732047 -1.235034836945192 -4.223323325327371 -1.27329904815303 -1.982722302737399 -0.8546245136341168 -7.310594942223601 -0.9801971093415593 -4.172581968909124 176 434.4492969512939 2391 1 -1.858786418400814e-05
 -3.044198813580584 0.07825969573261701 -681018671.4103431 7260.783166032532 4274.028022711634 0.2083483905145068 -10504.31511592496 107.2526203866176 30.3511949638986 2.104126134508516 3.727392358639689 2958.78278820475 2431 127633 1 4.191927969314555 0.1698313980114863 3.390967742110586 0.1903544819759899 5.912981671902902 -0.4289821817361066 -3.843824471068422 -0.06857265823663819 -2.472513436609371 -0.4538008133099743 5.047002458302104 179 438.576681137085 2391 1 -2.285725347903691e-05
 -7.981172383375199 9.600754348847591 -0.1526095105882671 3.168448424465985 0.09769328687893836 0.08724962791007783 -12935739022.33507 2691.352351218909 18117.60242840736 4423.33139069267 65299.58371344311 3000.824636393797 3118 127759 1 4.50667829711064 -1.737067228145308 7.969714794251997 0.7349976850293802 -4.067967918942744 -1.473772949321268 -0.6203256415296767 0.9770718687958082 8.178635489901573 -0.4306201231436689 1.685192891991159 182 433.3134109973907 2391 1 -4.807544047755644e-06
 -3.289593265050175 0.1193610821959489 -5622744.413242055 1187.920571638836 107.7974787824459 0.06599832264292706 -71830026357967.81 65968.27863956703 8879690.403361699 6.950694500227316 1.167987016029364 3012.133051833406 3381 191664 1 4.572262678537169 -0.2376876485127593 -1.55090901426897 -1.489715926134444 4.931396650892349 -1.132975891279491 -0 -1.214152111088342 -1.697265000091496 0.372882836867352 -9.721922564934996 185 647.7359449863434 2391 1 5.719769221123322e-06
 -3.895968884192421 0.1797615359065884 -20827.32482693813 372.0590049061772 17.23120489073606 0.2870587692712696 -1921.07082950815 2474.922997207491 17280.73406832489 3.102881356005775 1.81420205746471 2901.345916884742 2946 191664 1 -4.508908346617744 -1.471147817460936 -4.650914681785974 -0.1731567419533527 -6.873279369298506 -0.8968340590721038 -9.585726210923923 0.4943979630473239 -8.780778918399884 -0.5087327859536872 -0 188 648.6128778457642 2391 1 -1.705569377148956e-06
 -3.610556988517026 0.05144180106934308 -10763314316876.75 2.679976729785804 0.09779261110638302 0.2819303017243091 -1166.500263908496 43.42505325397406 5.519066042481437 0.1436388502003483 3877354.644018567 3122.484899128706 390 191391 1 -4.694900279738948 0.00710124544876403 -5.462942008583564 -0.002625431791798867 4.139664753472662 -1.087086083333495 5.186807897475566 -0.5733801505802703 1.165170179327679 -0.5907404237554923 4.876246189391857 191 645.6211740970612 2391 1 -2.116119843661474e-05
 -8.499755928099448 9.485435899990623 -0.1701889313713743 163.3299177075436 0.7214111407348021 0.06838818129221065 -8693248550294.662 217.5817460349179 99.05858781806944 0.05231634479881432 2.439755538111089e+17 2875.176482508308 2650 191649 1 4.199626488404114 -0.7569193111312522 -1.908397712129144 -0.2474603109927305 -4.804274338788221 -1.811049547037077 1.339537219582177 -0.605335094697681 6.817866354899978 -1.367690108775143 -0.09665461990219759 194 654.0745079517365 2391 1 1.153684890253074e-06
 -9.672293072252872 9.066791029829318 -0.1907886347953644 262.0487680418466 4.932573644599082 0.07747789231627966 -28407066890.58221 95.39202567545171 29.02015971906605 205.6370738108469 104.0038502792444 2957.191548947518 2752 191632 1 4.354385376371323 0.6793548164785683 5.395032899766372 -0.1716350430954261 1.872779492234289 0.7547911353135159 -2.480994432740122 0.4794144312522657 7.849063720210237 0.945207430309031 4.873475915535306 197 652.3270111083984 2391 1 -1.935904825972899e-05
 -2.69532942505357 0.06068551072644596 -2638854793653.233 1.758397460301821 0.1648831553518067 0.1723818096269616 -200249.4617645372 89.44260042448254 26.3809084705808 0.1066341363962142 616565380.122767 3073.034616401561 5096 127760 1 -4.570061520732732 0.5678076566598595 -4.382498289308008 0.4070016408473784 7.466495993595808 -0.4254439901544655 -3.7578789366446 0.6741736556061979 -4.032048366673662 0.8976472294352842 -5.35662770709758 200 440.4846320152283 2391 1 -3.836780311830189e-06
 -3.940027837265704 0.130057034796684 -26004.83688955035 0.04674901523290601 -5836072857462.882 0.110428401564389 -1062510.110796741 514.5475370382995 771.6314507410543 3.672379619610123 2.328331508648963 3098.586453017951 3102 191631 1 4.581958347965003 -0.9328965882641462 -5.696645678067291 0.5138716107912362 9.180701702092648 -1.244427007871622 -0 0.9997622258720766 -2.356318849905381 0.03321731758988643 1.989616384609491 203 645.3300769329071 2391 1 -5.490877481231182e-05
 -2.984809711405539 0.1007645282890093 -83814032.29204972 85.40458063376524 0.7416306725685747 0.08400728549281943 -88491381504.54979 95.02176923771279 26.94316349183868 0.777589486636637 93.68548180575426 3064.885974625957 3777 127773 1 4.271739034984273 -0.4689840844163315 3.29042352456207 -1.104642310858311 2.106324145401677 0.01899865923580758 6.277980118339031 -0.1605598061579743 -0 -0.1475134431382941 -2.568972522697549 206 435.9217147827148 2391 1 3.828842646772166e-06
 -3.051149016258551 0.03802942331795962 -9.988090561936411e+20 2.735480096312249 0.0885028987080811 0.4749526270062014 -108.5849606213202 3823.216501666054 30772.90189521383 76421.55165733074 3206874.595490158 3009.623891113231 1473 191662 2 4.546126290953474 0.9110463947006715 -0 0.6376990428361569 0.4402123375059093 -1.882295510318441 7.547532997971336 0.1331586105676368 -3.469668468267121 -1.472145409188621 -0.8377855176878124 209 649.2081618309021 2391 1 1.361690229874742e-05
 -3.352764285521149 0.04578546645783857 -1.385211984695601e+16 30982.1913737443 145968.3769569662 0.1379159014781779 -3798371.573324061 8899.656778226754 177287.7792089018 2.075804932589964 1.488103027261913 2823.68299024059 2208 127671 1 4.41404884554078 -1.230384063172352 8.783775564352631 -1.314125316476904 8.384287516837412 -1.984041316372039 0 -1.446735164940073 3.930050785710779 -0.7268830972623137 -0 212 431.9354310035706 2391 1 -2.355325522639143e-06
 -11.10294299652368 13.38707836205828 -0.3262382540319979 546.8375210044817 49.03490607986574 0.06189867705416792 -4044768796400274 112.1476980200201 32.26001122796399 69336.03143922503 -3786926.469932076 3055.41543987493 1042 191643 1 -4.259245776756267 0.04760317181530197 1.320697006910521 -1.79877944544975 -0 -0.2660575296489123 0.7443328046061133 0.248934595261109 5.83886367991351 -1.764906381888057 -3.057889464630568 215 648.5463080406189 2391 1 1.850257767578663e-05
 -3.208103699350171 0.05442565424196982 -38113944304009.53 0.2548500008688001 992.3582312709783 0.2786872528756078 -666.0118815379009 73065.55416814642 10982101.38472052 1.252312591749405 11.47458631569554 3003.079152198035 352 111784 1 4.223141070362461 -1.733994782832039 7.112228786147954 0.901604395625728 0.9594778457958109 -1.902235110025983 9.246021641824131 0.1605630557027178 5.030643204634624 0.03695715815959397 1.501274063763841 218 376.8219749927521 2391 1 -8.615611307869448e-07
 -3.393387729829548 0.1538473744902619 -261699.1961167133 158.6889271701536 2.176144901042828 0.5278175851586473 -26.22319717858413 3.788346367379196 2.344866617206942 1.09343304889178 28.6858838711821 2958.237403171079 1196 127189 1 3.142845554714586 0.7843114130981377 3.849208707328815 -1.263932044677421 -7.039275962447093 -1.901750452954627 -8.802320886647705 -1.089673590556471 0 0.1447524884209103 -9.83260007779301 221 438.4763329029083 2391 1 5.219601337216846e-06
 -0.0670864654426013 6250.261801578377 6879.2427554768 0.03625808612238648 1.07824490419689e+20 0.08919419395200513 -1031854986.803761 2799.674015751109 16998.45595024608 0.04755166098796103 1.93455677454058e+16 3059.755448972357 9457 207635 1 3.723054013626697 0.6087546739691128 -7.347029356471527 0.887017554891723 -7.899718437106051 0.3296388002492545 -3.085354633566479 -1.799718044255584 -5.557535210514975 -1.202262954224656 -7.432810039955864 224 706.7571458816528 2391 1 -2.480484430863973e-05
 -3.46550345602409 0.157025093696902 -67564.42099688201 482.8925867391486 55.84841813159157 1.476506481666099 -0.6825651078564997 11.92144665722597 1.834818267519334 0.8468579799888858 36.86920751936808 2952.505836885654 627 126385 1 -4.653193076921306 -0.6297453698437874 -8.682606791861538 0.06323640018474204 0.2168389884804816 -1.1815182607071 8.800871199814354 0.9385965575064543 5.470558213348617 -0.002683832661377379 8.759405575157579 227 438.1161680221558 2391 1 -1.174175073297477e-05
 -3.860666485867127 0.5027309182107763 -10.43450540320723 0.2613085995354981 453.3994668647879 0.1094953759621132 -153441363.8391714 123.9299905931477 36.0637607833078 0.05397703873920924 8.209958204124381e+16 3372.871623596216 2481 127775 1 4.696022800910419 -1.999888173890405 -5.371525677997161 -0.5736142252134711 -6.603580783637493 -1.968871193345144 -4.297107790502063 -1.17513119932007 -9.802266392384361 -0.02151535739412758 -7.13681586098078 230 431.7242050170898 2391 1 1.115569365746255e-06
 -3.401959416095398 0.1828803297538616 -11265.62337898861 1.170853985121519 0.6383176767545892 0.4950575805092021 -87.99289064298607 41.48427922359234 5.399165966523907 0.2207982901640105 212442.3923952924 2920.74959744495 983 191630 1 4.573413075074365 0.3139508212067579 4.472220190403424 -1.032856906489267 -9.097222513425661 -0.003276228420476822 4.587567862784621 -1.353452271293465 -6.282085738176541 -1.61308908753631 0.06411356077626174 233 649.1265490055084 2391 1 6.69779943044693e-06
 -3.418229936932673 0.06794185734961806 -1983550388509.704 112.1069673090939 1.853243289441425 0.2391226759918257 -15902.84828585307 40.20287602473041 5.775562875935385 28.63522844432974 1.829529620982444 3103.798540395908 3559 191644 1 4.359891137093606 0.8490989562600726 -6.854894391794735 -1.899552108953126 -6.963112978479931 -0.7703876358306765 2.740824748886182 -1.488601477187308 5.870154742580729 0.8047078064827904 -2.246512302905181 236 655.4233641624451 2391 1 1.549793507629119e-05
 -13.22466169290304 10.92450439459664 -0.3227526431028497 4.075136189795411 0.07081174583504903 0.2080618966032717 -18790.09137063238 61157.64495389011 8981156.124984292 315.5109509297788 332.1454844946544 2898.725408106477 2717 191638 1 4.468818984512207 0.691206922557098 -5.417336903922322 0.8706850897764409 7.922195141884968 -0.7822242776192372 3.176353574400334 0.4139086115935089 -8.483062358941284 -0.6932929318341223 -2.889049396004538 239 650.9907898902893 2391 1 -5.212287764828104e-06
 -2.682898585374381 0.0497045372380299 -998637541337922 325.8101795282885 9.713414550904842 0.1788691668963657 -263864.3914558793 95.23961689429576 29.66042006635998 44095.9704730407 2309896.303228281 3074.556393078428 1240 111775 1 3.885769233518338 -0.9019587045402373 -6.248271778595091 -1.277651787471464 0 0.7156402975144496 -4.954317129586784 -0.3265042315449414 -1.101852106624571 -0.7607769879429949 4.964250522422434 242 381.9305460453033 2391 1 1.133217916425216e-07
 -3.362158428243398 0.07691101533268159 -4235113012.172029 4271.8820168766 1135.43463008997 0.09268639049900829 -4229101450.981535 3078.276867794626 22023.96695516124 1.190818648523978 14.38550925193243 2979.331299067748 2247 191634 1 -3.826104994086697 0.8425476310406816 3.957353183959046 0.5811123130096676 3.741002686574958 -1.657875525803085 -4.928414347999016 -1.883943386709564 -5.765627866845694 -1.610574074709957 -9.699120197232164 245 650.3860650062561 2391 1 -5.632190458707884e-06
 -3.616892355429118 0.1311222277459234 -11872855.28100339 3.62218125205374 0.08335774289462251 0.05575911186166511 -9.957209238750021e+16 116.0483671798173 32.54750147838114 50909.21841099927 1649491.171516273 3134.846303442245 1353 127769 1 4.412867785195175 -0.3328796638442393 1.754656720548564 0.349212078428887 3.244915842114081 -1.249553991529038 -1.654619644192273 -0.4007226451301111 6.464789405401534 0.7174519879774359 -4.646138416920119 248 435.0446450710297 2391 1 2.364299064089605e-05
 -3.391597401818532 0.08111989972317261 -902456805684.5033 1362.42829709331 364.3017402182266 1.426716932902464 -1.348810136261437 92493.55524283274 19896585.28301029 0.2772584522005345 84032.05587923349 2953.078528806275 3093 191646 1 4.06852290472159 -0.3590489529943603 0.9127682904205323 -1.130525507302483 4.019211835349324 -0.7937623255915192 1.988574391984894 -0.3102371136418096 -8.244442689710937 -0.7635836777311455 -0 251 652.9794719219208 2391 1 3.75841053231438e-05
 -3.734867482764715 0.1128385089820732 -2749947.435528094 40820.25226507933 91073.27578774828 0.3497849552637536 -224.3875821657949 104.1577426471935 36.6445682194047 3.306707318703075 1.807720111404976 2974.105990352669 2301 127730 1 -4.680034655269726 0.2266330125046991 -7.863776129997465 -1.399863966283697 -8.519535180620428 -1.655553087323636 0 -0.3203394404846049 0 -1.704216373432163 -6.786036445863008 254 432.5359809398651 2391 1 -1.308985945693243e-05
 -3.193569976270576 0.1012293371546838 -138670199.5945474 10166.72135034544 8579.230034452723 0.2627815485401853 -5413.37076108704 5374.312764554563 68637.53172691674 132.2036511494184 26.9255478953327 3000.758565011934 5892 191651 1 -4.697796555045406 0.5437565089034773 0.1976978331257193 -1.223606119826639 -1.815839992377227 0.4026772885580097 -8.51860380991927 0.8989126352714321 -8.283222991533401 -1.110005104468532 8.46867449986337 257 658.1920189857483 2391 1 8.600680848022974e-06
 -4.02150341378788 0.3981865322383207 -91.54113760708147 16592.10145797743 11485.29119651712 0.2851825081445764 -4335.225744888997 31428.41010028047 1919740.443129269 1.224271335905538 15.93742532349363 3020.757182808937 826 127620 1 4.627674188765628 -0.6163754706166014 -8.26719611539432 0.8726347602883413 3.037657378444992 -1.769274704760083 2.413558451486713 -1.498514506209238 -2.896194436243115 0.2691033474892466 5.238645630475257 260 438.9296011924744 2391 1 2.545603259113761e-05
 -3.698735415948577 0.2691006414615505 -291.9424414518784 1203.578361194057 57.50102754888955 0.2744667361247763 -1922.043598397275 21814.2833386073 940669.8878941654 0.8424921938100065 26.35937190736108 3047.047034946233 726 191419 1 -4.654277685219812 -0.06604673346028457 -6.987869489212905 -0.5046805008148727 0.04550634179802904 -1.085528915537498 -3.051541772257783 0.9134933360690738 -0.4344956667533788 0.1344343459005519 9.918668302420119 263 650.9043850898743 2391 1 -6.711012960457198e-06
 -3.394725253484446 0.2626204769441549 -317.2529968777258 2.685591068437617 0.2031450609655573 0.08679969384804251 -5625890414.704923 107.257923478562 27.69899235282988 1.61194914606898 2.945947515172089 2911.258186843229 1044 191658 1 -4.181208043576761 0.9962261656574629 -9.20262338759273 0.6595187907531508 3.570268022903065 0.2033943118139447 -0 0.2607831918143754 -7.019053545698196 0.9302373824989996 1.134176876006241 266 652.1753449440002 2391 1 -6.867165909216971e-06
 -3.499302259854416 0.1320931226393548 -759553.0015177471 0.2034814771317481 12112.98681234735 0.2424287979118515 -4853.587422831924 1987.776769099693 7384.876795848231 3.203741057556355 1.557294378210316 2800.340250806804 3905 191627 1 -4.386446811809322 -0.2188524772005795 3.466811852684654 -1.736454717349114 -1.545140739923423 -0.444591224997029 0 -1.225776259185125 6.462584628130882 -0.7597592608982664 -3.392980928046788 269 647.1690969467163 2391 1 -6.326930215277261e-06
 -3.615832942898181 0.2570064443951288 -859.3090847309423 1.772501979790126 0.1773036637894148 0.1463995114376889 -6250765.293604163 15605.80041032611 517567.9309460669 1.175237076277575 15.19713548162071 3034.570909274851 2243 191640 1 -4.363679414385808 -0.007900915973360519 0 -1.644027102793983 -4.988780055562002 0.02380685581289559 1.167859317799764 -1.136816990608716 -9.334397584243547 -0.1107539613430574 -1.801029555174479 272 655.7592248916626 2391 1 1.170374873489623e-05
 -3.457614818622723 0.2842924301237275 -863.2492596485185 704.8413821906383 56.04794572215913 0.162988654162287 -3852362.585418812 30734.41988101094 2099927.574078392 0.1558987813671973 -37375039.47389562 3146.330170241686 892 127713 1 4.395693954188578 -1.957492431007057 -2.197161820735633 0.5120128329258775 -0 -0.5665403627635941 -0.004937350723520861 -1.596102786092617 -1.85527546948002 0.6294967588865448 5.488900587388824 275 439.9678399562836 2391 1 2.90976907063342e-05
 -3.973192643772268 0.1678065490964245 -64109.02400306547 13942.27958886529 10891.66647571523 0.1900325784487741 -21293.10627023693 8947.197639825865 165623.0364345704 7346.324482435941 120085.8522270026 2883.3051625913 179 188537 1 4.372249467340965 0.8664462290056192 4.02611101450685 -0.4215384571122609 -0.4681021690989997 -0.5163733513182542 -4.553247827108212 0.5684649406870288 0.577150334795645 0.6678490163206066 -0 278 647.9482669830322 2391 1 -1.12773756299703e-06
 -27.79073450801701 48.32676005606513 -4.561583803844482 1.37423600109857 0.6844316076777517 0.2107062973548869 -64567.03200928883 19204.9415452809 871307.9828714476 16009.30494549181 414583.816899829 3230.659417337554 4537 191649 1 -4.478864421775816 0.8287756750974831 -4.861997830972597 -1.265703794756093 -8.546504365968266 0.213441382497649 -7.601790599852709 0.1647294048240311 -1.039820845103771 0.8189784409950862 -2.91955379622315 281 643.1696889400482 2391 1 1.814032395939881e-05
 -4.041419962351085 0.195234000400293 -18355.71495685729 1.009072946809523 0.9526685570525643 0.1057425629554689 -1350467474.73705 99.28934895366133 24.83558557516184 1.88998398833101 2.453497923011979 3194.948894382211 2641 127773 1 3.080477904028708 -0.9995327640936642 8.612115222074404 -1.068813990186944 -3.014386105856366 0.527514120967838 1.417642206522448 -1.646885483901796 2.805942558863863 0.7101674776230436 -1.789430849488871 284 438.5938220024109 2391 1 9.310778821788356e-06
 -13.11470155307206 9.951825052635785 -0.3343800843185619 308.9090769500642 16.49856481153732 1.002138769621948 -3.27789451974391 596.6295018829317 780.3198347449101 80049.46312758037 12994308.88247575 3143.696699973848 3293 127732 1 3.929906342433723 0.2447801711247486 -4.067602528166004 -0.9382428743029587 6.008210254056162 0.8194874229095528 9.783968971623217 -0.5461140283305923 1.118601355058282 -0.8369200081162136 -1.736234847337012 287 435.2999711036682 2391 1 2.020985571757374e-05
 -3.577903438546027 0.5021957417463371 -9.201331729389482 41.13148878998074 1.005403485534013 6.478168055951016 -0.2155837245324249 51.84796368860452 9.74285470965461 0.0406377085507837 9.944455077640312e+20 3063.133742455341 744 191662 2 3.621430418895267 -1.965595166914019 9.403797711025005 -1.065920211930241 -8.939625047995341 0.5484947827324747 -0.5347096066411119 0.7363334016140941 6.103332054445859 0.5342753365833426 9.1094250492808 290 655.8364388942719 2391 1 -5.80007646890546e-06
 -3.320587674791434 0.5320278668953726 -3.572709181376754 807.8545595232384 160.4172685464256 2.061769837501042 -0.372295868967409 463.9076691506853 511.1211892708516 431.3039224498404 428.4420054321715 3054.887745677838 278 127344 1 -4.610834009240327 0.1469522363228103 2.202532567167506 -1.170529463297791 0 -0.5489617201169139 -1.122661839924098 0.8443977039491988 -9.837634573257922 0.8061296011098507 2.61223137122471 293 438.6490030288696 2391 1 -2.230862933692993e-05
 -3.15315816955198 0.1245985450272929 -118703.2597873406 0.1921105018413316 2709.731237722923 0.1871136780630811 -11027.65653921952 65100.61452368397 9463621.674737588 1.503014465192078 5.05633806176386 3020.721440976265 2981 127766 1 -4.678209067974349 0.8785131115821803 6.279256617872083 -0.7128075293619069 -6.235133408188348 -1.796221741789919 -6.538446247422006 -0.2227877510223717 8.881259925595057 -0.3086160245432161 3.947900448061657 296 434.2206490039825 2391 1 -3.79286819475771e-05
 -2.923948403915415 0.1245320425855819 -1451973.42192001 0.05304051751220887 -3828010054051107 0.1372213394707242 -5446636.351223005 1837.564842652641 7766.380713541178 2937.71382066766 36181.81647813349 3049.32704262999 2675 191650 1 -4.202804180154322 0.2572787444317676 -6.178608638188275 -0.270950054868524 8.900115057571979 0.8806186594698753 3.522242647815739 -1.7563668370705 0.7781392231404141 0.7685406142627498 -4.646098694900945 299 647.9227850437164 2391 1 -1.14773007304819e-06
 -4.017141171499773 0.3760357326386742 -36.12643098918313 0.804774065408844 0.7203997247847379 0.09147619080282926 -2937772002.436471 1122.070314510111 2897.201479233287 6.885910525429759 1.288463858927881 3063.757937042186 218 123568 1 -4.675515973568675 -1.997995563959615 -4.883247935848281 -1.882569052100282 -5.566024507781765 -0.1335387718659505 0.09114754943407277 0.4029838962638665 -3.00051194021449 -1.291125520554235 4.241996855851678 302 437.1134560108185 2391 1 -1.199508316255237e-05
 -2.758598048701879 0.04344349882748028 -2.16842810335275e+20 1.736530096959914 0.5406075630369781 0.07851921791965395 -20694375767416.45 148.4741045566151 54.3150832779916 0.05450208565910278 1.607113971516302e+19 2991.03900505531 2267 191660 1 4.696358594329405 -1.750778085981897 -9.377879754350474 -0.8641398864822101 7.833144022509556 0.3741400588052302 4.854445814133757 -0.8587435874355815 2.039268672510984 -0.54636457853465 -7.635562746412994 305 645.7665839195251 2391 1 2.987688722044804e-05
 -3.633094486822796 0.1753413069010694 -14059.39654045567 161.100241228335 2.766142166853439 0.1144212843948106 -10689194.86520586 164.2177078989715 76.78813028243847 34354.72627408233 1068833.960376836 2879.9068987821 1968 191664 1 4.635937630659813 0.9109366723869479 8.375559620316775 -0.4199407783973754 -8.069968842246613 0.9964420701450845 2.097477401800557 -0.2236030922597881 -5.151801450194371 -0.7515486533436357 -5.270018428469572 308 653.8972508907318 2391 1 -2.00174563788417e-05
 -8.727151333955474 6.429551267090592 -0.1719053148494173 1.234309652604401 1.032440632297723 0.1978857276343905 -84234.04634283566 57591.58573870031 6427235.290964119 7477.723539867287 68341.79142299489 2901.69282120085 3313 191659 1 4.554671208741602 0.4738602575362449 -0 0.3279916765434909 -3.29584926145506 -1.489173287746043 9.535635452995258 0.09307605875571395 9.336624362275542 -0.1127760587780067 -8.999211348188746 311 652.3520910739899 2391 1 1.276953531448319e-05
 -7.893785437745284 7.107252069689782 -0.1591418198489898 0.2355563160836072 4232.421587622217 0.04616688660585355 -9.997954424310517e+20 3403.315326394167 27469.92089564393 248.6564443045965 139.4836963915016 3168.198484602995 1991 191659 2 4.689386061343906 0.9032888458935764 -5.479498968744418 -1.440121451091224 5.094907354723032 0.3052960706736761 3.787604252428096 -0.4384751832806151 -5.32926421380034 0.6566048849199086 2.766875832632568 314 649.4953680038452 2391 1 2.373819885093308e-05
 -13.24274717397684 10.47999856440887 -0.3164331179307414 453.6140538535682 76.56028364797602 93261.48329685224 -3601388.338930771 2257.928425566237 11100.62272342776 0.05177574383796414 3.691529171461573e+16 2940.513308156269 3287 191648 1 -4.115217520882373 0.5050661373740221 2.61166558944792 -0.6851776194162751 -8.031721017393028 -1.915667480955527 6.374177130770247 0.9862841417768693 0 -1.538024018630582 -5.116357794262967 317 650.352616071701 2391 1 -8.529168564233344e-06
 -3.379743092750252 0.05107952275736306 -1340585810548617 0.9491947970784566 0.9226451299478871 0.2921718325334746 -1751.91611472669 29442.12621179692 1671955.211896125 28396.25880868049 -598562.0965230376 2929.871622661142 3577 191656 1 -4.028263561609595 -1.341708789868112 -2.636074842788398 0.7124743389887596 -1.726472160072994 -0.2660007154622068 9.498211456607303 0.5190065373945449 2.129068461556106 0.6993216943227356 8.516547101924562 320 646.1898808479309 2391 1 -1.05943266706255e-07
 -3.257240867238597 0.1565938160090411 -90407.10792622043 2.972020678165353 0.07795463277663366 0.06691205958825194 -8569244394197.143 125.8562840124941 43.97650930354779 2193.779942373514 5062.31128857455 2962.86854118491 2466 191663 1 4.381108947149949 -0.2336520124826472 -5.595793412950651 -1.447640019206251 -8.050787462265516 -0.3540397031868619 7.70577614349097 0.5152802261965821 -0 -0.8310871830693377 4.49275308580175 323 653.1018841266632 2391 1 -4.908223039456354e-06
 -3.700369203939702 0.2181844004766138 -1500.87799041952 146.8509665773043 2.564422362142573 0.1679431817062233 -110205.5633449146 72.38046268123449 16.97167119453121 3.848617601299381 1.448864767262692 3111.435665328628 2423 191637 1 4.421295209185829 -1.740057823875771 3.396626993381328 -1.340802042535691 0 -0.4456725211371513 -0.3722855497505302 0.4570522298635584 -0 -1.045000750780362 4.407613209810429 326 651.2046160697937 2391 1 -2.067594350015447e-05
 -3.438274716904823 0.09144960203676773 -212115842.8129992 3407.655379669896 401.9691073036468 0.2218198333960291 -16089.34391438259 59.12775186461904 10.55675040976794 4736.056855592269 60411.07617521238 3013.262134519463 6270 191662 1 4.690046550917148 0.153259831159561 1.709954205372573 -0.9172896518573852 -2.643521613255204 -0.9144729366455087 3.581758229866293 -0.2187335044184273 8.982816520104446 0.6906047003553315 -6.003219271323188 329 652.1106071472168 2391 1 -1.045218334095895e-05
 -9.544876383830035 8.638396978397244 -0.1947751553308152 0.04590656332603287 -2.507559222887888e+19 0.3299243522446699 -845.4582536731562 85257.06177118208 14357116.72739974 0.07839253181791471 12343271009497.98 3217.054235964436 4469 127774 1 3.631540521743888 0.2049112746581696 -8.261398901185206 0.07864336560740474 -1.356888837828877 0.194319864969545 -8.814157453165162 -1.294699476184776 7.925665015914255 -0.02982933148586224 0.836973196543731 332 439.6078848838806 2391 1 1.521081872263178e-05
 -4.163922703091494 0.22118202095985 -2066.142208897418 20069.52414050039 54450.48709389122 0.05343572941952177 -1052482578837811 277.8186135177363 189.4357310391126 2.182581927682406 2.975762706529527 3023.423131995855 709 127767 1 -3.20567910006244 -0.5048118835108807 1.531619602728018 0.7252608752815437 -7.301623183891074 0.6745104061238347 -4.906046982650976 -0.2617201707923265 -5.85246317481862 -1.026426131433006 6.66464214092223 335 439.5394258499146 2391 1 -1.517144528360395e-05
 -3.214901404992816 0.2365475229500238 -1374.297575760474 3.640723231320545 0.134533740199588 1.442346597123341 -1.28295355626505 46292.21185377156 4569546.6407032 0.2211054985937272 67406.60802185982 3348.242885079475 545 127531 1 3.874809550182829 -1.236781193207433 3.375116217627509 -1.981668801094383 -7.678338036567087 -1.213577524514321 9.254311379092226 -0.9210519378009945 4.35674176131809 0.04384541930661089 3.327159616984824 338 437.1083509922028 2391 1 -8.835797086876333e-07
 -3.661248931326377 0.1417396180276585 -259774.7514575941 0.07367261027079675 819674491315.3442 0.2132106006827925 -34381.29527859812 7109.658667197016 130602.2346286243 1.340117715872391 13.51190706479262 2968.826626536566 1162 127762 1 4.517565474328098 0.05367143803290286 4.878357794461497 0.6419724834282023 -7.950668202806705 -1.852717691465852 -8.490380957756829 0.1081298826911041 -7.777864834389501 -0.5105810168279579 -7.584471731341614 341 438.8826668262482 2391 1 -7.630762979985138e-07
 -12.77027647905533 12.97571517828832 -0.3581610144342027 12418.66123917531 19682.79503624424 0.05628398145384786 -1322799629103234 156.7345460177188 60.92575331530354 1.49457693971224 6.991501963792541 3179.955238578975 1161 191648 1 -3.89093763988867 0.08612508740023953 -7.741280258935809 -0.4071212225194012 -0.3086155094914838 -1.81887326985864 -8.468981445570318 0.9453795008570141 5.513617170090209 0.6237366654175029 4.463099601174217 344 651.4066309928894 2391 1 -6.870279442183507e-06
 -4.363106774868147 0.184815986329999 -36427.45555845569 257.7429506519959 -2.496987310644007 0.2420630696095942 -22244.20069938545 394.3842704966095 323.1968521053795 0.04474556826609945 -9.99121558424378e+20 3115.550407576401 1240 127688 2 -4.568854255146618 -0.5758550506301034 9.472371541113695 -0.8082941999001187 6.741565966756412 0.7026238054268799 4.216041901430208 0.2824567023449473 9.456559632529132 -0.002089615142619294 -8.539863541397168 347 439.7348160743713 2391 1 1.367023808503354e-05
 -3.33357192549957 0.2759190857118562 -909.0693927928727 0.05089555759354945 1.506955391911971e+18 0.1748726013900705 -802822.236445003 2836.899830769838 19153.65028487131 1.786499966087342 5.059378114563823 3149.559160932314 819 127702 1 4.571563663397788 -1.766210133760136 -2.867722834880142 0.7996050979601388 -7.935382108165712 -1.302628592821299 2.457515925164356 -1.354881385966471 -1.761811298347046 0.2204992776399353 -2.4367007346875 350 433.9156811237335 2391 1 2.013192194668157e-05
 -3.97245905247313 0.1631964406057914 -67047.72976452597 270.1111252185722 12.00291778097306 0.2324331885917219 -9356.614682930383 65.48252881062621 12.45334439608303 0.1214967400052563 -248408157.9878615 2937.088217829245 4443 127773 1 -4.564476373411704 -1.437454802660657 -7.374981682067837 -0.5103458926727669 0 0.6728101441594569 -5.819661669818149 0.8968982389498446 5.518417193752291 0.3533183371596889 1.557966533650967 353 439.1447348594666 2391 1 -1.080795159779451e-06
 -3.230202929423886 0.0635358148213539 -1864399405119.789 5246.771780902494 4642.661469569326 0.1205830775761367 -70839708.1308656 45493.94286505191 5870735.930553269 0.8026827734533376 73.95438795685921 2969.423929598609 932 127763 1 -4.594013168519563 0.6800868076026498 4.217814912973723 -0.6030821877477708 7.886140353194607 -1.571685648179045 8.082907305418194 -1.645320004142009 -9.00914687860276 -0.9072866917681131 -6.396814960410074 356 440.863480091095 2391 1 4.574857018656692e-06
 -8.166780315811245 5.884530959659208 -0.1516835342431249 2535.32433381925 873.3609571399887 0.09224255699387082 -11067093880.36111 6440.83954475634 110147.3366843944 461.5704821527974 579.7536409097689 3121.305268780179 2352 127703 1 4.445607624238159 -1.272069707673029 7.270919802820179 -0.09528019252235878 0.6380178099974838 -1.587893672750611 -0 0.06158224028563763 -9.807991248364113 0.1842980414446038 0.07672254851613225 359 441.5792970657349 2391 1 4.93216332555598e-06
 -4.465359526301854 0.3428293566210994 -123.7004307967402 0.1083622980559117 183875795.3321063 0.09612223903577928 -4611650592.092298 120.6032738366579 38.74929178374466 1.108923514129396 28.26206807297054 3029.577329860475 2065 191664 1 4.26777513927466 0.3546817891466975 -2.451933393902653 -1.999975658000115 4.638394212650355 -1.91944078547779 0 -0.1802342468500555 -7.248297491388129 0.4700496458634498 0.2780531566346838 362 650.7956349849701 2391 1 1.461384516909977e-06
 -3.284543892701689 0.2638186689601996 -363.0704409857319 22524.67686482967 53176.62730783718 0.2799884724755267 -1338.520040258794 100.4599835574327 30.56602630063237 1.289854251884925 11.66391730986496 2961.750859741065 1151 303402 1 4.015301604264627 0.3247989785331318 -6.043370344075584 0.5110735384966789 2.87732706051827 -0.55002137617572 -0.7581879704164374 -0.3952527828479645 -4.552215788198305 -0.1121219273398824 -7.985485418643821 365 1034.585618019104 2391 1 -1.219622513548638e-05
 -3.446913694635192 0.1350995765904229 -904214.0372280735 0.06979194730550629 -2457813293704.469 0.05146729174261034 -1.805013518310411e+17 279.2066237714371 193.1997465525645 72816.0376075402 5397735.0707613 3107.83213762617 3811 191660 1 2.359952231422587 0.23727527003724 4.150378862216392 -1.151613490924061 0 -1.824569039860735 -7.549033313648748 -0.4339744913297192 0 -1.167394233837931 3.133996307359883 368 652.0435020923615 2391 1 2.720201015101507e-06
 -3.116518744402019 0.07427124194801679 -7449928461.267426 5407.119407333373 1939.103447765868 0.1524357231703504 -696199.1189816444 4542.532269220965 55775.37063072484 140.9527226730682 34.27978092975685 2850.597465201645 996 191589 1 2.838402049652287 -0.4505147427279832 -3.71489867902119 -0.800512103558968 -2.793341513882298 -1.088879790343482 -2.031250929716731 -0.385908523005198 8.013605752254923 -1.128601147064668 -1.077017661763245 371 655.9638600349426 2391 1 -7.360913021988677e-06
 -9.092140945996826 13.15298242821636 -0.2347072664122946 210.3860696993553 19.98271865666261 10514.5528448585 -38703.8039485298 110.3408565832854 32.85315952528834 10313.82102749319 -48337.39298425063 3366.342041193031 1903 191549 1 3.897055444573065 0.06307934720347454 -2.371428551718154 0.4510416093219822 2.835676306637282 -1.724233394494783 -0 -1.353486339993975 5.383219967547378 0.7991192551001607 4.656218027728355 374 655.8498179912567 2391 1 2.126679925338402e-05
 -2.727673327899207 0.06168192871628889 -3236883340173.107 1300.405818796392 188.985168021726 0.07874179802673208 -501310565705.7965 13140.31594022556 451783.3515784641 52703.61235366389 2640477.742922554 2922.511744677361 376 191476 1 4.200324721256045 -0.7359459699976307 -9.344561673399882 0.6520388835865725 0.4302999822776137 0.8872773514568331 -0 -0.8925778118759311 -0.2903568573682249 -0.4937817067766224 -0 377 649.7187960147858 2391 1 3.614886709746433e-06
 -3.33593129280609 0.2244653712334538 -2082.46512501514 4608.401847400964 1649.122700905548 0.7358425603587377 -3.98700894869907 391.7989168556292 326.2663202359636 1.169686875016879 19.37338550670588 3062.588927144003 3083 191662 1 -4.693659133141942 -0.2942589787673243 -0 -0.04356095391965379 -0 -0.1515459028561868 -1.885455379543381 0.7693936705062779 0 0.3960753388656157 -4.714393235411837 380 653.5835268497467 2391 1 -2.733465643094582e-06
 -3.68183398258333 0.05873871526680798 -48302352046941.2 2185.082258465314 1254.031182930413 13.66201213763754 -0.1822913370562362 255.8002267179886 146.5470659227945 0.2745059382817625 12766.50201658569 2863.203495975987 1281 127766 1 4.500560384710319 -0.5356371722565694 2.273577836367435 -0.8154749224730846 1.388613520668156 0.06804552439163018 -2.057963823720796 -0.3261078563939623 -5.933881279396045 -0.9593375079410702 -6.214169942681058 383 439.8560240268707 2391 1 9.092563090148142e-06
 -10.41077488563303 12.10039102536933 -0.2681797164973196 24938.22102492352 59402.12340770441 0.0736254650678098 -180643130440.6883 50279.86597177181 5889457.537899662 0.1583133678260476 2995049.936771743 3210.990460826826 3306 191616 1 2.311364278756137 0.6597984053904041 -2.703838799603409 0.790269026912211 -8.483523654615889 -1.95321423284572 -9.070105312654503 0.9077475748638069 3.787497665768475 -1.161238343365865 -1.8171290339413 386 651.0141999721527 2391 1 -1.68977182615982e-05
 -8.370050379743494 7.52053571565077 -0.1453828262896515 0.2412150664872869 1769.41444449367 0.06528872701491339 -185788179814409.6 140.9016059845895 44.07371224365191 0.1824462999220597 -886845.9557602201 2941.030088960973 1537 127711 1 4.588472367476472 0.9475303691643635 0.6939611531457546 -0.4411402176598625 -8.797886456401587 0.6898132435512396 7.194663361451385 -1.882532096145667 7.278749462647355 -0.6318114972350681 9.590036951093213 389 439.7071540355682 2391 1 8.573259954946562e-06
 -4.024461620685652 0.8017852937941031 -0.8899693896234007 0.08939316075211592 581112556.1489074 0.06596972480368501 -1418764073463.887 34251.99258746581 2543877.444543521 582.8495727349397 -84.62959285416764 2998.134803952756 1128 127693 1 2.852022600786499 0.6597795772475448 8.291092230359103 -1.436675624663621 6.788527849691826 -0.4334631680463074 9.773973795323572 -0.1038560555523382 1.758844518924884 0.09183257456565211 1.719366067701601 392 435.1810839176178 2391 1 -1.837710700221764e-05
 -3.827920606338939 0.03601846660839012 -1.218694001554662e+18 100.2404348147816 0.9179072512170748 0.4492791080335067 -47.39412615383615 89.34557477892396 20.56835271459945 0.807420740538868 46.37548334163089 2931.312425707487 754 127773 1 -4.26641162306305 -0.2521300992613291 -9.828937771291651 -0.868893379395236 0.4409661568473995 0.4669927080482914 8.284117174938558 -0.8427588163175583 4.787256525610426 -1.874263913607328 -8.218308280286324 395 438.4997889995575 2391 1 -2.092226808333816e-05
 -3.479066935619031 0.05545005952932081 -1876267609834982 6.766531122525104 0.07092954763771132 0.1229588262969252 -180678953.9480153 228.5323497517338 117.7761441675256 55694.63757440216 -1484782.207390343 3085.746298069462 2576 127771 1 -4.490828921932054 -0.4774334039466108 1.153974673413563 0.9527286344500365 -1.575944849469659 0.6086461767526461 -9.4103402260852 -1.853250127346199 0 -0.7132561585323939 -9.006887062588406 398 433.2488069534302 2391 1 1.800395537498538e-05
 -7.223897224692552 10.95714823666482 -0.1389670468849763 1.108449415487102 0.5907142592935898 0.08898700801943986 -167027628648.4028 59.80364429412801 11.73710201647467 2.147237454336465 3.956740446343529 3040.230950853507 2462 191636 1 3.835822628069314 0.6161860135717543 -5.277975680338222 -1.345808795807717 2.280209857141147 -0.4426273587560647 -4.348324935618866 0.3930270194627833 5.61549922103168 -1.753358704939487 8.570299877431804 401 652.4448530673981 2391 1 2.036963072034665e-05
 -4.24522577113015 0.09562573710234222 -67156715.52291755 0.1150253147228054 9986608.852248302 0.3691178455048142 -153.7322228394743 4.506044837635845 1.397924434070434 1.199260847412834 20.23944739458499 3050.794971379838 754 127682 1 -4.481504157769108 -0.6205959144696074 -0.3361432603081482 -0.6926415906526548 -1.058899248339003 0.1914439249415216 6.254935118804036 -0.9918755217999182 7.704020574717827 -1.915606095073996 3.510101958379489 404 437.39830493927 2391 1 -1.012910981679945e-05
 -3.212529532622298 0.09034436541568217 -232015833.2678402 0.4871758331623661 19.26579362660354 0.2901587035003969 -1876.338911628485 12.40365169585796 1.813728549298462 39937.16177601819 4227438.558787849 2929.450435758848 2126 191630 1 4.18376539420767 -1.807295295553911 9.079231623435362 -0.6409837193253889 -3.214858732592008 0.1169037693554635 4.170265779090572 -0.16174566458694 -5.210261016088673 -1.37700411507092 2.391835454140812 407 653.2330610752106 2391 1 -6.307971094666357e-06
 -3.547645659907674 0.4187182529932256 -10.1180418995259 330.7636368740087 -4.973133821913095 0.4490234570497711 -58.14890133176686 303.8423534996229 199.154186914413 2.23312663576468 3.06009104225521 3142.551555806576 815 191650 1 4.314800438112236 -1.242021360157901 3.392713866709794 -1.859021526871169 -7.179919372932364 -1.847395994158788 -2.818548707916271 -1.971593288538123 -3.613618390980315 -1.767987437385917 9.275822239155461 410 650.7011280059814 2391 1 -6.431668976442475e-06
 -2.679219084463201 0.04827362908299685 -1.58508161458083e+17 7868.624042072551 8691.841780663017 0.08440290026834731 -544640583098.9785 491.3618819375603 651.5186973789522 0.9817670230534818 47.47171325647962 2977.946425762785 3265 191656 1 4.495336489326815 0.6683843707497359 -8.674169157500872 -0.6410102303075238 -7.23002153524434 -1.661086125437155 -7.923276094834073 -1.72872842301313 2.258132062820554 -1.436654475843415 -1.854788218486477 413 655.2888951301575 2391 1 1.731556877353755e-05
 -3.557699941071724 0.1013777307200106 -110309674.9305816 595.4582114908904 63.10823786105851 0.0904725031855258 -16451782459.24219 38.18889885287211 6.130644051854923 2391.641652839609 11470.89815759652 3160.830385695466 1490 191611 1 -3.538385292087894 -0.8685987644762205 2.233339359849211 -1.93026184460026 1.016287679764582 -1.573250580648977 -0 0.8613179664135409 -1.024502200725893 -0.8903792706661191 -3.09842313337955 416 651.6951420307159 2391 1 1.806464698849008e-06
 -4.282609870870389 0.5162749630730904 -8.368087807042299 0.1302487180791151 5685177.275346473 0.297786042395735 -1191.254549553153 29185.23672875745 1748606.204780974 0.2466068149406205 44720.76133136553 2867.601465300553 1745 191647 1 4.669995692282595 -1.277722601389894 -7.071394848822067 0.6733438060857431 -8.119796513832247 -0.1547986761255338 0 -1.877534975091741 6.004653619849624 0.1424240944553725 -0 419 648.7474529743195 2391 1 3.050620185693264e-06
 -3.48445508150237 0.1949372793236198 -9697.821715726637 1.439682909721864 0.3661416164512222 0.2112658893195174 -24279.4103423649 60174.40688651994 8187115.424605804 22.66937336953439 2.545667685793317 3076.161328111228 1954 191657 1 4.44985439482709 -1.347076721151021 -9.736812874561306 -0.2570155045125997 -3.811883051649686 -1.847788808567731 1.13062071333249 -1.194276296607937 -5.8313763954062 -1.783128363451349 2.840491248225015 422 649.3985421657562 2391 1 -3.458346824571562e-06
 -3.622062949961364 0.211831472535821 -3067.737560367847 16466.11647787445 9779.277101696389 0.1671027292545574 -248154.3669102285 9391.54189779258 202698.2040007729 0.6150824767663584 150.1975766815598 3054.698926182011 959 191659 1 4.421969239747619 0.7457094104288191 -9.8273315045393 0.4085065986039425 4.326880378655546 -1.012374604396361 -1.703137314383573 -0.5601301613036007 -7.796747481828918 -1.674035399226293 1.028588112067154 425 648.4205341339111 2391 1 -9.445323654704456e-06
 -3.179610053573791 0.6609929755618327 -2.493666650670809 1.995481352489289 0.3380254833712767 0.1556684960035568 -723294.7291591049 55.37212065283682 10.33386453864035 53.54483591019649 7.354199581958595 3175.909313111492 1173 191658 1 4.306468155379761 -0.9309001287142165 0 -1.796502975611423 5.179406552634102 -0.4590383563137168 -4.879939286458562 0.5927335974415775 -2.898748221055148 0.4092151116428404 0 428 656.4369201660156 2391 1 -6.922888726484196e-06
 -3.602039403306048 0.1353062313055723 -1224351.76750163 0.6172365835795853 4.004348461816631 0.3272289649556602 -638.5321034246695 7022.387541604581 101079.8209307913 0.05305433601216421 1.352524910406659e+18 2948.563249624761 3048 191591 1 -4.35410245220994 -0.1167583719346057 -4.313887174330964 0.2155834163167242 5.718870822566789 -1.689530724043635 -0.3678305287501287 0.4858270282275824 -0 -1.348837921296488 0.9448608790679405 431 655.55934715271 2391 1 1.411138639669158e-05
 -14.88592705544899 11.76736209027464 -0.3973704014198884 0.3734693556163524 -20.37123027556949 0.1211540090571453 -33254668.0775937 7.339983978617969 1.33791037325854 56002.92453436532 2560421.817138535 3013.594993360611 1439 191657 1 -4.363076342375893 0.7504316301775305 5.866920426657071 -0.713988908308151 -6.479488747443304 -1.750689339843458 -4.480767489718504 -0.5860719955498066 -8.300056940675294 0.8333023210643526 8.102358166894085 434 643.066987991333 2391 1 4.088226941030978e-06
 -3.051158002681368 0.1758953810134528 -11791.1936632388 2.618902598782201 0.1557664846036783 1.553123539497748 -0.3808868548983995 120.5401831545897 33.13669800708048 0.357758305561656 2087.777947398856 3091.821109091575 1309 191621 1 -4.547278957004368 -1.639515242254026 -3.943840429559149 0.3841928517944057 -3.103119390830854 0.3378110627163044 -1.452349375825607 -0.7805000242573037 1.099400289245564 0.9389743397038037 -1.87872512720095 437 652.696212053299 2391 1 -1.359185591976999e-05
 -3.365889654201641 0.2492742197144389 -956.0951810115138 0.3291438168950417 -37.29978923270614 0.2015230636135794 -33101.06453352552 171.2846463440904 85.55630201387562 1.685561249055235 7.149111591367035 3015.737437246193 11105 207620 1 4.46696233154777 0.431937722899657 -1.814741363919282 -1.14663706343503 -4.926656604550653 -1.946107362556298 -2.697248428533345 0.5149315310256175 0 -0.3914203610586053 -9.979518284120539 440 712.804475069046 2391 1 -4.740500241815498e-06
 -6.722495997574077 11.75840091597549 -0.105850465311408 4492.202412506745 -278.9974383759059 0.05711106016665716 -7608782085345802 78274.81633496829 14365371.22287583 1.644609729658376 9.908202853731995 3041.556639023524 1287 191657 1 -2.726283413245069 -0.01101107105383469 -0 0.9160871421594292 -9.556472009573392 -1.36952266837123 2.219323930435407 -1.668590337920112 -6.102111088240923 0.5964892018958157 5.234335248282324 443 650.7817511558533 2391 1 6.35219656094533e-06
 -2.98399652258393 0.03848889404566459 -4.586251021935374e+19 0.2088258905023176 6320.78256678582 0.3569863623288732 -325.237719659741 111.9892102236807 36.03340211389685 368.3658766376416 32.7253895157104 3135.799017837597 961 127735 1 -4.468765834597285 0.4427003222869588 -9.818433474461466 0.6255269074833086 -5.371170105870452 -1.534550436106273 7.585200947204076 -1.078542166815125 3.792737216868105 -1.42342432162932 8.852826433731403 446 435.6722731590271 2391 1 2.211581227698864e-06
 -7.63222732315852 9.820432678110878 -0.1573172783171177 77.36331544317305 1.439434191526342 0.09509704036634549 -3313001012.599889 5086.289368284894 60790.64493142538 0.3633601926598597 4477.427122891617 3104.429984606392 1051 127717 1 4.076330593913723 -1.869020983213509 -5.267192813267664 -1.736200603964207 8.278291061380076 -0.3949901713782697 7.318609210768779 0.9916642578104646 6.988164240099342 -1.790562099748251 -1.286882185070558 449 437.6907279491425 2391 1 3.961918376675083e-06
 -3.519342304321103 0.1164218211599345 -6898239.157439025 0.3138008093227679 -187.7094182429025 0.05993797402215363 -482905745276966.9 214.5719860474785 99.65440045622522 55.59693466949996 8.833226049989461 3149.868994187545 1888 191657 1 -4.693805601547322 -0.7252020298481057 3.842660446986947 -0.2877388545474258 -1.158977250203972 -1.365413679890345 6.640235403267496 0.6135122960128938 2.935923183435929 -0.04040779411069909 7.474269324129104 452 649.8736591339111 2391 1 -9.061392028628771e-07
 -3.452203116690104 0.2409835145839092 -369.5117828930207 1.858088082647184 0.2559973134227738 0.3906601469531441 -71.47702585871775 160.6076577328005 60.05806400765564 0.3719266505780444 907.797688607733 2894.613397106009 3222 191655 1 -4.6741045653149 0.2498661465143108 -2.216140974863527 0.9675385676223711 -8.132427575965838 -1.551473760401366 4.546580473969955 -0.05617716571296864 -2.518830664531525 -1.386846453966983 -1.113889098824656 455 648.6760478019714 2391 1 -2.824583380394473e-05
 -8.339878079590333 4.070929595177335 -0.1786051723970697 64696.61835845169 1503859.242582903 9.178004772735118 -0.2051073696681365 179.7894765649107 82.79689557399905 4212.074269061366 28943.26186177696 2998.069822278136 1981 127757 1 -4.277924000539347 0.2799202053443728 1.838962484419658 0.4694875818761055 5.673637939458597 -0.3957364043571774 -3.491389537387272 0.1278419770039427 -3.094465551684098 0.4175325451563414 0.4010707128120741 458 436.3198249340057 2391 1 -2.134573821920807e-05
 -4.947680598746294 2.156538298245629 -0.1509703856090889 2.928806989458847 0.1492263952242023 0.2361429294417935 -11936.98666242389 10687.58009481087 309404.7623040978 1.796187569294079 11.25521084464243 3077.838106099085 2556 191657 1 4.477181901067173 0.9270412112101347 4.562429246826718 -1.520791059844814 4.01776268880856 0.3300921064152318 -0 -0.6333135796257379 3.984898794669864 -1.682303349502276 5.357903553983258 461 648.3682250976562 2391 1 4.347314787892669e-06
 -3.336665173973826 0.1076859661108264 -8275874.581244739 2.625103145419817 0.268462162165318 0.07136863916002688 -711345928744.2538 2681.455136663749 16122.14848082852 0.1971494196724585 98516.85096108667 3188.36454549881 921 191165 1 4.61788141807078 -1.829435006407797 4.38133237366879 -0.3263709309906693 -0.3212257030757399 -0.9685527078982092 7.303316662341627 -0.3245197827069672 5.3058291515425 0.9213005237552472 -0 464 648.5321040153503 2391 1 -1.128200863879603e-05
 -3.904098313114213 0.09216047033445159 -750217292.0590237 86733.97704429741 629330.6310024718 0.7058859081378966 -8.321159615870567 41.34117875140059 5.738750416954558 0.424372944236068 624.6334686177377 2793.502328253336 2284 191661 1 2.978127101720037 -0.641577589490007 2.292912055238369 -1.208792153200924 0.5218860698708467 -0.8799251141557907 9.223491002674397 0.3857877231069562 -6.143715944270217 -1.501764389892885 3.362204215621816 467 653.3873298168182 2391 1 5.88596420434743e-06
 -3.098508751037476 0.0848956845123558 -4075410345.615104 2.842878427289821 0.1469550163390532 2.421167785623814 -0.5322031581179293 8.525818776504751 1.560980081430387 44487.82641852238 3094213.35467575 3184.060843558053 4598 127776 1 -4.073384133128537 -0.9578338878097474 2.180692945547827 -0.4915791830794287 -8.319158941459138 -1.254298369216306 -6.015992915727112 0.7441925565824086 2.107335569751795 -0.7275595524654204 -7.576634436309298 470 435.6544420719147 2391 1 6.407741308691303e-06
 -3.704190732252385 0.09667360215299901 -283692875.4673789 7567.588634471521 2816.577867865388 0.5210100260936343 -35.43244303445337 2193.754607940829 10178.7870341405 0.1852288937607084 2024462.836075929 3061.616671516987 2743 191659 1 -4.621723736443299 -1.392820023467813 6.867494904006422 -1.801170825030682 1.55611018913052 -1.079326184223035 5.145635984421828 0.9754747970775699 5.661559710026349 -1.875756093593373 -9.765970995946258 473 652.4262449741364 2391 1 6.269073898154152e-06
 -3.82568279282706 0.749233839707466 -1.718332798890494 0.07349379302433032 196072955643.8249 0.08889109623493542 -10185280475.2407 234.8230299092339 137.4230765204289 1.470825588093933 8.358607023587936 3062.221610990527 6074 127773 1 -4.42520090596033 0.9122835746899054 8.318348874870773 -1.329042526485411 7.881079181551286 -1.555859838120409 -4.249612617551393 0.3167459841073446 8.624631861800285 -0.2838496256033193 9.378467699676689 476 439.1139199733734 2391 1 -4.303331142999366e-06
 -3.120979055247541 1.007241813787788 -0.2732084996137765 2059.816732738879 407.5387415155175 0.8295443111293503 -3.333177416497416 101.5634486866112 33.34246908341264 219.0222824477589 76.89917971246109 2791.942074623348 504 127679 1 -4.428503829874795 0.2025033678023784 3.060521093917554 -0.334284341416283 -2.357259020387166 -0.273014444294903 -2.149152422165591 -1.509259185604662 0 -0.9559962178774901 -3.258575114418943 479 437.4743230342865 2391 1 2.523161306575613e-06
 -3.3491215172771 0.1051558514277972 -48839610.52043818 2974.203559349222 333.1422138419333 0.04939392501358068 -6.123459798744887e+17 353.7174159476375 275.4424366313534 0.05214085751803547 4.424254519243647e+17 3007.233123711222 4421 127776 1 3.667054937267301 -0.4881707563353119 -9.315502490982535 0.7907097589635139 -1.856254489400361 -0.7066029407866115 -0 -0.623260211429586 7.42419367852821 -1.576600188610486 3.04139756774479 482 434.8830029964447 2391 1 1.759259673595225e-06
 -0.0426668731149852 4926.335423590867 5070.911526418417 0.3934424012458685 48.06053596645017 0.65430320520578 -14.27019969795953 156.4273470689822 75.30661225892447 1.054235073030361 54.83682973449827 2939.237715880458 1020 127685 1 4.294761581201951 0.3879288469679482 -4.26984741848076 -0.4273858572655653 -2.739265753542909 -0.6415535962242194 2.085349747592501 -1.886701437320729 6.08276071739173 0.417975125866425 1.398909996331346 485 437.7236859798431 2391 1 7.418047209359003e-06
 -5.235938763230317 2.173084961384181 -0.1660046909823615 948.724205073088 198.5607615814506 30.1271351020439 -0.593846971038798 19406.36412434539 738649.2873494327 1.111182725184717 18.37131484776349 2887.889089253111 394 187416 1 4.230005333192146 0.7593211445141481 -1.629067314617927 -0.5080044903342991 -3.149691240134627 -1.91606204887232 7.6348353469694 -0.9078135312354823 -3.999128734175436 -0.3810382893266908 -0 488 654.2731149196625 2391 1 2.129389721617987e-05
 -3.395258908997845 0.1763129027507909 -39300.40315465556 618.1892966746292 25.2195093137924 0.1716356452475599 -178218.645801504 5006.398313292999 54927.92329823488 32810.2193097209 1479840.880804684 3182.676437097474 1486 175679 1 4.556358768706145 -0.6233294864288688 -7.190843258641721 -0.2358201350092682 4.061851768096005 -0.3608425787306508 -1.336715791901506 0.09419607252914908 -6.285117752914652 -1.225787261542415 -4.717659594032177 491 600.357076883316 2391 1 3.643450500365079e-06
 -3.629781423988343 0.1394816388551376 -1782820.016365471 24.89251427464775 0.007292444002243547 0.3031074057383262 -1658.026284278078 123.8621477610743 48.06935607361994 1.428658385374076 10.09541284409003 2886.655297721234 1243 127773 1 -4.673718680433264 0.5827904421140948 -9.258249164796409 -1.055469729186843 -2.020011850469095 0.4845718976363651 -3.448112092605403 -0.6543025330030492 -0 -0.2117433351953988 0.09607900408022996 494 434.9371030330658 2391 1 1.830962412851456e-05
 -3.241748291932837 0.1923335244015378 -5834.123849712762 3570.61034246589 730.073324185714 0.2957239737603822 -971.8698948551863 348.6373785840447 276.4358498571309 0.5856855601723465 152.41824499784 2828.328153865782 923 127252 1 4.658382349433836 -1.091776293638255 -2.876109849265636 -1.805786902532579 4.249091844006966 -1.688666745897168 -5.447617491207701 -1.873477211066256 -0 -1.144094310310177 -0.8247781239401948 497 438.1828849315643 2391 1 -5.914585370932821e-06
 -3.308704765209758 0.1085617557228928 -16135942.23718751 3339.227646638141 911.0119042561661 0.03995355795779682 -2.402036131540691e+20 2875.401106174131 19610.39053441494 603.4056346327923 250.2329510401712 3021.282835478647 1676 127746 1 4.2392642331062 0.7931422554488958 -7.857827935316084 -1.656105279376125 -8.758548139818631 0.2319886578223334 -6.525661802141947 -1.370579309411923 6.821035700530521 -1.016343763220958 -5.098911013378029 500 434.1281599998474 2391 1 -7.115647613434619e-06
 -3.265254935799009 0.0701366023261035 -286937796043.0114 2.433384402450185 0.1386221996099318 0.2850370241955474 -3169.548368804823 7005.049412625817 112599.0134100234 15002.7406756166 567411.8797550773 3058.60646012485 5636 191654 1 -3.947129283008497 0.1035818039965162 9.549378934944263 0.2855806903437465 7.953596005422348 -0.2389727303274114 -8.735821858954633 -0.8646394801074404 0 -1.15582767413511 -7.911980474455072 503 647.9188041687012 2391 1 6.715428005973618e-06
 -3.985108371803952 0.1485737755742375 -241020.5794080784 3.108898657397837 0.08171515651160025 0.2034308581574411 -52893.57896699412 246.8965506292851 117.4793334500017 0.05794981046175881 4.358556859261294e+16 3075.304633740773 4529 191642 1 4.49489724927424 -1.285216354027409 0 0.5852556974871805 -6.069151379460846 -0.7033752160353011 3.111669555578724 -1.631810244196576 1.260995439193894 0.5743503000787578 -9.315417889266962 506 651.2881388664246 2391 1 1.129003259952253e-05
 -3.86358887942034 0.09950825341853582 -206690849.3914593 163.1074685932512 3.278303518752469 0.131138291209024 -14868901.55796101 1520.708772577888 5072.993890722937 644.4919548269918 460.1208618097384 3038.847199859101 1786 191597 1 3.731626509824156 -1.397238264581905 4.655831277339729 0.4634695221440825 -4.095116540387913 -0.4221408099590845 -3.770348875742468 0.8549008400039582 9.181615993093308 -0.01364175168215279 7.844553294230815 509 653.0376551151276 2391 1 6.507743951487173e-06
 -6.523255646410948 10.86487485815353 -0.124095457296523 37574.64520370279 53909.01703863424 0.09415135654210846 -46811580876.79005 87051.7729124832 16159214.71006202 1181.092134311516 1229.541664509546 2887.351210487345 680 191550 1 -3.741934190200699 -1.311691030236805 -9.061616838402347 -1.115063593990955 5.829939258930303 0.621217554355439 9.266825359423999 -1.166735244412877 1.497144867420982 -0.1618136898145703 -8.975888833250021 512 655.2635328769684 2391 1 1.810789358362948e-05
 -3.155476530183194 0.1359654287076582 -4758871.772405796 33093.1703225176 146927.1491955817 0.05503252592511245 -5.798823390423991e+17 111.6151431323531 45.07940645692862 3.614802286463247 2.567040577678248 3125.552697329303 1813 191657 1 4.49420913856808 0.7947653831343593 0 -0.3528993074321782 -7.246958629493239 -1.096244106576497 9.427883749508442 -0.8662766401843802 2.73204362135074 -1.753180240971671 0 515 657.341481924057 2391 1 2.283933179719408e-05
 -3.538313955582531 0.04835507212396812 -1.809496596887788e+16 55.93449717173381 1.022218322051454 1.551701831533321 -0.9522324955821936 371.7715271380824 262.7557776308851 0.3129625733266179 5677.161553623819 2897.46593653193 792 191161 1 4.266222894103491 0.4807128332280493 2.398338889970614 0.1056655224446042 -8.632207095480656 0.02556572975007843 -5.760680581762081 -0.1387244484497359 -8.189574249483579 -0.839268949699286 -5.863097045600252 518 650.4439251422882 2391 1 8.255980715644838e-06
 -3.31003912457717 0.07267397227122382 -902839873.4588972 1035.439917693251 186.0145018036802 40640.87963687892 -618980.2164603262 164.853196025677 73.30594797271071 37331.87742607643 3913053.32364278 3090.292434262702 1161 191622 1 -3.785313512068375 -1.375108699293357 6.181219487212176 -1.516969236287101 -2.560863970962083 -0.2865459388465582 0.2329561521057411 -0.8531907654922293 2.714748562471238 0.0869333381859656 0.9087167789266881 521 655.771744966507 2391 1 -2.590048081567814e-05
 -8.164276248364549 7.336236973291858 -0.154476348091411 3.063308344148165 0.1414673267566741 0.2172981789306394 -13909.01768436245 23.44736317916334 3.43789461230467 217.2226857245125 66.2719045966725 2995.668524799655 3295 127754 1 -4.298066097211624 0.5345003923469211 -9.632413270184523 -1.269748325949414 0.1089105562149348 0.5197627993192913 0.1249677231919746 -0.2361036226381703 0 -0.03963071810348677 1.585431800949703 524 439.1164448261261 2391 1 4.819644622093081e-06
 -3.64200713080581 0.1584822447015671 -315794.6142359566 1.088706762727675 0.3608633096889638 0.2962249405328334 -1594.569517071532 45806.31362586931 5497940.836415296 258.8109642663332 139.3529594359892 2963.205137153673 850 191335 1 4.078029044920293 0.2876938871399841 -6.639632177433742 -1.274424466262069 -0 -0.6920517894003781 -1.737164311281213 -1.518694560031862 -0 -0.1470717977922647 -9.790310657273338 527 654.4672770500183 2391 1 1.057953208239008e-05
 -5.556316525905473 2.844223162242399 -0.1411809765950808 4359.994831952889 1348.475958173012 0.4511540820920766 -61.67566822082965 50591.04891576483 6392068.909443242 1541.142106849373 3076.604314317786 3005.899686279358 1302 191664 1 4.661574130146863 0.8740381746913588 -5.661984926475414 -0.3888336318423118 6.913874223181826 0.8843685876987601 7.592963304223302 0.3637596201631554 9.102620091682313 -0.4065730295579542 3.137916045950108 530 649.7150919437408 2391 1 -1.161128249371869e-05
 -3.71610239340565 0.07590171353729082 -94819224951.67346 3.175887381160735 0.1203579758313257 0.04364618420135699 -7.54150053341132e+20 1305.479258863869 4367.213033860049 0.1680170747850781 4868344.122366482 2732.432822263323 3634 127746 1 -3.660884905939613 -1.90367611121665 0 -0.3683655802615036 -3.797766043478669 0.7848324601520207 4.290972648970554 -1.219545907646125 8.244762103801273 -1.480002231172334 6.035352998407213 533 436.5527429580688 2391 1 1.163184084205003e-05
 -3.277787675354086 0.2501908992195349 -754.9909164041013 244.7748243183913 -2.219103172512989 0.04785806305182586 -1.416141437197096e+18 15290.06469195507 500375.7705883584 2270.399229888116 7081.703101554747 2876.77262826182 1207 191551 1 -4.541644613546524 0.1754670154041351 -7.764837847471808 0.8829952269605608 3.944523824620323 0.04416965182516906 3.412964703161243 0.9652404462278574 5.248184623397036 -1.23134702776895 -7.106592778244369 536 652.4660069942474 2391 1 8.612285182174594e-07
 -3.984542308751762 0.1533985344376846 -156250.7683295347 8859.782148263157 3362.157279715946 0.2232923074667039 -21544.44587550322 46865.1790884083 4944291.886020569 61.23500617932827 13.62804212340257 3176.368618534391 2833 127767 1 4.696674089618407 0.8678214984442976 7.009650422130452 -0.385029216616755 -0 -1.477631585621893 -4.708704343580553 0.6990687577619266 0.6652131420830592 0.02019601464091457 0.2570659126345265 539 435.9995739459991 2391 1 3.551015603831896e-06
 -3.61537092439954 0.1554851228735463 -70747.74619057793 164.6059354581325 1.031256551851779 0.07635746633735092 -181610773335.0427 166.740144416891 70.37960636949555 0.08839889589980858 32206142430.94198 3033.235953686309 1580 191648 1 -4.563388651465075 -1.0030443379295 7.501422447967318 -1.766258187426974 -6.390274839625563 -1.564647820567635 -4.183895920727318 0.1511942189371726 -4.021170622379325 0.244235674208217 7.823199482740273 542 652.7359070777893 2391 1 -5.247056549788145e-06
 -3.327750163414662 0.1282178322834782 -6331716.866983158 462.0473209819697 12.12500579207805 0.3867387722666248 -199.1649593719391 165.5753657126692 75.97029851130601 1.294430256373059 18.78963072742851 2896.518063855407 2458 127734 1 4.355723234972218 -0.5036082528496113 -8.082304729648987 -0.5315518767784564 9.002438490932013 -0.01077712183671766 -1.12410330813261 -0.01391543756308258 -7.577267726415887 -0.1486321358797689 -7.297569067078619 545 436.7711081504822 2391 1 1.250339248949017e-05
 -3.5913315980035 0.05059601444550602 -8465408997227406 83307.1735266289 540638.040530279 0.1298505453023932 -38187841.42397948 138.7760677034769 53.58195629839835 126.9478063269708 33.20581052463558 2994.998620049325 1178 191663 1 -4.50655645574086 0.4113624026357816 4.094577272826472 -1.12285602862061 4.729269942758016 0.3436380880190053 2.97662683002112 0.5582535238782818 9.658846823827748 0.3155518703193149 0 548 654.9632229804993 2391 1 1.204786130526918e-05
 -3.281152920570699 0.1282335848436828 -942775.7332901881 1.617011357915157 0.1759540221557751 0.3011924933997613 -1323.735167451186 2411.995972066944 9205.214546719248 2.14812817104201 1.834452973759906 3214.553865756317 1841 127776 1 -2.789510732827165 0.5942157963462176 9.916913995219113 0.5942383189194738 -0.7332007228386117 -1.915902027442819 -1.666106120403159 -1.914713635340502 -1.828003844446589 -1.466589712585615 7.016759427415689 551 440.5230028629303 2391 1 -5.294380517823998e-06
 -3.664393964346599 0.1148839434752922 -6843698.027008157 450.6445304287666 18.18598243324218 0.1793150135025288 -170556.1857375804 6665.337937284025 84690.23752872804 2.049541054449243 2.891980838280773 2960.672212984183 5398 191663 1 4.685880453999058 -1.571182662480407 -3.139155065372967 -1.516814767030237 0.2570415360172658 -1.960403967526947 8.606914924410981 0.3147737129659047 6.984312235166129 0.5828030580946963 -5.976817073245635 554 651.9968647956848 2391 1 -2.583039909196307e-06
 -3.774159045318459 0.1382203055753577 -644612.0809261757 0.03985856370066782 -9.993090000419777e+20 0.2133341703998073 -25690.10676982212 60.36368964863792 12.14170389802989 0.8251913435367184 45.52818731824098 3045.307020845606 4266 127776 2 4.324530237736935 0.1691708122951327 5.520114245556739 0.7423118198032131 -2.259687509402012 -1.347514030924549 6.739083420696749 -0.8263816436453215 -6.907508902209319 0.2357637333939206 -6.783411158636171 557 433.9590470790863 2391 1 3.469178454498967e-07
 -3.09118406291101 0.04377941655064422 -3.173702287731756e+16 1.780760341723148 0.1531157990788156 0.2161213007828941 -19112.29564619605 3213.481632650121 24347.12220741126 50.7294674890307 5.19559172427078 3067.298060284878 2855 127747 1 3.548081568290538 -1.746952666973449 6.25554326875028 -1.417889350414771 -7.243794839669276 0.4179908884356967 3.851684980248758 -0.9051409574026863 -2.786247337034726 -0.5517083993069507 -8.268107898003418 560 435.9269769191742 2391 1 -4.740391155186017e-06
 -3.368446978343786 0.1668118893751323 -34856.94463882788 0.09054067345519606 395571417.1131189 0.3302285043271498 -676.1274349216735 79536.22238992943 14203244.26906329 1.035267350412518 17.7127257685601 3019.237605592944 2692 191605 1 -4.648860907193696 -0.8979743526739385 0.7447128307836479 -0.3709468751777596 -1.006807292866577 -0.7140756569043019 4.040903217683207 -0.3954232969765617 -5.283280564819748 -1.515806713795722 -8.616502699542831 563 613.0595519542694 2391 1 -9.354610538123698e-06


# name: injParameters
# type: matrix
# rows: 1
# columns: 11
 2.04 0.07999999999999999 3.1 1 1 0 0 0 0 0 0


