# Created by Octave 3.8.2, Mon May 11 15:01:17 2015 PDT <charlie@dicke>
# name: outString
# type: sq_string
# elements: 1
# length: 114
Slope	Lambda	Gravity	Lambda	MagneticField	Lambda	MagneticField^2	Lambda	AttractorTemp	Lambda	AttractorTempGradient
# name: om
# type: matrix
# rows: 187
# columns: 31
 -6.89019289906634 115.7901713327881 1.960696265004048 688.5731839025694 43.00712886248374 0.0597460910802208 -100166960702274.3 5.713641569719327 1.681552141366307 83732.56826608175 10702087.81567967 3291.330138829465 723 191650 1 -4.622759544189963 -0.4191264660121909 -9.75056444988904 0.8707275226527074 6.86432522007167 -0.5003904651679756 3.911739809030259 0.07487441612707801 6.762090497718766 -0.4584091979998615 6.95246577771561 3 885.9834759235382 2391 -1 -1.256704445312995e-05
 -9.838621022056676 0.1971250079180718 -5397.338609411106 11.8863244229829 0.1064231413863673 0.05402321276392526 -3181885707102964 482.1906562073675 658.0643306155407 1.417511040001686 12.66886417531497 3109.769172823218 551 191650 1 -4.61275598322699 -0.7164754142628009 8.266788999409552 -0.7066177272245149 -4.997551860356942 0.8092675329272172 -6.880875310380979 0.7168799761613531 8.706864725357317 -0.7828889924112676 -0 6 801.2748439311981 2391 -1 -6.848732140019744e-06
 -9.787440592543069 0.0457579652398345 -9.511811971893105e+19 2.506018766023741 0.1685866440222973 0.2406376642113569 -53802.51521852037 330.3234337801184 286.6615569167851 0.2809553287948162 86276.04399587269 3130.067877424763 608 191497 1 -4.4666759638876 -1.695629226957591 -0.9427319715090614 0.4424037936015197 -0 -0.0005155788231574733 -7.706723395176292 0.4457064617007144 7.35582782717802 0.640787690765833 2.684976747842312 9 803.441642999649 2391 -1 3.431928485581536e-05
 -8.943753010482869 0.103499673878292 -54985506.87230486 2211.954905021736 679.2527969990103 0.1285665307571571 -18941558.17885288 1214.61065108659 3812.827578755363 0.9009546583513854 85.08896238063365 2931.044383956835 929 191658 1 4.624876193700162 -1.676723634772641 8.727095663248894 0.3029306214651584 -5.899101420751059 0.9162777928919255 -8.62483683835595 -0.7685932041624426 0 0.3754505222781783 -8.521611851104899 12 805.4972710609436 2391 -1 6.829876209228633e-07
 -9.503184357527632 0.07210830560478246 -76580229616.03687 0.04264481935170206 2.176495191618881e+19 0.31178983509366 -982.9750885174691 3.23472036301925 2.382309656115364 2.277260223737793 4.715188673008915 3026.750915121276 3303 191646 1 -3.647170999913909 -0.8441750931260943 2.152484885397221 -1.183525961262003 0.7241770469019935 -1.225438327282655 6.42930709805529 -0.1257094212563681 -8.472541061346291 -1.829123133147581 -3.212285625752192 15 802.5937440395355 2391 -1 -1.134382947421456e-06
 -9.559087247242386 0.1888328144648463 -11820.94959502894 0.1692016955454839 -95547.95512190208 723.2593266125708 79.43755818507891 7.500204228403596 1.39392269098021 0.04207951723496958 2.988174052359457e+20 2997.037645329039 2064 191648 1 -4.639020252672911 -0.2682138438313384 -3.058409132242495 0.3459662959947192 2.253246097496944 0.981129961994899 0.8280191634220255 -1.63563814346541 -9.389795708593077 0.823690047734007 -9.896485344160128 18 656.1794919967651 2391 -1 -5.700158273491651e-06
 -9.584868243441118 0.08008630500024914 -779642072.0343615 3441.624835525113 1148.891797334527 0.2391726985644395 -7063.627210527888 65.05175824489477 13.48238075902179 0.1054365525362774 732455272.5259653 3054.110880827479 3304 127775 1 -4.607782272287724 0.752364184554275 2.874607596127548 0.7736181816011118 8.028942572721386 -1.540471585933369 -1.66892415726618 -0.5235691293001787 -7.96227009186924 0.1721090149137616 -2.007195949523584 21 428.5669541358948 2391 -1 -1.978291164015305e-05
 -10.27104676083675 0.1312635091885506 -5559849.508367675 0.3607391164051149 -9.476371779488909 0.5570571627709936 -47.77306685873782 13.69891126918751 1.618872729164094 1009.632620262789 1355.353991161526 2961.653080812532 3215 191659 1 -4.383023080371881 -1.633068966282328 -5.732916202651982 -1.507529940633669 3.291521337406397 -1.630011493705847 -1.747072889767419 0.5590257254315381 1.357475823111035 -0.9738711218318938 -0 24 653.5924990177155 2391 -1 1.654413959341876e-05
 -9.325785167006654 0.07871231664660122 -692509814.1314291 10.21914353824087 0.09549739323203563 0.6924675438316324 -8.017690941891662 29.51826114758267 3.822381272079076 75916.24546914926 1227102.368647726 3172.788522580783 2064 191615 2 3.685798468192758 -1.556321484183615 5.676373282594316 -1.186852616631345 -7.316491313681205 0.681035956316224 5.953120854641911 -1.655902913370316 7.527449826996266 0.7574136762153794 -8.513157626449521 27 661.7583050727844 2391 -1 -2.206278690882667e-05
 -9.683094179579541 0.1606323652905146 -87119.16693321797 274.8633875037827 5.696658525196162 0.2726561481401408 -3076.515448945105 5949.956561050865 75803.02134715448 3.919377232358466 1.998573151674765 3143.615497908384 2213 127725 1 4.222216489767636 -0.3089391768459766 2.890837011957723 -1.391794328350384 2.06716711462179 -1.320147321403415 4.288595727084611 -1.121379248079268 4.838935736166271 -1.282864221526571 8.769958653646535 30 439.234846830368 2391 -1 -1.56512192287933e-06
 -9.655658999630596 0.08125802957256388 -494410422332.5486 5803.240001935748 497.6249456151157 0.04812116330796378 -9.917988220640027e+20 106.9192169224609 38.90491476277125 10400.10873792895 371381.43521502 3189.332406219628 2095 191523 2 -3.961218293118234 0.7110054522285409 1.632559238550877 0.7162361272391563 -1.535804679521122 -0.07734550062425249 -0.4873866772372066 0.8556413249588166 2.575871202415171 0.6720898598962224 0 33 630.8593039512634 2391 -1 3.263408620197291e-05
 -9.76186223684946 0.06790738644287279 -2987324782330.058 217.9276916527602 -7.197437663622046 0.104280847899324 -3085117908.731943 113.5106938865999 32.68741001250709 0.5759194814020341 220.1914227341437 2972.425568350993 3917 191633 1 3.916122609069586 -1.605693328399642 1.185080788668222 -1.315086999689646 2.510556323563155 0.8461825251491311 2.05037955769414 0.3038583925748024 7.669056619367003 0.7181390983660743 2.250652137005605 36 641.003574848175 2391 -1 1.304431433269811e-05
 -10.6071852588116 0.1068392292268645 -88383523.51139748 733.7027781513302 62.74543192118503 0.3511637847507123 -452.000939774807 592.8289510339821 955.0286633251284 4854.289954864901 44198.64140554452 2780.306652077292 5377 127757 1 -3.485294985103566 -0.6166995705778113 0.2160129223127361 -0.4111307103580755 4.645578983754875 -1.596365242485283 -1.213267079686583 -1.947698526396504 -6.757532268179107 0.1950415449748117 -5.112948185602674 39 424.5235710144043 2391 -1 5.374117195771902e-06
 -9.030013515042523 0.03979738574731159 -9.996112112735026e+20 45.90465182304889 0.2819141736944999 0.240819779439515 -23270.51778839904 28636.38874228069 1638382.896178234 0.04603240813655207 -9.955016449704365e+20 3175.27269322192 1399 127772 2 -4.36289168266619 -0.6395620765115009 8.449482704098269 0.5852174572913156 9.934110753437471 -1.057127286418735 1.76425983193572 -0.5682806954042032 1.42269500829694 -1.866874624984008 -9.694017410915775 42 426.1115651130676 2391 -1 1.960907064842053e-05
 -9.86363752702781 0.1365222098908528 -2606749.364423637 0.05047211202735198 1.298395416856981e+18 0.08773652141519583 -94277869210.85452 1423.547686027408 4551.484105768199 0.05094381297519896 1.029580463856353e+19 2995.626187721109 1278 191554 1 -4.388439741823207 -1.046529443588149 7.671580292620574 -1.629553805655926 5.568077471843639 -0.1834139956516498 -0 -0.370254967817278 1.775312082540162 -0.3149852990123954 1.06176286452322 45 643.4863250255585 2391 -1 1.434562221182912e-05
 -9.64813998592955 0.09937734836573717 -3318923945.785371 9472.048379334785 13801.00468560726 0.1365952460121718 -58979897.35990261 7381.136732519261 139756.9513602759 0.5601836531502423 424.7909371438038 3170.97960543808 1295 127746 1 -4.690793718986769 -1.228070395745505 8.566529588416969 -0.4173577655439917 -4.600580625903343 -0.22456059704691 -7.738680842338953 0.7944970830431664 -0.9135422911855455 0.9857264031391065 -0 48 428.0896310806274 2391 -1 3.288985185164704e-05
 -9.676777218988233 0.1471317521350273 -149698.5185195725 410.9422039603663 45.72574075552409 7.70949435688359 -0.2717195786569285 2334.87093058302 15298.09362009567 17256.84441973029 585579.9889513085 3045.038252374248 156 178299 1 4.358711398297968 -0.6308402415175518 9.246115018951715 -1.601522604141833 -9.233214167936284 -0.961134285422844 6.24616698451044 -1.634453563175631 9.312496258635809 -0.714762109091148 -0.600938348619084 51 639.5924270153046 2391 -1 -1.305627364220975e-05
 -10.41349761865223 0.07561202722316983 -51964366472.76241 33613.58091046797 58095.94463754669 0.07069550211370687 -8048576520863.656 5165.979915207511 59567.00264092851 4784.82655142287 35390.55537983544 3120.217863474226 3160 191657 1 -4.187801752818952 0.2001764864195427 0 0.3680084299051138 -3.065599192674465 -1.640756195683392 1.87797791825162 -1.389588410483057 -3.028086585956386 0.983646025237201 4.283279908627756 54 638.0835931301117 2391 -1 5.192029814113864e-06
 -9.98611359050663 0.05406701237040131 -3837181578104.503 7.160681574118069 0.06759163549516699 0.151906368292798 -402527.1824173798 7382.750193225377 127648.5223816288 74.53483349917076 5.762134769600609 3076.854631860298 3318 127768 1 -1.760092401019289 -1.499742325301669 3.570242492025923 -1.491361068648796 7.217886913612208 0.7018883667588445 -5.69506014747256 -1.550281979578501 4.552120701121459 0.3049515071563964 -0 57 428.6866109371185 2391 -1 -2.008803361093228e-05
 -9.829619627174708 0.07235898083403949 -46377986820.35058 3983.056206215754 1088.298773521879 0.2375613233475631 -8202.845178784757 43609.26371004812 5168840.395741951 1.757286774690441 1.487528129235123 3121.865291999108 1549 191614 1 -4.421624693120196 0.5203109532377868 8.800548381166186 -0.8792120102423624 9.37083880791433 -1.57349080802203 -0 -1.181002488398768 -3.005822071158045 -1.139693514145274 1.718500651021949 60 642.9130921363831 2391 -1 -4.704506578641159e-06
 -9.466526612641522 0.07701532589648155 -1548735826.266762 85.7727681369708 2.041053892355823 0.0925075490856299 -752216292.4436444 12970.36754018964 433258.9276818865 0.05063790679017249 1.180844458418095e+16 3137.826558190352 3961 191664 1 4.350811206316698 0.9142491823423571 -7.698527405503274 0.9342562963121992 5.268842980083781 -1.056939189265929 -3.629646094828211 0.5164695954665826 -5.258521257671354 0.04366446839854448 -3.063297766038221 63 630.6470730304718 2391 -1 -1.925305140854175e-05
 -9.387095564599406 0.07025882499170935 -203505467304.3798 1.628582353879314 0.4006812650861175 0.09521571318272445 -7455179864.065784 24161.93225232916 1273803.960470382 2913.487438947673 -5467.82731530838 3151.824194101767 1237 191567 1 -4.064160699426382 -1.999347034412547 -4.946495330635484 0.7645636682349597 -0 -0.9119433109595523 -3.491098115297055 -0.7019085683330619 -0 -0.9936571271822103 7.253287528537816 66 636.6598091125488 2391 -1 2.130106083919403e-06
 -9.450040471661621 0.09321771748478995 -8402668254.433163 39.85263257967286 0.07470336975140099 0.3337810252559808 -1459.428950307278 22892.22317014942 1054325.984051293 4382.060034329204 -17326.49378686655 3124.444890607242 1410 191660 1 4.59443464320029 0.4010935378492215 2.158144559514275 -1.584328751648141 0.2518114904981812 -0.5942208844410661 -0 0.7215547159064672 1.957220083112416 -1.448000867528621 9.143945359617209 69 638.7394649982452 2391 -1 2.660436478165382e-05
 -10.18887047685776 0.09015024742592205 -1122509149.1616 4.861536580005992 0.1082093176641784 0.209797523915334 -31138.32482608517 296.8697938432562 228.6867968030562 0.5553033199677236 465.7898235118658 3086.409954237859 2560 191626 1 -4.617629178194496 -1.188780573285575 8.08228274155805 0.545895741027056 -3.750729187315758 -0.8634322367923168 8.369749527013544 -1.830294684858123 -1.79627621040771 -1.752837419997752 2.946853401522043 72 641.0345549583435 2391 -1 -2.154618168282428e-07
 -9.374282114652006 0.07219535498554436 -81545868331.79828 3.098746367353183 0.1551604841426975 0.2437302230936977 -9150.293711928134 478.3855620884853 524.8860634179093 2.246933727236059 3.933026761894817 3039.157534499461 2982 127764 1 4.55315279249929 -1.053452185718871 2.256467041919993 0.4688556981125434 -3.349813778047593 0.4254352145591556 -0.8136750008495399 -1.008055949301582 -0.6307837274877546 0.8437868468856808 8.381010255669231 75 429.9925520420074 2391 -1 -7.493758056834296e-07
 -10.53784516634178 0.08723055389512889 -3987098910.691359 34087.728969661 101253.9331941853 0.06897271906119455 -27701162850151.82 25.8713078946171 3.82391343269822 96231.70517125318 26374217.27493193 3248.2018690724 4856 127775 1 -4.511535799143394 -0.3442052442145274 -5.594994000617696 -1.21280480708321 -2.863000365398184 0.4518447496326603 7.382865309709201 -1.16282311784268 6.423793369111146 0.2555201000102198 5.165093585192412 78 429.8137769699097 2391 -1 8.012079600222588e-06
 -9.48768084715638 0.07966945721047583 -6439635876.08199 4.162540011376233 0.1803799124219182 0.2474789713471121 -6814.817575236601 125.8836111870767 46.01980916941501 65782.51620581892 5685483.334229741 3098.158168620494 1186 191635 1 4.688672401566771 0.5063886153511064 7.548656664302335 -0.4036828765588956 -9.04668025481077 0.9563295121109454 0.4727096177348056 -0.001935757689950406 5.629876271059754 -0.1551331878272713 -6.755798112989356 81 631.7612748146057 2391 -1 -3.907983905645331e-06
 -10.39765938967246 0.0401389310416047 -9.381504311354395e+18 5691.104654270702 2697.071068096107 0.0939938086296668 -8984328679.260433 90394.43125458491 20549860.97849737 1923.102847909799 5977.970523422656 2972.312470079103 4257 191630 1 4.427769336862244 -0.9269684134654028 7.592391954868699 0.7484725634633436 7.63183041226765 -0.8314664240676457 5.141611904202469 -1.100203646053519 -4.176998967429169 -0.8449401247412593 2.973481858365444 84 638.8296051025391 2391 -1 1.909913293347232e-06
 -10.13440792498212 0.0839631760607718 -5535199978.175089 0.03940575038254338 9.916241862576016e+20 0.4189480358547615 -210.5246981078424 23.41647290422154 1.747747510936362 2.520244754475853 -2.022562357691366 3155.573322288601 2037 191652 2 -4.080310784268767 0.2754713528933834 8.389429692577655 0.3841797223381267 6.957911596034017 -1.569225896582396 3.627723648574227 -0.9789906915266711 3.601985202336242 -1.586400820163917 -8.321044208797034 87 628.6906638145447 2391 -1 3.893948865908593e-06
 -10.04392956859251 0.1395820482032691 -885401.8165312626 0.0581371603356509 299866575068301.4 0.3909064527408532 -225.2923860840593 5471.746074304801 61019.52443110222 0.389332888819387 517.6012154885991 3074.141403034136 2156 127754 1 4.435739346926627 -1.357863230568459 -1.823662759178013 -1.209663582192567 5.908275879125442 0.9100522715413755 -5.01946749344176 -1.031842497196163 0.3324590066830249 -0.05594215911175129 -8.281586388535501 90 427.3934450149536 2391 -1 2.526457336367634e-06
 -9.279646817810198 0.04201665444238394 -4.093619205670789e+17 43399.45103707376 204468.4277805087 0.1278436322480069 -23201626.99255655 615.0326873174816 950.1199304017115 0.1663666163469123 2641390.658986433 3130.848769475585 3545 127764 1 -4.098764398264567 0.7809409781575178 -6.906369434724537 0.5013072706222967 1.735288142972796 -1.523021907023096 2.797943336394067 -0.1182642067514319 3.546577997181877 -0.9426379086347438 0.3306129623329372 93 425.465637922287 2391 -1 -3.144627483028552e-06
 -9.922200016557836 0.1233829306198986 -3501518.935192062 2.549278541214024 0.1043285551297347 0.4230391794395461 -150.2746650078742 102.180820234585 31.52372742357605 1.731866110058264 7.815629142718671 3145.295766274575 3066 191663 1 -4.470004938902208 -1.804319316980829 4.832000404062665 -0.6725770250441858 3.717326495616573 -1.602241400779214 1.890039220034029 -1.493956671214198 0.8476096933359631 -0.8895196492999231 3.220538092325349 96 639.8343999385834 2391 -1 -9.470307833051745e-07
 -10.61641604605904 0.09907193831274951 -739337882.3150144 0.2529213238288882 -951.0652569403437 0.7017529457246843 -14.95403464193861 5809.654477667566 76741.50279493003 1.359422360457799 24.59093146832544 3007.967422966846 4140 191655 1 -4.131364905005104 -1.294686861239903 6.362139852433798 -1.410070772769089 1.056179345231695 0.3083976552079601 4.881805304286942 0.03394136484684872 0 -1.229043796021498 1.54698777071772 99 638.8876850605011 2391 -1 1.834595321959996e-05
 -10.29702526987325 0.08252492956533741 -9038111247.165825 1072.609663155523 41.74061707766659 0.1679718872115649 -469864.920415685 149.5474610533606 51.57758779545625 2271.251488892295 -425.7639975248583 3091.673260085364 857 191393 1 4.676617285912209 -1.325730581979934 3.60269139952104 0.6039020778159387 3.568582724394172 -0.2264255727137066 -5.068572953798832 0.1672662155833579 -0.4779768236567739 0.8401460951900392 1.056569303297739 102 631.6925349235535 2391 -1 2.764959501500513e-06
 -9.367650830589007 0.05994018321369681 -4414666618145.856 0.3186702595084143 196.2709446123798 0.07021806492473302 -2832847984697.269 4353.080221344762 46370.73568649627 3.370253579455155 3.40315059107307 3085.674895445447 2388 191637 1 4.432013280940749 0.2186249868033147 -8.489028705471219 -0.2580372619709487 -2.796484722475269 -0.2283182079030928 -7.134174205998715 0.100089652336996 7.555726378626371 -0.08961987761933264 -2.326156152222343 105 634.8079798221588 2391 -1 -6.922810730399183e-06
 -9.798542289884395 0.07144354029886542 -343115235032.1345 1575.022085404866 246.4279184595559 0.1042043034895146 -1112992932.779594 24906.22724085421 1447065.216377135 0.04682596814877015 3.845839701778e+19 3257.602185865698 3862 191659 1 4.604406793256136 -0.3004076549031396 -6.724346477311304 -1.788143552806171 -0.7148473952389196 0.07755930968591146 5.278675682987354 -0.1471543988339521 0.3950456756128542 0.9193543813975587 2.407576515938682 108 631.5155649185181 2391 -1 7.739682411064819e-06
 -9.906870348568802 0.06815102715466817 -848154509624.9679 0.824404353731741 -0.3352560611783433 0.5729000200005034 -44.90018405886783 184.3216624392964 95.12710764887404 0.06347454963277592 1255955885444519 3126.728201836204 1400 127767 1 -4.563556668730707 0.2742866826628738 2.133436835103974 -1.655751645403042 -0 -1.404021970117785 -8.053783011350921 -0.3629839261246079 -0 -1.741628707110277 -0 111 428.7770359516144 2391 -1 7.854323975103909e-06
 -9.31166543407355 0.0707545941697483 -11715962553499.29 3727.472913746434 1947.636020540561 0.2443551475789656 -29323.17030495359 40797.01320958387 4964669.74840402 59283.74228100353 9634476.732975356 2979.528937079298 5017 127769 1 4.573233643453122 -0.1818557671432597 1.566655837256863 -1.08526462098013 7.983169896523361 0.1381164591805501 3.092871433184815 -0.2398081935234684 8.095036778831025 0.01021060095997984 -9.965302090599838 114 422.672131061554 2391 -1 3.174191850926341e-05
 -9.757326925747567 0.1123997272340743 -4906487.65094841 0.09920369731787361 -65137838.08054838 0.2592280818300841 -2351.761931732739 46.45424570529418 7.873295191570397 656.6528796545596 472.6312449242297 3026.105407804503 3064 191661 1 -4.646140744166188 -1.929869001208693 -4.936362417524129 -1.011500074930647 0 -0.6328165607914329 0 -0.3698249992835532 -0 0.5562958694911884 7.162058947876115 117 638.4307098388672 2391 -1 -1.638044024835909e-05
 -9.568170428074097 0.1335012452507393 -193451.5941435412 20541.60984757713 92548.37282535656 0.4553457611850459 -59.59545491533199 446.5194659838049 530.7783364507513 1.431381085121925 9.996575388148722 3089.630867683486 1502 191642 1 -4.628332168356637 -0.07038886260224061 -3.14250769129404 -0.8681115674090032 5.272948469796922 -0.5670570890393263 -0 0.4081567362016973 -9.455105116208737 0.2601875953984578 0 120 640.6454660892487 2391 -1 -2.782871202319953e-05
 -0.04911942794504273 4500.86086362085 10344.27261416662 337.4085049758417 16.00557643711954 0.2482060063281269 -3088.008453113746 46.57530218080768 8.733262997715038 1.973646015030179 4.870699251212427 3231.168408434676 1548 191661 1 -4.625617547661741 -0.3700547561918555 7.575500462729035 -0.7584017708998534 6.792956706489371 -0.4187378713265373 -0 0.9100050137637004 0 -0.5043396846919341 -7.214848159552528 123 633.0041530132294 2391 -1 -1.291516083320502e-05
 -9.90258620809333 0.09992272092009982 -37563058.03350986 1.191800400756757 0.5646394872240706 0.4451054906946681 -93.33427322026569 185.0868307653283 106.5190192650027 2.736559228768865 2.178821260821304 3100.638962366416 1742 191597 1 -4.672527238400791 -1.276969001018128 3.302724974385364 0.7631604174757562 7.132247480708399 0.05058838298735678 7.704412726539369 0.2949257506445941 -5.973523411669607 -0.3388713514818731 -6.285341791544359 126 639.7276268005371 2391 -1 -1.069834590742506e-05
 -9.889408609258306 0.09391250822469177 -1018827712.08282 0.2244404722543145 5918.176795737035 0.140622344925251 -9121470.663980337 1082.272066111356 2851.037945478461 539.0816667667477 897.3943614246859 3186.799892308498 1664 191663 1 -4.617471652737351 -0.1721630473921555 0.5452495307051808 -0.3964853897281665 1.00404316660401 0.6100596250252841 -0.0836198961943726 0.4824089074518189 7.181366475391556 0.237103729787961 8.352437823528634 129 641.6384801864624 2391 -1 7.775009578469991e-06
 -10.31064183263006 0.09533549199253077 -1170885048.487832 55271.6822914822 365240.5810556593 0.6379561906095716 -20.75665302071636 13.29883663253892 1.6809416577489 35640.84141132471 2531177.083959396 2972.046361748331 3381 191646 1 -4.665822942246325 -1.625936195174817 1.759182710478587 -1.274590119239214 -5.407025442993113 -0.6814602670006346 -3.563107337333391 0.1635167253981757 0.458653970408001 0.4502738967517881 4.326567025106991 132 638.4039361476898 2391 -1 1.11841165788335e-05
 -9.736501236855707 0.08399971550559725 -1332092482.62954 1.233072608233009 0.4391142097994467 0.381247479049237 -233.7826402663001 12106.66655463362 340981.0139306527 14645.47095901151 52470.69133574948 3213.682913956773 3669 191658 1 4.223865642161922 -1.137377431418075 8.690863964180251 -0.3141966697835131 -7.301076142837765 -0.320771005354672 0.5665290651902524 0.9236943108174116 3.785720848811281 0.5376216736960213 -6.60277661294429 135 639.5830760002136 2391 -1 -8.647277164406772e-06
 -10.08017004044839 0.0691661472070165 -213755859652.5491 669.5003126548525 67.39008092069128 0.3803789754814353 -320.0913609552229 6895.368133026403 126626.9982821933 2.722241306102235 3.738486394488319 2866.849748252543 5831 191662 1 -4.019513603275783 -0.4528865010457483 5.133370382437549 -1.424620425665694 5.877226440197698 0.9088010968177933 -7.436770453655594 -0.9354062838057811 5.033703444464223 -0.4252639532125429 -7.533107841511283 138 632.2840030193329 2391 -1 -2.374466620901505e-06
 -9.898374541720115 0.04051262873199964 -1.238481557928505e+18 409.3658382187108 5.569348393812278 0.04848722922411797 -4.973801900050214e+17 7170.07054758137 136056.1534935684 11360.44753385197 211159.5862920285 3236.19298383175 292 189982 1 -4.667670638326842 -1.349280877555295 4.670939601872248 -1.441914442863935 -5.228131650009938 -0.1083776345638725 -9.53633315798726 -0.9512418153437316 -3.61777012309859 0.2968627825603516 -0 141 638.0724420547485 2391 -1 -4.32885626299844e-06
 -10.12861426428166 0.1132335962505403 -22325289.66341064 1.044018049624577 1.632620111720643 0.4399694716448641 -41.42062054614459 15.4862514904695 2.096142828319861 1.241229742413004 14.44804200395238 3070.586757301516 3484 191663 1 3.04324533704782 -0.2164679305411523 0 0.6702516628514434 -5.396572685832801 -0.4924106409946241 -0 -0.9959746806645455 5.435064803144702 -0.7897973537856045 2.732791141032506 144 635.1533961296082 2391 -1 7.510051260185118e-06
 -9.72557274790106 0.07450526395464685 -105501085600.3674 591.8020874463948 36.15994343631692 0.1276904953253221 -25534623.45395433 159.79031879396 73.18036043621643 0.9300821574973266 24.45239507114089 2929.394323046457 565 191571 1 4.633155931799596 -0.3071076994269575 -2.390274322538546 -0.8034552194406759 0.3687279049050245 -1.73746688036498 -7.256030959202343 -1.709895714315007 0 -1.179964578409772 -8.763042774867042 147 638.0679478645325 2391 -1 7.06147673300757e-06
 -9.653752020048115 0.04754452963198925 -8.652990654038327e+17 870.0577847195721 79.53100324414277 0.1890237618907662 -410547.7106378719 522.5474994579932 691.6004104884639 5.998892810080142 1.442142440510443 3226.852016593575 3721 191653 1 4.627145742007602 -1.954709169328596 -6.854635064303144 0.09184708212142874 -3.094787020912487 -1.15514741701969 -1.627012901162172 0.7199499291979805 0.09508055041879615 -0.6242645160857094 -8.230936331613709 150 633.0959498882294 2391 -1 1.988939375504125e-05
 -9.999299307523486 0.0793327812579996 -8877075782.274736 4.960071457432588 0.08773542901932464 0.1051853362396309 -540386527.3183775 52.15994960094397 10.83384072145095 1.099847161520988 37.8425798485485 3152.032577434074 3813 191662 1 4.33403243059532 -0.09883923462026802 8.81604508854144 -0.4174606816187715 -5.46336904245552 -1.027042850510435 -4.842085319425125 0.8798597367376422 -7.595078870396961 0.7982434139144621 -8.018893923176989 153 635.4011089801788 2391 -1 -5.942303034548401e-07
 -9.800951314974709 0.07834179678458716 -15771145202.21203 0.06034714317425174 -65240698743779.71 0.1141439565767118 -187340595.9827341 410.2785593664917 454.0011127228016 2.364885570927419 4.648280950213115 3014.109512878625 9325 207632 1 4.42775446737819 0.5180920566588507 7.566823414688431 -1.00564000501435 -0.7800337775581161 0.4558751145572701 -7.100115318306814 0.5591717602634221 2.773860720128477 -1.571234777334749 -5.667984670900118 156 688.3867108821869 2391 -1 5.965750465866869e-07
 -10.11623929276962 0.2027572485689022 -8237.761362719586 787.8256324623782 40.99507225286617 0.04367208922294181 -8.516188992757272e+19 16695.92099143352 643328.5609227652 16.36770601274162 1.105442782467264 2997.592158552693 1201 191374 1 4.612567807900311 -1.944793339225099 -0 -0.747624006170537 7.538500129471139 -0.01771910157510527 -8.799113036413853 -0.2677935800107623 -8.963795068472082 -1.468853255932549 -6.311725490384038 159 650.5266261100769 2391 -1 -2.974285797927107e-07
 -9.774795954434223 0.06025183013289972 -5073290013384.979 0.2913927745668515 317.8536077602529 0.1196649652342252 -66004288.39823088 3434.959011269132 32402.43227199151 156.4961275008101 60.31179151470823 3227.358634411558 4398 127763 1 -3.689522597318492 -1.116898071327393 5.773629097721261 -0.2774420433970342 -5.620277401537308 0.6482618488687564 4.572519304594866 -0.06383640401103105 -2.675461797800764 -1.927793919876368 4.356660546080607 162 430.4758670330048 2391 -1 -2.192793024452255e-06
 -10.73619060985215 0.0876456662355052 -1870357818.789356 0.07317186870524184 796759020184.6499 0.06758611323292998 -36377015471164.88 62.52043491819849 13.54351284720836 1.38604350022564 17.38516444710856 2973.807068763661 5612 191657 1 -4.38759482909264 -0.2693667924087935 -0.4210816123550751 0.7443702918023578 9.487257412815552 0.711705804632726 -4.378150333243993 -0.5722322623505365 -3.879978166807756 0.6666390033867664 0.6306893126861373 165 640.4294121265411 2391 -1 4.94903214388384e-06
 -10.03555949262062 0.1143082216381827 -82981461.46681541 0.1239665852574 67110845.00176582 0.7415356597692541 -9.149480673021886 37.42768520541147 5.284453984575253 0.1744786148698919 -1767654.59615981 3200.554213007614 2130 191617 1 -4.641086287292147 0.1720313948802863 -4.99397376136412 0.6607649038395315 -6.135602013924775 0.7700862621713469 -0 -0.4858851479416941 -6.260547093518136 -1.016107767912827 -3.015132549958045 168 640.1350300312042 2391 -1 2.000104921681615e-05
 -10.04775035126768 0.0531137797296526 -5207228661079.91 1.417101513233471 0.3716439950702327 0.06021879100461475 -5896355066156.925 386.5654624194882 376.7379529681582 6.506072743472589 1.528436348211662 3008.708469091667 4353 191664 1 4.534548718013832 0.407508371118483 -0 -1.264916415921889 8.274389294157217 0.5323638891808087 -2.184749328081644 0.1988921559612908 2.071428681613734 0.2883039048246569 0 171 643.4643170833588 2391 -1 -2.358439202115667e-05
 -9.843884843435557 0.1447958694571501 -71713.99698460338 9.067541439767846 0.06442541467547305 0.04608445669773791 -3.031613852703588e+16 523.0559794754668 814.0921799451052 1.980475164876655 7.621582292518361 3141.383226528591 2480 127774 1 -3.541762694399962 0.6115581015725761 -0.09602179078641626 -1.684684070880258 6.395358243427012 -0.1296175417791972 0.4366428243534957 -1.950158158309103 5.550943012937868 -0.3989762316249266 -2.73770322436922 174 425.4177069664001 2391 -1 -2.453391096216948e-05
 -9.904090325578006 0.109089880444415 -22474146.66422083 17615.76366371114 35238.74652146106 0.1371101950445346 -5055067.580292697 98.27820975266772 29.87240801411129 1.558962083515522 12.2355410912768 2967.071493981207 1615 127772 1 -4.038823535143163 -0.8977108011018231 6.994118807013009 -0.01250882530959175 -5.629019748989734 -0.4823023082015832 4.707922993187246 -1.840014890203877 -3.65251766817129 -1.782316598462988 -4.13374234420155 177 429.1357429027557 2391 -1 -3.256186798835833e-06
 -9.452686259217089 0.1082609477476497 -100046051.4710475 157.9467247421252 2.728674576505892 0.3140677226006225 -2642.426398437424 36.54246168299339 6.806695545740101 43202.16813737495 903023.4102465202 3088.248077457644 4044 191638 1 4.422812849775386 -0.07328975456579202 9.519973751278931 -0.1136507701272507 -4.262860134089481 -0.8401930483519093 0 -0.2640514496919267 4.486320357063499 0.9272247730365142 7.13319146922858 180 631.6785559654236 2391 -1 1.840167904778303e-05
 -9.646956809926383 0.07799471763749942 -31517740052.61374 0.1540108591109427 202753.427212798 0.1947691139228907 -104959.2614360166 9395.330358910527 232978.6593997262 3014.070040576232 10226.9236553878 3067.148896099724 537 111508 1 4.393629978458498 -1.83788127630511 2.29949094873657 0.1597390855303122 -3.23413397978891 0.5347253882618856 -5.835542867268051 0.4142136654189454 1.071776827773494 -0.5591527999524093 4.473266578142684 183 369.8172481060028 2391 -1 3.112520675926543e-06
 -10.24261451093147 0.1035058683732252 -18598110.74446247 1.298677559748995 0.4908538235625532 0.08119295292775996 -19990133709.20507 101.8818889938818 27.91394366032413 0.532571205415539 203.2552302062975 3170.362855227794 1888 191639 1 -4.371777272386499 -1.109218759269283 -4.79385358767947 -1.468204539989389 6.970185801171278 -1.275648701287918 6.259518843855544 0.3253710937613911 -1.869393862654168 0.2766970473355466 -6.20988555791473 186 633.2763628959656 2391 -1 -1.423329666357188e-05
 -9.780213308898109 0.06385519807665117 -1404838695926.896 4.545347047204022 0.1040270862386397 0.3307428667714558 -1041.584771166436 341.062755768151 284.1939700210226 554.943300373501 649.5317701703733 3014.177866985024 5233 191664 1 4.351133447139614 -0.9934300307758583 6.996894536625763 -0.3700290262825856 -6.255261237754092 -1.889087064899654 0 -0.1599677398369845 7.396851164627405 -0.3543570137886105 1.296387573791523 189 631.733384847641 2391 -1 2.511954899908127e-07
 -9.276534020999931 0.05436187671920854 -199553861219113.1 0.1207977876722469 -9293481.511814993 0.1240765684983393 -40143347.76394556 4382.758417591418 36081.45319895262 0.04194164495043632 -9.991547721081421e+20 3108.523860235552 3818 191638 2 -4.390602430843907 0.3991444244766571 -0.8800123224834291 0.2933522108760758 -1.008729849688041 -0.3257357798210387 5.221585929006932 0.5415017787866043 7.052770477074933 -1.402822699667339 -7.553080520822602 192 636.2679529190063 2391 -1 1.698102957051548e-06
 -10.06520219107848 0.09054480438321036 -50468754.84757919 5993.010296660203 1718.326381906876 0.3123255183715342 -416.7094568261887 165.3732745645062 70.23471619566173 451.5655196442061 95.12116755596995 3083.442190799403 2487 191660 1 -4.122886535463812 -1.465826239362207 9.243100916244604 0.6193820132669794 -1.023352537131951 -1.257741331809688 -7.232966839517047 0.6167994614696357 -4.585525075895159 -0.6935197255184038 0.5496835529988657 195 629.4452478885651 2391 -1 -2.02043902556174e-05
 -10.11535635466759 0.05290510314161004 -13667458124437.87 145.2177907311941 1.558303201145061 0.3079654786689314 -770.8684251977646 190.7728983166126 93.96318698711191 1.38805120366661 17.35356504274133 2909.566285109662 4742 191649 1 -4.167285252808975 -0.1081557404788107 7.919454238832083 -0.3802037169932149 9.433446336699983 0.2685742967555464 8.741098911155952 -0.09382682942845123 1.245818481965319 -1.025235487289265 -7.673794370320168 198 636.2726089954376 2391 -1 -1.642858151065841e-05
 -9.647873826755019 0.08280012201142706 -7584980211.535123 2445.075832558591 517.7478054262118 0.1163183878455361 -148471184.7268492 239.5457855691798 167.3225112718716 348.2539036951064 477.2103313731375 3086.041637081754 2572 191634 1 -4.534718137350584 0.6922946398130851 0 -1.734396306411318 9.623234908491956 0.779209845789917 -9.984392516112006 -1.701845624408473 -5.842562684201408 0.426948054106409 0.8194041965673331 201 632.0859930515289 2391 -1 2.809402941366368e-06
 -9.412467324373425 0.05005654246899224 -706551122899770.4 735.7933253714967 134.5804424239392 1.708665486787018 -1.28422579230711 274.3320437526363 152.8860108075948 15195.12590758772 52674.36372994024 2974.200164508788 4225 191656 1 4.639769589957103 -1.906378596643794 -5.688291100583047 -1.491235767111208 -8.816954045493805 -1.062717181711437 9.031158753466199 -0.17894215763899 -5.391813157781467 0.04710929965504415 -7.243594006231772 204 631.9674978256226 2391 -1 -5.417602864524939e-06
 -10.30694567359649 0.1133909149531858 -32117543.50753754 0.07826868590381408 92857338900.59509 0.07667870383488191 -758436390647.3889 51.52876489054873 7.341652166334827 1.439488508054137 14.5116291369983 2929.881941803352 4204 191661 1 -4.609830892656254 -0.8289840388008107 -8.32430487361267 -1.93563249698066 -1.36720160538289 -1.999746551045498 1.624953274578955 -0.2820474671286286 -4.651178518006208 0.6607244937816121 -1.757078412947582 207 633.5216128826141 2391 -1 5.351944186131745e-06
 -10.23630046698058 0.124856608063283 -5877338.340301184 21701.25614052222 32862.82935106992 0.1963928714121979 -83124.61594026713 15016.35081328773 485323.9283095082 76132.16554810152 6098168.521618163 3038.355344892069 1804 191650 1 3.927706257589878 0.7925007853105828 -5.414384618292339 0.1244146264202564 -6.588717197462852 -1.999991987957793 6.844221458534403 -1.245338013808738 -0.435154542359717 -0.5176124584170729 -2.068036326060049 210 630.6066138744354 2391 -1 6.178135617287979e-06
 -10.06758827406407 0.06622970362498616 -1539596076623.82 0.05961402550597489 673908561999558.1 0.1761140030956299 -502845.5666699962 46.16472249333939 8.796573760316074 0.1649828202674502 2826884.467522508 3028.376276575393 3578 191661 1 -3.794544050806683 -0.5063683320089609 -0 0.622211141132924 -2.328968235167066 -0.7176832597530574 2.69521858376925 -1.923061291923545 8.252157954615992 0.5473766784100689 3.291911696361703 213 643.3122379779816 2391 -1 5.386212234082009e-06
 -10.30566064594376 0.1035331701978466 -211190594.7893077 3.500822614166899 0.08752572544783202 0.1184646513916827 -132015836.8211263 1957.705166590073 10476.6571909042 329.2278214269143 247.7883184791856 3128.501155332423 3119 191652 1 4.670319889441282 -0.7750522777397225 4.467491240404394 -0.1461753125274177 -7.017136345575191 -0.8307267172241932 5.563920777331307 0.5346515854702848 8.235653810900317 -0.9753863602532595 5.626162250587716 216 645.0562558174133 2391 -1 1.285699823090374e-05
 -10.35124791301354 0.2277641652007623 -7051.297632105989 0.1540829751514217 3561788.482937968 0.2141453106035558 -76819.39065735934 95.41082326577832 24.52358114596243 478.0994908341727 402.1063348829878 3001.231597996566 2463 191649 1 4.633191722113543 -0.3948590504487273 -1.558986977344004 -1.753055505023362 -7.039400207484857 -0.8202761987492933 3.170303500970305 -0.3806791700576619 -0.3950372079076119 0.190541259540776 2.192172684611087 219 631.2417659759521 2391 -1 2.492841083141263e-05
 -9.910017370569301 0.08187249921301078 -8982212913.249788 0.04825940296210959 9.399319033191759e+17 0.06316284942406272 -254055642624439.7 57.74616846837699 9.24554187272749 19644.73365739172 532847.3688516566 3010.493901333369 4109 191662 1 -4.049857786880556 -1.010957755260028 0 -0.1684952549975876 -8.80010543801176 -1.213207356988892 3.624509493214267 0.9339698019130807 5.731689395076121 0.7850816573422685 -4.476623768373717 222 632.0661759376526 2391 -1 4.065347783189527e-06
 -10.04283567552004 0.09329956176333001 -441907191.8907068 79128.60718629311 447493.0875675257 0.814329018205068 -4.75617245519288 325.8962463839129 243.2323366979161 4.066170350107619 1.286759194296679 2992.542767567409 472 191491 1 -4.293013246661528 -1.839454001404877 3.976499246420317 -0.6425091045307649 -2.267592743250585 -1.92229813913758 -9.899730800139348 -0.1053774950054373 0.8579894246482889 -0.2026045023175503 9.781010922342711 225 634.0714690685272 2391 -1 -4.414185149367219e-07
 -10.01037707204464 0.07252734038906769 -1222409495625.482 308.8585032040441 2.371888734203835 0.08606934487624432 -432285981917.8516 53.24078792756958 9.100174106042967 1.119058697724837 26.21313861474376 3112.562378038229 3484 191657 1 4.445444678394929 -0.4286349044659534 -6.928543639381399 -0.01769863960271414 -0.9852429235906488 -0.7480635253465771 -0 -1.750467907093349 -0.1990911532442081 -1.005833533231013 -8.605536132560573 228 640.2553610801697 2391 -1 1.939455444716201e-05
 -9.946361342570626 0.2044252614618885 -12249.17587721449 174.5744947961209 1.31559345697676 0.06062108015673959 -1917395951501890 312.5803550256888 256.7276343540599 49574.70875297423 4661587.251612811 3179.704125396534 1463 191664 1 4.689513755366003 -1.812797159283923 -6.790698037415595 0.1317956088105321 1.866463653470586 -1.082505491807184 5.373487467777792 -0.5655429155966729 3.043969396475613 -1.312023370639531 9.882114227924875 231 639.0757510662079 2391 -1 1.010073551469453e-05
 -10.05865769509727 0.06208155318265329 -32472970591561.29 203.9669855836978 16.66339982347458 2.029086386300595 -1.130556695797872 77.76598073137741 20.85811129233948 14230.35206774725 380148.3285037222 2994.462211742149 2013 127762 1 3.74840398088078 -1.375729646506742 5.506111472400871 -0.9820068971199927 0 0.6225635467778177 1.172457607480808 -0.577886223773735 -3.888849463966244 -0.115949816195756 -9.723812418080493 234 424.5227389335632 2391 -1 1.323336098104357e-05
 -9.527259196871011 0.1118787222997921 -5783134.874461084 89015.80665459867 1056496.011826404 0.566747788388831 -28.99978518242434 36240.54749117921 3714505.149153938 1362.404972621203 4649.727402376809 3092.98795583335 3223 191663 1 3.833181098889658 -1.192378994473152 -4.94419909981919 -1.394009495235855 -2.071297729830928 -0.7004128518913353 -2.854911303137368 0.4318501298379545 -2.736481078727071 -1.14337874318551 1.863636567665567 237 638.4502899646759 2391 -1 -1.205802459316136e-05
 -9.898811210760414 0.1026681010179633 -47594167.62721742 10223.17153243766 17206.69782627393 1.834174565876307 -0.5050129188302748 3914.121456595934 40928.96466136223 2711.330936170816 27750.55394017465 3112.888546848216 713 190341 1 4.162808312532864 0.4514853241022903 6.120454345881119 -0.6521967018035699 0.1755837277521684 0.7298021241039376 4.753367579169527 0.1811340290665612 -0.9897445945370884 0.3190537368250714 0.3933423997743581 240 631.415522813797 2391 -1 -8.633640574797658e-06
 -9.401180253361803 0.04889446145369854 -167955309754891 9016.69991138373 2795.115260662105 0.2504542948751414 -4253.093126525254 22227.51320650441 1195148.9551903 1.04699679266567 23.33740301473073 3224.816832892649 1810 127775 1 4.274259206140704 0.9376643162698972 7.954205610419805 0.889275135411415 9.937878377007232 -1.56930464669193 -9.941747356309943 -0.2919078342060271 0 0.8889756983739519 -7.322846043137025 243 432.4322130680084 2391 -1 -1.567349764465866e-05
 -9.707729211728362 0.08370113065738502 -1959256168.505172 70459.74497766866 700665.5011724397 0.3740361018970648 -164.0161666788292 43.65518567231567 7.469088060883994 0.09596985198504299 18081695244.47436 3002.540525656772 4999 127755 1 4.311035090265941 0.8707396027400924 6.222331414867983 0.1612569584743894 -5.566375643196955 -0.9205622672290481 -5.495328780567247 0.01733555589027257 -9.334333544173758 -0.590233846510932 -8.081494424722409 246 425.7973051071167 2391 -1 -3.138574289094011e-06
 -9.788881390952314 0.09115638716293258 -1749033996.124204 48838.91429713261 501540.7619913915 0.9738470073571178 -2.886256899432774 298.8891113648933 271.8874785409917 959.0009397052476 2215.64774447449 2993.682050494849 4517 191648 1 3.904717402797232 -1.489987369311526 -7.788952519742912 -1.747723718653817 0 -0.6230241893815442 -8.584682896601771 -0.780151473530303 -7.471269447584788 0.1707264418584024 -7.911333291020441 249 638.541041135788 2391 -1 9.476907824623896e-06
 -10.14396844535078 0.08056495200340728 -289614327224.4336 194.6312141111154 2.061221499677969 0.3469965995476895 -1039.316238729617 1726.038257096126 8074.79030915684 1.981417263797767 6.855019887052349 2970.323511657945 872 127768 1 3.037807605369141 -0.8409571653453183 -4.762416213776628 -0.1599280412776523 -4.491659020340901 0.08668705360276126 -5.698385377775345 -1.922713040246383 -9.135084220234695 0.7825956532403566 -8.254848625136225 252 428.8335268497467 2391 -1 2.938931370431251e-05
 -9.911166057308691 0.06785210437861679 -49493630468.85738 1284.115439251771 158.3910603684105 0.05373347282032862 -1130339741715300 5135.344412101417 61138.85625954971 235.7954654692253 109.6986992096141 3003.27294453393 2453 191656 1 -4.417448556038898 -1.949600274235608 -0.3630580679395816 -0.6203890177639515 1.158124232382504 -1.471651804079183 5.476727299380505 -1.595045804847013 -2.190920440465048 0.3848160955873507 9.431263105378994 255 634.7086820602417 2391 -1 -1.499139867005891e-05
 -9.445828242871062 0.08984361013521336 -10439050191.83598 0.05611192624614782 7.347368838559573e+16 1285.173744430669 97.90937992810886 27.82667986795304 3.638057211671721 1.182607709650565 14.06979837864567 3082.79169787081 4866 191664 1 -4.405787384177017 0.1544496177714478 -1.652020582050651 0.605341256189535 -2.47499017196113 0.9350492084011344 9.049452040384841 -0.9902012484398526 7.901348173791586 -1.520611711629221 -1.067445422393479 258 634.8378090858459 2391 -1 2.047607399371488e-05
 -8.941983227152138 0.2105576127587634 -7701.907057647586 1814.888608161156 373.3072352887555 0.04714621105286754 -6.815763407139855e+18 358.8702245095932 337.0951326154678 1.58400672386742 4.142555399753243 3155.301865121304 1508 191554 1 4.698154921120209 0.04836655793189239 -6.005828544535686 -1.597376492620983 -0 -0.1464816035804564 -2.405658689007478 0.5300295599306577 3.039637184709584 0.2657786326138004 -5.648427057513041 261 632.1117250919342 2391 -1 4.932118879510356e-06
 -9.681405457838824 0.0613981296793366 -20696943921099.19 10607.26492988348 11212.59435129732 0.4244780350705704 -94.14291927298264 348.1251803977691 260.4557364281711 2.121146762010583 4.042100576501593 2899.602401677397 412 127640 1 4.572635551525831 -1.382491162018076 -5.049200419113834 0.975343332654667 -0 -1.001640890618747 -4.061416365709274 0.3581734960217209 8.695041146447492 -1.623566595332171 2.813751673299299 264 425.9547600746155 2391 -1 8.145059501865931e-06
 -10.10844225508807 0.06957623837234449 -732104750174.4836 749.5592383543321 114.9129720806163 1.53599280116663 -1.184213987805928 217.0074389664184 149.461652644055 54635.11385198213 11328332.1883913 3033.010906319067 2245 191175 1 3.911462598108554 -1.172945985166539 -0 0.5560802996784853 5.169595541366825 -0.8656436535499967 -3.566512541085579 -0.1178752898100157 -1.144129116506244 -0.58467303344539 -0.1893895247493149 267 637.3540010452271 2391 -1 7.893157773237717e-06
 -9.440895497566112 0.1008018789429194 -94171290.22897285 3372.16169213061 1379.858546871446 0.2659817706917633 -5662.902222972465 534.4343178387059 732.3869668622796 0.2293090609838458 183685.7570503416 3064.903413566407 2764 191646 1 4.183517154871469 -1.884000166211449 -2.975829261331166 0.1620618116068742 0.0425581644954387 0.6691545485043311 -3.433877681671993 -0.06071763056352262 -2.702432239027901 -1.104827577636886 -9.641420160760372 270 640.8544588088989 2391 -1 5.66599807261253e-06
 -9.668409948435903 0.04398970297371517 -2.907364038549182e+17 0.03988227656272119 -1.21679110216388e+20 0.1740069345097871 -251065.2671433934 238.9841821977282 157.0701323750881 1.28819767367089 14.01193052193104 2889.68945178373 1808 127751 1 3.983306222204797 0.4833204861071056 -5.324833861566732 0.8301869108475364 1.212917594681379 -0.01468976839953306 -9.468380254937456 -1.31045808603317 0 -0.251098565665548 4.73568393155776 273 435.1219000816345 2391 -1 1.234679410642539e-06
 -9.499564261113692 0.1812924404090314 -32525.36033677602 0.09840969935253371 4788773709.531668 0.8795115344089026 -6.956075700098658 27976.18161837564 1646134.102703668 3.689790520727336 1.9995679791998 2923.506688342131 883 191652 1 -4.677920686282041 0.7396486888877325 -4.472123500305981 -1.75369825631766 -7.540139057153784 -1.417835360270558 -1.01971059862358 -0.05933704704160545 -9.602248917629806 -0.3438920549890989 -7.18390885881027 276 631.3263220787048 2391 -1 1.36338401419929e-05
 -10.02309283391897 0.09968774616676773 -67990481.84701748 81105.24273922687 687260.7800687802 0.103598967184761 -461330642.3014062 10450.75197122653 315520.9518987823 22.10465062490038 2.061728103089571 3129.238530039206 2518 191628 1 3.802065854355284 -1.380149475598132 -0 -0.2429679853371871 -2.877735395612094 0.8167304801055542 -1.838624551003752 -0.05260563980392613 0 -1.863328355098126 8.107535536948301 279 638.9345529079437 2391 -1 -7.426722825659705e-06
 -9.545809378076632 0.03488205541401927 -3.455706702560106e+19 90.29135306474741 0.8665382438434363 0.08164054774230514 -15938728371.45469 60.27191639129888 11.69788147064098 1.120203970795637 23.2265860294515 2959.961801781389 1231 191664 1 -4.567776357606956 -0.3461839496193769 -3.527821746751691 0.8581212010826875 -4.471703772671295 0.1755422282247946 -9.98785097470655 -1.09759717512113 1.583360842201363 -1.057251873929566 -0 282 644.5440189838409 2391 -1 -1.441164646117322e-05
 -9.578026629911982 0.05233864992145815 -129219372518713.6 0.1747678389589899 55504.18816910483 0.1281343722863899 -14272480.7622491 453.8145131203208 570.2699920164692 11847.34576789528 397168.5577099545 3012.348440806156 1707 191656 1 -4.254542510708018 0.2524731616837048 0 -0.7841587524300406 5.488606618518287 -1.086103311845054 0 -0.005000192037339743 -3.444376553753812 -0.1703062683234418 3.011397904238795 285 642.874146938324 2391 -1 -8.041979245805268e-06
 -9.807521625360126 0.1011868740701034 -316481381.770991 6.698715921809948 0.01505539778176504 0.2020232009354513 -80461.28145418044 120.2744715395194 45.527057297629 731.5121436579767 1214.422463353494 3078.730238238001 2956 191659 1 3.818850574282108 0.9162846145150478 -7.815216876737505 -1.505131805730967 -5.188756803461098 -0.07742716642938952 -6.569398253151329 -1.597073484277263 -9.778736529540147 -0.1178237747386657 5.066198671553741 288 642.8208010196686 2391 -1 1.373886129952584e-05
 -10.72226980225788 0.1170976349537153 -2855907.650052349 0.9343098955657414 0.8326215507486416 0.2459583694758362 -2481.42472622318 5371.513752300993 51168.94977272979 96.02561186398285 2.281162895620541 3177.595105884414 1208 127775 1 4.243175132768212 -0.435682207802726 5.872066262520041 -1.256996424243729 5.965242351613539 -1.090626248649834 9.936914304328333 -1.765637037093317 8.613454534543287 0.3791874654872504 -4.439912560138485 291 423.5112020969391 2391 -1 -1.515559120592383e-05
 -10.2168639434098 0.09091493885025755 -358814827.2485508 245.5054921580958 12.40559027547556 0.2534517309938751 -4259.923727577283 4328.287811004201 37999.55141393284 0.203483034604814 -117100.0287526813 3021.639050999014 473 191629 1 -3.947572184790351 -0.05031716461562753 -5.449177447256123 -1.279898017461831 0 -1.70640818103454 -4.478635602738814 -0.07424463183756026 -2.914118092884708 0.8419441665730361 -0.4598444850710717 294 645.0970361232758 2391 -1 -8.382335889395543e-06
 -9.957627655410031 0.1066121505697337 -50638329.03184843 0.1567704610412537 -413537.8003323778 0.1935238954510649 -108700.3072532981 28.29443695028135 3.181283886622122 0.04293045487209651 9.971286560867769e+20 3105.978339462645 3751 191650 2 -4.562954249063983 0.271055730554131 -6.606527647380078 -1.199377483194678 -3.786878549925852 -0.8290890963993141 4.155024176738606 0.1311327326846748 0.6513812376219565 0.5572863485639439 7.088805101559487 297 631.8816940784454 2391 -1 3.366754920757807e-06
 -9.61973722742735 0.09095548724714667 -1017708234.492849 1134.933900037369 212.6990764219189 0.04556338229299065 -4.145001713056468e+19 1007.94075673269 2517.197811205348 0.2164329371631084 198585.8392365901 3257.194028491045 4651 127772 1 -4.430490020935861 -1.46783715672281 7.537305243389667 -1.183282758320667 -0 -1.900716611267793 8.239561164360182 -1.353246587937626 -7.134067683704041 -0.5661841825462606 0 300 429.2341589927673 2391 -1 4.364633513486519e-06
 -9.7758786122799 0.1121591248847097 -8359211.892562965 7123.939416244624 14717.01052632241 1.51544056301142 -1.190486993852035 872.4847289203872 1933.525742896237 7333.494362482394 62298.29153205013 2994.032136780378 1157 127773 1 -3.197026485309246 0.7593689743427348 0.5657399837331791 0.05639841978378654 8.947616051395149 -1.394008275966817 1.6617068392696 -1.71674468872159 2.740326743036281 -1.935559515301275 7.493197962421336 303 424.1549868583679 2391 -1 -9.870201607816803e-06
 -9.348703502211391 0.07129805403761452 -1155053011645.692 21993.90749525514 99067.23194135126 0.3034094258261805 -3231.661962575304 56.07739957577591 12.00642793985092 1.28632455030714 14.08485099028398 3221.991193926265 5805 191659 1 4.422585238896669 -0.1615089720852812 5.146925126507281 0.710893660955513 0 0.3120489180228211 7.893466133088312 -0.9878300492013885 4.959110978167665 -1.087154225429 -2.371854121193997 306 640.1077351570129 2391 -1 1.558505165986947e-05
 -9.933377505256935 0.07670059806373775 -4502121998.565027 67824.02324882816 941397.0756561273 1.468711089121487 -1.117032802163192 46.82811320483099 7.850297089013907 0.2181954415456485 34465.26023133964 3044.099683304691 2651 191639 1 -4.69665515646868 -1.169083295529081 5.678433609710088 -1.029225198452513 -3.779096325818745 -1.82491353977607 1.047442272324605 -0.5954279588945237 -5.613697005209652 0.3672724952358277 7.088064191903765 309 632.1329660415649 2391 -1 -1.411394292276656e-05
 -9.860490677745583 0.08869754345765515 -2524953612.399919 440.0265782770196 21.8556311861579 0.4772313790994381 -99.50257557295762 54585.06795693257 7472417.552092449 0.1324277956342881 -92905813.88080595 2876.119264629011 2478 191651 1 4.393886238102538 -1.172847550328789 -3.576128563498153 0.980858565072666 6.9094147092494 -1.692456301269362 4.641430434765782 -0.6500121472546709 -2.704268458393153 -1.567633949883098 0 312 630.6727900505066 2391 -1 6.605073421517416e-06
 -9.888974913411568 0.0772332061298952 -14801990680.10426 11912.88479096605 19578.69326841845 0.1815625087977096 -225501.6706996528 99.54960378200916 27.32164062725269 2.48469246837251 3.192946028637256 3054.175772787354 1248 191621 1 3.010989696018548 -0.9846924236630805 -9.823328419636864 -0.4082000262820956 0 -0.04047848498670611 -0 -1.885477591555319 0 0.5726611852244452 -1.215629339716082 315 631.97642993927 2391 -1 -9.168798420594112e-07
 -10.04481346773006 0.09923501464587306 -56085367.71928894 346.2914729746241 11.46921387234146 0.07804038802446857 -145426235423.7232 1478.430854258065 5011.082520620195 4.276020597703983 1.629803880652826 3143.201817644881 1994 191528 1 -3.958881287756999 -0.4315130350630794 -4.095374847422506 -0.4755671532614114 7.315637493355108 0.939687136901763 -2.695712158238484 -0.7481289743377353 -4.620489680246424 0.8052180249997414 -3.939779549780232 318 630.6838810443878 2391 -1 -8.009159089480807e-06
 -9.419656240260295 0.08190685743687397 -39343472921.11082 2249.633925681676 851.960437491083 0.187203354721038 -245336.6199521746 765.3975060386507 1442.766592837019 168.7357285206308 36.52257991126662 2947.752462731464 1271 191621 1 4.482489225936304 0.06245173594037378 0 0.6594809204510925 5.600209716421633 -0.3155169572723109 5.923343505018861 0.9924911752056516 -1.189519416547126 -1.742217016344237 6.778118872158975 321 629.3942270278931 2391 -1 1.574758471130159e-05
 -9.44765575048921 0.04900979281298463 -1.469945194256822e+16 0.04019982468902505 9.769108789217889e+20 0.1547798671856614 -2450446.63644468 311.1804346810833 282.6933969816816 3.918940286071405 1.757089062362139 3014.055819226575 1387 191649 2 4.249015825522014 0.569294092889217 1.145850008987212 -1.725508221254217 5.362088855488382 -0.4624255661226169 -8.226712855428215 -0.4102060884210746 -6.199733032425303 -0.7502884113991266 -2.359622556868404 324 632.877387046814 2391 -1 5.923950871410352e-06
 -10.2569734684846 0.08172519715765743 -5102766899.961876 392.8790565594979 10.25003418513775 0.3487830341806104 -282.2624424321913 76440.07077166979 11586246.60926497 0.09987088456569421 -8845896746.552391 3242.783484456751 5719 191663 1 4.353374965673588 -1.369612870486505 -2.635578840480924 0.835977306297969 -0.1417151189314558 -0.1061783019631176 0.07761295122180067 -1.552028828393914 -1.04225674672176 -0.6614334928523098 -8.116867549496618 327 640.7705121040344 2391 -1 -4.118392577278859e-06
 -9.805380304465645 0.06533722599303184 -4560271164572.459 26.52667678329319 0.2151664372442577 0.2761882012260744 -3145.877831038832 10205.02045555846 210566.0533447736 2.392962082456474 1.267342513633348 3156.025900911816 504 191650 1 4.428161955746607 -0.1847851674576013 5.683268487981151 -1.382349926036217 6.325551210635485 -0.380176742241102 9.499768694016097 -0.8985576414523297 9.255364972754734 -1.40830968135416 7.56183423577588 330 640.0037519931793 2391 -1 9.79311797419031e-06
 -9.87172923705022 0.071496637228848 -126409396228.2792 0.2904664288115945 -544.7682578056697 0.2009191258737754 -47233.64061213992 133.0165541684361 54.25454653059397 0.6317228678356271 150.1687695207557 3183.289959636231 5197 191656 1 4.6612023831428 -0.9027036444388248 4.585134562126402 -0.08120753968350683 3.620392931925281 -1.085696451136326 -0.1823554411582862 0.507574398847416 0.5460770313354653 -1.225381109901575 9.798570848738809 333 639.375433921814 2391 -1 -3.092771748492868e-07
 -9.164566267553329 0.07850902664559699 -23018174642.31992 93724.21212685014 1736722.245968513 0.8879513507737515 -6.549379512233181 617.7922125960287 1050.476589909169 384.7607166179831 134.1967992799836 3146.57411241117 5435 191655 1 -4.646140844282106 -0.6385683883793902 4.437759589977055 -1.532590150478777 2.329727280698302 0.1703154369570163 -2.524231937203693 -1.324390510253769 -8.51578874666245 -1.114798002297576 1.184859752319973 336 638.041610956192 2391 -1 5.160514024214862e-06
 -10.44391996325913 0.09969073908474425 -14950611.40806941 16099.4781260194 27680.33076943424 0.1322911248927383 -2343430.96099168 43.11423898550578 5.016295207588877 0.04982070404371829 -7082043647603127 2955.270480389095 1608 191602 1 -4.517932794472275 -1.244578689672759 -0.5139661561802704 -1.077431779934998 6.86503845602121 0.4354593111510416 -8.12107790537882 0.8496555431779131 -9.521962974111142 -1.021944102949147 -4.904272839289946 339 640.3643782138824 2391 -1 -2.119730035154485e-05
 -10.7066881956924 0.2329565713847687 -2631.557817283057 0.04006238816390664 9.878296237957321e+20 0.3042072048856019 -1226.485362054603 34.9624790142152 4.922943545583631 13978.12546585106 365685.9815086186 2814.944230387787 3536 191645 2 4.61380680152536 0.1496990681820209 0 -0.3914636475363764 5.202845903395746 -1.133696271341362 9.617928285524984 -0.06554528251216143 -0.146104406487674 0.5919649414319452 0.4184366412915885 342 632.2963881492615 2391 -1 6.247687704069229e-06
 -9.868563151230603 0.04970912962292271 -152366344916656.8 0.05483028936492938 270962215244058.2 0.05224703145083746 -3800589317477876 256.8442695618714 151.2986463751959 1769.09548602836 -5801.806134860561 3314.291434536881 5669 191663 1 -4.446351432730539 -1.508358657651504 -0 -1.441858081075293 4.455741376600863 -0.346506749286597 -6.585560759023344 0.5931229171913763 -6.741279569509209 -0.4122591545869954 9.550006938135084 345 637.8060231208801 2391 -1 -1.276965600279536e-05
 -9.519556850421951 0.07222963423709904 -80330230070.42838 19280.20080720793 64399.94674803181 0.05339144912406868 -2.658632749646539e+16 71378.35651677311 12433064.26267483 1.770164733316177 8.269573735063704 3107.923826129943 4317 191657 1 4.523069386914521 -0.6437257534396315 -2.105791292721466 0.7322514351747911 5.35755094021754 -0.04565064784630839 4.176510081054323 -0.5405903272574646 -1.646807713636376 -0.2347431488604369 -0.5474059525773782 348 633.9229221343994 2391 -1 -7.149950785607419e-07
 -9.711743671699573 0.07610273495575946 -6434957623.01871 765.713170087166 72.70684337379964 0.1303976019669175 -9788917.102181831 68.7829039492152 13.7141009083048 2966.784041475689 20258.09745112306 3139.9859782228 1736 127776 1 -4.450874986791731 -1.642684464282953 4.735994947157997 -0.7441147376139012 8.792085947525207 -0.6321480548460956 0.2902761837259549 0.05300797176798167 1.264426587491167 -0.5032095387962743 8.991127160767441 351 431.3768119812012 2391 -1 -1.168843924256412e-05
 -9.695605510460567 0.09193506497398539 -120663549.4620683 307.8576842715551 11.68145644144343 0.2173460920490245 -13415.29060028581 36.97661112654745 6.0234098226506 0.03847367971762054 9.829087911005661e+20 3080.991585364515 4124 191500 2 -4.271601590786188 -1.906590559613133 7.251774301051649 -1.84672078866475 8.724865357922381 0.03824805567772446 -7.990122345766251 -0.09601763537181005 9.936417263856741 -0.6791153829433441 -9.547630951289337 354 633.6176500320435 2391 -1 -1.434969031839375e-05
 -9.874775757555534 0.07404199255180838 -6612214638.51225 34772.72541615355 45290.43216075934 0.08593049496926419 -6796083589.224042 81.22248305204401 21.71591460114147 0.0938674475242344 5605840087.750031 3233.025430609712 6063 191664 1 4.647735375437259 -0.1897585371391583 -8.158015611405107 -0.7209069311220215 0.777805313490374 -1.929082441133981 0 -0.8829333581607708 -5.191908631092612 -1.732807462562102 2.212180441844033 357 639.3179919719696 2391 -1 -1.594043389446926e-05
 -10.78319459609678 0.1217535136202938 -8011630.215289675 0.04886806262800612 -6.949026246290438e+17 0.08526005439765269 -79082592983.85802 14532.14475337886 547154.9476930657 4.109894021040327 0.5218541446315165 3102.202625861107 2634 191663 1 -4.588099940746815 -0.04372858758413044 8.169939911969047 0.3920725133044249 -2.989747903955126 0.4505827143145438 -2.816034584618329 -1.373927144472301 0 0.3397799334934088 4.730923458179236 360 631.1775059700012 2391 -1 7.083253851605514e-06
 -9.737343160000343 0.07638910534732733 -2703230168.387811 116.6284659284539 -1.276348136910205 0.5125993015909585 -44.30210221616573 715.9735689057795 1308.964057191165 12746.50340407432 157221.4725214294 2955.205683407366 1216 191326 1 4.550917575125124 0.9159257680957573 -9.974511611926165 0.3328432826662139 -8.273736348574953 -1.767039106804508 -2.890826541345695 -1.767723643451898 1.363003605184692 0.1052914125262694 8.318316813011526 363 635.3313519954681 2391 -1 -1.514960983202438e-05
 -9.952818889147544 0.1154742551498745 -1216106.863013488 0.03452333366184514 2.045225514356521e+20 0.09306055245904002 -677251765.0520983 163.018683798895 71.79407830390288 1.036522614512434 14.34883227758571 3207.123736221507 2287 127764 1 4.354155167072006 0.9584256188967646 1.685387432224831 -1.052693036960711 -9.277376456695977 0.9467347007134892 -9.134633821109501 -0.7185919582262024 -0.9753373828044247 -0.9148958327558212 1.379842616024581 366 423.146735906601 2391 -1 -2.503129788765982e-05
 -9.810322065896445 0.06749546776747853 -30954287174058.67 0.06702395910079885 492306371037269.9 0.08845309950726479 -693908269424.2871 2354.024118141522 11558.31824352656 46489.35933096533 -1425656.50997332 3154.314031124056 3645 191662 1 -4.12802586965785 -1.866838874788252 8.248938633136232 -1.133875529250961 7.313615015908463 -0.7274083949427208 -0 -1.320291687980278 8.467637851406556 -0.05227636424231542 -5.895059598693352 369 631.9518527984619 2391 -1 2.971178046945758e-05
 -9.559493626873818 0.05369634571887535 -1310499596961904 0.04108593016787026 9.987117727924537e+20 0.04651986400513825 -3.483529485204365e+19 62.19498533506698 14.60426084298771 6097.464227351994 14920.37833232782 2946.60046075387 3871 191660 2 3.494537440920492 -1.422863354909793 8.345697025509869 -0.9512463262700166 -0 -1.479123463323016 -2.285974911522934 -1.501392462981941 0 -1.255495983952404 2.730667508219179 372 641.7721998691559 2391 -1 9.782580106464022e-06
 -10.13305048769222 0.108266563298829 -9434094.974804318 0.6235074195025604 1.110246841502397 0.09152087195213855 -2865055989.966547 4986.793040015954 68222.77428470262 433.0235510833904 597.2265666152808 3074.609298965154 1204 175671 1 3.546859320482791 -1.330298771036991 7.763569219599397 0.1751671507802515 6.156074195520405 0.456211651431762 5.073196966782967 0.6972374919979617 -6.295288464209984 0.1458715077281431 -3.823073954370124 375 585.4661431312561 2391 -1 -1.231028976956994e-05
 -9.711219042956273 0.06370034600724478 -389438125058.6111 2081.304148813235 830.2468183751432 0.05924436474934972 -115463475074252.8 64.56324508191207 13.63797814696629 0.3606674349242838 -224.7456151067227 2994.612170425284 748 127770 1 -4.423151978460758 -0.9121021784133143 -7.227704791867033 -0.3537692471793754 -9.515489693345657 -0.0592405913462546 9.109526692713844 0.8783877490130148 7.085792011488824 0.599178320011843 0.1496374478380789 378 428.2998189926147 2391 -1 -1.115671521945606e-05
 -9.716195676608319 0.08832145917138583 -463169328.8918004 0.217435405375675 9843.595958316037 0.281400439654119 -1696.565364942719 2395.900741583117 14687.77331410659 0.7234365750013502 77.01037956082843 3035.321911108593 3988 191661 1 3.2905833437866 0.7922526719336167 3.318246922330806 -1.387269575634198 -7.890828417622922 -0.9023925451713328 8.283430121980517 -0.672020056879564 8.969080224597697 0.4987361359767077 7.461955926198771 381 642.9455239772797 2391 -1 -6.256453794808721e-06
 -9.919539378724865 0.1177941532847495 -26816959.19777786 0.3907969771146027 122.1561668904234 0.1395272463069838 -26455790.51666891 31543.8760809122 2280779.31846638 2.377321804006761 8.854490687481666 3184.946513039048 4600 191639 1 3.377459830346671 0.826965923520838 -2.060350652513041 -0.5001775207872159 9.006939829275836 -0.8532954199704523 5.984314388074841 -1.79876565796571 1.571294241636476 0.6194243412238625 -4.323363914792377 384 644.4079780578613 2391 -1 1.603527166779992e-05
 -10.32700419465937 0.1246674168901753 -3933101.98254503 0.3151857373649492 -249.741448602217 1.307095535262873 -1.833101003589948 120.9637286603339 43.40260338241658 305.7408356540448 42.70685033020503 3011.765446312326 317 127348 1 4.01383916924157 0.9570783514916728 -7.435107879860787 -1.520002171717821 -1.864765670649554 -1.380371390677602 -5.292572187801558 -0.6253162030392918 -3.15115201165313 0.1530528461055156 -7.083787152052379 387 428.4877219200134 2391 -1 7.135212546819063e-06
 -10.12587546969734 0.04069832694927082 -1.109072096647399e+19 982.0938699033404 129.7431972273799 0.1159070694414655 -218840184.9252431 1249.403315212503 3902.94353247052 1.378867776862438 14.11369441096984 2935.996771820492 2779 191652 1 4.622325770968295 -1.202847520395457 0 -0.5107766446646211 6.317047560315478 -1.17870904900143 9.917948193733949 -0.4639368030450965 -6.530205795970741 -0.1305988994577483 -3.201048048128599 390 639.3330750465393 2391 -1 5.987500665620161e-06
 -9.956614005412026 0.08490922631004832 -1039804605.021684 43587.66785154297 246297.511987786 0.4127309760338196 -103.5098157964321 37.6444662294636 6.748294391994406 9079.234939650616 280825.1375291346 3033.238203135462 1352 191582 1 -4.420489340731506 -0.3813589858967693 2.349224496811652 -1.694320634432036 -3.791754764556033 0.6117220327867132 0.01102875939184678 -0.5226578370460109 0.3808811730540271 -0.3885265069177138 -4.644886301819311 393 633.3766210079193 2391 -1 -8.84948193967043e-06
 -9.818091543871027 0.1640149723804996 -61144.48897367409 6154.3697661161 4916.368711821016 0.6658281923242654 -11.07240831785049 166.4088160130936 62.56073554370542 0.05743825603920948 2506733831903390 3170.900125296627 1701 127707 1 4.219657911901318 -0.1808099875862848 3.420191788106639 -1.753133622257187 -8.961960698225576 0.0642545591588628 -9.767589796105918 -0.0536488705105285 4.155852108312481 -1.894543100741513 -0 396 428.1758148670197 2391 -1 -8.136832377989749e-06
 -10.05786075703202 0.08349424258070423 -474791610.1430423 0.199096633201805 -5182.738345363895 0.03980339491347929 -6.22259584051237e+19 47175.42611906322 5087256.067334714 0.04609872230446773 5.547240399732797e+17 2875.89439473847 4665 191600 1 -2.081459965100609 -1.44593348314726 9.930925133196402 0.5696476562968247 -8.332339609824199 -1.825421005336378 -3.992749939992275 -0.5281608668440478 -5.810308615288513 -1.781791875474038 9.113583034783616 399 637.0911099910736 2391 -1 -1.607557565668511e-05
 -9.870012599400516 0.064696306382844 -380688851658.4578 2.666757087196818 0.05214954996892576 0.1106448900991797 -133991486.3399659 61725.49656591954 6164088.320265125 0.1014430857557495 -392818518.4715447 3185.782801917318 1711 191654 1 -4.553110319678159 -1.306609818386827 8.174862433903401 -0.4634381610277832 -1.838751097684603 -1.301903331533206 -4.327424512985264 0.4888491079697199 7.042606559418349 0.3522915834927707 -6.317996753344142 402 630.407341003418 2391 -1 -9.118142144647848e-06
 -10.19469610252605 0.08529393734527679 -53720160949.86584 1699.383937217068 408.2332341539727 0.1276851128619503 -155223351.1481748 82.39244412525279 23.35344151724641 0.1839454658771877 3367577.048988725 3126.101733242791 4456 191644 1 4.172923654918769 -1.850156740113084 -0 -0.693164353057381 -5.660305694195356 -0.3337574163560353 -3.835297218386337 -0.01561856922561411 -5.615701167408018 -1.593505065002335 -9.932502412853637 405 640.4117469787598 2391 -1 2.54279604327528e-05
 -9.965213419139213 0.1627696731530624 -60853.76089681199 196.0224953316503 3.5043801664483 0.1803072508524472 -168528.062449631 62944.95186850879 6967207.140839398 1118.796806841401 -1147.386371334174 3100.730171260316 1935 191663 1 -4.264543234132015 -0.8161665178747849 -9.675056984480968 -0.6650722247007748 3.779427614500691 -1.842751228461289 -9.679349704434562 -0.1476224652896417 -7.962256677761827 -0.0286140938709751 3.165093218482125 408 636.4559319019318 2391 -1 -4.392127872673078e-06
 -9.98351069890124 0.1329991121207802 -2054803.690444585 2.41236021102935 0.1253504888339602 0.1095275961854476 -446113386.12931 104.6939836785501 26.00863615016884 0.7732089576479403 30.98967776299839 3160.905524281264 1379 191657 1 -4.520533477421491 0.3580922902150312 3.508573795622818 0.9609667093838379 5.419938570106242 -1.069636071307175 0 0.8523929764759801 5.466184948316323 0.06648542765465226 -1.430186536421577 411 640.4906890392303 2391 -1 6.059857991136985e-06
 -10.25151459896188 0.08528734211439094 -1642804319.128384 0.9563774725605957 0.8364345067931298 0.3002705495496349 -1032.047965358342 179.9715933223737 58.89135840233113 0.1155055242565116 493569520.4285346 3040.222180809125 2212 191625 1 -4.406410815582015 -1.17642167146944 0.3177763145655574 -0.6652767455217719 4.525247256782698 -0.6849767426708357 4.772165792778047 -0.2434153466393632 0 0.9975797675432192 5.933531413720241 414 637.4891290664673 2391 -1 -5.608857811381782e-06
 -10.25260922964318 0.1204680113234009 -7450351.509817514 3480.118903847624 857.195735835957 0.2399808717437212 -6631.134384964609 687.7619688059543 1203.537020635685 2.468266676830226 5.421399164827882 3140.368079556288 1614 127755 1 2.833140611203487 -0.8796311759869919 -0.4495956067555893 -0.2855033347997384 7.363262293647336 0.3340907185993584 -5.695337791544804 -0.833402631947342 -7.74440327193838 -1.995560792986868 -0 417 426.151661157608 2391 -1 4.430015612390342e-07
 -3.705525098040431 338.4105669512288 36.3441850130225 10352.83119158178 6975.765055228324 0.08117761925483898 -349615767688.7184 68.88636128117876 14.05903878869606 1756.33922055751 -2662.022066655264 3237.333072333919 2167 191639 1 -4.339142863681426 -1.854111731585647 1.352782671708761 0.5400948317229908 -6.746602928634408 -0.4682251724031401 -2.393243395084443 0.3984310303152685 -9.592835617122878 -1.087971264579161 4.475738668213986 420 636.1869471073151 2391 -1 7.753706008908157e-06
 -9.186533994469199 0.0462790887169123 -2.069765814259772e+17 42831.19371139959 77553.03103544444 0.1539320731363019 -3222092.850110789 15765.68761163203 623405.1652356185 4.955339991560597 0.9469095174194361 3222.019022547004 3399 191637 1 -4.538829737388811 -0.09368133078509013 -8.063889128587897 -1.621480728359988 9.937877835884674 -1.603455762130679 9.098490743117846 -1.03583862458778 9.74811822594971 -0.8398532947548745 3.837173438872432 423 644.2343130111694 2391 -1 9.325162399555742e-06
 -9.868291654264491 0.05496505177741597 -102319897835102.5 19825.13277899633 74013.27035771198 0.6067882853117769 -23.79054171975972 36031.46012106039 2962810.495153908 2.819023407716892 3.724293640225574 2891.785290410894 4060 191645 1 -4.355974201860547 -1.891954096774433 -1.922206607626062 -0.6675077496035158 -0.161730830365173 0.5653223308513513 9.835335690736793 -1.584447305683876 -1.242065412454562 -0.6944116986365083 7.638080586539175 426 633.6008341312408 2391 -1 2.495300732992844e-07
 -10.00217472728067 0.06784668164657288 -247634409123.2021 2.494961212583792 0.1799499271868798 1.065091006194425 -2.922883720925308 160.0382299830171 74.52547747556738 69523.62397168038 14416003.68783168 2966.342075497055 1418 191657 1 4.222159763939034 -1.394932151556931 -0.6426531672364693 0.9835464876303526 -1.450899602068027 0.1047749189133893 -6.201769366691976 -0.1637940769897278 4.592167295720286 -0.561085916960625 -7.641307258923238 429 635.9057760238647 2391 -1 -4.63356327292836e-07
 -9.744309241835055 0.05188600685852021 -1717957210352754 2106.701417219165 746.1482744436835 0.4827987145329676 -66.96753021156937 390.2861562259511 382.1026897069074 3795.835133028533 15019.98402587762 3027.926848572039 4556 191656 1 -4.534378540843468 0.9855962991299263 -8.517030271041991 0.7861079353323777 5.527650546908951 -0.1183201451765265 -1.533733800733974 0.545041572613743 -6.693219500679036 -1.638454526412982 -0 432 644.1900880336761 2391 -1 3.495470402618627e-06
 -9.848678595247758 0.1128575700659911 -77686388.42421089 162.2791614931986 11.53626948808801 11673.91362052119 -48735.01217269224 77.56737025690474 18.68355304906373 0.1541303608222744 23662045.63788508 3074.616657129717 3832 127769 1 -4.216381740089691 -0.07952773586972217 0 -0.1685688387522397 2.207080053582745 -1.673851909757313 1.581992658110314 0.07761089891810659 -9.210504516102853 -1.731904256538996 -9.483030799696913 435 430.7013869285583 2391 -1 1.976060127727078e-05
 -9.764387248317119 0.06036094385895302 -15869088180428.73 0.07337183627242862 457262113174.725 0.07430441417099573 -2692497692538.207 6878.552369997648 135567.4630304379 0.04258293419712306 9.996269178984976e+20 2920.270955981036 711 191663 2 -4.363751334139581 -1.024314970937063 7.603974908531761 -1.35180389747374 -0 -0.8316533929648724 9.63951738377812 0.05457673451740548 7.518988353511565 0.02061468552172969 -5.345175347909109 438 640.6924550533295 2391 -1 4.607259183860359e-06
 -9.809850311272806 0.04755682001179926 -2.10266087414538e+16 1080.583527611768 123.2615164150585 0.3966348010755199 -287.4299234506676 440.6202681177421 507.1344831884713 174.6230552838678 24.08746444669937 3094.302698957509 4578 127772 1 4.618748020936895 0.9926456715242749 -0 -1.219834647516554 -3.274257933700234 -0.2861488896279765 -6.940643375624535 -0.6782132361733365 -8.577042754018878 -1.135620859042118 -1.409733910269504 441 427.2571778297424 2391 -1 1.434461665612798e-06
 -10.47651112939523 0.15677783878127 -40628.68259421529 2.087880046883996 0.1675177464244213 0.2944479278232841 -1171.670340666348 1719.855661127508 7908.644761036321 2.171826427462345 5.382555390183708 3089.869080643484 1026 127464 1 4.163926981480095 0.8948607370214816 5.701459805185942 -1.287036410110761 1.828078762735383 0.1366921055349612 -2.242285448883109 -1.79817184569037 -7.93723976462752 -0.4000489765469935 0.2150655714651055 444 430.2182629108429 2391 -1 -8.741886732590378e-06
 -9.638736005718336 0.08986714823030123 -83746355.16310935 0.05345831772820776 -356489495823456.8 0.2626183743442812 -1913.596046980668 85.25026467390889 22.71013390615152 0.04748044197751686 9.755756230625379e+16 3112.719963815345 2695 127761 1 -4.12475809578022 0.8531224098179471 2.406952452038896 -1.871964018744952 -2.133003467511563 0.6179099817788014 0 -1.594526666950395 -2.423740155372393 0.7308437774497687 4.235463253285913 447 428.9146630764008 2391 -1 -1.762311228198709e-05
 -9.728957205663631 0.09186418381713812 -607353885.5847192 507.5831832911103 27.48326134583314 0.3542982850625677 -479.6604589133867 102.3959909941197 27.55736816021216 0.05441381081280024 3.945049646825969e+16 3097.545627722941 11518 207634 1 -4.448520544380672 -1.086850803017778 5.112902161850948 -1.565761496093502 7.727256240641095 -0.4579905172466159 0.5400543098024051 0.5962850200946281 -6.06351679151869 -0.5222683790599731 6.558847062903678 450 701.7563591003418 2391 -1 -6.160029385202615e-07
 -10.03651844404263 0.07288020148592819 -305555429905.9542 2.712152945221648 0.1909312872398579 0.2124395615486588 -79663.21306966885 2355.870336827954 12441.37830757508 2861.968456115434 25352.15758151241 3119.359365224664 686 191659 1 4.519862954999422 -1.733486747960295 8.672962976507218 -0.8760782565775704 -7.997425111809918 -0.5988540576762587 -6.928709753803648 0.5557742063924653 -1.616357256340013 -0.1696102951364216 8.398720612829891 453 643.7894561290741 2391 -1 1.179555990203409e-05
 -10.17392345254187 0.08565612198893198 -285881222.5280865 0.1834629541064495 -10883.31067557935 0.2905816365624078 -1018.237044780446 5413.59243693068 63211.28963358815 44450.78800781459 4516669.072116798 3235.609653814794 4018 191646 1 4.559147209009947 0.3702036199469836 1.517361186099034 0.7256934507389925 5.670515188871633 -0.8185997015269475 -1.545939755116888 -0.7190739525862879 -3.923415994033299 -1.837982547496629 0 456 642.9357991218567 2391 -1 -1.701396689631323e-05
 -10.20252409881175 0.07181205160321916 -53694303918.32214 1.469867721769746 0.1789748199099801 0.3752730050803114 -170.3262974450027 698.4106693179192 1159.405696294799 0.06453074123688017 67287220957178.45 3066.575892833005 5253 191633 1 4.316946085065259 -0.8121878803140916 -6.847169525339964 -0.9267662653482747 -4.696028727472617 -1.99832780913807 -3.817597896083258 0.45376649325069 -5.244915130497688 -1.429586247361952 -9.539789728392297 459 640.9142251014709 2391 -1 -4.41499627130475e-06
 -9.987958344281223 0.06624049322114266 -180884231629.4523 3024.335501074447 370.0228063842156 0.1060177730381881 -183664501.514248 18164.11312885045 704357.007483767 0.7970119572187274 -41.93217326702204 3084.738737634969 2512 191664 1 -4.386192188633775 0.9377136541292677 -8.621453451493359 0.6698762238347807 1.722892391112942 0.2575977014397757 -1.837159385075177 -1.880440164427738 1.129148153600571 -0.5757395753914363 4.476062627991549 462 636.9745299816132 2391 -1 -1.128914241555889e-05
 -9.997176080380488 0.06926233215283012 -34112030979.46176 71.50762823138062 0.4455936866212992 0.4680704214603759 -51.48768362419794 1965.114771588296 9940.05424056315 1.533992183135892 9.192937423225876 3091.278983237607 1045 191597 1 4.681651923381828 -1.286505707268057 -7.028073624862159 -1.606537075967895 9.933933553078012 -0.3819955664754113 -8.698762219317674 -1.796459210433413 9.746350421977573 0.02118529676070668 -5.967743381471617 465 636.3305971622467 2391 -1 -1.075110680293501e-05
 -10.39657854857587 0.2920014385598225 -189.7486562603049 4.766557550726177 0.09077978198550081 0.6299246380205542 -9.599880103873538 47.33670717302417 6.163668345970331 22.76521827510327 0.8268712336157561 2973.974489072978 926 191661 1 4.631913954814697 0.1557503408492037 9.475628981962831 -1.703750833581094 6.655667949590936 0.1626395932171491 -4.06738741214291 0.4612617391634775 0 -0.08183357478745905 6.535362046030091 468 639.7713868618011 2391 -1 -9.991066103388788e-06
 -9.432585592692302 0.1269579040653346 -1213875.317961779 19293.95984173178 58618.83764907033 0.4250665769631554 -116.5921295303397 44284.02702013179 4560248.710128347 6779.189733467524 65416.33490277536 3159.412002915759 1285 191362 1 -3.449214924444974 -1.24316871224046 -3.899847344994305 -0.8965200912084939 6.374046942056268 -1.045666833440917 9.940757124794327 -1.650283718420557 -3.87049385713728 -0.285320990188156 -5.663777381064886 471 635.9245519638062 2391 -1 -5.562353608037327e-06
 -9.866003093031829 0.04725673504646045 -4.184118408755654e+17 40.94591145769851 0.2591500332993409 0.1783757174350211 -604125.4404067252 83.38606623056424 25.10313084701862 121.3673953938781 22.18710883361955 2746.612110411993 3147 191653 1 4.270309984059153 -0.2335092023935008 1.776211882810309 -1.136476387818398 3.797532924952264 -1.301762574116855 6.792122470733185 -0.3139751030333331 -2.953384670695232 0.640126010966402 -0 474 639.793848991394 2391 -1 1.555976501793791e-05
 -10.35749418647847 0.07373129439606237 -84354371943.06119 172.1734235739377 3.175631414352731 0.4439942705262739 -112.0548645659822 41.82169563763851 6.297028516891163 3.809834440604643 1.019194798096341 2993.244557313145 6730 303450 1 -4.098744172737258 0.8755898598134308 7.678067754709497 0.7747446773935334 4.396306960810365 -1.146547417905148 -6.142616768415301 0.02553284704638907 -8.512152822160484 -0.3785541839431126 4.399167081691249 477 1007.930524110794 2391 -1 6.855860392170782e-07
 -9.495528478811574 0.08747490399174158 -899515285.617462 1732.520088539824 204.8541754869931 0.04662690409482257 -2.392444303186033e+18 4518.090108236437 53439.2974131534 1.061662490592132 34.45117996886292 2940.102903666579 2177 191473 1 -4.586577606729993 0.7345105087683295 3.389401102208953 -1.079594193153222 2.722782251675864 -0.5530032613726013 -1.323772899389905 0.4434277013723235 -0 -0.08835886520839689 -9.245673399598475 480 638.4494969844818 2391 -1 -4.519431595106246e-06
 -9.82682843666062 0.08868014084948947 -342442861.9474986 584.4186650242295 45.4025552510475 0.1070933997550608 -75623714.08787486 10610.34013047321 265771.1575241309 1.935936145641112 3.476006894784666 3147.846711556704 803 191630 1 -4.604249315467326 -0.9225341872891164 -9.977043393309531 -0.03250643991598422 -9.114692614645236 -1.341439552571933 6.937253811671536 0.1756571431269575 8.228020434166964 -0.8214380379482211 3.965721494107616 483 637.2669539451599 2391 -1 -1.298081221766866e-05
 -9.833424759338254 0.04981125794083222 -375080511093810.8 1.032451049236131 1.359452550982445 0.08124563487543718 -44978685939.49434 4074.390777107675 49471.49479008449 2.032422412331323 3.93929324918053 2928.524249861287 1847 191660 1 -4.489252445354585 -0.8570730099326536 -2.978151705174362 -0.5001044056300668 0 -1.606962762974928 -7.971194193931447 0.7963234300513022 -5.496598547666954 0.451514271840621 -5.33746527349177 486 640.1393671035767 2391 -1 -8.77789198982899e-06
 -9.610781429783984 0.132955138003124 -8914260.271282593 9405.807086574998 12037.16355018008 0.09286147015684801 -105273752413.254 72.46430159440432 18.07975976194242 0.2261082266677355 -79749.52754058999 2974.84138386578 4878 191661 1 4.343030884032703 -1.975388671726614 0.5540009622830926 -1.209870521205421 0 -1.7960943284688 -1.583065089121745 -1.504967335826473 -3.057591442191671 -1.059230468232904 2.883733295297758 489 641.3511168956757 2391 -1 2.451066586628225e-05
 -9.478321453427407 0.126764611047239 -525079.4693564227 1.683418936065584 0.2067439510980047 0.1866737044651545 -35453.08173412773 28894.88987017277 1967155.978520567 0.2368079438808827 13056.66864212989 2971.028844670885 2012 127757 1 -3.967309424360698 -1.339108066851939 7.489069222394999 0.9965700877799577 -8.453636013456872 0.8707033074744093 -8.813960539771093 0.9171904476050131 -0 0.6018354676448632 -4.319743358597456 492 426.6312069892883 2391 -1 -2.152409339958316e-05
 -9.611705887987684 0.06806182395137141 -135302717301.9933 23991.69874619081 29435.50345040418 0.3624382204586171 -325.913766513342 85.33181527339026 17.51448291567548 0.1551012330005264 3398914.75615359 3161.752313954185 4328 127770 1 -4.064322661711443 0.3205889838437681 -1.557748727028657 0.5877941349146063 -1.030450465703438 -1.039126177447155 9.130841324730149 -0.05035533704163523 -6.755560430534255 -0.9979284714600691 -0 495 430.1056859493256 2391 -1 -5.783909224090751e-06
 -9.176639175488905 0.08711863029956014 -1688545277.989537 25590.26120268851 114377.8284887635 0.267757837089327 -4027.587849926346 1606.16150094882 6203.150887306172 0.219959776711568 115715.9569082725 3120.696551305042 2818 191659 1 -4.42201616308652 -1.642132806269785 -2.437305935734861 0.1601988364053421 7.488017762876312 -0.8564314742267269 2.868087442759268 -0.5736268859041118 -7.677875971764442 -1.160072059241577 6.418779103413047 498 636.3510279655457 2391 -1 8.567463429623383e-07
 -10.48776453129238 0.1233110630159456 -2987878.548062671 0.08632330779177633 -3057629061.074078 0.2383105046154602 -8392.801815966661 358.7475339980622 372.6482635547272 262.0489489637318 206.8803615822394 3287.674736086524 3281 127769 1 4.679816942228616 -1.633745783836511 6.499868491547784 0.1902128014951096 5.811613938540443 -1.583148856535911 0.06726302698982956 -1.086715688047276 -7.555305907316717 0.1359840388736941 3.724903939119002 501 426.83367395401 2391 -1 -6.454917315141159e-06
 -9.78457239474249 0.2900246350734625 -251.6692794890051 614.6172009465122 22.03859004181014 0.1215108512178144 -31877401.49389302 4.036369825255231 2.348597737674156 0.6078330333152596 181.7698742688204 3110.112994602687 1241 191387 1 -4.194234424358362 -1.128398589694097 7.982644539187422 -0.2332521023591783 8.887018194867553 0.6416006071452087 8.517265752496826 -1.518775214032792 5.456872928619508 -0.8054414266790486 -7.589780120588104 504 635.5595290660858 2391 -1 1.079957994966765e-06
 -10.08677655519905 0.1383250660121253 -4260933.696804835 2330.176894187605 575.1546534378216 0.2144173449855651 -81372.35274901049 54602.49830118172 8021851.392631706 585.0553961988489 423.2513574033179 3005.893752268179 5830 127751 1 4.528125894760175 -1.467527159515728 4.117242836467371 0.7976054155413523 0 0.1874927448240124 3.01054770749768 -1.77940558267566 0 0.998739162266733 -0.2417337073488515 507 426.6200959682465 2391 -1 2.252160235406734e-05
 -9.459543727482112 0.0625846338210042 -14784791419020.4 569.0410850198699 23.97361782963874 0.1832157397939741 -315442.3297703514 117.310976125872 42.43285146350008 31324.42504208497 2410305.768762169 3006.700637766008 3510 191660 1 -4.034205601235417 -1.691701703546408 -1.859495488011538 -1.871118014754068 3.478214499783392 0.6011947364282952 1.338680427890571 -1.692178613465822 -7.6838628007749 0.4897275990758017 -9.343966307060036 510 635.6616580486298 2391 -1 1.016910588409953e-05
 -9.702662283688992 0.04749281422299183 -1.293521221603006e+16 56947.91700448073 243099.5517344269 0.2169542720186226 -31481.07979138326 61513.15108337995 10005093.86830393 1.548528208811748 8.167774077741145 3196.188428589611 5669 191660 1 3.556766940738172 -0.8608495832451535 6.311771251755824 0.08676757514661927 1.507039709520777 0.9015468414308936 -5.642048634078449 -0.3468845339126503 -3.473973337106216 -0.1149711645847714 -6.561464203129461 513 635.0511481761932 2391 -1 -1.256279775644844e-06
 -9.571354086594248 0.04040451756610864 -1.759612162577589e+18 5381.384230063702 10698.19105956017 3.397637058164308 -0.3791125722641895 93.58391046486724 27.03015513230576 2.140994121297497 9.34143242964506 3075.62097127928 4013 191661 1 4.692321953867346 -1.997127402429605 -5.646417249320651 -1.537097863780248 7.686275116316629 -1.07095603256393 -8.299498517243389 -1.606411473484537 -0 -0.04261413677250128 2.638775009194864 516 640.8609800338745 2391 -1 -4.556947423693578e-06
 -9.709421245313212 0.03695061861123682 -1.070670796892656e+20 4.603907774281507 0.06854054532320825 0.04040142237263149 -7.595015755499678e+20 43290.37065849583 4890032.788137756 1.325106107611216 12.73316342115289 3009.109576005457 941 191526 1 4.188394310505355 -1.702038083593131 -8.385209736847536 -1.810810424446 -7.105695808972294 0.3878060298377068 8.158950392090443 0.8942801689790754 -0 -1.811848169473825 2.521322386208832 519 638.2085831165314 2391 -1 -2.355776794219779e-06
 -9.955432945603915 0.1015836298229146 -113796983.6880997 0.1243561037138433 -1532450.045225307 0.05522791048902583 -1.282136066064545e+16 2442.997854873218 14979.3176657664 12271.88839053886 10822.07267241557 3142.037467549253 7823 207632 1 -4.466347308612548 0.7384702435325297 3.006330331761134 -1.578671462079043 -6.078779477906552 -0.3799383985633132 -6.441418942213273 0.1364301949393769 0 -0.08402304878665311 -3.427192973656294 522 690.8953359127045 2391 -1 1.195042533617878e-06
 -10.12026961667398 0.1138439126653352 -2700863.742621231 0.05046404764351723 -1103814028350217 0.3118735463041335 -347.6264600714777 7689.763633592095 126716.3920506556 1.54743614351231 9.623555568754096 3083.48351221976 2081 191646 1 -4.226644687290885 0.9740305509016647 -2.551416614456484 0.2757793816645955 -5.272351717389519 0.637721580479981 6.932443774205785 0.3453982435580718 8.254480356594906 -0.9607271741985652 -3.844562695346545 525 640.7247688770294 2391 -1 -1.948506653414717e-05
 -9.959012370362633 0.1441772625110498 -482235.1514272123 275.9863536397593 7.642176468838275 0.06701504646923039 -13858337820588.42 408.0044059329945 408.3786803114922 0.07298013375720083 6959963892413.885 3138.564587699098 2529 191575 1 -4.321871322807377 0.3049363081559928 -8.127406955520772 -0.9157632296465561 1.736889407394867 -1.141726284144406 -8.750833453979444 0.2323595371221087 0.2474509457068055 -1.173648534312155 9.721297552728942 528 641.5748090744019 2391 -1 -9.713376803007183e-07
 -9.756039042023186 0.08380535736702925 -119569975.1418876 1128.590075991296 101.4886088079309 0.3090575975359855 -431.04685149011 139.4618298544347 60.26779327439714 812.9645957044442 820.0323121617282 3134.007288174983 1105 127674 1 4.055779095070621 -0.6925028353494191 -8.360241334995532 0.6889946791436645 -5.863612715813954 0.9466385456275748 1.373381854711469 -0.9082140494599953 -0 0.2993484413862512 3.498271736220342 531 426.432765007019 2391 -1 -2.984808206792514e-05
 -9.874995503994082 0.1337847138198396 -1009230.132567254 51545.30404134784 107655.1740396092 0.05038284307354962 -1.421573961818311e+17 34289.78026939908 3285984.789734383 300.1907530668262 273.4649197441347 2943.570706502637 2672 191656 1 -4.559227968639917 -0.5530734538199997 -9.165955926630524 -1.391365723234014 -4.424498159642535 -0.202443751028011 -7.941729264941682 -1.160721238346248 6.705693753194073 -0.4685774503917495 -8.268868507835926 534 637.9570519924164 2391 -1 -2.216433043981863e-06
 -9.864173960003315 0.03931340849916903 -2.784474348534428e+17 0.1623287359612073 -75307.49835022453 0.2030523185730318 -28892.95751764852 269.0144878724016 204.5801538531595 2.091519389927178 4.069399925531364 2992.319996119478 2360 191652 1 4.390472351358272 -1.413590301931178 -1.819748633536957 -1.815992145938957 -1.935893881259942 0.8396202806895223 4.065513082359273 0.9518850931248375 -3.832270123289866 -1.490163795695312 2.783468746302499 537 644.0126609802246 2391 -1 -1.533990440748554e-05
 -9.221544304414023 0.07518569062135319 -62790791366.83649 0.04914825705912017 -6.057775498692353e+17 0.269534761654835 -4881.078886546159 3052.944060825764 23194.13888051728 2.948665480509363 1.898967221246729 3156.243952105565 4113 191662 1 -4.318220402784199 0.4338577120873985 -6.107791805903125 0.7458620747371789 3.877687154167957 -1.236991515214516 -8.026701974066949 -1.981787826992819 5.379653344652575 -0.2776412979914991 -2.178795725374116 540 640.4419279098511 2391 -1 4.993623034962525e-06
 -9.519313320795488 0.07130268444455952 -116393087155.7127 3.600886855602213 0.117002982677485 0.153996649053215 -1185792.651947807 83227.64670234412 14424985.25678386 1.160373739917164 17.98537965466312 2910.964970664983 4831 191651 1 -4.256159359534763 -0.2629986985884365 9.505118831412609 0.3089733980770592 9.00963056761127 -1.616808661297985 -4.793556652528055 -0.9869190993115966 8.367107160292827 -1.982542599614798 -9.438918367424991 543 639.0373029708862 2391 -1 8.875048715626036e-07
 -9.290525583361472 0.07031314742964175 -1942500521836.666 1.807805587817078 0.2289378905231685 0.07149697642296929 -27111531193900.7 75.632810966641 24.96761221338176 65.83273106882616 16.56147999646766 2948.267085039908 5808 191662 1 -4.038328534892197 -1.86085201607436 3.396218332438051 -1.747499684800857 5.076790603385827 -0.5546353039490254 3.930826589285929 -1.584941041248642 6.628674376366412 0.8370467374437514 9.219874031056495 546 641.8236949443817 2391 -1 1.487920771297732e-05
 -9.105279218938628 0.1026936583073233 -86475752.6318491 132.5447901336185 5.586692457665318 2.845106591659963 -0.3181795435317429 517.7160667015353 633.450358419091 798.5671506334805 759.5725309517966 3104.75440148319 4079 191656 1 2.778732937085439 -1.235019307372157 4.418483445191052 -1.863840823776179 -2.586535890808 0.5528799837275504 8.904749924602553 -0.7720872450136378 4.13518278478743 -1.711258183023174 -1.065575620595216 549 639.3542709350586 2391 -1 6.056415611184771e-07
 -10.20362729874117 0.1285072159799018 -418394.8881045157 406.2853382113683 9.00176929530719 0.1501212998410028 -774837.5690407782 273.5619468797184 138.644299049437 0.03720953218150911 -9.993982831644761e+20 3064.305865802377 423 127723 2 4.516666235634016 0.2866359631634396 8.157535742687568 0.8198547049518199 6.761246592862839 -1.028726950590418 4.861768356514909 0.4355279226831573 -6.62225794810038 -0.8149191119053949 9.743331578276333 552 429.9218788146973 2391 -1 -1.610343247383813e-05
 -9.475581949253897 0.05934093254257629 -276574181996.1879 8602.177161991031 12689.43470192969 0.07486591981525227 -56874663649.02207 46.65395353451758 7.631770101128439 0.04156573227172497 -2.054452463582295e+18 2939.195999945189 3707 127774 1 -4.227533858559253 -1.124470955818017 -7.209152461844392 0.4783678743573682 2.497111153318931 0.8644330905687325 -2.393812570158603 -0.1457119662284887 -9.415724576426479 -0.7825825186962216 3.012790509228211 555 434.0099680423737 2391 -1 -2.304628920100645e-05
 -9.751397572539746 0.1294893667079207 -2739144.786356352 404.1442883726666 16.14656365549429 0.2735700357453942 -3519.247532404749 69.26105610691801 17.84785751651694 2.00130312220969 2.084764111835106 3106.476123281471 2448 127772 1 3.530434633947196 0.3407822272764225 -0.2647627182379724 -0.2573064316163052 -6.247121925092775 0.4595668096953965 -2.111013712030118 -1.315581965852146 0.6065248534125272 -0.07759554050743846 -8.053855506897865 558 432.0432090759277 2391 -1 4.755268372880665e-06
 -9.5865950597852 0.08173739559768703 -6445784633.028347 3884.832767126982 1138.598800336207 0.1248453252830091 -18899042.79625087 543.2348527535021 742.1076605755758 3674.058332161996 19830.34390066609 3326.939331022374 2181 127776 1 -2.999117180922467 0.8793997863574536 -8.342868115882371 0.7933765115888356 -4.487850219912375 -1.028932229586708 -3.207155094023374 -0.8708057450328086 -3.831749950963716 0.6949822766197267 8.814788608742774 561 425.8567299842834 2391 -1 -1.363909453596354e-06


# name: injParameters
# type: matrix
# rows: 1
# columns: 11
 2 10 0.2 1 1 0 0 0 0 0 0


