# Created by Octave 3.8.2, Sat May 30 20:55:44 2015 PDT <charlie@dicke>
# name: outString
# type: sq_string
# elements: 1
# length: 114
Slope	Lambda	Gravity	Lambda	MagneticField	Lambda	MagneticField^2	Lambda	AttractorTemp	Lambda	AttractorTempGradient
# name: om
# type: matrix
# rows: 187
# columns: 31
 -9.974868299837059 0.1019159430501568 -168682764.5758862 303.9308114138861 19.04104873624557 0.08391418148712322 -190371316630.4414 94.08064655030768 29.44765822044577 81896.2379057619 15479016.32339438 3087.270402301277 4628 191653 1 4.682614592412669 -1.300095218734168 0.827633449152243 -0.7938758426773314 -4.090242484321591 -1.414641447910056 -5.271143596273871 -1.493914179092288 9.261320180279414 -1.54604606049439 3.102981823076592 3 973.2708299160004 2391 -1 7.448666658884186e-06
 -9.875554047201828 0.06757165849342318 -53218398231.74388 5443.443335903841 8746.380809266731 2.327671700822941 -0.4714615968019596 84.83226218439054 23.35753450807589 1.74922185913365 3.806051512447065 3111.566720113466 1325 191661 1 -4.536480816237262 -1.961560307680587 -4.415322756323962 0.4785409300676737 -0.872428258184371 -1.915115386556658 -9.233743226891304 0.5749772384118801 8.661193723286893 0.8566594800203724 3.954806875078732 6 823.3855609893799 2391 -1 -1.075195491671624e-05
 -10.29718751183157 0.1386683515453889 -2189481.369386237 84.92277961813153 6.169049344538828 43149.87495442229 -1484308.781871636 5525.12275651655 76679.71244365038 5.410090297089009 2.041255245238036 3275.565610307654 3777 127771 1 -4.257162332710012 0.3194330872506081 -6.382743804061178 -1.98111401404671 5.234454532278776 0.3510245602039053 7.067100241959524 -0.8424115581828335 6.979180836610505 0.4992633678080241 2.913639003619868 9 550.5768749713898 2391 -1 1.018956310443064e-05
 -9.980593919856132 0.07779879075709677 -107371292478.6631 0.0868634472005123 -59557465495.72266 0.1306520354411364 -46297982.4078756 5.220046514878064 1.74708861448306 117.6903509215388 21.80068360178993 3038.202067473462 1945 191664 1 -3.87462348484549 0.9112358205987876 -9.29711861915929 -0.3372557454523318 7.134072224742081 0.7454243244967618 -0 -0.3544176620762212 -7.10230396742322 -1.430851237654094 8.606073770843658 12 813.1215019226074 2391 -1 1.449546345517522e-05
 -9.365588302332313 0.06470377324490431 -5750213270229.524 2.889462345288748 0.1441464419839798 0.1865818826590783 -224615.7313238473 103.6868946533672 30.14444487996958 5.891313741032416 1.300041591848744 2981.712177560466 3951 191651 1 -4.497855916763502 -0.9268967530602872 -0 -0.3331514498418909 -7.788526523662703 -1.553545231587737 0.5309748414535642 -0.7188967375527469 9.376355591343607 -1.450844738414252 8.722787834126542 15 819.2508599758148 2391 -1 9.41387912730713e-06
 -9.604089035098509 0.116793033386639 -4331783.181776653 10.09590129175547 0.1082086112034366 0.06558987828296398 -35660121845617.92 645.4491540138903 1048.194040711217 2.393396204065002 0.9481092486934659 3157.92978904813 3518 191622 1 -4.316390119337369 -0.2679299066128387 -9.87060615504655 0.07040683074359454 3.614729339169961 -1.813188786225936 8.655045841618026 0.6488498638338944 -5.124515383491702 -0.3029923649586417 8.836217267843935 18 829.5868301391602 2391 -1 -1.409151894013233e-06
 -10.15440076862091 0.155335376341774 -42869.5355069711 1244.6915161075 89.30674364561085 0.213405323781575 -7078.181963143554 38848.03144949059 3419053.11045215 24497.40872593593 714584.687024742 2874.709517725923 2563 191656 1 -4.695149540619291 -0.1220684005839008 -0.2797383382595147 -0.8802079155198923 -4.682347815904818 0.5777874642600436 -4.756345542998933 -0.256081178720435 -3.59244949773366 -1.570282281161531 -2.504795264392621 21 640.7296369075775 2391 -1 -1.853134265832812e-05
 -9.993367772179569 0.1270596320382153 -5221457.831257191 28.13247134246525 0.1849503819810248 0.05261008088466745 -2.476200540612737e+17 2753.660289470255 17123.07157399832 1.425966983268974 14.42706751578934 3150.802855523493 3719 191663 1 -3.899669981830947 -0.6966862951142936 5.764008850779365 0.2515864922140443 -9.520851823296871 0.7183277563413677 4.843109250925004 -0.873875769999664 -2.956993555087188 -1.222582307804723 8.710903980773114 24 649.2307319641113 2391 -1 1.036209171979502e-05
 0.05149475674222381 84461.27719092637 3676181.561823981 0.09162551381773917 822204082.8437937 0.08808854619672905 -5093146432.100685 4616.367859286875 53270.78771122525 444.4020003850633 154.3811275393788 3093.334613229062 1815 191664 1 -4.519403699850415 -1.219955394701707 2.275305279707409 -0.4682914021448177 -3.460612382068689 -1.008145342832174 9.279271173000899 -1.548299008805534 -7.40272092814439 -0.8185905130713698 -4.127172255572581 27 649.7722249031067 2391 -1 -1.443473749542594e-05
 -10.46363081470752 0.0910878957541794 -325677051.9529114 0.1461059192472653 -335261.651095637 0.07745864299837195 -296905039245.8224 3345.306945548623 26406.39143353737 1.950271632944939 4.967328922685447 3089.296366681905 2639 127749 1 -4.536112832323782 -1.174782891285425 -2.34112215736325 -1.273063792003196 -5.448161167332012 -1.755560109485812 1.709196035471527 0.4930546168573383 4.75403969288042 0.2907480434771985 -9.037662866463091 30 435.9646770954132 2391 -1 -4.382483150197493e-06
 -10.1585333117493 0.1912548049502299 -3151.926574226341 169.3935292443103 7.801752875915072 1.009339026771007 -1.172902973947986 8904.350753773213 220302.2323963572 754.6683443144697 741.8801054451047 3076.378669819806 200 180145 1 -4.222599857762379 -0.432903337019928 2.873069808773989 -0.08965523761876962 7.672282213823237 0.3905318154947038 0.5517765313665892 -0.4887425105931325 2.993485965812822 -0.1774984571459229 2.710051780639359 33 652.4821169376373 2391 -1 -3.330723595517723e-05
 -9.976436249268039 0.1053672121624233 -9179207.710875595 927.2979992479736 113.8121701413016 0.08099195736567615 -17609392027.66888 5192.794942681283 63650.50350899919 0.3405280863952655 851.5146668157315 3062.880943514362 1704 191318 1 4.112181565677414 0.9670384161053223 0.6044709338367551 -1.663606282292784 -5.226257460573887 0.8698356743962963 -0.8440471352716266 -0.3159512439101385 0 0.196015274645454 6.076048323244637 36 649.0225820541382 2391 -1 -1.755476357504486e-05
 -10.33886796287085 0.09583161298146763 -121740528.1909675 2.236939147810117 0.1692613428008065 0.1351898775547844 -4363257.534676385 106.9243738694989 32.0845027324244 14048.11774801053 238445.2720161802 2972.704887327324 2762 191654 1 -4.527859203317531 0.07083652080545733 0.5646893554733712 -1.87420800529018 0.04751184984659851 -1.710070164749812 -5.050590720192964 -1.162794833192899 -5.914595641352711 -0.8621636552678389 -2.503991869643719 39 652.853285074234 2391 -1 -8.575990429010638e-06
 -9.794565895897557 0.08562079464686551 -13312674520.70004 844.7995848397346 57.64877440402494 0.3973199457689872 -238.8056786051568 43999.82063664285 5075573.424730665 4431.512087728213 50657.26766025661 2991.861163758931 2153 191660 1 -3.672633147766661 -1.908001093712177 -0 -1.635500680803843 -7.020059015707535 -1.095737954872943 -3.157731452931341 -0.9849992855284802 6.092185583602534 0.2100061502417593 0.6788019465880106 42 656.1051020622253 2391 -1 1.220350279411888e-05
 0.6674597791187628 92.2042225434781 5.722660131797973 189.5281247727692 6.887667468548853 1.059133361841905 -2.827966948556314 28125.10375571936 2390628.659326539 1.77081133861474 13.49491005942889 3116.908621595983 836 191659 1 3.806400623358082 -1.736853168624393 5.147872708372372 -1.681116725161068 -0 -0.2882207136367896 -7.731378426213864 0.6947909530148122 -8.044877882728013 -0.1657470081495979 -7.960008245141957 45 642.1078631877899 2391 -1 6.025092162340431e-07
 -9.424760360666372 0.04416018965730401 -5.648363554092062e+16 554.4307268052147 48.2417500518646 0.9151181048835192 -4.146793842249641 27270.67432455029 1950974.366213075 0.0539029596226345 1.771888720004883e+16 2879.532900917117 1575 191592 1 4.088872781120624 -1.697672581154392 -1.657411966488174 -1.918529626904338 -0.4210063041019558 -0.9297848681921952 3.458572348047959 -1.168084240549973 -4.760783507149837 -1.065646930206802 0 48 649.9943912029266 2391 -1 -3.960155312146956e-06
 -10.11320324423867 0.0732669628834822 -7629229398.366389 180.7985737142449 6.35063759159101 0.7143606906489184 -10.3819822412756 86.43351766993655 22.3305816656036 1.953380469770554 1.162348670282725 3115.164771556015 541 191663 1 -4.570300254401804 -1.480801243432592 4.944954677649203 -0.8070659240035498 6.185163155868922 -0.3589830710072511 6.753433135864087 0.9983760265447928 1.110893633191936 -0.921051136407236 -9.654806869369505 51 645.8531651496887 2391 -1 -1.613507792136896e-05
 -10.09400854944971 0.08640941512317472 -36199061971.34386 2.32991761896487 0.2316047902298411 0.4762627202684895 -127.388734468712 51.2477043119968 8.351375317976812 309.1023378376879 85.21649094920119 3015.665553803119 1915 191657 1 4.134490223283095 -0.9815165116914883 0 0.5017076157337348 -0.3762275608452925 -1.721298163267437 -3.481385454423421 -0.9222975429964544 -6.222017282283664 -0.9654881535881303 4.931915564711336 54 653.2994210720062 2391 -1 2.641130109086325e-05
 -9.91203275159344 0.05009206840677632 -1502867104333603 0.05391491187714226 -3154977869501707 0.1515229481231534 -826603.6631999246 154.7093798827168 51.38815735983969 0.8259774294057742 -14.55640491973523 3077.908340730271 4316 191664 1 -4.430855238228221 -1.686519437397439 -7.023402567157675 -1.902772447579369 0 0.658460171216225 6.520671833375307 -0.321091433359368 5.66698108060409 0.9636772622961312 -1.626217321797566 57 649.3148880004883 2391 -1 -1.914373939863865e-06
 -10.32710156191759 0.1170466247224943 -1351745.730700365 10175.39954025024 14632.98807992104 0.1990344249000052 -7857.305214586157 309.6158852303441 210.7518509073363 0.2578676509531321 5141.393087724658 2925.593532148643 2144 127772 1 -4.20497560369184 -0.6567032074588184 6.398792060328521 -1.515626731304827 0.2505710879293348 0.5593430591977326 -7.13629812565642 -0.9254501882533237 -4.035259595840701 -0.8775932780901794 -4.306755848615502 60 435.6250140666962 2391 -1 -2.307899927411188e-05
 -9.883065159275269 0.1517508674362903 -274659.42431841 604.7330179497844 23.81835991309421 0.1256786376282898 -33216499.00386857 3106.429407239088 27342.41236520312 1.254743824702393 18.05812580158047 3205.769223769765 2452 191649 1 -4.546873614696231 0.5637001701454469 3.54860437025985 -1.642584131187384 -3.465502083749202 0.2293826980395552 -2.304471685876583 -0.8161493379040287 -0.3442552845798832 -0.7233260976115314 8.526240805076879 63 654.9318449497223 2391 -1 3.623818229238918e-06
 -9.822888145645228 0.08117079148420285 -4533101803.551149 771.1815881285411 39.21883055586197 0.07277834095398623 -1385117813848.339 328.4479232577616 292.0128712705548 61.76462977932965 9.201016560447675 3353.677863747649 3367 191647 1 -4.422751797989307 -1.428352267887413 -1.939340907450238 -1.264729376140075 -5.76815010475296 -0.8197202814595155 -4.492244308306509 -1.42612661275622 8.289587246765945 0.01471118444406723 -1.08188954361595 66 658.1967329978943 2391 -1 -3.175350253776141e-06
 -10.16299848329285 0.09368341808407299 -435919910.5471374 0.05152945324642585 1.791493349209291e+16 0.09868525751428404 -1721705331.310627 107.5085179055984 30.31958933197534 1.046453495319657 15.48125966914551 3093.399724492057 624 191586 1 -4.523206726125247 -1.627976047514381 -6.28917163025238 -1.600681670568794 -6.635108317854845 0.9932820768345954 5.481745459619606 0.2587531990824292 1.297143432428763 -1.090475895125613 8.707868747926156 69 645.9208388328552 2391 -1 6.951722579268298e-07
 -10.0131192841617 0.1236478889304351 -13496848.6907808 5.315257911340335 0.03967769420217698 0.7205913531629289 -17.11517352519995 35678.68032419674 3753677.526652961 69.17955116071285 13.41943568515143 2968.509378618044 3887 191663 1 -3.247898965899498 -0.2457727415785245 4.679187720309711 -0.3375493529290381 9.748669846481945 -0.05235689383476939 -5.16344490560506 -1.579453878945392 0.94749796981205 -1.873175391387389 0 72 643.591404914856 2391 -1 1.658661216776783e-05
 -10.40004782844548 0.09302045963499797 -77256044.62344937 17581.31826628955 24947.09907965848 0.1771511192762904 -82140.85079370503 16066.78856744256 693493.1995609473 0.1354994783387786 13234064.47416011 3078.149666977095 3910 191660 1 4.681090225272766 0.7383526539569467 -7.029163442600124 -1.063743391656271 6.304855905567443 -0.1763719019174061 -4.473293171538851 -1.356436881214053 -4.082970202137938 -1.646700309910936 -5.171575142607261 75 654.7751021385193 2391 -1 -2.056987027316439e-05
 -10.3378770440822 0.07508925185557391 -9371204864.648865 0.1283910454131609 4444035.758676259 0.2012383750851329 -35255.94161380104 42584.70987504137 4349676.62562814 0.780601966719629 54.31969773067759 2997.701181133564 4841 127772 1 3.44666408089159 -0.6893769571588164 -1.386153945518379 -1.446724542217042 -2.957317308233087 -0.2351731338347518 3.913613378026588 0.006911849905832898 6.770679993540313 -0.6762696907064676 -2.735134133383259 78 441.3178238868713 2391 -1 -9.982017385117965e-06
 -10.50133811858132 0.1718689097674222 -62195.72408737043 15.6965481729799 0.04490712559180723 0.2565212696897072 -4774.456126037502 101.0783252914531 34.61531929839533 1.594905470537512 5.828976948655596 3091.082439798928 2501 191663 1 3.016354071340929 0.206809184637386 3.247233746020816 -0.02692836533590269 -5.318752129862414 -0.4926082270573735 8.636599624052367 -1.056469648786832 7.249902599194062 -1.137445962108742 -6.006100418162531 81 654.1618320941925 2391 -1 3.34935928377916e-06
 -10.39014764864449 0.1022306938410324 -31176315.74952079 3.210092585714625 0.1156728422240112 0.1342249537460441 -2246689.343668125 1450.455909861423 4621.594073363665 83476.38961088122 12154657.02161135 2890.02122037927 917 191580 1 4.089423272425474 -1.523079532057944 8.104377986407675 -0.01509102664258944 7.80952761321975 -0.483428797855419 -6.404273238310049 -0.2840914461567952 0 -0.6680110161692037 -3.966223259800987 84 654.3605270385742 2391 -1 -1.094253744995603e-05
 -9.645546119768063 0.1241444093090802 -915806.0013858565 3.411532240559575 0.1089241194996888 0.0426496384652653 -2.95679121653834e+18 3586.603513439773 29917.02083736683 2.990566758566246 2.349355835490083 2883.199321433635 1382 191472 1 -4.431627769257476 0.5048227310922946 0 0.8665453665068803 1.784444730337962 0.689548768262803 0.5424240921996395 -0.4791985584420946 -3.136891558237045 -0.6443228971773536 -3.236237073604614 87 659.5688629150391 2391 -1 -1.573271654413927e-05
 -10.14902863910761 0.06472992885121823 -25590457685.11684 0.146124031918982 -105771.247805954 0.2667450261680813 -1305.517659936269 8679.016927182527 168773.4391761226 1.12285684020631 32.84032642222721 3052.246598963368 1183 127632 1 -3.710520964484951 0.04447737670842761 0 0.7916908711982309 5.264960674195551 0.1912872366531037 -5.140260700639768 0.0218757889023422 0.7012381201000708 -0.1088978334915166 4.228361354860459 90 437.3814558982849 2391 -1 -2.494813034092468e-05
 -9.475280397116119 0.07857843293797369 -18469412264.22966 0.1542388668987996 -538068.9939887691 0.1528215094054979 -2131462.020096618 474.5876154382602 555.6317691297811 1.627900127859672 7.583479081931241 3071.237524940783 4055 191639 1 4.530204814299728 -0.861569736523256 -4.215978077523372 0.6803357844977356 -5.497838212986191 -1.322323160058049 8.58864363113061 -1.05192027832826 9.158445634023941 -0.2910023972875804 7.478223828540472 93 659.1016809940338 2391 -1 5.727201200507679e-06
 -10.02023685067811 0.1129750968158628 -3034005.103919686 13388.70986727004 17080.14114785602 0.1472087451844953 -1019307.636428901 156.2786606657041 66.09470210220536 571.1833782447893 439.2549220184223 3077.158898314266 2671 127768 1 4.366908446558365 0.08347869689515172 3.927360737297381 -0.5842454324655524 3.125069408058891 -0.09252376677635885 4.094747462582353 0.0104377204545987 9.536713887482401 0.8895880604276645 0 96 437.9023470878601 2391 -1 -1.74345570738494e-05
 -10.67408386523027 0.2265678091521456 -3830.585778614689 2.450219802551814 0.2079289837889949 0.7915734091270834 -9.601208746281008 173.1296885249482 72.01610357382957 1.335314814531604 10.73984495227542 2889.124219412151 627 127775 1 -4.679533025722573 0.3427008619367609 -1.506303817753937 -0.9402737226714786 7.807974537185681 -0.02339132959280654 9.796549058890095 0.634776052941874 -2.888362622471901 0.5258386581475398 3.57607693966473 99 434.0449509620667 2391 -1 2.729376147344188e-06
 -9.791166871231795 0.09229150581248022 -1304263595.557789 0.3981532437971207 -27.37900331446068 0.2226129638246329 -31025.99903500317 141.8252773299419 55.80685021127536 0.8574279321838922 62.9766072406503 3203.034037972376 3123 191644 1 4.655365131684982 -1.390748592473956 0 -0.6551509577492682 0.6038681161601533 -1.787498481976055 -2.455987424511404 0.6501611007684698 -0 -1.047484916961396 4.617686961013488 102 646.3579640388489 2391 -1 7.506059005630602e-06
 -9.485205097747938 0.08618931297814048 -951807828.7746053 2593.960614554507 856.5101040608839 1.207177480569081 -0.9084681347636633 227.6237563162558 143.5896878146841 8918.671937415873 122474.273639986 3057.774218892259 3063 127731 1 4.401687813843936 0.397162012189578 -0.3254113729761468 -0.6851425129072917 -1.375160860770642 -0.2683016780766163 3.708302728597414 -1.407209207806196 -0 -1.375350094713937 -6.541095098678417 105 439.6311450004578 2391 -1 -4.110926329533968e-06
 -10.04376127649271 0.05662411981864989 -26137722513091.85 0.1590105371095129 -119894.6657600405 0.1238858280042351 -33949898.65702315 292.4672156801665 232.0312913290132 1.209989516409469 17.13632136734897 3154.82585074276 1165 191647 1 -4.144813466431791 0.8444298939017463 5.136072304024721 -1.996161422824396 -5.124407394498683 0.5707492994719128 -7.791652016911252 -0.8595068910651911 -9.865142398150944 -0.9139576433285912 0 108 652.8308508396149 2391 -1 -3.534529444795761e-06
 -9.382721810083439 0.04546519495179595 -1.732881636409628e+16 74691.12305396651 604871.8225492897 0.2702591000500758 -2273.819124187732 2975.088713260548 21877.01527696132 28623.01009840695 2191756.467138189 3121.695977529882 1391 127738 1 -4.573896453123959 0.471564599583409 7.919349059147823 -1.984541076844133 5.709286825726974 -1.625035900098641 -6.122328241924743 0.9751847138345124 -1.950166222744577 -0.591377223222838 -0.7184058789833592 111 440.8090829849243 2391 -1 -6.080165230225341e-06
 -9.67608151821139 0.06537461470236194 -833183251541.6932 1.523605490536421 -0.2043110098965552 0.5917907688207411 -23.05650064046356 385.8827709539923 291.6746340858645 0.5426969741001035 -204.30940872549 3158.659091555928 2464 191646 1 -4.672270615648492 0.6731744076052757 -7.349832055724864 -0.6744522533418982 5.890244774686676 -1.210965054015224 9.23847326610924 -0.5453952864481462 5.50224531507699 -0.03898180902694652 9.27345744962207 114 646.5795261859894 2391 -1 -1.485735937292253e-06
 -10.61883155299839 0.04571325973487126 -9150570040457216 10.19617061206795 0.07298305400850935 0.6773550720323772 -17.06019954378479 6961.267142394424 137337.2104685867 1539.427307789254 6574.921329541235 3051.179084711691 5649 191636 1 -4.389451685764085 -0.9649249511678306 -5.66941967459225 0.1193620203567996 7.325708463479913 0.511876929221839 -8.274341732710225 0.834582871144383 2.032132874482693 0.00614220310344744 -8.620956971969981 117 649.1876649856567 2391 -1 -7.394365941914496e-06
 -10.3736278185619 0.1202702547658456 -4584258.082377641 82513.72647974899 1252658.167651455 0.4853558571740687 -58.91600550675934 98243.65371314723 26901603.99608019 1842.868729178945 8880.012856984433 3190.384996862753 646 191588 1 3.945548665518631 -1.585355778003168 0 -1.580307520870383 -0 -0.597964468997521 7.076623540801355 -0.4362267546523154 -2.88075058802542 -0.3061215233045989 -7.253403208013111 120 656.6431529521942 2391 -1 -2.987138736960504e-06
 -9.503610627356924 0.05200465373374702 -1567243916213994 647.6077736104046 45.96414859832903 0.06430052811910011 -146684642159966.4 22.54425673793733 3.142285636064861 1.057895314602454 6.988020086286522 2990.619445078576 4620 191662 1 -4.229089480253246 0.08253800925994616 7.249320207920313 -0.7425682208251896 -8.673149502957274 0.9778317473767468 1.913499721835459 0.05581021605821323 0 0.357389180305919 8.109824115459269 123 640.127788066864 2391 -1 4.296542620312359e-06
 -9.14856631259574 0.05112613213139557 -1.149255424014742e+16 2258.335426234996 376.1399456042602 0.5677349444466762 -53.81657936159858 102.8260445095957 30.55111491306081 0.1307321996617394 -139891215.6155277 2992.37831088189 1191 191605 1 -4.698324888197215 -0.8292381624232039 8.41471757494787 -0.5732848508473651 2.243346244592904 -1.656720534349343 0.1957251313816739 0.3634597006207332 -9.29837280538513 -0.6660794334164484 -1.141419573346799 126 653.5165660381317 2391 -1 1.2103894796752e-05
 -10.53082763054327 0.09358751981314917 -4888878420.001171 172.0498519427225 10.59517241748392 2.261731695876891 -0.7921417014723464 6076.669206893782 76106.29323699381 0.4015165706018997 2531.908465669494 3121.749644347253 3744 191554 1 -4.152161244765274 0.5559211975333089 -8.759023252062658 -0.2654355131904005 -5.547063165817999 -0.5491788454666215 -7.409794965789436 -0.5099922242315102 3.519868005060444 0.1369776784707532 1.835338642524647 129 647.9347050189972 2391 -1 2.125014307034032e-05
 -9.813228742795349 0.118252510252719 -5123567.327370606 16667.31188561393 82116.3814949986 1.731805032371151 -0.969316106955103 64.99205981473155 14.23367399054016 0.7060667337192965 74.65842250310438 3062.98270362534 836 127771 1 4.579548957131232 0.03800124279662715 -8.749171678187274 -0.8618713593421718 8.754901359881384 -0.7982816078391171 -6.747842786099381 0.6704873287189392 -3.859167903285933 0.07918225308956021 4.668994535555428 132 435.9571340084076 2391 -1 -7.491470957691794e-06
 -10.66569660948309 0.07381006870052939 -136906205620.7247 0.07880032981072767 -58923979348.29868 0.2436232599099494 -11981.88525485263 569.9754021505132 848.6177484804831 8.672192598535869 1.600151543316466 2937.959792062061 2448 127776 1 -4.051885945718807 0.9295839388799747 7.051294194842853 0.724185251277067 6.192931263633631 0.3343440029185615 6.324233172723732 -1.050081374168941 5.645985649806308 0.5913699402490145 -3.004221621819239 135 431.9223001003265 2391 -1 7.004119070464317e-06
 -9.562870072988357 0.05371965525353229 -49882351232806.72 0.2156541310489933 -1812.266586531523 0.3004619472912398 -932.2109724958334 20.07968714454028 2.030995232368629 0.3940776288112502 852.3099206057699 3187.653441876982 3014 191653 1 -4.395935101181513 -1.194905653384545 -6.559207367521616 -1.328212230009377 5.032352137654191 -1.485929596169315 5.790586553281491 -1.509854457732494 -4.469674332452525 0.6233104172391455 -3.359173136171338 138 653.8325347900391 2391 -1 -8.436071280319253e-06
 -9.801608864840626 0.1232420158897029 -10646410.4347456 2711.42822124755 508.1011294615912 0.08728874619477266 -366147244948.771 358.1331217075521 289.8025840000414 0.972331422474717 28.70896750706868 3132.514204813833 4976 191662 1 4.161496703525 0.4265056558251258 4.056213474135918 -0.03994653266022135 0 -1.271414273276719 -7.022622035528396 -1.599989025487213 0.469448611032683 0.1616572961315925 -9.475346427958042 141 649.2780108451843 2391 -1 1.97294790617524e-05
 -10.15766045288135 0.1246004890734954 -9878168.224901805 1443.080881437442 87.96362167813317 0.3158260504406535 -1716.793009662366 1363.588669464485 4578.809380548361 1654.042697565048 2842.411328369365 3159.056460533877 3798 191647 1 -4.645493616582828 -1.47069833971333 -1.304102689325779 -1.959782584236687 -0 -1.642386494936084 -0.6769190490923958 -0.6783975813037006 -2.625798226394238 -0.9199741604447329 9.779068928440616 144 651.7506318092346 2391 -1 1.001021856111192e-05
 -9.905588384886697 0.1875195532328357 -11756.56473261761 161.8153380660585 2.091522318880537 0.05577592208682962 -4795342076193018 872.8257202736473 1894.489348735869 213.603426819679 94.23584206260772 3014.784760953663 2692 127742 1 4.518932760246514 -0.2055613555840878 7.903219448552591 0.5206117034948424 0.1804021599119361 0.03118075223252825 -1.452814051060331 -1.670761177988853 2.426140658874536 -0.4987192854748983 6.323719099069849 147 429.8218681812286 2391 -1 -2.824117608327797e-06
 -9.375527588814737 0.1190021315113364 -4650549.962528449 1.813695819581267 0.3765932243470961 0.1181062678087085 -59906336.1614456 414.2884149077609 433.7837653003069 4.626185134999117 1.530328089638452 3131.379883473719 2129 191567 1 4.407648623979291 -0.7069329915824056 -0 -1.540820953452143 0 -0.1679231696749151 -2.763640477976707 -0.2813966693774424 0.1174149983493984 0.9086766814182531 0.6358878711200422 150 652.5670309066772 2391 -1 9.907879650649888e-07
 -9.965508865047102 0.09427329563606682 -845423296.3031144 1293.297492795189 116.0482829145569 0.1053782727642513 -1888123943.614361 40.5305412036785 6.46343913325255 1.796687145673062 7.556641491352536 3126.918658191098 5215 191659 1 -4.36205388352253 -1.060626795837411 4.633129907165642 -0.07222780582680069 -3.81735919042131 0.888484166118876 5.156377000556745 -0.02540239180536299 9.127809366862056 0.6767725662787636 -7.243026751946834 153 648.2685770988464 2391 -1 8.437680164921173e-06
 -9.366350923507078 0.07450106959517887 -153419737257.2304 71241.53844377762 457099.3492276593 0.3028519052535495 -1981.667507249193 1552.212531184146 5686.903431849391 0.04456922243057537 6.341314211980933e+20 3072.007770718665 6524 127775 1 -3.496101908080159 0.2249257880242266 -0 -0.2396685675116377 3.093808217164934 -0.006137898354826831 4.492560011853707 0.5983397247802786 -7.529402177895886 -1.063263502547056 5.201952967411809 156 438.6196801662445 2391 -1 7.601896410756701e-06
 -9.880937618580823 0.06720148773849582 -192571294318.998 50239.42836083372 358361.7478074201 0.04350912178519629 -2.418789474060044e+19 24.87200331492268 3.305685249630554 4.894410786902848 1.259925415803871 3077.601326499333 3963 127768 1 -4.082601869566394 -0.4927696530608544 0 -1.901544855807026 3.619356859653675 -0.9581107213040606 0.4847281385060653 -1.709785023904547 0 -0.510471474935251 -1.863203595147297 159 433.0567800998688 2391 -1 -5.74601862591589e-06
 -10.0352487897733 0.0626101977345959 -2697159773717.37 88371.3305669879 876952.013731016 0.1088276773312851 -356789562.208878 183.5478333723106 88.26436449309007 19092.09610201721 1000588.194383226 3049.905622715575 5673 191657 1 -4.1437315798365 0.1614434222677809 -0 -0.4086118022436969 2.476343154031365 0.5493769416739256 5.145857263765982 -0.02544432905302863 3.424267290659607 -1.565683337681228 -8.452284804886068 162 660.2268400192261 2391 -1 -1.491510143277378e-06
 -10.09237364936178 0.1283670587084851 -1521635.232828452 5918.235342434557 1684.803248797503 0.1162790198276002 -61038923.30323853 111.6394546713832 39.04381910440532 29085.96122586522 1581592.059296908 3094.314978663919 1791 191662 1 -3.961451673084556 0.3966914900389788 6.464046353383359 0.8768553359384041 8.301807295426038 0.9087440097145709 -4.696470100154615 -0.2295289968965886 7.844105867424695 -1.219885731604066 0 165 649.2640650272369 2391 -1 -3.928076404171118e-06
 -9.751961282962208 0.05783826396329855 -41143615113838.79 25979.08616363316 59326.76051622305 0.5274523984676345 -48.13221112051794 1628.406492434753 6443.660729147908 0.2006568010042792 634420.1512213134 3218.68363067311 4865 191657 1 -4.643128690888285 -1.541240109286044 -1.865271389716686 -0.1911894028145591 6.856328300372892 -1.357629387289883 5.083685451175606 -0.9211054468963162 4.512770834479323 0.126643038975442 -0.82877358259582 168 649.3195810317993 2391 -1 1.684836422040881e-06
 -10.05438116251671 0.1416964029853657 -351537.6618044347 2.000938937369476 0.2082813624114239 0.1597799522007976 -415413.27541607 1117.424173994114 3272.409773067804 55173.91258910465 9053111.828291839 3106.019153384533 927 191664 1 -4.690378232007653 -0.0976003933477783 -8.309485544916706 0.8647032494263769 8.234991480010608 -1.020720597753749 4.991027939251492 -1.840708529765686 9.39407439992457 0.7382995686329821 0.1398437646723729 171 646.2605619430542 2391 -1 -7.564656381733045e-06
 -0.2223207516600333 1578.76281735948 1280.321779823918 50453.93588470994 257031.2996746332 0.3068563339808375 -1110.181312617465 3423.593697298506 30060.71891946129 42497.7804412763 -699963.1113820316 3082.182613363335 957 127731 1 4.49806668612861 0.5600072768476565 -0.5987377239833083 0.08672541865509588 -5.13759986500836 0.2530257764760697 0.07304957295549297 0.2996063060642843 -5.629374003542114 0.8239566269570391 6.640833749843339 174 438.9281380176544 2391 -1 -7.484758181479776e-06
 -9.703967569768796 0.04833608074934379 -499619405758224.8 4195.463772629186 1855.52499405665 0.1787779010701977 -91572.41970785262 667.9383193047844 1110.398426275125 47.06859163428425 6.184772097135059 3142.2791040097 1897 127771 1 4.121378979488401 0.9299405359448527 2.704213187609041 -1.231545797042823 8.91351767965064 -1.451024265869714 0.5335674937186021 -1.74774824185697 0.3162146307964226 -1.342129482567419 4.531475893591973 177 429.798348903656 2391 -1 -1.209821820216281e-05
 -9.949279091789863 0.2056908379306709 -9938.234215221732 3.247188665914579 0.1827362364182346 0.1468085850092129 -3925613.841826558 70.89206703646541 16.53677432325072 0.1670591480123466 1253280.299667857 3099.252609816533 632 191628 1 4.686377825104695 -1.311550824353535 -4.130813633736281 -0.7098284400642871 -3.671807070938741 0.06015095867699209 0.7558792561374066 0.8091105053328582 -7.357315143079685 -1.506768343005127 4.05893978588702 180 652.3880579471588 2391 -1 2.718724743543988e-06
 -9.967753077649043 0.03323134533370598 -3.371064152243994e+18 23482.41299997693 26506.29862773494 0.1753284460584514 -31202.00332033285 3620.064732439881 30009.92586208138 47613.11551507655 3464177.142336342 3075.631778265684 1816 191564 1 4.624485041102858 0.1340452944265867 8.896511430373218 -1.083639486728547 -0 -1.167584525396009 -4.986128610691519 -1.801752138688951 -9.694180212530696 -1.419826071579811 4.339549704061771 183 656.6805901527405 2391 -1 -2.87567654888678e-05
 -10.12579715301112 0.1257067719813254 -3245325.029896824 9.936598742643925 0.1203843046551488 0.552520768357748 -38.29866697480686 596.8755920319072 1019.837137772878 1.308870501676059 15.41854299293063 2964.914440540706 3880 191661 1 -4.65485186690507 -0.2392999641597724 -6.140431684723481 -1.975657586679415 -2.428863292634003 -1.94728430385091 -5.484477193435195 -1.747363045325687 -4.329512717762595 0.35132908054916 9.693586185390062 186 652.952085018158 2391 -1 2.237455547102048e-06
 -10.35771944157827 0.1245416737703519 -10861106.85594036 0.0939442446214017 8845693123.638849 1.841726235487897 -0.704162394951408 13276.25515299621 417897.9445562421 1.314889188603704 20.02697504618715 3237.47686439854 1099 191218 1 -4.546991967613803 0.1350564651562011 4.071886195575846 -0.02112759967632625 -6.928536755392894 -0.04160577298460845 5.84763031363834 0.8812962445243242 -8.094099745608107 -1.265491278321449 4.089107039724269 189 641.1172480583191 2391 -1 1.669322027005911e-05
 -10.43233117644867 0.1500588138948667 -136581.054687658 20297.5373734731 33072.49139268429 0.3657461421848267 -222.1728527395666 107.2242285305381 34.80293916427085 90.67482322675423 39.94156006520807 2832.748872759405 3355 191641 1 -4.312930199459972 -1.777435383471462 -2.537351457455961 -1.012743046042527 3.919028550816282 -1.443838993880015 -0.4085007580584277 -0.4506924362657143 -1.291726948957463 -1.365526460458513 6.983586346130567 192 666.513904094696 2391 -1 -7.041800824401138e-06
 -10.58551428021107 0.07588778049663258 -29383799538.42298 0.4041231143693806 23.3850464926259 0.45408909957328 -74.0032381707032 2427.957184222914 13711.5640387093 0.04810262255595421 -1.293029708058464e+18 2969.382310226129 5039 191645 1 -4.644822817346104 -1.797161062858184 -9.770599955975328 0.1885020930526968 5.005465135120067 -0.9937670324185515 7.553884853076994 0.277778819778066 0 0.9882468469936736 -4.821640582433104 195 655.1760258674622 2391 -1 -7.613488448613705e-08
 -9.660632419747236 0.1071744550004853 -60317293.68561768 1664.951387017359 956.0443981152106 3.639319983358474 -0.348524760714745 8980.890069984296 224095.8939110996 2201.519238697791 12493.70761589724 3192.712381951762 2152 191612 1 -4.430989386374936 -0.2496503255870009 0.2893313725783586 0.5450413775519678 0 0.4798687068678316 4.628354653478497 -0.4045406240444027 -7.887272728952398 0.02932319188202158 -0 198 648.0006101131439 2391 -1 6.475391901059524e-06
 -9.937019808827079 0.07395250047075529 -1727555587907.501 2056.350861795255 377.0909470553945 0.3161842658069077 -2160.574462393227 64.34377504819889 13.05099337704262 2569.291444547608 15374.40935525351 3009.234109912558 2569 191618 1 -4.40992946771268 0.9494905200690953 -4.115603839803042 0.5096141547890998 2.697569230285369 0.07911155482292417 0.5459466500410874 -1.112456500886255 -6.672221307201645 0.9970982347533036 -0 201 654.995710849762 2391 -1 2.281586444989126e-05
 -9.982300393455967 0.07209266050327685 -25908528119.43478 0.2669668814746001 -387.1904986722301 0.2589435833311744 -2660.70270577026 227.8709608804978 153.6642461883235 0.7041671312642278 8.945946282802659 2850.651625811741 3946 191660 1 4.577207743951388 0.5037242431277358 -6.822092613578396 -0.04597244327039901 -4.460446443948585 -0.2651713064322153 -8.647608504996203 -0.5017641098332248 -0.3155042929134257 -1.769596776070166 0 204 649.3496999740601 2391 -1 -6.320680046524798e-06
 -9.593209657793288 0.07436310969028437 -14703147830.16461 1.358706948593112 0.2391729249395827 0.08637384975318622 -14058286132.81356 116.4811141899449 49.40762583651528 4604.790301140992 51360.7722279728 3010.771548787504 2054 127769 1 3.973235066447302 0.1797233305458308 -8.721283099081832 0.7696368348781504 -4.208618192218664 0.4741968080426733 0 0.2124953388742234 -7.550468546650755 0.8178200563506626 8.676238371444077 207 438.405513048172 2391 -1 -8.58445726410526e-06
 -10.0143754623782 0.08840654906896199 -745609279.9255497 1.270649329409649 0.3312539377682428 0.08821646404896347 -20698141972.77906 86.51025959118569 20.80605210638882 0.04305841823082647 1.271952296062783e+20 3143.949986694462 2041 191552 1 -4.359403028241601 0.552312648948921 -2.159460966964285 0.1680741023414853 -5.210555543419339 -1.057547467066375 0.01621272603651569 -1.805148008238396 -1.838466489899254 -0.9657074725013635 6.253449917586472 210 647.3989701271057 2391 -1 -3.266769705408856e-06
 -10.31395753911655 0.07112161702178298 -129329958820.7212 0.2645524566035494 -621.9611324209102 0.1631544008590265 -549667.7454291703 113.4082075137008 29.06789096731461 0.376968078736496 752.7943745363852 2938.619196938099 5124 127774 1 -4.165313281531486 -1.768343964154085 -2.739808098760084 0.6296797764364772 1.238426073889851 0.2388340305937828 -8.066450715751966 0.3937370542646991 -0.3010506625984548 -0.6783026049391196 -9.714139784680331 213 430.2936840057373 2391 -1 -2.072339056708333e-06
 -9.700008424100908 0.06301845069479346 -12943635711473.13 584.1370799535839 30.33428743229473 0.454264215140087 -125.5136255268639 83.08358473207707 21.38638107079068 1.786707102425404 7.77221269251532 3073.081719056859 5479 191656 1 3.796433412457047 -0.2832135647715255 9.110951084051116 -0.223936586584669 9.378418248764172 0.3252511693072635 7.152769006920137 -1.767759668216429 -2.228568180752167 -0.7326642440084212 -6.873423841635928 216 654.3089430332184 2391 -1 9.637958386626722e-06
 -9.502874767940845 0.05043389526127162 -3516204995636385 173.2605300532612 1.766502690224413 0.1437808610192492 -6441378.816662601 36429.07321931503 3428182.676108807 3.096442808704128 1.770704804313849 3045.59165760552 3895 191644 1 -3.064955994684393 -1.554937661318651 7.232998154696753 0.3322903394794174 -1.413258653935316 -0.7545092127413424 4.011027223609449 0.4812471559469151 -1.888778623896156 -0.1882044851617338 3.742996996501917 219 649.2674150466919 2391 -1 4.301908541964995e-06
 -9.416401391796711 0.05414134892863576 -51946584207190.85 1857.867786836732 240.5759858104227 0.3199536602552988 -991.1338415854407 79.77764334304935 19.22215173547316 1.163951615688271 15.67564665215969 3032.473616489051 1063 191523 1 4.450435237997472 -0.9573827355840523 -6.088934985281758 -1.187091265355189 -4.613573809035159 -0.003926920004545328 -6.480460466245118 -0.7738098219048997 -9.84654978223298 -1.539715192224119 -7.033752250060061 222 656.5786850452423 2391 -1 -8.811933212013492e-06
 -9.726557339717314 0.07764541753110178 -656848974226.6339 1155.877578787815 135.483747625278 0.3315865217338453 -2039.964852334728 1396.40217536801 4518.319451245823 0.07751315691090407 53051726935313.15 3109.168284003752 10907 207631 1 -4.608607095112048 -0.4648842680861112 4.356856864720804 -1.292882878615241 9.526671655919497 -1.450190984428832 -2.321804108161979 0.3532546145745199 -2.246676678430956 -0.2743074863204962 -0.5579002974038687 225 698.7738189697266 2391 -1 2.807145755282213e-05
 -9.835035682132524 0.03853925051929252 -2.143811892673575e+19 101.6809705893267 1.607353560322963 0.5333492194958614 -33.10383790970995 7850.462679212111 164722.4165258681 1528.549777819474 3611.286845429946 2816.313343880609 1819 191553 1 -4.653622134098701 -0.8563467419718078 -0.3437582860354125 0.9535792778460914 1.418693042811165 -1.688108845132737 2.895403342820484 -1.300528252499651 7.645481951877819 -1.111512458156777 2.114876432359695 228 653.7342309951782 2391 -1 -7.914832573667754e-07
 -9.670950775013585 0.05520434635020052 -42448494069825.24 52.63464773577059 0.8602844718897116 0.9558166166310529 -5.521825768443443 10.38802611098945 1.727243022512354 367.0833957674266 242.9404046897457 3115.667245871066 1283 191601 1 -4.655601185594209 -0.5859320273032562 -2.263375572234397 0.7231777692515274 -0.277252050216104 0.5274583639022339 -0.08241097841572387 -1.96487713146632 0 -1.658864021465069 -5.676432586454141 231 654.679083108902 2391 -1 -5.825130919006336e-06
 -10.1746580038929 0.08931098347972553 -3105536044.181081 436.9800520769037 17.6322913460447 0.1197841981685543 -82536953.93873481 2834.179904053687 17555.66430835652 117.6493878462297 -9.930593332309943 3154.656555021915 2740 191645 1 -3.729865669352884 -1.68979540845667 -3.284102690377358 -0.7363456648564881 -0.4628858792957784 -0.6243658289743763 0.2333823950428631 -1.422983051735942 -0 -0.9966119223583458 -3.756074136553097 234 649.4459419250488 2391 -1 8.2261861298191e-06
 -10.15025651924643 0.05662977922777496 -31407914608115.74 0.2678555380805785 506.4760324257794 1.109705469967535 -2.922972954144277 354.1163470101321 305.9750301202493 4.449797574012189 1.437542941479878 3119.848851098192 3127 191655 1 -4.35995562737387 -0.5301664377092594 -4.195403804696437 0.190066492047702 -5.989062411827357 -0.04716778074229746 -1.986974245728057 0.6216623943281046 0 -1.830706403423581 3.303402684620406 237 657.1110000610352 2391 -1 -1.563527492124071e-06
 -9.840053591724276 0.08582676191821485 -30901949905.0711 0.3141078885617238 490.0212952570285 0.1593726955218933 -3751541.080656258 9832.09289671726 224063.4432515284 0.9763098735703488 31.92608428063818 2998.193123433662 4048 191657 1 -4.64686680745248 -0.02216522286577406 -0 -1.649231784993396 -9.057270900331863 -0.9679294953668203 8.273288669375651 0.004030712569716311 3.092515891177775 -0.5340247182104303 1.598588283746403 240 647.1257200241089 2391 -1 2.098549965852855e-05
 -10.24957960904998 0.09612878654033184 -406506156.3537232 647.4608509154924 46.36098382591177 0.07149501559240379 -4706834183797.437 50.14558772914975 9.636146442414537 159.8857525561881 28.95677269760795 2971.514053993044 813 191642 1 4.130501321294998 -1.268887472355683 6.931740043679722 -0.868776356873239 9.692160760713758 0.5379099438529527 -1.335464685967941 -1.622817109729822 1.463150508017369 -1.729300062004278 7.04424332609975 243 662.622132062912 2391 -1 4.141037929181452e-06
 -9.963321784709823 0.1074059836654445 -11391680.39058293 0.1048660256107889 87653833.8531391 0.04083063983333382 -8.466876450592165e+19 331.8925231574383 293.3989201656806 3625.53958857291 16729.57136090423 3062.539726405424 1621 191655 1 4.035488254381355 -0.6609752218270986 5.702449104104032 0.9322457166426772 2.465327389880749 0.4817219156692668 2.537333731085581 0.1565068731281615 -2.808548747179612 -0.009812725667142532 0.1936452630244405 246 658.4448380470276 2391 -1 -1.149393754133363e-05
 -9.660569587661039 0.06811151769749488 -8110376121.713721 261.2515451646518 2.954456615393439 0.3767176304786134 -114.7956275889592 18347.67434268182 852950.5306101923 0.1390707870613102 3023710.388347162 2963.119698578991 1612 191615 1 4.562950383517603 0.5256992064359176 7.217415242019859 -0.8933701280370627 -5.725682272909368 0.3376664083586114 1.204820511788347 -0.247067101769721 -2.13110812173673 -0.9601511359731205 0.8167761926842982 249 660.3065121173859 2391 -1 -2.622127666739825e-05
 -9.30588792141018 0.1333423101967028 -759124.9843223112 1283.250765470109 178.6863216655794 0.4524636479176909 -83.19643379554735 47.83073444852817 9.644324363722403 18722.97722656973 959831.756791117 3354.005589539412 1232 127727 1 4.461330826825241 0.7432491096838758 -8.41227512862246 -0.8437449742873184 7.611766415130967 -0.1127313912429164 -4.737133327207681 -1.313303166355619 2.453471729397672 -0.2093064976771775 -8.187022851469809 252 437.7329869270325 2391 -1 -4.09492173629204e-06
 -9.997989840030588 0.1468830903386698 -294779.2770739901 4.256063683523408 0.1286138761166371 0.1702679385399564 -225142.7220125619 1381.986695367469 4417.790380722829 392.5155302481559 80.80950714988877 3096.993005816395 510 191452 1 3.773875127026735 0.4660403359244079 -2.266679496374894 -1.940773534374937 5.147167295271005 -1.069520610182211 -3.11263312982559 0.9989353274302964 -2.575935232355006 -0.7460337495834208 5.699757657854285 255 649.227765083313 2391 -1 -4.211297503528021e-06
 -8.928928901403207 0.04569909130129868 -1580263442873029 2.256737736087216 0.185868258798718 0.08393460521489191 -7204015541.335513 222.4567940255489 128.747307642715 3143.659787753932 21255.18402640582 3211.041649230024 2264 127657 1 4.526880253308218 0.7993891945385108 1.227828288703224 0.6249927573098595 9.520202212119681 -0.2462098133945246 -3.662275952758762 -0.05889266337087397 -5.40949833531795 -1.64954026286934 -4.619866307048426 258 439.5030989646912 2391 -1 -1.603183502485372e-05
 -9.738546221858279 0.2000279160891946 -3314.182737619875 3.046679321095905 0.06269300615403002 0.6387802814368462 -18.11592785847935 34389.60149231466 2692955.142947587 87.03635113907558 15.71374722489228 3144.997479695966 698 127694 1 -4.57089884790967 -1.053356129395412 -9.830102149938348 -0.2581450747293363 6.853728506779887 -1.587904856845625 9.707152608162433 -1.529384003575666 8.344062894705027 -1.186619676077637 -4.535105136066992 261 440.6523818969727 2391 -1 -1.166208427729593e-05
 -10.41270395076827 0.1238930503014054 -10912890.05946053 0.0834134465885238 -72022276007.37592 0.05368262403194497 -2.216865512449813e+17 62.81037972754053 12.74778379916504 261.8150957999496 91.99847523721377 3145.346087781161 2196 127756 1 3.697970402957466 -1.84517668367292 -0 -0.1761097106421037 -6.86066271004089 0.9406256712826626 -1.18758065857019 0.744017638210873 -2.357847291078879 -0.6066505504618736 1.229706079614846 264 438.4311997890472 2391 -1 1.222661261036856e-05
 -10.27857337055355 0.1392506046150305 -1849775.491324605 873.4900595819835 -73.31268015535493 0.412635023195605 -208.6441467500911 678.3106293656542 940.9051024294216 2.805576833142778 2.905265039765113 3243.512199404938 1162 191663 1 2.780378591059291 -1.650460760319345 -8.409387444304263 0.7284108299261711 -0.774708543560795 0.2523857844589865 -6.132416649084726 -1.448664056001961 1.354763040847996 0.6275466130736049 0.5550677401595938 267 654.9056560993195 2391 -1 1.003365174770765e-05
 -10.09553389385833 0.0546618308024933 -1416228004071554 808.8465496796409 52.33421036497562 0.1130250757535132 -557532908.4191573 83162.91193855302 17232831.45006722 3.570422765398896 1.079465245529373 3239.022402451497 5856 191656 1 4.534105373094603 0.5215421711082904 -8.767257223056234 0.4826588908987047 -5.265461625803443 -0.4622189345213306 0 0.8673851880122019 -5.390789311315685 -1.479663880975111 4.71174215585336 270 645.2884840965271 2391 -1 1.078417461932815e-05
 -9.237988458188628 0.0378009040312214 -2.31152538767605e+20 1971.722868450833 332.8126452431769 0.3314046779674759 -947.097586735732 6707.402315184589 118864.4804085294 3414.685217879005 33270.41735405651 2918.502527275258 2423 191664 1 -2.579291719235642 -0.5926471660208872 5.235647982218441 0.7580554067846221 3.179648173036348 -1.426030602644996 -9.783918999829215 -1.422188149974206 -1.517988692087254 -0.01016701400047108 -1.002119651495145 273 645.5769979953766 2391 -1 3.340179111695522e-06
 -9.384931932625433 0.0886653822229525 -182133640.1943243 28822.08575466058 59858.6319939383 0.1762330001620427 -100664.461556749 11060.88340339873 305339.7564353512 95931.16229812829 25255606.3058741 2936.120763273855 4688 191656 1 4.51960632829005 -1.899900870516931 -3.331636982413656 -0.723199766305041 -0.2174706767200503 -1.059573319828137 1.796953561467215 -0.2739056257541499 -8.464775879246966 0.5176795853497511 9.310923184475561 276 652.2213320732117 2391 -1 -1.427038430619722e-05
 -9.697841549323426 0.06880334513961529 -428421802124.4126 0.06981434077684524 2131886099759.749 0.09194533554401184 -11267323105.60009 2740.616071717852 23626.39904172524 3.168528417198629 2.489566563584748 3139.409407599087 2473 191602 1 3.712480679090032 -1.753785148727935 7.118524886278527 0.1050297903535417 -4.022913549030007 -0.1706286494484761 9.177119894887005 0.2104013987319915 -0 -1.264835252391403 -3.777368515219654 279 644.1751601696014 2391 -1 9.41131445933913e-07
 -10.42514546368377 0.107520641311875 -20131541.81065084 384.6535796501899 12.35252231803941 0.348109584692232 -540.752908085385 2154.680562408822 9164.909566651304 0.03991660182071954 -9.954104186412262e+20 3105.632947585849 2007 191648 2 -4.585054953014213 -1.76871463457499 8.73346614312667 -1.887539195164206 -6.001646153037378 0.2842629284440092 -0.3849201961195403 0.6069218403685692 -8.465235234261208 0.4274567419025699 4.618766931117833 282 647.2537140846252 2391 -1 -6.442149141359611e-06
 -10.10713156296904 0.0510096871221629 -3780036587587428 3360.899195717695 1096.492953942959 0.4162791402830351 -107.2747476519604 1274.716606196395 3370.522150028274 2920.618869862018 9026.896005640179 3004.802493549974 11069 303448 1 4.510093297962136 0.9030478996420133 9.486015169973681 -1.680428155055555 -0 -0.6854950402915971 -2.825309354246101 -0.6655544763883849 4.724068799842133 0.6783381690309676 4.785331697512379 285 1030.798748970032 2391 -1 6.707220840582608e-06
 -10.49990316250745 0.1206948220130668 -12497652.44628496 2495.077390090394 589.8399618104419 0.1976729827962536 -97728.98604304073 2023.489141380242 9869.315457493662 436.4772496515412 586.8759125244488 3177.315621623613 3110 191660 1 -4.696153609661801 0.390496965155104 2.812679800423937 0.2585912625318571 9.514067929214907 0.6794024311237425 3.036668068313331 0.8744172650658761 -0 -0.8099506083728977 -9.86551087133892 288 654.3684389591217 2391 -1 1.196657987644265e-05
 -10.26033886032221 0.1136414927481664 -60819145.76481857 17637.52310177795 19706.67595294385 0.0501122808340844 -9.705821227119608e+18 587.0569718496354 901.1050655825738 2483.297129748084 7118.337276054054 3162.341608436202 4276 191655 1 3.676511080525764 -1.996102243467362 3.022811557947365 -1.561115486940574 8.06314236574285 0.6772330916986351 0.8926421499936494 -0.1813084189712928 -9.903846094874572 -1.678459687453936 -3.934135781195962 291 651.7213549613953 2391 -1 1.682719844652526e-05
 -10.80984615326429 0.1989259088345077 -5379.083739267974 88569.7466564784 804522.4608641702 0.1314347528251623 -6015683.412433411 36.02583728803166 5.453727488312716 1.503698293000657 8.58567537918081 3088.744054859856 644 175464 1 4.445595570580574 -1.110968986087856 -4.028589445602496 -1.162550443077308 -6.973652443380452 -1.117495550029307 -2.411777140901356 -0.53320674704662 -0 -1.091346009821826 -3.23863393407083 294 597.4220650196075 2391 -1 -1.451324629276212e-05
 -9.997253966922486 0.0508296971359063 -1754910853272930 27644.58279657901 65052.04872490831 0.08687985482685058 -25735210682.50689 32.19156863336307 4.092981705482404 1.174091177749221 9.031969063028392 2974.219796611539 3752 127774 1 4.255589034088493 0.3388621602654487 -3.932930317417326 -0.7666941113409411 -0.1135187477364163 -0.4752539109798359 0 -1.104444357620515 -5.605363973992318 -0.8576973907548266 0.387573317786523 297 437.9829111099243 2391 -1 7.636552309610547e-07
 -9.635877217891085 0.13521894649788 -296215.7847994801 13.23185491517361 0.1612843353989423 0.1580085320133237 -446156.6993286177 76.64235337901955 18.97864720113026 188.5453842161615 64.33256902019599 2993.878628844963 1925 191636 1 4.302632681165398 -1.22347308182119 -0.6969171230206808 0.7515335950089801 -3.080652936779151 -0.02690869477495199 -4.043334961770866 -1.851892828688293 0.7640808871251856 0.7326344253908657 5.927338417352322 300 654.1404819488525 2391 -1 -1.700210788904136e-05
 -9.913132251214936 0.1751859740301625 -31636.09334371469 97760.82053479283 641007.4883222025 0.1781292985585013 -165425.6108412393 14446.33233838368 538075.011181611 86101.93304446655 22044893.73854122 3172.718715979854 726 191655 1 -4.679759596627058 -0.5532459100149119 1.579363024879207 -0.2551454724992741 -8.823516877252111 -0.8887020436371529 3.368853082187012 0.9333271583728635 -0 -1.388621511311172 -0.4901496022637497 303 652.3207972049713 2391 -1 -7.57490380171153e-06
 -10.38985685795036 0.07448485628831006 -106932590035.2244 0.2952301312252644 -310.4462834235021 0.4905352419672165 -106.4076982014612 7682.512914552049 143589.6681329712 7441.168558514684 145011.2538749086 3207.856326876446 3473 127729 1 4.675811434270873 -1.818579950090549 9.721829001325251 -1.930888921862038 -8.160231488265449 -1.60215421849522 0 -0.1391549408963311 7.299154483972542 0.9543181361104759 -4.200673503559095 306 440.4234931468964 2391 -1 7.007461125723392e-06
 -9.509625614240813 0.1116214787195075 -809715.6519039136 129.6724466810487 1.462553187054198 0.120899797412338 -4066086.940431159 161.7895825629378 68.51436871109264 0.1742098449319162 296476.3097676524 3003.753214422023 2304 191613 1 4.695701248572073 -1.905653819182981 -3.896520827240631 0.06677247860134371 -1.124416774510466 0.7782598069545172 -1.261423511496341 0.540119483778553 2.934624917200459 0.4016975349144385 -2.201194991983227 309 659.9775650501251 2391 -1 -3.177540911137125e-05
 -9.843927799268318 0.06447057441839713 -613341021226.3638 2679.98587640297 416.6502170109815 0.3266102725317462 -557.5189022873578 86.49046715946015 19.87102882673947 0.0672532412885508 17599338929250.8 2948.052010268425 11984 143748 1 -4.088835478311997 0.9393429629634307 -0 -0.3236037659267135 -3.97328391365247 -0.3039538189594877 -8.237253824033763 -1.504531748986928 -7.925890446741269 -1.902265511831887 -2.288150427051315 312 497.8705451488495 2391 -1 -8.471053734357871e-06
 -9.434924803043122 0.1690327422762823 -36688.68393540692 200.9832427554228 7.377820958428733 0.3136556958445837 -953.7484367295858 1803.741217602518 9835.569617532363 2.722156580699511 5.103813282333827 3124.193776996325 1012 191660 1 -4.635599602006874 -0.218432816630303 3.839039857092518 0.4731244573651465 9.49114915240377 -0.9873926651431573 -9.492718799895711 -0.7735605462818089 -7.903349822624909 -0.2155368500928709 6.63295532398647 315 653.7976222038269 2391 -1 -1.576127214536962e-06
 -10.92228220611516 0.08273417830664848 -1132097710.164024 0.1354674982020262 1287807.416257152 0.1165409991905505 -37231067.53723662 188.3497591316352 71.60925226153323 127.0952412059969 30.00114434545933 3129.111909008735 3539 191661 1 -3.253742286722443 -1.521698618361516 -3.061943547016713 -0.3405953176612223 1.059495407889771 0.5213980752393526 8.073290231016207 0.6022728293744928 5.893288691811421 0.8051194787051004 -6.423825393315452 318 657.9666719436646 2391 -1 -1.531337930647731e-05
 -10.27189288235931 0.0943077224109841 -183670121.0274908 0.2592023352119322 1628.783034286964 0.1309732657332257 -8787562.721932894 3317.941022622852 26202.49941743792 40180.79310971724 5221238.392162164 3061.943345102164 4680 191659 1 3.800520042427154 -1.176197946813243 9.235679645250297 0.1748891850577787 -4.638049038051752 0.963909997899044 9.190598755475794 -1.424900341998382 1.702999502831676 0.4896094443481172 4.300828710301965 321 653.5227890014648 2391 -1 -6.520603193215494e-06
 -9.391151654803618 0.04648481834569682 -4744735337751399 17997.97381285879 13369.53308701567 0.302706748842676 -1262.442058282815 489.1639548318412 624.4160056491696 3.783134101722297 -0.5601413510725168 3295.921258675173 4587 127765 1 3.04269633267805 -0.6585099267580681 9.025835939010761 -0.5045807716797155 -6.592068248618182 -1.009848569100702 -0 0.5316228831387924 -0 -0.2127739977837511 0.5342322201892253 324 438.6879539489746 2391 -1 -7.184004937769054e-06
 -10.29104902848794 0.04926064265556924 -835988692235025.8 1.949405934525975 0.2983966977986923 0.04640586861699823 -1.22489799161271e+18 11956.52688078144 361246.0909033651 59138.05134005756 3327391.120630697 3175.319861228453 6448 191663 1 -4.447712174365006 -0.5920623772532903 0 -1.607895062762856 0 -1.143575214407839 3.309880331063606 0.9483678893373613 7.804638631339502 -1.449587362808755 2.694457036504865 327 649.1387660503387 2391 -1 -8.743531706735872e-06
 -9.771758042494559 0.07417324865600464 -69673066387.20296 662.0343551701026 28.38790239928393 0.3110115664186278 -1688.981460222503 312.5264935037879 306.2381890733531 1.238136946465635 20.34211968765397 2977.987596893967 2917 127761 1 4.617299283224042 -1.134999738340174 -6.833572141977059 -0.4780506377636131 -5.285339663093787 -1.038098047217265 1.625043608946291 -1.799206389989127 3.020228658483877 0.0472795124755611 -4.011489907596589 330 435.7611451148987 2391 -1 5.116811615662806e-06
 -9.552644833746584 0.06265885552323149 -20475009562321.93 332.5337173385805 17.9855882644016 0.3628312881186846 -524.4229061298752 491.3270108099526 640.3148925574186 225.9530782266359 121.5817576198803 3166.034125679226 5537 191661 1 4.081014840344553 -1.800115934098512 -2.159988143811921 -0.4016664612375687 -0.1599863646782262 0.9341422237041986 3.979684505568385 0.2845207613106382 -2.992283622720102 -0.881926408382034 -8.271005915385999 333 654.2247779369354 2391 -1 1.093387619242235e-05
 -10.09353480842202 0.07710320242551995 -5661796852.602665 0.03914694490415721 -1.478395980149872e+19 0.05511774371398245 -1240162989883864 99.57007004642684 28.0331029523282 1.074937423786426 10.3394631666196 3165.560060778739 5747 191664 1 -3.469239146895268 -0.8547582076113427 -5.672208339417655 -1.3743063634146 -0 -1.735410040249565 4.146091933411489 -0.03063102784893438 -6.778914623218596 0.9412754601543765 -2.28179720885842 336 651.7930679321289 2391 -1 -1.157083233163354e-05
 -10.53469843947689 0.1454287545398874 -189294.2173602736 178.116188080664 1.421957152256178 0.07743796170764843 -152122143607.2443 2678.168535506293 21653.53654553386 1820.154502664412 7533.100808925528 3127.655452405348 5037 191659 1 -3.945708773674877 -0.5818943381258732 2.38464358822568 -0.1922755869028903 7.601099875321964 -0.5982713869325131 0 0.5040894111496463 5.293272028190996 0.05885360160672131 3.225699601292963 339 660.9674010276794 2391 -1 -9.091969874949494e-06
 -9.911176397101391 0.06113678748501412 -141138646328.1204 92114.00131611343 196624.3293173668 0.05782240950776726 -33251701051997.86 17641.46769214028 706938.0038759228 4235.922573315023 7541.166798345363 3184.566767696539 4988 191656 2 4.48732040594113 0.6772554458636844 -0.2974874431539081 -0.9360811532351709 9.958691788975221 -0.9725967634729322 1.367614322278609 0.2950272553292569 7.734475219410227 0.2179751439770214 6.774569844189142 342 651.3565790653229 2391 -1 -2.252409878390926e-05
 -10.49970897619728 0.110729940208289 -23876842.71370305 547.1854716485578 60.47869189059449 1.50940850005766 -0.9991974962975749 25372.57937526828 1593411.16287034 27826.69993351559 1727289.209619334 3076.885850446551 845 191659 1 4.378610577039724 -0.5940789880762516 -8.150466123067661 0.4881268522141777 8.382739467893192 0.05383537685987826 9.589652989247433 -1.640252727941692 0.2407241191137426 -1.30298916946048 -1.264537191499652 345 654.9714419841766 2391 -1 9.722631963096449e-07
 -10.23824960334039 0.1049775060672636 -74548379.21997473 0.3052957467135552 -243.4262352586121 0.1984165705255271 -71874.57565657831 7478.948269805797 139644.4599880103 1.743325520685905 9.522127639483669 3065.432506178511 2620 191587 1 -4.387327455155006 -0.9107510543640522 -8.198106164215353 0.04347825633698844 4.885038752614504 -0.9289323795724957 -9.196497600715904 0.7991920199294706 5.216352543872388 0.7843945995971069 -7.340976268779546 348 657.1151919364929 2391 -1 3.639401900124156e-06
 -10.04235684472174 0.07830765486333532 -7258031345.293549 20443.24859264588 50187.92994629433 0.05408182385460125 -4888573293811560 3.662323741878359 1.921932037233781 0.31877772481481 11685.84790433877 3178.561393918622 3712 191660 1 3.007460840310217 -1.707889702042672 -2.105877519486512 -1.7301272525699 6.076291994413149 0.3216502360926676 -2.00352249169015 -0.4552664439699612 -7.43969603591465 -1.466556488050703 -0.8039291031780884 351 646.4451069831848 2391 -1 -4.157144502571404e-06
 -10.09518522587909 0.06673220678782804 -801227768425.2131 18683.59410035807 25692.95438779788 0.2295807885990925 -21908.9546854487 1166.147323040628 3538.167518645781 4660.755674382648 64989.80837706402 2985.53614391417 5438 127769 1 -4.399547148780512 0.2374527029894548 -5.794444534587305 0.5645524447070365 5.770214440336434 0.8187976433082822 -4.902899136392879 0.5724262398270774 -0 0.9582371505394476 -5.699147796989388 354 433.2537889480591 2391 -1 1.996432849655092e-06
 -9.698425956373523 0.07625246740116368 -12239557220.50204 217.4973417963375 4.758104955398655 0.2964456990072374 -1469.706271330598 4763.527736343278 55775.6741332302 0.1772751507718203 -156070.3348276822 2923.429612721932 3705 191662 1 -4.503401659056664 -1.964754228456026 -6.400312044037769 -0.7354288435152938 0.3270850447861209 -1.760587603946078 4.854236694414928 0.2013982155766607 -8.613706562561903 -1.871583977049686 1.367855365981947 357 656.5789079666138 2391 -1 -5.727758198794727e-06
 -10.06157438872373 0.09314669073566714 -357467669.5078226 109.1580578099266 1.048892890437703 0.04357346823125416 -1.600701216579533e+19 19743.92193609082 820018.0329309202 0.7027925260834347 103.7599009024329 3153.8431697908 751 191662 1 4.43995511268025 -0.3719200478465048 -3.597040713837162 -0.7021269338710159 0.1517565419826932 -0.8659389016234975 1.736160241748915 -0.1774729789996706 0 -1.876909955868969 -0 360 648.5436420440674 2391 -1 -5.056593647844309e-06
 -0.1722748400093099 10305.06092653574 53028.75950881694 205.4916758184979 2.965061457419864 0.3596247645573946 -669.3828686205628 569.8572158118353 865.975227381984 1.576615899833318 11.45200538690617 3086.46703791917 1443 127752 1 4.231134068851121 0.2871821503666485 9.991258110009618 -0.2330245674546996 5.174933004420534 -0.8726666072101477 -2.723614690983898 0.8564549458473962 3.920709761728341 0.4727114876923806 -8.449029824981446 363 441.6329350471497 2391 -1 2.353431492157412e-05
 -9.725856410378462 0.04825024830529009 -2767586374772226 19.0228877075961 0.1605847295832682 1.333401917318969 -1.485924582200417 26819.09532069712 1872331.556084743 1.187508681387734 20.52313619501698 3164.741284282062 3149 191658 1 4.587372732182136 0.1700869679572347 6.547544702296861 0.4050556709386099 -7.64429238116279 0.3681576182693909 1.848992425137535 -0.02045940210417556 2.057012697733736 0.09944824726229216 -0.9544429160626455 366 653.7556328773499 2391 -1 -5.241012496528579e-06
 -9.949759568978759 0.08879897158898449 -5146346974.581305 7.9743230104162 0.07937495047020497 0.3062438345048227 -2377.413639147438 7398.512288663514 143401.4301177772 0.0480290846591516 9.253816940237968e+19 2956.749349566193 2312 191455 1 4.288331174887427 -0.7401516606569762 -7.044524628289482 0.9218593694353223 -0.4317106233770707 -0.4276091464106306 0.8608380278389518 -0.9669991500662896 -8.703964344052041 0.8470201809456261 -7.062579236387158 369 653.1005871295929 2391 -1 1.577441386548956e-05
 -10.182402024711 0.1048471222733265 -10320838.87045021 342.5300644298338 8.580248436853712 0.1864777227915566 -51772.17507530101 71196.92943340028 12821054.59088274 20982.18514186007 663633.9936646501 3043.727832612397 1035 191616 1 -3.609833585497373 -1.762786965408162 6.029837258682607 -1.712776084267388 -5.063088363709759 0.003076768168665156 -9.118191020459937 -1.404349924181001 -6.399198817338997 -0.786046664110426 -0 372 647.7701261043549 2391 -1 -1.560510610652581e-05
 -9.960865436044083 0.08605565111828975 -24243901774.79549 44888.19465460218 154216.6717840122 0.3579439196826583 -674.2975394532446 139.0466001919075 55.01192264409283 2989.692501326204 20074.48309491068 3024.285939986135 4657 191657 1 -3.942582622240785 0.7141586095408528 6.150674648592763 0.8169813625442517 0 -0.005983283567955427 4.257083385695824 -1.839579937789455 4.114916247052173 0.6744211151846997 1.022820297962769 375 647.5732209682465 2391 -1 1.983394210772409e-05
 -10.14163307590764 0.1029738058669475 -51105271.71641863 2.77866592983794 0.1853436847723486 0.4418214354109979 -103.1393291814759 696.5569142869492 1175.724344483953 0.1648356917996074 2360815.891293184 2991.913439950035 3237 191652 1 3.306737373971288 -1.262119218614435 2.230316184705191 -0.791740788265523 -9.011343087217625 0.2913002185853743 7.310327131719877 -0.9471653044315396 -7.032511336406877 -1.144202499368223 -2.243270207453237 378 661.2647099494934 2391 -1 -3.08224391156872e-06
 -10.08872510105309 0.08431830605909202 -1736950006.406558 2.607926993512452 0.1622755105942672 0.2355093381086266 -5243.279982988059 2965.31648213784 19934.07406514456 1500.464748429572 1634.542554283057 3065.617462791982 1945 191659 1 -4.567293727575948 0.6994516773948892 -8.070173581858493 0.01276016711073868 0.2100424803859537 -1.829275825222624 1.813089970072287 0.3114520833850935 5.808978439763263 -1.289300663592074 8.62824964739268 381 658.3537850379944 2391 -1 -5.946415224022765e-06
 -10.15377836217309 0.1238202858584063 -9100591.000193987 4.299834322656437 0.09316958848797771 0.6631551493432698 -19.7168854571817 27158.75370570469 1764576.1484682 4.072181595297739 2.303719290167509 3076.714591222757 2118 191611 1 4.48104576262966 -1.135246219080542 -2.28433717203882 0.4572793224409568 -2.600886555406696 -1.162016452430704 5.631075147691123 0.4327363881710755 9.49468881432656 0.3670849181330897 -0.8600217296222574 384 655.1095170974731 2391 -1 1.263309116415465e-05
 -9.902280328110761 0.09538755799928675 -380476421.2956444 7374.455667669118 7624.418229920261 0.05601105228708469 -5748463961350986 596.4702937046503 998.5628948509436 11754.75446665806 243358.1172913525 3020.257388135545 6782 127772 1 4.592571822051594 -1.391926539535351 8.113456097371934 -1.50482177514987 6.040144305014458 -0.07833150967393546 8.945833973590029 0.398894042215205 -0.8879691649657229 -1.561989306349005 9.493193580536714 387 433.2192988395691 2391 -1 2.199699823383339e-06
 -10.49855107277249 0.07554990982545702 -36535053545.03337 3488.824150561613 2133.072561788905 0.668005812206377 -12.61185654702305 289.8215874107455 246.5050501196912 3.048564542565675 2.447246755957632 2903.895170580821 435 191606 1 4.171514067601432 -0.2894895503775956 -4.101159971592919 0.9314127965082264 5.74621316291672 -0.4554845483590491 -4.816550560448092 0.9372389694709073 -3.296846058130475 -0.6795245770989204 0 390 646.8215160369873 2391 -1 -2.47306802130409e-07
 -9.201216391995798 0.1020883824844163 -49108054.10852048 5398.631478253455 3294.394427420207 0.1786137222625644 -102333.403074007 4548.455765699698 57846.99282231202 9910.563555628733 98089.23024935332 3139.098633838949 2913 191664 1 -3.774433952967096 0.9934216938341142 1.140049387925315 -0.07190644823322413 5.971965586976591 -1.801739093166389 -8.375955614126482 0.6034939809849789 7.577016625093643 -1.697173287716584 -1.933606310575289 393 653.6484591960907 2391 -1 -7.035537154131475e-06
 -10.73669458846244 0.03921362679835857 -2.744765586149704e+18 8444.01941192698 7411.248636543172 0.1085620168661925 -178910283.2542665 973.907985317111 2335.357255963924 1.906338570951645 6.527932665132275 3124.237777376621 3039 191664 1 -4.518468514399846 -1.061862688218071 -7.692169844953725 -0.532511183140512 6.695846663610324 0.1979382030797669 3.337090160617649 -1.824106058743208 0 -0.6765810113435339 4.449860644563159 396 658.1065859794617 2391 -1 -6.519210205821617e-06
 -10.524724658351 0.1378285136597992 -230010.421769784 133.9538939826071 1.765096068371138 0.3440909335735191 -272.3243834460303 33580.23443371867 2843267.038628348 0.09033971770790117 11854253942.91332 2961.002303679944 1311 191634 1 4.672519919607224 0.7287477824048292 -8.881111529153202 -1.916130574041201 5.792811870672701 0.7248332045125667 8.336395070114213 -0.5449106568801687 0.2848510691391475 0.9897103331234272 0.461174547179855 399 658.7946169376373 2391 -1 -1.41653741014363e-05
 -9.574381856341223 0.06451445199798944 -15193447014087.32 193.4724898533944 7.000207497550272 0.1164682892266862 -586950691.2471573 291.166353818335 211.4813546109141 2454.14225256441 6482.521978705025 3077.598148496235 3213 127668 1 -4.289819246614092 0.580104760130018 -7.363159808302738 0.3775903669463663 0 -0.7441366548971162 7.761991707984354 0.6108336429417651 9.850966723099592 -0.8232760728744131 0.6624044541592982 402 440.3679239749908 2391 -1 1.753534579874199e-05
 -9.906957554851386 0.05545554874748734 -801615102557640.1 108.2839673943918 2.062029507103286 0.08465955588205946 -236936166044.0272 78.65428834335542 21.19998120521221 574.2743765786984 1425.876255556881 3050.940170678549 2895 191565 1 4.549755044289632 -1.745220480560857 -9.313933792979885 -0.02100124783833303 -8.746752408320441 -1.429358670265897 -5.862198327263519 -0.325105000574121 4.210584527664731 0.8527209264028728 7.65605944923877 405 659.0086190700531 2391 -1 1.219020524310616e-05
 -9.773775912166515 0.0733894801317755 -3364760426.453176 2131.230517751174 -499.3397031378209 0.104430759111425 -100225832.2521682 142.2992605489027 47.54686126779143 0.03636910994755142 8.463889266804279e+20 3082.737979129552 3208 191644 1 -3.296614621913087 -1.769196659764383 4.443153340006819 -0.3744168818011167 -4.191356060490064 0.3329921063956775 -0.6650336889706763 -1.58850311418735 -6.983267522125466 -0.7361812248993163 -4.747462863663243 408 659.6613249778748 2391 -1 -2.379936102789681e-05
 -9.906570280159368 0.0468334102329459 -1.064103050683248e+18 0.1496007961127237 3895976.314508491 0.1674864999323975 -983919.7504144331 185.8540975253427 108.4792962015355 4.86707723921116 1.895409847905993 3143.480762030811 1898 127763 1 3.808650480061933 -1.509390636832082 -3.088489723514553 -0.4599110380592411 2.266818494067059 -1.848209274099571 7.898890797237538 -0.4031418421686715 0 -0.996920608298792 -9.999671996662185 411 440.0706379413605 2391 -1 1.835327623846662e-05
 -10.12924513973331 0.1387296453964595 -2553880.757237455 3125.726988220989 1182.296932161714 0.1453337706237713 -7275196.531582442 173.7015756753054 100.8719994129691 64520.05641852235 9214778.656437956 3254.575606405986 1549 191605 1 -4.127846452851442 -1.272458896435405 -4.409428962287564 -1.197241926060715 -8.552028117180544 0.5315699768101418 -4.699543925151664 -0.5030933433438687 -5.13673103477513 -0.418378630525277 8.363009217895987 414 654.662348985672 2391 -1 1.685631776888344e-05
 -10.43484170908701 0.08250197614541967 -79374215599.40689 1685.619336171 486.7572758260941 0.1955261415717583 -323497.4693593617 662.1140350958135 1240.978478953208 1.939773940358223 6.61519906793306 3174.394341815024 3629 191662 1 -4.096238158550234 -0.2296119313755929 -2.669045247062341 -1.346734818222718 -1.577371126938257 0.04713850154393295 3.148420934496556 -0.6185821684845809 -8.023263022306942 0.0755780506868584 3.351773217898946 417 650.0770540237427 2391 -1 2.295553906444791e-05
 -9.905298605320066 0.05449892482967988 -733107179767400.4 22863.06323435097 56520.58793992049 0.08712232345347265 -88807967469.01234 2357.930230653588 13855.21524591972 46.74651872601081 2.913803578709595 3082.607564163129 1868 191659 1 4.473482628893023 -0.04286905541096077 8.289912907078147 0.03388626250570725 8.659942499319319 -0.1402147292610056 -0.1550204743618311 0.05320496382808138 -6.012894048878437 -1.519739107555281 -5.621139084340743 420 642.8526029586792 2391 -1 8.566729021782839e-06
 -10.67881542291983 0.1002492237402614 -212792889.9453283 87.72295608644299 0.7994220388036791 0.4745682597599755 -123.2312685345447 8680.055669755864 165154.1744110025 0.06859270683029386 48894846983554.73 3253.134547518801 4664 191655 1 -3.915842551759761 -1.766432204427089 -0 -1.239944965822427 -6.559761432382678 0.5908053661549584 -0.3031252915345743 0.2326313973441269 -9.605320826898302 0.3726236144951129 -0 423 647.2889609336853 2391 -1 8.272946996426582e-06
 -9.848286550488616 0.1081220315035693 -23066744.76145164 2001.072808471944 434.1610701796117 0.06793246845985493 -10437928589729.39 388.3093609611059 368.7492580439591 1.307532921626178 18.62702163990674 2901.620997490846 2538 191650 1 -4.507361774500782 -0.8929193136846596 -2.73918095721344 -1.197479159798851 -5.037092256036044 -1.850762091852409 -9.294189017933515 -0.1832374978829874 3.575835672899136 -0.3950085665033587 -3.509971855294968 426 657.6135318279266 2391 -1 -3.890098916767547e-06
 -10.01085162612288 0.1841561619007509 -14774.655856024 12073.83392097436 23760.47749229375 0.1358507472144587 -8213615.414699332 96.92623353057112 33.46552622203865 4148.766357234283 26333.91681239244 3159.680313061956 2150 127772 1 3.361656942500012 -1.537344888973544 -4.363219415571255 -0.9000722996396817 0.1648157804386345 0.2705066193080743 -0.8667460169498109 -0.9642556876667268 1.454762060333852 -0.7705244598682164 2.366579510418613 429 441.6923201084137 2391 -1 -1.440856456705199e-06
 -10.01068395834135 0.07522920007651945 -14410726684.76899 873.8439243466432 34.37542975249413 0.2660196933081358 -2839.694893586528 43.22875331922294 6.687980699818252 0.05773837637937514 921252055656383.6 3003.998204416734 3825 191639 1 -4.49624603730521 -1.004449679754549 -8.657531456893356 -0.3495192090454165 -9.203536709250427 -1.204391522033326 5.144735474000635 0.9188714808934284 2.477464038115864 -0.7916842392793226 7.70713900111989 432 654.1362268924713 2391 -1 -8.075565047385353e-06
 -10.16489836884282 0.182582274113031 -7513.961432260055 26315.83372528699 54443.54362173366 0.06263318854337445 -4276039499189.235 770.5946392649147 1501.739050215326 14206.82360182668 388265.2713185344 3200.071664638172 1449 191661 1 -4.549980394776178 -0.8491800744942797 -7.222810917044459 -0.1366200683103873 -4.838235987636105 0.05611996887663382 7.875297047576051 -1.131868429805052 8.402956844738227 -1.975890900108959 -4.88725461809199 435 651.1551830768585 2391 -1 -2.45995786630654e-05
 -9.404758972379662 0.08300994948143334 -36012140212.3934 468.9340905517979 22.72765729015619 0.3183593117759119 -1630.859640510661 15838.92226321774 500731.5985223546 1.656290081526706 9.445408862102166 2942.585028503026 5849 191660 1 4.555066337407549 -1.637825640865504 -1.711716134198547 -0.2944970100987492 6.781347091159811 -1.512880856566878 -2.222980523594459 0.9704776655158658 4.767072867224918 0.04375107701556315 -0 438 642.7720320224762 2391 -1 1.66907130047921e-05
 -9.91011778103719 0.06251595316392423 -204021680348.2681 5.789757898598168 0.05515186535264523 0.6232017903022747 -13.14221495873871 26173.13145536468 1304543.943243448 0.3577261932149025 2564.236704063421 2964.471125056549 1789 127770 1 -4.276752242270287 -1.101987809576818 7.714722830348858 -1.553583704724375 -7.838773783927307 0.8699283734352878 -4.820279885386437 -0.01518846520303722 -3.88597362475531 0.3558725137908643 2.205302908929561 441 441.7173361778259 2391 -1 -1.759582569513194e-05
 -9.722006277697787 0.1138266317037298 -3804085.065123025 13802.96554053335 25897.3225597927 0.4343259080956385 -87.21924327837435 45.69593490645927 7.345648669643343 0.9023197850368639 29.80407092035302 2967.849271744037 2915 191663 1 4.38417081954876 -1.089180327707582 2.788963079094242 -0.8452902031528549 8.879144244751126 -0.4072370257904546 4.07183608149017 -1.233851292837871 -8.150857140617838 -0.2732339610601997 -7.257408067734643 444 650.5688099861145 2391 -1 -1.303322298959076e-05
 -10.09515994256151 0.1001793224775025 -64441400.70133159 326.4660747643382 12.45219784825338 0.05866445374766793 -744197169280673.4 3915.270458944105 43753.04024690475 164.3462454132454 46.64254616650039 3121.205787596471 4708 127772 1 4.651368933358775 -0.3553769984407147 3.38123723803201 -0.5564042701614973 -6.376080271495619 -1.740396814225481 -1.712096868564737 0.6525245525692815 8.737316620305892 -0.9076519333306399 -9.425550998373462 447 434.6531410217285 2391 -1 -2.644578352724876e-06
 -10.36033226622854 0.1163840190787563 -7459075.028615941 5313.214533567474 2025.319330256672 0.3818337034538284 -93.97893182950864 496.8132621042326 499.4548469632071 0.03894344133122383 9.972574932858697e+20 3160.168497828372 653 191645 2 -4.090160419542107 -0.1527076059750101 3.113976931160339 0.2394698918275128 -4.468840437123265 0.303711063119244 -7.391907067711161 -1.851105577024923 4.664994094988036 -1.648837443344081 3.031716141529807 450 651.366329908371 2391 -1 -7.943021154837315e-06
 -10.10294830373194 0.101465369597437 -20835542.84555326 0.05095652617804017 1735073415455094 0.2196728640134404 -9723.667920905051 6328.063869448531 87054.98092280593 0.1628397504721787 1489536.193128736 2984.062177391502 7209 191656 1 4.559366155170821 -1.01148822811969 3.066127543628981 -1.34621761845681 9.786378837177931 -0.7783996684219945 3.965504544942405 0.6139810973736672 -2.223312185927427 -1.000612609624491 0 453 654.0413279533386 2391 -1 -1.825990620339713e-05
 -10.73357842261871 0.05870755744622388 -5489625914103.48 15239.8914292233 -17349.65361059059 0.04545571982072975 -2.077841297460328e+18 63299.67323571159 9259178.700360969 455.0938673318715 248.8435711077115 2964.706198706673 3717 191635 1 -4.621265660591677 -0.1599444054833033 -4.888893144115999 -0.7661481611655586 5.051966550343081 0.3384129674896266 -3.196586932950368 0.279661892825068 0.9689090483064673 -1.633363555361594 3.530645523795209 456 654.4039587974548 2391 -1 -6.871611998105766e-06
 -9.76201573339624 0.07177592948710713 -40720769136.63442 483.7698301769406 6.082730118408911 0.1952312176093138 -62546.18188760454 1835.291952025943 8666.305980501011 948.2854535784348 2938.506235975796 2931.626002531862 4014 191656 1 4.112967386083567 0.1666892796898569 -8.699741238941961 0.3993963751340277 -7.018725042547754 0.5038383703774425 3.907616100702042 0.005586810599741166 7.366593782515906 0.4017009105418277 5.931891727871874 459 650.922877073288 2391 -1 -6.075715491769626e-06
 -9.988564621565244 0.09491835950060389 -5535665367.649133 23.159361569937 0.1394572696995976 0.346986510884022 -1339.754696205672 8056.149864408081 157087.5619738817 41.87285873366351 2.73544858355461 2942.90223191691 9848 303460 1 -1.394088389939699 0.5112244327534321 8.628339634637264 -0.2316327731831152 -2.378795771804048 -1.35999959010041 9.969715827575406 0.5155690709179703 -0.9540775286863639 0.3287764973815981 6.47552108055237 462 1018.599482059479 2391 -1 2.696731154912697e-05
 -3.749189128948343 576.5078411648641 118.2450393631103 1.687033537625529 0.4560111081135999 0.09650004494544435 -12360335759.91149 10887.21849043267 276964.683543994 0.0498286507008333 2.167158497429919e+19 3118.122294395736 2442 191652 1 4.360518711957434 -0.4523212474255907 1.597653340463293 0.3342299586124619 8.241198100784899 -0.7075939502366939 -9.050725542222553 -1.338296129039461 7.88868131031893 0.5380248140396251 9.07841157516259 465 654.141811132431 2391 -1 1.104275057747923e-05
 -9.90768827622062 0.0471848446051541 -2.572133251684397e+17 23.1209192224557 0.1370471799054691 0.09397958736873491 -16965719929.68126 82536.33408750585 17615279.20128614 1136.748547519496 2174.340269901437 2974.502814978107 2252 127762 1 -2.883921417664897 0.6862187682878869 8.02352578215147 -1.372090676459509 -9.063140243116379 -1.454964977711266 -2.249355449375872 -0.5199868521041857 2.122932551533707 0.7231612795363276 -3.007141533918492 468 439.1291079521179 2391 -1 1.272069387552732e-05
 -10.03289329043 0.2513875140628413 -1443.057922275957 371.7850343032599 12.80010973303666 0.1340587763746185 -31561765.14848454 444.2621799010295 631.7449931282002 182.648973572907 117.6653567068634 2917.454205123549 610 191601 1 4.454496802944687 0.6673758141531101 -4.678978196295295 -1.915083484659108 0 0.1013564079370454 -4.630157579059307 -0.8925510517753121 -7.46791313951338 0.3187272135646695 9.665295446332754 471 640.8291251659393 2391 -1 1.359986905485255e-05
 -10.28805402371571 0.05848570959415866 -9799131074123.393 2.901035689080974 0.09679663331239101 0.1961232809240366 -73184.14067911073 14269.81625617476 516797.7805867859 1.443010625627932 11.01023633862493 3073.687205112661 2768 191633 1 4.337891712444027 -0.983362024611397 1.219349433914177 -1.498786736144755 -3.520281832552588 -0.8590713459131232 -3.59580510959856 -0.450545926958311 -5.197073770796759 -1.785393659359591 6.127589446468863 474 653.4353439807892 2391 -1 -4.893685232459028e-06
 -9.682835936767361 0.1730376304121305 -20867.49448560493 445.2129542102009 36.30021688178606 0.171975458017761 -196747.4458664363 385.7495193680203 433.4696044864438 1.724582879923266 9.210648257334176 3017.049001605186 321 189419 1 4.249886252160845 -0.03026396873813297 -8.494328574836427 -1.834031330977568 1.190144982717967 -1.220378648374423 0 -0.8665283049325136 -8.619698613327907 0.8946153695559129 8.582500274350478 477 656.9699969291687 2391 -1 -9.349665487169528e-06
 -9.859795200852259 0.1202911170648624 -3806030.976758826 141.639321460808 2.190947246516054 0.05585651055181167 -6174671127970425 63.86077698194209 14.89783160259776 1.670243120652333 7.046009030255732 3189.374116223263 1834 191570 1 -4.516990091359919 0.4667908966923573 -2.953094870164998 0.08676945671080365 5.190341793664182 0.2343360713263891 -0 -0.2935485212079998 -0.268568841240739 -0.4615944926509182 3.624286464611408 480 643.0020861625671 2391 -1 -1.995284571448405e-06
 -9.799605525091598 0.04099851726196021 -6.891383768583372e+16 0.4150804374456796 22.67320333696192 0.1195594673676394 -18299346.70266879 69.60590801655576 18.40234517814739 370.0629773753523 246.1466057104826 2966.547304907869 4475 127767 1 -3.889960883542983 -0.105477094788438 4.632533172851033 -1.737484577039936 6.435074871959426 -1.862707997228029 3.758779408401958 -0.04335369098323488 -0.2324905980646665 -0.2570203355434835 3.741686004466295 483 433.8991601467133 2391 -1 -1.331194208660192e-05
 -10.14666831653922 0.07565093567098909 -50146253708.3868 0.7644594004719301 3.625041073823889 0.2874754947817466 -2054.097646534458 19891.2091787782 1185677.220832069 4553.193481157023 28451.79926837951 2902.257168548617 1860 191662 1 4.522799576237002 -0.3516432264900038 -9.443565381618273 -0.6917438465587198 0 0.3261566879492399 0 0.988797286166271 -3.615267152193404 -1.1028640574292 -4.582353876668789 486 657.1221969127655 2391 -1 2.407015092471456e-06
 -10.0526209613743 0.08674459856127345 -25964144.93926345 0.3247275024985568 39.52624890722669 0.3467367514184069 -188.3055617866771 44867.44712623858 5241952.8526741 0.7837918111779995 23.00573484606546 3238.10452340595 10505 207627 1 4.428511276783549 0.7222613536755143 -8.263255841966785 0.452112097070557 3.830017110759755 0.8363764052457365 5.293529145036422 -1.52608007777775 9.467207569934709 -1.356617202175055 2.584078450671923 489 704.2242028713226 2391 -1 -3.69726564277334e-05
 -10.26857693133836 0.05780738482198626 -38638697827411.51 0.06902390201442127 -1437388316804.708 0.09957988782783173 -2837511081.856684 39106.65845343091 2985560.298347388 0.06053792072323617 381353371294542.8 3125.489752621464 571 191547 1 -3.005149930162477 -0.1418554499785518 -5.317733752692046 0.09972271011603738 4.240462808495485 0.6301530920601017 -1.222249247828204 0.2480984891621895 -4.467562366974485 -0.00173419780018594 -2.603359245417234 492 649.4979438781738 2391 -1 1.295776083899432e-06
 -10.20838000187862 0.113990418781787 -24409959.00261696 4890.43736850966 2652.836983997453 0.3220342954365981 -998.2356298137652 2581.057285733575 11824.34465936184 190.1161415749035 40.85173836779122 2852.574444564859 3853 191641 1 3.693251060399183 0.3058229679315652 3.268329169176224 0.5653695194790713 0 0.2661056853979762 -0.2774025708210837 0.9477701443407893 3.849993848124702 -1.598807965226501 6.526147810666175 495 649.4938189983368 2391 -1 1.027031902431808e-05
 -10.35614956051895 0.09429176103321096 -400294928.403042 333.9416098133202 10.77629396923331 0.04965070335844321 -2.792756141954764e+17 129.9112949475796 48.03414121718131 96.87125141012135 23.6363720283449 3094.165970514651 4939 191638 1 4.648925129904392 -0.744161629035422 7.935449035922236 0.9173818839949872 -9.183645440261467 -0.4657334804717239 -1.861572578382056 0.3015309371160004 -3.757489338382299 -1.124369413839902 0.1557346558671142 498 652.1092932224274 2391 -1 -2.003276645185514e-06
 -9.573180457129684 0.07885305935698413 -107847148976.2215 395.9923761935181 42.10071187885344 1.463430915432021 -1.527008045993261 129.9153049491611 44.24780492928983 2321.566496566682 -5427.811326690742 3090.019760635248 4706 191659 1 -4.410453289355387 0.9249868812868973 -8.180367456602049 0.2764205485902286 0.8921786830905591 0.02755834124839568 -4.810200011732455 0.1359288880645248 3.892896486025024 -0.5885439039517629 9.26562778075208 501 660.3775501251221 2391 -1 1.678119453837255e-05
 -9.865236649164508 0.1012705377097185 -546159860.5948471 199.551509048039 3.74461362666127 0.245939574201176 -17509.4772932225 196.9233025701394 106.6369663940716 0.2909104064195444 -5768.095926355741 3145.195668171938 4558 191648 1 4.322248367053225 0.7560686878931735 5.771043944343312 0.6972571081617658 -8.999229873569421 -1.978224622530318 -2.396550777997829 -1.68497231858502 0.7659066043686562 -1.511400827380518 7.258694087111435 504 655.8524489402771 2391 -1 1.791692651390578e-05
 -9.435331158114847 0.04298399418993389 -7.958596456329663e+19 1538.037620996392 277.4570486943264 0.1315207024008755 -103292136.4257613 44.51278673238088 8.975494244899815 1.407124431687445 16.36611441709697 2994.03016772972 1194 191661 1 4.268452583108475 -0.4876157304913251 1.438622335263339 0.6548425191739304 5.621351887867972 0.9514446235532383 -5.945076617077918 0.2564889320966772 1.247336104901002 -0.3419875028828879 1.088009167880763 507 658.1178059577942 2391 -1 2.188011633970782e-05
 -10.41472428009956 0.09786711588339922 -178513977.2812825 122.4234498763448 2.743692800321825 1.240195625037084 -1.341340769665136 17252.48365294376 701538.8219018199 1067.098271539872 2894.180712054806 2936.300079985732 1108 191402 1 4.578687763061838 0.776879801005677 -0 -1.344243301552447 6.723879290458123 -0.638109376864076 0 -1.095314402898089 4.762687384796243 -0.343545285047215 -5.531513896727234 510 653.5487289428711 2391 -1 -2.096355094950536e-06
 -10.1280382933742 0.09147101944807337 -5208988167.335496 4011.089149784206 2981.055176482791 0.2447157682166347 -11202.05054150334 12.61051597591066 1.698036986282746 1.133861239949061 23.90647082939702 3047.27158155478 5714 191660 1 4.513729038446067 -1.808435278281091 -8.516183875603755 0.37599744935107 -4.15399466086518 0.9321862293166672 0.349741036736491 0.2224441569921608 0 -0.5035285961092768 -8.343333255994482 513 658.9334089756012 2391 -1 1.998237930144585e-05
 -10.30881222934393 0.09553709860636501 -263174760.0881915 295.2456367372358 12.43937972188094 0.2782678055619267 -2672.674670466704 187.7751859986571 110.5651852055824 1.059601420385355 24.36844860631387 3267.261106006043 1175 191595 1 4.61182292920068 -0.6330415713229494 9.019469953557149 -1.34070228155458 3.279914704008648 0.9453042137431993 3.980504281633268 -0.2934933609362833 -9.716978615606926 0.3296925416977601 9.289298786846686 516 654.6304130554199 2391 -1 -1.113806105059306e-07
 -10.16740809074649 0.09841154633611281 -126286036.3362831 0.196052958734147 15212.1643853861 0.1114340746990303 -150595639.2946818 52.63151355226638 10.56101246520486 1.896475459291951 9.169594868912025 3189.084422118854 6587 127767 1 4.415909228370286 0.2110146978419216 -9.031021251746086 -0.003449184787276001 1.830556556543151 0.3892893113829676 8.168130447750382 0.0929599381835713 7.654593301506054 -0.5695965451954299 4.826099683911211 519 439.7072188854218 2391 -1 -4.874878908626742e-06
 -9.570699887057154 0.06819260660800784 -966169954489.0247 282.5468346508665 8.763225358402135 0.07150316903474843 -15784529594273.59 21321.05367399208 1062917.068130745 0.06538712593887594 1293518526261232 3123.028085990447 4642 127773 1 4.208578173867388 0.8567163980604544 -9.387265050736154 -1.380117341871403 -0 -0.6925069138645128 2.438333904917344 -0.02647214789870846 4.172850888565479 0.7632170160523426 2.895190787084652 522 443.1888151168823 2391 -1 9.946846131366865e-06
 -10.20974145624983 0.0902713158667874 -295669495.6552125 4.033529889589329 0.1187719329450682 0.1790474220654175 -86975.91244983148 3907.55611745916 35073.85790167082 1.781693434177765 6.135828834846713 3020.965751819782 5500 191660 1 4.6893890955618 -1.452683288866063 1.112327579635623 -1.215285423041532 4.765874417493689 -0.4666864267382342 4.323488206403958 0.08154303477501343 2.675663132560188 0.5172621334421049 -6.149129662439219 525 657.2531020641327 2391 -1 -1.144406035542644e-05
 -9.751086089146519 0.0764093620463565 -31661163078.64242 6780.799373633851 3187.258106117641 0.1811544845664515 -214896.588109939 28.38369579381268 3.780853288368906 1.322334474094777 6.686260088793006 3095.645486208886 2396 191661 1 4.623588170431637 -0.7974228128860474 9.037082047211317 -0.4500047137296335 7.48440841926339 -0.09836995993137339 -5.182126969352626 -0.3001567225649885 4.271025715067474 -1.290942874257479 -5.02177517684051 528 649.1821038722992 2391 -1 1.492208287664558e-06
 -10.22016061907114 0.1015781173759856 -299544334.8470637 0.04607214781650691 5.857624611657949e+18 0.1308146627422248 -32456033.06719919 71810.98787881027 12228037.7453845 0.3485108855164739 2190.59062283465 3087.957653347943 3126 191579 1 4.170858665079324 -1.475027559786526 0.8736473897410861 0.4187237605987634 -7.531157903236609 -0.8957634682521807 -6.513515950466891 0.47975889757813 1.097832877385646 -1.822328100432436 7.74577075813497 531 653.3894281387329 2391 -1 9.477310942445375e-06
 -9.434087003403247 0.06448897866132586 -177667065359.2901 1.241055920117398 0.4105973764910263 0.04522496742372927 -1.439719353515743e+18 31126.12004184203 2549960.224496905 1771.313393339202 -1472.927976699326 3165.235206285824 2478 127776 1 4.382003527496115 -1.198885789815053 -8.78827215997979 -0.0004537812334621871 -3.230237155205434 -0.396503776667844 -2.066540336682605 0.9242415631908764 7.550359307707946 0.07837096126267661 -1.743568476732956 534 432.7481060028076 2391 -1 -1.182814159186696e-05
 -10.56143944021128 0.07974406172875159 -6556022854.296925 0.0827969924552351 5055509647.413791 0.3986554248171691 -231.2446233551573 57164.16448613437 6606257.241120187 122.7247022013631 22.27626839128085 2830.990168024083 3118 191662 1 -3.790875597232551 -1.397583211730968 -9.231580007289187 -0.1876523573557112 -2.465934799826675 -1.134049871996406 -8.324354891774574 -1.90394758476893 2.131846123740821 0.6945436401260081 2.218393062521865 537 649.2978801727295 2391 -1 -4.765983120540888e-06
 -10.25034107613772 0.06693615834256915 -191893742537.285 0.9691721224231455 1.346077680026904 0.1278270690376642 -12630406.7859505 138.0148822713526 59.42296474413821 13452.55201123719 599999.2441738986 2858.398200964315 2859 127771 1 4.529959718797392 -1.409450908218905 -8.162526414914883 -1.267019299250308 -1.256909547051049 -0.6221879639711388 5.017998666978632 0.6069278917113614 -3.991477131716381 -1.029733949550546 -2.884768833654832 540 432.9389581680298 2391 -1 -7.207445802238799e-06
 -9.668697288962338 0.06900990902047009 -15555041502717.27 857.6275431721535 49.54230073329375 0.4134005505372192 -294.6437114881318 6613.955407836405 88421.47457074466 481.2820540772457 135.0889998321607 3021.898562521255 4557 191660 1 -4.697088911278414 -0.2669733983708521 0 -0.4882848596966829 9.593942207926785 -1.528956938984743 0 -1.885026898076553 -0 -1.523794288855577 -4.736327237435618 543 652.3516809940338 2391 -1 2.822872513271187e-05
 -11.07048168799544 0.182947053911555 -87445.27441336006 48051.9400131581 296132.1052552932 2.940155365964986 -0.2007471462243485 234.3187132298114 155.8378102834409 101.2485108207667 24.99866720291503 3015.70396099201 4128 127773 1 3.853210907999735 -0.9817601597487577 -0.1378635349409669 -1.48136655065859 -4.840199795474105 -1.471520675120917 3.933090188018444 -1.977713252668356 -6.874171399520031 -1.07763733013685 5.258954024650501 546 439.9023230075836 2391 -1 2.012200073613235e-05
 -10.47196399346944 0.09615037376258943 -829949018.5769627 5374.415522319301 1527.587509013252 0.07975479194428778 -628187115579.3444 720.8988932353798 1198.107713876243 72587.42370342388 9874020.479693644 3129.689636280811 1176 191660 1 -4.675025357280976 0.8031639871922867 1.377713404484849 -0.9358365517657603 -4.278313653308866 0.5301340823861 -0 -0.2838996391992117 -8.030194804978233 -1.328033859600334 5.724322683733061 549 659.2968459129333 2391 -1 1.154852349746562e-05
 -9.85905783907306 0.08934867912933959 -2105378632.271563 4348.609765368858 1671.746628342695 0.0591897497485834 -2316943512855496 10845.04743466684 245217.8384183361 0.1347863500601205 74059835.64256896 3108.097358951118 5237 191664 1 4.599363190824076 -0.3128608680170979 8.580390927541778 0.1397964803235308 6.159784578534825 0.4266365541527949 -5.761887206358694 0.6707012520965931 -7.226436986067784 -1.378666358331095 5.28621558803238 552 648.5547060966492 2391 -1 5.701897617136001e-06
 -9.993830709548815 0.06622312708170239 -1005768112344.45 4.18568338491624 0.0812621238855939 0.05781017289610409 -3105104931134786 6.335085956185996 1.684777285658444 223.8260527661321 215.0614757446873 3043.181406779508 1444 127774 1 -3.395370052827919 0.9407744549423294 1.5546627617483 0.4428842375595154 0 0.3955271146485848 8.135915351837381 0.6538202848991461 1.252899963103437 -1.597150665466874 -0.3717977949055982 555 437.7433910369873 2391 -1 2.583489585843846e-06
 -10.07411791791167 0.07402250241433311 -23816647074.0177 1.619325253021259 0.2569569198536652 0.540145045776507 -31.8801485332613 52.94000669284848 11.27637412279299 195.9040555491051 58.83117111121566 3146.574049882044 843 191591 1 2.385167589999456 0.004770714364978389 -6.31378272423632 -1.277176305841717 -6.857018280916702 0.3239886428215537 0 -0.3664640179685037 2.911828355574971 -1.706587820220558 -0.04181107099885928 558 650.553610086441 2391 -1 -7.127636996649557e-06
 -10.25139388734209 0.07594827136394051 -1079405312.829896 0.619515988905286 4.604464231779166 0.1313513785459932 -2030199.416877859 689.9570210778736 1362.896843050218 16663.45421242691 501102.4127446145 3025.461782958906 2317 191637 1 4.331816509345166 -1.54080030904827 7.174142062696054 -0.1095715690884607 -5.758439960337779 0.7222455688055458 1.992368839597148 0.4976870699782445 -1.465653165972193 -0.1961615173439695 -5.219562031815404 561 655.3271608352661 2391 -1 -2.578993155797466e-05


# name: injParameters
# type: matrix
# rows: 1
# columns: 11
 2.04 0.07999999999999999 3.1 1 1 0 0 0 0 0 0


