# Created by Octave 3.8.2, Sat May 30 21:21:11 2015 PDT <charlie@dicke>
# name: outString
# type: sq_string
# elements: 1
# length: 114
Slope	Lambda	Gravity	Lambda	MagneticField	Lambda	MagneticField^2	Lambda	AttractorTemp	Lambda	AttractorTempGradient
# name: om
# type: matrix
# rows: 187
# columns: 31
 -9.613410777313085 0.1013875363378887 -51844057.61520842 93.90510058630365 1.365257101248805 0.1045179447452101 -332443060.7761948 2002.954211302711 10806.21078382697 5.519264242406948 1.572921603756143 3019.909041138966 4654 191661 1 -4.675021823566517 -0.6596666077287088 -2.693241166571548 0.1190372031725037 -6.414118072958346 -0.8573241599324462 0.5336307210837483 -1.118734794348748 5.986294924898932 -1.432521330099972 -3.30700506458659 3 857.6318340301514 2391 -1 -6.823248508888221e-06
 -10.22016672026268 0.08398728884356566 -233810915.7573599 0.0505780752789152 -410811510084426.4 0.234660959117156 -4270.195197531334 19213.92990197895 850386.6311469321 2457.804036946888 7456.530364581133 3201.111166825947 3795 191663 1 4.500170068233414 0.5745102739916259 2.241867349717914 -0.4522530622059833 2.021937103964477 -1.18961107148309 2.044104480447718 0.00382511020302398 1.480630472954883 0.3209724781359573 -8.936637435524981 6 819.6026887893677 2391 -1 -2.312603791960928e-05
 -10.15984250887494 0.1009131999724296 -523848466.9368491 0.0767880301167008 2198353795406.693 0.08428797657120857 -541698043106.1737 923.5331960590999 1876.45047734681 263.2015513796596 172.4832457876683 3212.589498166956 1372 191660 1 -4.351662834262166 0.3945415619037118 -3.272339774740728 -0.776381946357434 -6.26521590926654 -0.8014151541508179 -0.5377439003943181 0.9523656347720051 9.688076731642321 0.4265468775082949 3.218701242348708 9 815.9765031337738 2391 -1 1.48407818070425e-05
 -9.956183840506197 0.09171488593523507 -761261925.6147612 1.101341041414941 0.49938176724481 0.6205767870920472 -15.841780207484 5665.861206104935 80858.172951639 99660.14796283247 2674490.64601129 3164.887104357855 2269 191663 2 -4.407938844210787 -0.6466704450743954 -8.206738844842551 -0.6512812274018175 2.010628433879234 -0.1549018563200902 -9.147732753699868 -1.907399446043445 -7.631501796210491 -1.200835197870777 -1.3428157700946 12 813.2142210006714 2391 -1 3.191488253366263e-07
 -9.343437283331854 0.06459859969854001 -2841488228529.318 1166.687764056054 241.4387729379404 0.05616298023799249 -2.357324883898292e+16 129.4039704376487 50.24824819131841 201.4623464854055 99.45071867885916 3076.089028055289 850 191531 1 4.362673604348058 -1.434932245918324 0.611941096558879 0.1922791040085721 4.593461527818461 -0.2095863779574962 -5.334349525531985 -1.76684037964612 0 -1.996692732305267 -4.536839198438769 15 824.4850640296936 2391 -1 5.731442318640873e-06
 -9.92773829994298 0.04662723683337177 -1762429828522335 9799.639199111589 12517.49350027354 0.1389071147681559 -2721959.686044266 132.6647071611256 52.45471242993928 0.1106041576417737 961328735.9439281 3159.207990179765 2935 127775 1 4.614458462334047 0.1347257306317613 -3.476202050653285 0.3841716877138071 -4.1348472245473 -1.106936031918838 -0.7476593674921874 -1.321242274634309 -1.183647846851942 -1.289542319907394 -7.423044311342217 18 438.8284151554108 2391 -1 -8.568573710152849e-06
 -10.16148782932624 0.1121323651531907 -1220300.089601345 0.1627633859174338 -45195.00004190467 0.2294209165478797 -3985.338192223044 340.4729453021397 294.2902199730921 48.89926743418446 1.074207660291846 3255.100925758003 1909 191662 1 -4.688648645567574 -1.100533304917136 -0.9051574654576888 0.8107943828535644 -6.39023541782627 0.2951432965668506 6.503820648070493 0.7124350529219878 -8.146849155597543 -1.210419672056302 0 21 651.5541009902954 2391 -1 -2.889921822242793e-05
 -9.432219779850239 0.07259351546080305 -184556677380.5171 51.40349847770459 0.683753853547857 0.05257848242648019 -1.684376674131711e+17 7668.437529034682 141188.9334136385 15887.57421446276 249250.7147885165 2956.077871433314 4210 191656 1 4.378481159183204 -1.397413104464045 2.337857302732215 -0.5994202549594085 5.40234131283862 0.927055131351235 0 -1.459802891231753 -8.525084788462229 0.01461427695121924 4.614096801311343 24 651.4754519462585 2391 -1 6.204186630457444e-06
 -9.852957757852108 0.06880788438196257 -289801697222.7422 92435.42121057384 681965.4412032573 0.1085698860466252 -123963486.1699934 84.50753017694745 20.4373790133751 2.354776857993739 3.013475932107191 3178.111259923612 5399 191664 1 4.678836819223002 -1.098708654598931 -8.146959952981708 -1.696417706378859 1.178808452639069 -0.01730560809178882 -9.443391664523292 -0.9218849341752122 -8.569426782701829 -1.180918402958744 0 27 645.0134720802307 2391 -1 -1.450532654992877e-06
 -9.851900976090986 0.1462453504231583 -531340.977533509 406.4940432351812 9.20202360099608 0.1365707531872885 -21510723.88294277 493.1900321248156 492.523193006395 16397.40593766676 426061.6537947115 3064.221194865573 1626 191627 1 -4.615968588697873 -0.7886214135782854 2.490812364521709 -1.544921510360228 -0.72479074500023 0.6789675360425309 -8.934833261571795 0.1765087958230884 1.02404091826227 -1.775863756684903 -9.678349018594997 30 653.5205018520355 2391 -1 1.332978514842086e-05
 -9.751907241413747 0.1003433250016427 -55360723.58341298 6.003476657841585 0.1165059227409033 0.5596853954387497 -32.5768864808684 4283.836313440615 46296.42776161493 27574.48545718752 694295.7735659648 3001.478911198707 1623 127774 1 4.072104150404321 -1.843474492626912 0.519231291326101 -1.776465821105718 -8.71489043415046 -0.6248769448089329 -4.076601344624813 -1.625327115982726 5.093163547410804 -0.6728915279713075 6.429214738499625 33 437.9838128089905 2391 -1 -7.180811936284889e-06
 -9.917061606384024 0.1630503575860573 -132515.8576198576 664.3561699151763 54.38560729788404 0.2739252511600038 -3453.804157203186 27441.18757045804 2136003.173300974 1.162256874378318 17.2996371867988 3092.435852946962 211 126656 1 -4.510220512101763 -0.03526066100089771 6.728878479555661 -0.9977079706331411 -1.698008584834361 -0.9411926102661612 -5.841654070680923 -1.242561926324833 -0.003929399038403503 0.7579429556280664 -0.3320876785341227 36 436.9214930534363 2391 -1 5.552940271894872e-06
 -10.10516103136919 0.07523005269105204 -8078888373.878637 0.03941479419050149 -1.352874558264093e+20 0.2077688456704234 -31304.33606172408 6047.497927491943 86697.41645133584 19008.16357763609 535187.5237781182 3059.82739752833 2775 127742 1 -4.410797772639473 -0.3998764357779461 -7.615746168252768 -0.3673436646192432 -9.722618038478096 -1.093755036109333 -0.3862741030538879 -1.519831183425189 9.708663145850329 -1.731886040968106 4.871153565110618 39 440.6980810165405 2391 -1 -1.101835423896851e-05
 -9.595166931006078 0.05249002589673665 -2794367472301826 2.163831523052814 0.2125919065311621 0.1565211446655877 -2191155.480526703 9013.806823994444 232319.5925592525 0.4000028253578927 2990.108356411108 2986.84380968628 4977 127770 1 4.162470737668489 0.4962248958863547 7.291501508687393 0.8298616709475222 -3.830894162131298 0.6240586676285327 0.5071585217824928 0.6033231727605272 5.219378286287169 0.2836413436270888 6.146561909761768 42 435.4071280956268 2391 -1 8.590414669436764e-06
 -10.04400904666788 0.05692727841476024 -546929895622.4396 6.474648349060009 0.05615498174530682 0.06163976451878043 -3892021882346.141 86.01795919006734 21.39713031020702 0.6699583544845467 143.1429989266767 3010.253826143101 3672 191662 1 -4.232621021304842 -1.981947403338086 -4.307623043153435 -1.261450925714794 -4.83980552901622 0.2310581089277965 -4.940082240352534 -1.120547393298812 -0.7873484801163366 0.4575950196929797 -7.865724118774184 45 651.4297552108765 2391 -1 -2.518291939464726e-05
 -9.917651846577172 0.1034979158221913 -21873126.11890563 0.04729991621911908 1.064389373430939e+17 0.04231167751092094 -4.667216636861766e+19 95.90355889774685 30.34232593848423 2.689183899782134 2.503045676014986 2985.183736577931 2400 127771 1 -4.376255855903827 -0.3322860056836117 -1.394821415492007 -1.30822164139048 -7.294213181357305 0.5221594341076732 0.2830231728798123 -0.1561846029252188 9.468075115257241 -0.6304575024503922 -2.148082716049964 48 429.036031961441 2391 -1 -8.499376382638799e-06
 -10.56654974140252 0.150809917928998 -196052.2955092527 0.5456037920641001 12.6239592288805 0.08925404732206423 -6652915496.793493 53201.39896448525 5820579.984783531 20588.10975222067 -517246.4244933819 3093.309579725716 2282 191664 1 4.123716414944168 -0.490462309049331 -0.3941051480008224 0.04800534342392475 1.50782999997754 -0.8478313076283239 -0 -1.376519341673383 -6.316433228241185 -1.826637209722869 9.678970305053308 51 652.05876994133 2391 -1 -4.777886930676045e-06
 -9.776095343589621 0.09752704390321956 -141204815.2573674 0.04679525682553291 7.492012941216294e+17 0.06521711025916242 -25993151471342.08 4.603377118712068 1.667564802372226 2.670175591686949 3.305296109465245 3036.696082371173 2412 191655 1 4.418899550901383 -1.721254469839726 2.14293190079269 -1.858804097056881 2.74824109681188 0.9836839271748281 -8.074506325586047 0.4364787944033437 -2.91434532428464 0.6150515126629528 8.775512170007609 54 649.2297439575195 2391 -1 -1.692460607111281e-06
 -9.610799288989828 0.05146743044478879 -7920489620735949 1.593020423861847 0.6063914704195134 0.06309355846509761 -686953968681622.4 15179.44606580932 551165.6490130123 1896.42808055774 8348.429706392993 3005.016369831813 4425 191650 1 4.390415726075699 0.8236746451220229 0.4670871555192142 -0.3556901482219229 -7.773825990271362 0.6259526185185971 0 0.9951745909795794 -7.394337377359024 -1.659239298296164 1.899158965593414 57 654.0583050251007 2391 -1 1.041009131450034e-05
 -9.883398663753473 0.07162383381339943 -1661287981.004603 9972.858557011992 10287.31898430891 0.1533375214626428 -192157.4678301554 40712.22670850714 5105999.119131919 3.111632121882373 2.979853099821844 2995.396954760312 4865 191647 1 -4.215920940524287 0.5245737911152042 -1.089521282057936 -0.934308776369015 -0.2116487688688888 -1.549842411008193 -4.892589072168038 0.0471611649974548 -5.46779376854593 -1.934172162560705 -2.974830449404586 60 659.0447700023651 2391 -1 -3.048828495855178e-05
 -10.21995739192898 0.07959023097976642 -268971071275.3791 81.59915632852294 0.758346149173592 0.07341488393485433 -62764286714872.24 870.1938889087165 2119.630871261661 13788.92674383825 347735.8921627612 2859.873435920582 2502 127732 1 4.498571954092365 -1.677506859560476 0.7530273212777669 0.1464731158359243 8.361740990253384 -0.417515238708198 -5.784133561768637 -0.3414568686786801 -4.481015590138147 -1.945087722764351 7.806044366867708 63 430.7121641635895 2391 -1 2.381582402390966e-05
 -10.2592623204908 0.07731025742815165 -67526820354.3726 10225.91254329017 4211.762055603764 0.3181625110093477 -1688.787113043341 1132.634630668331 2671.197350924626 1.370513428335237 10.66412129723282 3125.972994124197 3193 191664 1 -4.632219825226455 0.7214710850730826 -7.150983876351477 -1.429576078698953 -5.928500924936091 -1.027122822210162 8.238084813888852 0.275391406887274 -0.2657408627652482 0.06635323197649254 6.4579120673802 66 650.8225560188293 2391 -1 9.944623486590136e-06
 -9.946020431185383 0.06219194136563688 -687499347947.1687 0.5727190498010523 -1.117594214981898 0.4721158672780916 -55.90869142544733 15440.39301308226 545163.1253900669 0.8952900635750499 -9.158150124689552 3018.793706528143 3445 127756 1 -4.626515004846442 0.2599098374448072 5.843250529745068 -0.5078242345532518 -5.08322747147839 0.3332048032230976 4.987200058061311 -0.1405815138097015 0 0.2249668299542548 4.936367321322852 69 438.2775771617889 2391 -1 -9.163974719706908e-06
 -9.451207557434113 0.05032794002855865 -45823118462571.17 131.3516105088977 2.704892748253286 0.538949542673788 -25.488386324987 62.31305704499462 11.48028014111098 0.225282058765836 36180.62113021265 3115.145979176566 3976 191664 1 3.62468163019528 0.3580503185901005 5.1118730369318 -0.7784902579286462 -1.572689018458175 -1.681779463362854 -0 -1.131388457120842 -1.477126155124581 -1.483167269372639 -4.548268625064879 72 650.187225818634 2391 -1 -1.7412136462769e-05
 -9.597653651514081 319.7547049193881 3.091925003431953 82.49546754156211 1.175235020821241 0.2661589880883806 -5996.408984192564 22004.25666644928 1177630.869101017 212.1177865857516 114.4350842358451 3208.405947816884 3117 127758 1 4.071470566427497 -0.9202932716978484 -2.964011344172891 -1.504548329950956 2.364117528232596 -1.830223847586429 -8.919738319625925 -0.9229560786307678 -1.446035687109824 -0.5672031168519478 9.928537110418269 75 428.6907651424408 2391 -1 1.200391895686415e-05
 -10.12234847273562 0.1698269152661456 -24261.77094285783 4.141728524269777 0.07759603615034538 1.270191342012191 -1.02710884135313 272.2549210025232 209.2811889679788 55873.06387729131 3947748.965412776 3039.743909004345 853 191625 1 4.430212641368602 -1.421988570216502 -0.4618697744774805 0.1301800538886617 5.675017908058016 0.1213948770003359 -4.029038683942125 -0.5001136194004171 -4.519382315910032 -1.054252108716894 4.855327235136744 78 642.1774349212646 2391 -1 -5.45564539564898e-06
 -10.14194783828241 0.09899816510605824 -92639389.57770446 1177.050615355213 85.55986934204292 0.4179393141761931 -100.9006291452425 724.3626202275767 902.3266410635244 48199.2905639114 -2340507.400880087 3258.453137923525 838 191647 1 -4.327999090371961 -1.094170525300664 6.76008699154217 0.3116279798201455 7.400858159225978 0.5613455210472189 -3.826313388669502 0.4504541702734524 -2.85786562754077 -1.329575867092941 5.689005615723935 81 655.2759721279144 2391 -1 -2.789288964365205e-06
 -9.820413086690259 0.1876647893231952 -13388.80543170738 4089.209384010385 448.9946402278844 0.195214066950389 -64472.4748234923 63894.62375907698 11586864.84214857 46701.08088384814 6653197.364760811 3075.054102375528 1028 127608 1 3.827637315713264 0.2266763956372694 6.670138836471775 -0.331389028349987 8.279709065402114 0.5902530588935213 -5.936211704063577 -0.3180526632506684 -1.227628149932085 -1.237665598732238 -3.615822766280592 84 434.7937169075012 2391 -1 -1.172212718222734e-06
 -9.259748033019541 0.07201877939147541 -29219151635.17506 2.030171603374848 0.3403195201388175 0.1799245721676034 -136217.8976663519 60.68205363170654 9.753189051769589 0.07382536379447037 1586672697118.24 2998.271153714452 3121 127775 1 -4.030015800910109 -0.2403313021926845 7.288527262316435 0.009054015914822685 0.554584015107463 -0.3711278599108168 7.314259809083312 -0.1364821888366841 9.331628247708201 -0.3982370589225814 -3.532990583747293 87 435.3809130191803 2391 -1 -6.088828967015369e-06
 -10.37645010491001 0.1325072851681101 -3838552.47834068 0.2234107314745468 -7757.485355659897 0.2185606408459514 -46074.67658433825 80.88474994386578 16.12822422905318 0.7884468272259241 52.02617728262669 3172.420872533928 2081 127760 1 -4.665905422482679 -0.1721083952317066 -8.589521192122294 0.02277760404720604 -0.4387215393846522 0.5696103620174497 0.2630028845771646 0.6500244043097068 -6.859654524077162 -1.579736922892491 -4.450839879403754 90 438.956090927124 2391 -1 1.278448756434204e-05
 -9.979070665213831 0.07994393020363297 -18915806335.11709 5.455960016627489 0.1251466825946695 1.098679527715468 -3.954922544563478 134.4554420694165 46.16409622327601 608.1784274957688 580.8025866407806 3052.606181238639 5064 191663 1 -4.260922013926714 -1.94014504106166 -3.49160791791796 0.2206509067392095 -0.7694933442674889 0.6386125840645271 -0 -1.648336414752437 -2.800810555156823 -0.01998044078850118 2.283278765495977 93 650.8722610473633 2391 -1 7.899117003049971e-06
 -9.921061561380199 0.09419690383488806 -5739995195.347858 658.7372880368453 45.50779815814264 0.2019041823702291 -224041.5601356454 30.9364778333838 4.239811564863924 1.420860681768755 10.74215518696071 3360.846616197646 3075 191635 1 4.495640933617974 -1.158176730008584 3.290869028032702 -1.31303994536307 -0.7097954251773966 -1.188583390821703 8.530353340236886 0.9367434014087364 -7.477189097705038 -1.736036862473361 -1.397814227032714 96 653.5486879348755 2391 -1 2.697330270943019e-05
 -9.819486331071419 0.09841871160209678 -936997017.7006612 2465.717477621625 567.0559189354232 0.08992754258247836 -89310419903.33971 60.94389669365097 11.62181986257426 161.4096538643082 -21.84480956517135 3016.030948450182 4681 191645 1 -3.937817732968884 -0.9230115039440498 -7.691264091443315 -0.3967615768362443 7.834037027910206 0.768383912424115 6.746207218546739 0.9807957918691733 -5.95815071812182 0.5703069172209342 5.689653814587153 99 659.4777472019196 2391 -1 1.737949183023867e-05
 -9.222539297625472 0.067633594756194 -1526931066581.783 97748.88267049319 387541.3646082004 0.154939134087979 -2786937.983457771 104.4159445837837 30.10006735480486 0.09524131755625664 -29585183877.27301 3022.807692128018 2770 127775 2 4.624343118595852 0.2691642739504876 6.845715223048279 0.1161122457886545 -5.361493734844643 0.9550774241015647 3.165607955633483 0.4572684434255007 0 -0.5567267478101199 8.211248421989852 102 439.6108491420746 2391 -1 7.958751846143295e-06
 -9.877433800334254 0.0606788924319038 -1273676440748.23 8793.697541294285 10232.83914291314 0.04248310525065225 -2.151526887849745e+19 1127.118748395959 3539.149996408822 233.0463342007769 221.2763457384656 2950.835911538466 4966 191660 1 4.66137865094433 -1.848292103367852 -8.094591195563106 -0.0114741005087744 -9.255574601787313 -0.7645121042542744 7.088068127463 -1.868826026377677 -0.9899688467513559 -0.7142576483553409 -8.520743152182622 105 653.5180208683014 2391 -1 -9.87078539448931e-06
 -10.27870965726062 0.10334805498028 -7067612.157534258 0.1585089985200319 30010.40543920415 0.09401738268683084 -347254323.9892189 18333.50137943784 830001.437235115 7749.612595420044 81892.2971259349 3040.221973732352 3573 191622 1 -4.073581548838675 -0.4625927515093755 -2.946487096699765 -1.3203781445982 -1.778350488652492 -0.9641307394458263 3.48666088745065 -1.011905423670321 8.626595317451413 -1.040690186413907 -8.303208637667623 108 650.7840940952301 2391 -1 -2.410152200796489e-05
 -9.278252712147893 0.05230266569669462 -27306204149965.84 417.1020060256233 6.689339302632458 0.2283975746646499 -8714.858819308509 58.4826851290134 12.96398070226156 1.330480093561241 16.76789864721821 3061.48728067058 4766 191655 1 -4.672205483137287 -1.812179937119101 -6.03292811168674 0.7935153064569769 -4.235640023510365 0.8221449819184379 -0 -1.97013614168039 7.394761234323985 0.8685657948023335 1.592052928989379 111 651.0534739494324 2391 -1 -1.488321580596903e-05
 -19.07911661075275 15.3652257821676 -0.3960414969817365 8.154278103370951 0.05221677139998536 0.05772411157571902 -2136936385716856 156.3603828715255 59.61322550714687 243.5418517707652 -37.76864205246496 3331.492152388497 2149 191583 1 4.517352173004257 -0.3860901756373796 3.068083674595562 0.5486021838154356 7.061485066499054 0.4922703813946443 5.092229600383297 -0.8812823858887384 6.602329489504094 0.3936548527527344 5.673187430246481 114 649.0554459095001 2391 -1 -4.933553130650596e-07
 -10.26790435370574 0.06431994695158529 -34868425129.77001 8284.018429435599 3116.570416270554 0.07330433107217943 -82173361295.29048 81.40646460243283 24.12972401919949 1.21988327955834 17.42003282210775 3007.716760185059 4666 191656 1 -4.579072345103615 -1.333066152222834 9.685205931941027 -0.9097656806141217 -3.047471983404233 -1.412690029205312 -0.06762752834589758 0.6567269908002573 -8.90746389489299 0.3225698860767272 1.419131054354516 117 650.3864450454712 2391 -1 -2.222484760148964e-05
 -9.538141433069079 0.05727274251420408 -159691515403450.8 162.3220877993176 6.226643875988501 0.4409298990860433 -173.9538744490542 1779.69621342212 9332.084962952304 13892.69405099855 462680.4724470869 3182.001846186271 4026 191664 1 4.327472177023504 -1.484717410550687 -5.204627547290043 -0.7379609388245418 -9.842212296164719 -1.661547057398067 -0.7556618345127992 -0.3160889565942888 9.090294929368943 0.9174655419728577 8.888826305152657 120 649.7225000858307 2391 -1 9.534374313611081e-06
 -10.01495205148557 0.05259607830548945 -903435672737568.9 761.4212879515624 25.08648956008613 0.04557328573558058 -1.769258222864937e+19 121.7007682113675 39.83743859887942 504.7938943844751 350.0740472681741 2869.794063092725 1771 191662 1 -4.343760644300148 -0.04629724705578653 6.590722716405889 -1.901172807842388 -5.793226018481136 0.6762048252560415 -7.690252990380245 0.1098510362723295 -5.860345961429863 0.8642570749616714 -7.305674653242024 123 656.9517800807953 2391 -1 4.005455387813533e-06
 -9.479311329673639 0.07032679413592052 -7236306275.969812 567.0463671939584 68.97279791564395 0.3631154885137421 -250.8591378489591 64853.32038275397 10530763.69894509 0.04164053385170069 1.027200543807261e+19 3183.504924952537 6985 191660 1 -4.619212154756917 0.4896457827940175 8.07636064828707 -1.02617222654932 -4.939560528496808 -1.565425476455462 -3.826432802486411 -0.02341826436146467 -1.17903354570357 0.6072690918175683 -8.224271494650438 126 649.8891990184784 2391 -1 -2.046160339217094e-05
 -10.19434371011831 0.06013176478856792 -4982661273848.425 0.05306203661251629 -3070448995049920 0.1173982214814435 -63403834.84118645 42.05534511931207 5.41703101557832 0.7696327424481809 100.2869856869123 3376.04734626617 2342 127771 1 -4.189203619757262 -0.1954896478874507 4.146052345338691 0.9466260153605788 -2.212079340838179 0.5533601873938601 -5.246896966814155 0.9610782313110851 -9.938697266587063 -0.5405015977618454 -8.9574844499158 129 438.9381728172302 2391 -1 -5.093866494245925e-06
 -9.511570830299156 0.08102667069966991 -1252199017.353873 0.03782592525570489 2.592475444241135e+19 0.04737460037495149 -6.205068910478946e+16 99753.92525213555 22836923.08158105 0.4997120424994946 323.2043588933956 3163.847736005353 2837 127776 2 4.356785882936228 -1.653251520104212 -0.2636599664907235 -1.139360562139339 -2.337632811202849 0.7083775490230506 -1.956578563169875 0.1323578479393972 1.143509116539168 -0.8817729168093784 -2.314930044023174 132 436.5449159145355 2391 -1 -1.654420303655732e-05
 -9.901314818250842 0.05065140093988912 -1420023729412620 16659.67245748482 8062.715098324521 0.06037213272050021 -332399543919331.4 103.794719134513 26.40942315538591 1.097284043841489 17.0842203106869 3124.46910327925 5544 191661 1 4.530164301286193 -1.459747694740144 -3.814183185318512 -0.430309167991771 -0 0.7661329365303855 7.650362407182511 -0.4594431579538547 1.548216973964281 0.6808066425848422 1.28039624891252 135 649.5608770847321 2391 -1 -1.294143609323654e-06
 -9.229737268416509 0.05220345175571105 -80444540637065.81 0.05030434500099207 1.188121116397733e+16 0.1144024204275982 -60676394.52949785 42.72291113939994 7.142006336395185 1.245238870864456 15.72505729959646 3204.190994802681 4678 191662 1 -4.282993814776942 0.3748211033723701 -3.61828032167657 -0.742121513187735 3.155387908656925 -1.853631013128797 -6.984150031782746 0.6081180896293747 -4.059566957733263 -1.791985156073033 -0 138 653.0253808498383 2391 -1 -9.709969534532409e-06
 -9.607646557731265 0.1881077937390779 -19813.45988019883 2.580924419497428 0.05982992534990322 0.06428150483492233 -247889164965338.6 6622.126058771394 120482.9078202127 0.05189025096076265 9.645794810777011e+17 3171.640573074671 1843 191663 1 4.668714554741861 -0.1602506221829901 4.010809755807317 0.8925663724871229 -7.694248174468983 -0.6875967910328704 -5.276468754882881 -1.583000910083824 9.901325299801066 -0.6458484976106647 -4.334316468625478 141 648.1207871437073 2391 -1 6.323632252339183e-06
 -10.11025722506785 0.06030062629431322 -61724000995745.91 0.08182364449212555 -65514734864.29989 0.1847176908927646 -270014.2603777196 3498.650564985898 25585.84883972413 55.18398801778989 5.504045453335507 3169.42589773786 5602 127768 1 4.169121781689348 -0.738109203027653 -5.790619265974366 -0.1660256165636351 -8.165889183746552 -0.4827922428423542 -0 -1.858734701061129 8.957566185514565 -1.693687945886273 -0.5355897813123942 144 438.1767420768738 2391 -1 1.042674935832859e-05
 -9.794088195295521 0.1157681513507414 -4586357.890005176 22437.40291778182 84136.29205873095 0.1087724914739658 -93507205.38535053 547.025619941134 806.330134641451 2.043422134710286 6.166232928959387 2894.106478851128 2575 191664 1 2.795799983996951 -0.691594243709175 1.892879739788596 -0.01461604619053067 -9.568416371193081 -1.679824639751894 -3.746351951397144 -0.5027942710685771 5.446374311855182 -1.20415818895935 0.8894348802481482 147 652.6152808666229 2391 -1 -9.37132465359965e-06
 -10.20018526118779 0.05714949077979758 -11399460419433.39 351.2517227315725 9.571069480393367 0.154339912975284 -635315.1241586694 962.956513284392 1890.414094248564 0.08459749320512738 95895193373.00275 3057.460719953312 962 191593 1 3.276082266880691 -0.1224277672086345 8.014296441345975 -1.373001128726283 3.535667003088775 -0.1543414883044694 -2.145359851101851 0.04396954724995082 -7.79090107966303 0.9901442991326537 9.225270786895244 150 641.034019947052 2391 -1 -6.700763902278138e-06
 -9.499669046712913 0.07974820569972633 -747453033.7075983 1834.6964332854 713.4962998826262 1.164301124325682 -1.625332714262248 60.07573775229574 10.80068966860499 0.08305090595708282 -2469999867.63143 3056.943708731927 2403 191626 1 4.558125292288131 -1.613523695639825 2.997854967529934 0.4797288754885125 -2.679495614163657 0.09533983309453248 -9.082372441975899 -0.981781199412282 -6.456374338687676 -0.118714971329835 -7.741637371917465 153 653.7894039154053 2391 -1 -1.874632576894959e-05
 -10.08850364896051 0.06470325484454617 -404161432687.5643 6600.886841797747 4348.222337158491 0.04344393032058818 -1.274304466765924e+19 168.13228779886 80.92832782589957 191.7274942774799 82.77415783065828 3237.906408922282 3044 191659 1 4.20859165445541 -1.338766410456479 1.467293336387954 -1.812939785638644 8.560153688871647 -0.6851744610600532 -2.113348068986868 0.04007285264797604 -8.036385065646007 -0.4107284079691187 -4.710923535128821 156 648.400768995285 2391 -1 -7.590891902273562e-06
 -10.28660088102835 0.07995755644821297 -85133662531.69055 294.4477706784171 12.50462272297877 0.3645450273500239 -588.2467880407556 36566.88335671392 3435808.806844873 105.3940549578954 19.22997933039164 3000.208052979453 4794 191657 1 3.999244208887501 -0.4449131558655629 4.018977640983465 -0.4104378937004949 -3.617089594043289 0.9336458868422968 5.27546228093301 -0.6800526593832021 -3.750779356094585 0.4666021830558638 -0.9873030267367029 159 643.4839129447937 2391 -1 1.888078168501947e-05
 -9.806233824363597 0.07718717377789255 -38648464867.90542 0.05674902797193923 -1682258217015122 0.2175537227946656 -37977.35335070833 56.86543780750596 10.89660008663648 0.3218548502284149 6043.838926173324 2991.707775573587 4261 191656 1 3.362854261507215 -1.331127209011687 2.6930391635461 -0.2111496310253758 6.412131742702343 -0.0968281424455313 -8.976130461047878 0.301909867918459 0 0.5149611638180809 -0.05438769461446036 162 648.4272570610046 2391 -1 6.009080717552204e-06
 -9.572314098202073 0.06323595073028217 -157508587934.7417 46831.85035199847 253063.272751408 0.04542985187665704 -3.377676336230143e+17 74.85036386726456 20.56597027805934 3321.30351081044 17280.00177164696 3130.514539254898 4289 127774 1 -4.379921180670775 0.4704632376398568 0.4517789382572182 0.3250508183764502 0.7075031623156347 0.7406313618161606 -9.233301712779058 0.6261258535815983 -8.219585247108421 -0.8022998990107144 -7.674969656784763 165 439.6304240226746 2391 -1 -1.690259378546085e-05
 -10.53029940984159 0.03628176296424603 -1.159019739755544e+19 1.069261174433457 1.508701042131174 0.09613259078119783 -1173286725.818656 326.9583094972309 300.629089581121 3092.747612761374 22207.69904424906 2996.069346447026 2347 191659 1 -4.634355885095627 0.7994127551611507 7.083062668888781 0.3059108340608842 -5.613688131988662 -1.996401753591082 -2.751808683054714 -0.8062932465121673 -5.265701931370629 -1.26675864576828 1.76748795746488 168 656.2717299461365 2391 -1 -1.290536374948028e-05
 15.55603589593966 53138.93394066036 3670529.163593248 1250.049317261924 96.19263235289303 0.1854897136594977 -152718.9945065763 2758.621237898918 17052.31888718442 2.134183599096489 3.307552727536041 3001.58262067865 972 191600 1 4.179540310910587 -1.770554559062995 6.213367096101948 0.2399843092569478 -9.220665393748542 -1.673331988816827 -8.32722685090013 -1.545115760779062 2.614157186246083 -1.997718525501679 -1.817835598890054 171 650.5815489292145 2391 -1 1.008899715362244e-05
 -9.730189050304929 0.0482790127991043 -4018012872070242 2905.212270132662 306.3250424882189 0.04784376659229978 -8.224899151788883e+17 13633.10660490498 427352.9783935268 1.638589900436543 13.09179311490942 3126.983016068158 911 191662 1 -4.542445201141146 -0.003513444934633023 -7.594010145065489 -1.415682001725299 8.055173826816304 0.609006177343788 -1.188438938647756 -0.8719655332816387 0 0.608061933274469 -3.681378106920855 174 644.4847309589386 2391 -1 -2.99002675227669e-06
 -9.848887163468595 0.2891310434450747 -565.4685192313673 270.9153976864274 8.794452308463544 0.3429736340398335 -739.9261905306507 205.9046780147042 106.6938292056079 13222.46939361787 174941.3065791516 3117.688401682567 1805 127772 1 -4.552203325562457 0.8717415985293302 3.340660021919997 -1.25189057842527 -6.158410546396971 -0.6738869692012024 -5.353293770081835 -1.307138842658613 -7.953111439761962 -1.992551081290755 0 177 439.776111125946 2391 -1 1.577010560585915e-05
 -9.663132948948853 0.1855461181730286 -10319.99276270474 1619.734766877996 422.644528570937 0.2284391654717564 -7515.945481299694 102.0866828687926 33.54085788054415 0.07405081182747261 1116925551454.715 2889.445354227626 2268 191584 1 3.97284677864226 -0.8209377101461168 -2.077988752033609 -0.3722768843979889 5.611415065575038 -0.9975877274535039 3.24187576062081 -1.353609375173056 -5.953646917592839 -1.381306617706725 -9.89297129779993 180 659.4519000053406 2391 -1 -1.005135919774538e-05
 -10.19322918034646 0.08497503147886043 -6611227671.176289 0.09550341798055217 2100998752.587501 0.1939197682541119 -185172.7800463405 8125.009300050295 153896.5675900786 1.004225782386553 18.9337222959428 3281.837617281568 2533 191663 1 -3.771091379438558 0.2815864761307996 9.620796762972075 -1.053100597599982 -1.458138474345699 -0.9501191877520556 -6.336754107211652 0.3432334513036674 -2.889714250113179 -1.302516660140089 0.5692104624073933 183 653.1951129436493 2391 -1 9.475351088130914e-06
 -10.26886380117862 0.1367330996764665 -1262808.905661478 0.899691319416278 1.334167999924331 0.2803134487926615 -1828.765514677838 338.3536844605465 275.8123306177145 0.0513680998034446 1.947550386133543e+17 3067.338102790633 948 191635 1 4.194528455547712 -0.6171682171944335 1.903548743804226 -1.326059787002873 0 -1.581307841201817 9.848642341447276 -1.026554955451543 8.278649786737871 -0.9054296998935332 0.1068466130806627 186 649.2483479976654 2391 -1 6.387499504756964e-07
 -10.17038171275868 0.08621065720464688 -3700354663.887921 0.2071842848548114 8647.256415565731 0.2247775910797265 -20185.41674139955 214.3093992602901 102.063549821462 1.386043387174821 5.049752475005844 3209.663063201286 3539 191605 1 4.490277969579807 -0.2772946090294672 -2.219943219594017 -0.8463621573396729 6.643302712428795 0.3902072406230084 0.6870731917457187 0.0358933352369246 -3.896819930025023 0.8164735264950589 0 189 655.8745400905609 2391 -1 3.882855786143012e-06
 -10.38427939281558 0.1111259133747423 -3590915.735045463 329.3890781994782 8.545561197150597 0.4683433494932867 -51.50039554920751 138.674948656177 53.67808555185459 1.991547432972475 5.47437289443401 3095.846011096994 2649 191647 1 -4.674786983547187 -1.390647794603847 -9.788762881263963 -0.6690066001760151 -0 -0.2662209537912386 8.777492517085678 -0.2378843348527653 -4.060654386776513 -0.4285520069227271 0 192 649.4846980571747 2391 -1 -2.055786186197789e-05
 -10.00389228096903 0.05022785897462069 -3.683471166954629e+16 0.228523235053027 -4576.856629461898 0.06767491135406639 -86900078613436.59 48.70546703239352 9.134235778251551 4187.689239570132 23521.24181986402 3247.060864924282 4117 127738 1 -3.670777744674185 0.1112335752694675 9.475228022717094 -1.948102453270672 6.500794668089575 0.5273268335171419 -1.266861870104556 0.2971201843288655 3.422545105289276 -0.1771789677549975 -0.3105565477815868 195 440.3380279541016 2391 -1 1.265351732122651e-05
 -10.27623688410958 0.1094836815945963 -30582435.49171567 869.4353024227515 71.92560351223042 0.4322756269453858 -94.00812537881447 130.0537135682649 52.5939567765181 1.439006520059404 8.955117688400767 2910.746839642298 2698 191658 1 -4.150884853554182 -1.293090671080058 -8.154352331070744 0.6718190806976877 -4.705630144514771 -0.2522027010852614 -0.2193281218375889 -1.383459261805513 -9.368423506405094 0.8559303979133839 9.618472341214286 198 652.1689591407776 2391 -1 4.271182174290027e-06
 -9.604743145950318 0.06316877671417344 -442957606821.1422 71085.96707873656 928894.9064207145 0.5106118997044674 -35.5883706098597 26592.38384495021 1677590.166611695 73.21490589488555 14.94065481547135 3228.974239652012 2606 191659 1 -4.006568405144031 -1.793923774601113 8.762145323087081 -1.723062186994158 1.774970138215652 -1.470706651453455 5.491115178261738 0.3903452690775921 2.52371525528585 0.1916636602465243 3.142076972246977 201 650.6178300380707 2391 -1 -1.117754109389091e-05
 -10.11653983012314 0.1153045990980562 -25649693.08200786 40669.26994984045 133216.9357784743 0.1139097967429036 -316182248.2814251 98.2624089355522 26.83563651404012 7741.913327241865 152468.2410833445 3064.221295070247 2995 191660 1 4.634859650469892 -1.796638577414424 -6.174833152574256 0.6353067481844459 -6.730960180540019 -0.3923519798938626 3.448757872514633 0.5650642052553487 -0.5623586782361336 -1.623921323369345 -1.179768808585519 204 645.0859501361847 2391 -1 1.174668653004297e-05
 -9.864874898275314 0.0714524376443909 -28177573793.87847 0.1093909898651322 30821488.15119778 0.1950022158576546 -32256.66755820337 62.78008389955843 16.06317953113264 18126.78045220735 738020.5214357796 2947.59168202307 3609 191661 1 4.276207757489431 0.4207480646855792 -6.749341867912676 -0.3436764781807762 0.2137299142649671 -1.153979229771762 0.568558269238753 -0.05864022634453028 -8.934516569588085 -0.7868725027625302 -8.663665382911065 207 644.3878078460693 2391 -1 -1.071235230616671e-05
 -10.42491359650426 0.08464059386851938 -23151302178.15117 187.3502641405187 4.173470140848719 0.2396802897189565 -22062.50303293071 38317.94140976511 3372176.702065193 25013.78064708014 740373.6208818386 2907.727794484024 3565 191662 1 -3.789278636506982 0.1976955314525241 -7.697128017839155 -1.908610917507152 4.165715226126008 -0.4042032215618878 3.051951602573129 -0.2563565682802836 3.977896438227344 -1.755314114533821 -9.16067524333338 210 655.2544040679932 2391 -1 1.610565000225131e-05
 -10.60025651847461 0.1310316547810336 -1587082.557372169 0.3257638178216272 -149.9559769848279 0.08281867143598545 -93311509885.90248 1817.13890114299 6803.981799843568 1.301149503868656 9.827297418323139 2973.590026440118 437 191650 1 2.732636577970891 -1.459736944937607 -5.758897809446249 0.05413397676938112 -3.494507631612574 -0.7838102609203883 -2.719110407191989 0.0503163706173293 5.260666685070292 0.4992138571969145 -4.223724834089 213 652.2036461830139 2391 -1 -1.442730727097408e-06
 -10.33072527723684 0.161634958601822 -32050.47869532861 19242.90331297339 -21453.08277873458 0.2538098444796394 -3712.008074087376 3.13862948153538 2.017739796482159 0.2651421339638853 29450.88322853795 3162.381774577964 2723 191663 1 4.192732281817418 -1.91434438798303 -1.812932968189818 -0.2565911959690589 8.996868563059836 -1.289215862866589 -3.067492342557588 0.04692508140350197 4.298594235547936 -1.34943373395422 -0.9893519384931935 216 657.855996131897 2391 -1 -1.011658987370872e-05
 -9.570495490815365 0.05665286910929365 -289252155094058.1 5626.393884448604 964.7687584486056 0.3092329630671281 -1878.947309971017 1028.218636844752 2811.576807374806 38.82475032286014 2.945239593776665 3148.5076007949 3071 127734 1 -3.883718401434425 0.671089688273097 5.539032779967781 0.241426347707562 0.06757458315150933 -0.7370388007600095 0.5730861386671204 0.5484066247588402 1.674426817606657 -1.503635966352707 -0.3828718323665901 219 440.3738760948181 2391 -1 1.028678731654502e-05
 -9.438262226587851 0.09525994313806183 -4701118.909600468 5844.478044628284 2613.857716379874 0.4693129171108151 -34.14955556823504 6.31940667430011 1.426375182868994 1405.364605500201 1948.831135534063 3236.672507974459 733 191578 1 3.475384747682186 -1.472519149327524 7.850789530598897 -1.294881866515664 6.417233398361061 0.5084219869678623 -4.866877187189898 -1.848013625486452 1.101286828920721 -0.1284622697788942 -0 222 652.230064868927 2391 -1 -3.872443855684734e-05
 -10.05421534583833 0.1320911209139853 -1073424.900749926 2737.748445617314 1413.07665095483 0.1027011136647024 -345273552.9765101 1633.065730016193 6788.293002985304 67.25059443008153 -1.123819001792866 3231.301642885788 968 127716 1 -4.391679108792412 -0.03097117491471477 -9.249740595634407 0.7529483201642595 -1.251879409593283 -1.035329923635008 0 -1.823783115024129 -1.313006618124741 -0.699837542789254 -3.576066633366247 225 441.3737058639526 2391 -1 -5.788145866890655e-06
 -9.897455373342751 0.04702439136483723 -2459449372405300 53626.00645495023 251833.3626227708 0.04196440639947608 -3.216221265177059e+19 93.38896144488241 21.76034415748386 0.7914846006755822 73.71356243665902 3198.120523461791 660 127528 1 -4.58258027216465 -0.1833041458392204 -0 0.7136886708784158 -0.7443621158221081 -0.07257155179505048 4.817338764209896 -1.418740693011427 4.349226815455057 -1.042900276361383 4.265961682306272 228 439.531800031662 2391 -1 -9.894780680999488e-06
 -10.2329397246327 0.08364058107101248 -12579170412.82826 5.942850945381134 0.03399061211778889 0.3127329376938191 -1256.018293395818 38.89790013917614 5.537096278626906 37055.26381156741 2374576.127307998 3120.254369574229 2029 127664 1 -4.6559063167532 -0.3223559807753347 4.864763322614273 -0.5477476288090308 6.2752461915121 0.2096644393852585 -9.326566274636454 0.2041878515246784 9.791155101506371 0.6891874469696049 -1.070434009115631 231 439.4688510894775 2391 -1 9.007211530026468e-06
 -9.714704593183274 0.05443860282694957 -146597802035913.4 2.396076692512271 0.1795553153278093 0.1653408747320133 -611073.0463887824 110.9525453806346 33.47778158983156 120.2878046881372 -0.6381146878091976 3104.814310216992 3525 207632 1 4.012480986925348 -0.9966993858230424 6.181893910812826 0.1053784643633637 -6.845339608450454 0.3023093732467736 3.839472689787893 0.2622615976724462 -4.325204642261212 -0.07034118253825916 8.742332165847499 234 708.3891930580139 2391 -1 -2.385671000659981e-07
 -9.805127274237398 0.05336493096580301 -282089385789.8158 5.596499125868585 0.06773708200991897 0.09623567223240689 -93950550.48077199 521.2524659866809 667.3145979503511 54312.18757763948 4200159.388318582 3144.503222769013 1886 127769 1 4.533223745494261 -1.989796575922124 -0.2736036535167221 -1.698665660148386 -4.038890460265415 -1.800158117406629 9.866045186293126 -1.489748629755425 -6.525684497344281 -1.90521941839992 -7.372426950885616 237 436.7156600952148 2391 -1 -3.449011052461088e-05
 -9.549072458998102 0.05234805109843562 -645953631769469.5 19448.20102733155 34880.92409203073 0.05360646006695267 -1.849378526035889e+16 430.2974475437547 464.7715432468507 2499.154917523395 21488.01100919166 3215.552450158887 3457 191657 1 -4.269052170411044 -0.2826915420741064 5.921497624453815 0.6231806045213526 6.964942937387618 -1.625736055903999 -3.239160580327821 -1.751944244540882 0.5391945354197443 0.5784942028157101 0 240 651.7148342132568 2391 -1 9.348934765026814e-07
 -10.32884851643549 0.0843515820503649 -1720840420.668101 53299.78186868248 1315660.521768015 67.73993430500902 -3.372738886549646 112.5644961643975 30.21416711620787 0.09665718342612158 6415832094.365065 3090.000325383857 3824 191651 1 4.664256409337355 -1.139970861662874 0 -1.221771233787686 3.913244545662126 0.9848078583495153 0.318992701359881 0.8030306820874733 0 -1.76452663300654 2.294858973992171 243 658.6087391376495 2391 -1 -4.821425335396086e-06
 -10.41015511271617 0.1351415897572175 -1356306.662054612 0.062899103375103 67476816718264.98 0.127860374989086 -31550218.10151164 59353.14125381109 7314892.304129717 0.1900358033590581 1153338.716921799 3039.931328647864 3097 191658 1 4.655328012006454 -0.9155069024389384 -4.172285639448084 -1.905747090404724 -7.978053840720456 0.4835507843642075 5.562951780035279 -0.5961028623451021 -0.379755252939785 -0.8414807503432931 -0.04304396586945058 246 654.6663618087769 2391 -1 1.946461966752446e-06
 -10.01670695701479 0.09404621513584585 -398905356.096917 0.05186828284495858 -8400067066834984 0.04987616128648133 -3.072270163340672e+17 11299.55701756567 307851.1382682598 3.636653373407349 2.696553023266001 3227.597573433086 3329 191637 1 -4.620549058913569 -1.409924018964762 1.135307995524665 -0.669023879494917 -3.540719403207117 -1.418599823960417 -9.640925938946017 -1.490868240833697 -5.229216007761426 -1.533634539843298 0 249 647.2862079143524 2391 -1 -6.078189987861797e-07
 -9.701273775093318 0.1649685350798375 -140011.7494774195 3928.228266740234 2169.24244272896 0.1825881726695552 -292653.5483462 495.0929087072073 602.5428136013386 2875.452570467982 -662.0701121966187 2987.612048851872 1660 191660 1 -4.677928378100922 0.8591510163146503 4.815185904252488 -1.392452244638221 -3.778058970220438 -0.1932595145782798 -6.101341284996137 -1.429436676651392 7.096352799117534 -1.246039886091371 -8.14389781242391 252 644.2972071170807 2391 -1 1.56144483414785e-05
 -9.645877022582599 0.06377615749608863 -315512675927.9114 2.629416065907309 0.1399895021532471 0.4984346066137681 -37.28138617689201 8276.166660066303 142405.2724842331 33.38216441364312 3.047224182743737 2895.416415827401 3948 191633 1 4.273564899215891 -0.3082443301128528 -8.556189992749681 -1.502121144121335 -8.519953684233164 -1.687444224319575 5.970138736017034 -1.411405251185916 -0.8028900074264183 -1.399079277735512 -0 255 653.0524392127991 2391 -1 -1.027216826225795e-05
 -9.299006764785901 0.05224764754331632 -2.085326986936822e+16 0.1067859401186086 570363505.0295485 0.08056299235692185 -1353051074053.68 211.5399622377967 104.471164469281 395.7903258509045 535.5041632583492 2975.765509991661 1886 191660 1 -4.654504223899089 -1.147115494841167 0 -0.7905639949611363 0.8117557771551365 -0.3938356605512165 -6.68090213707262 -1.988367222383526 -4.412311871404651 -1.022635659239427 4.860239566347945 258 651.3777899742126 2391 -1 1.877316726151872e-05
 -9.540388562846331 0.04251350787507227 -3.200629438090988e+18 8.551605926068547 0.1265160401463636 0.3955167160105104 -269.1460306731783 7559.55492877501 134698.4755809496 1.324591824999213 19.01936820847205 3055.144854726312 3385 191628 1 -4.257628594131895 -1.64568965241358 -8.594218876038301 -0.4467131771938525 -6.056436033799288 -1.01077741669654 7.563354147823052 -0.7615425549567583 -5.819597313205493 -0.2281335337810174 -7.455994728943397 261 650.3761539459229 2391 -1 6.668841692970272e-06
 -10.14546111409382 0.07142406226399869 -65999644811.19602 0.170861769004626 -45440.26698300751 0.1078444722101665 -248426050.4322684 107.3559801204737 36.2462239279166 4.612889515896631 1.349780493129863 2964.575166248339 1514 127775 1 4.518069627145181 -1.683515144022215 3.825457858847357 -1.848232831928965 -6.913726273998698 0.7802686933685692 0 0.6771314653411311 4.684570457429552 0.5907046039744572 5.137343811916686 264 434.4461419582367 2391 -1 -4.98305956100709e-06
 -9.410801412333294 0.1102101074865385 -78585153.55743778 1702.757425689185 464.0033788777997 0.4207914440251063 -269.3782308498627 644.4413710964977 1178.299438915552 0.4480081633260468 889.7084813808541 3184.979577257635 4348 191652 1 -4.05650121842322 -1.106961263210067 1.207147026467466 0.1391231652167692 9.858475665491389 -0.1066418375397973 6.764848116854998 -1.746237111989045 7.523979153926486 -1.207251096540516 -0 267 652.8535070419312 2391 -1 1.443747460156897e-05
 -10.35985745538935 0.05263301044087723 -1210607998092009 18.61172294868926 0.1420625631971221 0.2020314669737589 -96495.61689599106 895.0796921913237 1906.144426897775 540.1226879597602 284.8119733188641 3028.316822002 2153 191657 1 4.552132847323318 -0.9358141741286996 -1.748737101697416 -0.2737518618829853 -5.126666501728988 -0.3002800973680345 8.470405677530731 -0.8184002224429996 2.238073688034437 0.8955856723428344 3.141154078413068 270 652.4138050079346 2391 -1 2.294241107092069e-06
 -9.75011150424848 0.09321266139921089 -181236364.5797392 1403.254922496596 312.188983169326 0.8259458323068901 -5.459834910152278 1560.733525678872 5202.66483076961 0.04957218628424322 1.309666838460404e+16 3014.864387921223 4323 191662 1 4.377266160066205 -1.781017938857303 -8.171740132824013 0.7301079789339093 5.915745722729567 -1.578894058762057 -6.616284232062897 -1.150266821827588 -5.735317258542805 -1.100752790842104 0.7365928687151171 273 648.0054800510406 2391 -1 -1.028690244947275e-05
 -9.782017521392957 0.0380420813854754 -1.750889060823848e+18 410.7821285109382 18.63880456734361 0.3172766411393362 -637.4178328684343 1793.37793561002 7595.533711326472 0.06620538225237295 19247339238097.73 3133.721102197097 2986 191661 1 4.48359725693238 -1.311100161549927 -1.041581940600941 -1.528740524958838 -0 -1.584923670844375 -7.1414833115881 -0.8536989676016749 1.507911144449061 0.8689232280113792 -1.877803061979001 276 658.1593279838562 2391 -1 -1.268976820966215e-05
 -9.943685141810844 0.05096146731967534 -1141807354873743 0.03955073624883338 9.994279906600303e+20 0.1300924434188795 -10108626.38543067 125.3869887891726 53.0712956257746 142.4408467736092 48.33761115525712 3196.364342591973 3631 127763 2 -4.684936708234466 -1.628484954466596 -7.004002206057217 -0.8230418506500143 7.461817026270637 -0.04697484341854442 8.091132012083296 -1.241503554065384 0 -0.9203350800410117 -1.814669129699249 279 441.0419929027557 2391 -1 -2.066597033828791e-06
 -10.19446918072921 0.1393100735698883 -1072200.131987428 479.3911704409729 27.64375288182894 0.3867135773300049 -226.2009130929838 1067.166910392186 2508.100030906106 0.5513439967670333 71.4297652029624 3091.781213743108 1294 191634 1 -4.648100888024327 0.05000933171560632 -7.216902030646976 -1.44530635939773 9.805684966304081 -0.02946470936934278 -4.390585947801104 -1.398354132701983 -4.993554982585934 0.9413325130867619 0.3431261537277619 282 658.3566060066223 2391 -1 3.534516374790739e-06
 -9.952862442881909 0.1156147285286173 -1816205.790179124 1317.333465362989 133.5826809981226 0.2604867599276847 -949.9707412903392 863.0444565315427 1460.299038018947 0.1633546104861946 -1825721.924503115 3124.066161727758 2030 127743 1 -4.673224249464069 -0.3931009546970348 4.690487416390665 -1.52939121569106 -0 0.9418332990077212 -8.307761382508559 -1.182498410626575 -7.532941322384636 -1.219280552120125 1.668857665281019 285 435.5718319416046 2391 -1 -1.63110351220065e-05
 -10.19755291981275 0.05610076073910941 -307726205222574.2 0.05681374327506414 4482302108353634 0.3439170057147377 -730.5553911229046 1196.429532808984 3812.109814535821 79.3289882969372 9.374521976622473 3051.333547428029 4494 191655 1 4.535224762251036 -0.9676153320664227 4.440849383299828 -1.958620788803032 9.022624885300875 -0.4414833333750252 0.4065022962516318 -1.475815448463827 6.211684465187723 -1.116098133357913 -9.500105695969363 288 648.3597030639648 2391 -1 8.333161662369226e-06
 -10.4617810026033 0.2304201721678916 -1729.508633717287 38.28934184694939 0.4631520573675029 3.070178770638354 -0.282777157619169 28688.81637521791 2016039.023535641 109.5980486981698 34.02199401249896 3044.684278036884 289 191319 1 4.322298595166204 0.1487743905423305 -7.057207757118377 0.5360389887053172 -6.779793287206592 -1.183392257812365 -5.539686689027288 -0.2167453053840483 0 -1.332430815309537 4.683041481281312 291 654.842955827713 2391 -1 -4.244311697266476e-06
 -10.10733091024033 0.08321873494738571 -81685867.9289995 0.2696040812498441 -178.0820497146044 0.2718538829921587 -1191.120221551973 83.74009544647646 21.08127695262107 48427.74879739982 2631679.30888327 3150.34572991766 5223 191662 1 -3.900310119960224 -1.263592376118387 1.994867565618604 -1.649188786170897 -5.456220958564265 -1.085528593307553 -6.636017373091446 -1.400746463066342 -3.962244480662287 0.8707162626790801 7.061137185606475 294 658.457230091095 2391 -1 -3.224972867994227e-05
 -9.859245685596191 0.03430744182437285 -4.509927735228559e+18 0.05615396902703473 16200382659250.35 0.2776489723217263 -917.8942252617179 94.13911293885914 25.27890914272127 0.2021777547864417 181242.5998526855 3100.093967057882 4633 191657 1 -4.293626357524148 -1.074093488243987 0.381485197364364 0.197577074549947 1.446919459963835 -0.1467542155024653 -5.673017747794785 -0.6871251814443928 -6.436466603490621 -0.5200999967803996 -8.528261972678056 297 655.5436840057373 2391 -1 -2.329802392197665e-05
 -9.921568022436217 0.1398651899513131 -912559.6773395817 271.9082538905084 2.311863406956775 0.07102318500624022 -9014743305154.84 34.28076216753625 7.231317470339848 2405.985636441958 21545.66173289455 3143.265815355295 1771 191392 1 -4.689861490366329 0.04790871259730925 -6.097478441803637 -0.198546240133191 -1.179071510835345 0.9721721439622675 0 -0.4596786548288616 0.6620397506151519 -1.710892483311647 -1.097791571146791 300 657.7554979324341 2391 -1 4.417064433524376e-06
 -9.718693777951387 0.1184007147474413 -2364639.605750371 346.40367480657 7.212274259850235 0.3474743677156739 -362.3275885381009 25848.48892485558 1693024.562754675 21.17329205489138 1.043171521900546 3076.541823084378 972 191629 1 4.399515541676374 0.3198989859752572 -3.105688177383265 -1.31440557318998 -2.888059206084065 -1.063846760753591 -1.57374540665957 -1.879026425216631 2.397153836777264 -1.653108153164883 -0.8760719094377172 303 648.544734954834 2391 -1 -1.537037923370661e-05
 -9.845486490863799 0.04675770575530443 -1.066048195594427e+17 2.861966838273694 0.06984613692059009 0.191552555978272 -149838.9103715947 175.8403545343527 79.61761338483232 5.8278318809825 1.370981033901506 3081.047452818069 3692 127735 1 -4.114792371589207 -1.427947449225549 5.218942586969756 -0.2055459375916993 1.165455312259484 0.2706564088708192 5.587300188077498 0.3707174220585956 5.423484273224468 -0.6911960721977115 -9.379184346794936 306 434.791953086853 2391 -1 7.867073764748115e-06
 -9.357639777244358 0.05253984528658301 -22598677420367.12 635.4031032190541 47.1279061685603 0.3344980797912583 -557.6636256769966 1445.680233339697 4287.777548108229 0.07486275770988997 370163876731.2887 3198.009667829223 4378 191656 1 4.584502897931955 -0.2819470624354316 -7.613129237950769 0.07044822796506087 -0 -1.367479840136657 -4.207044939954078 -0.7308570239441412 -1.935423845664216 -0.4677895582481223 7.942376095123612 309 642.4872369766235 2391 -1 -1.656618862965378e-05
 -9.628653087387772 0.09422376866172498 -384204827.2699577 229.6313553567117 27.63375435841552 64810.71323519231 -2194457.714307033 8755.314276320565 217972.8628936966 99660.2251837746 16856364.4277003 3028.715732429625 3389 191589 2 -4.47596869234681 -0.7048482791512747 -2.689638545742689 -1.583584990487418 -5.999761313479877 -1.680556693142726 -0.1126909195250607 -0.7518797121127285 4.647681777326786 -0.2146605613278814 0.1185360893331353 312 655.1620080471039 2391 -1 1.28877751300197e-06
 -9.573450392230406 0.07127577130282246 -10279989791.74847 66.03352616550242 1.209773485103456 0.127644062464673 -4836206.926044211 5877.211067474305 95513.64084629294 1.621520085498274 9.434968229880099 3056.668899025905 2758 191663 1 -4.669844457798671 -0.6121972618478981 3.213815767717511 -0.6903224822265939 -5.543322833050808 0.4302244877044559 0.9499785166566834 -0.01442098066863196 2.675115298154631 0.5037908436479226 -0.2776045475571749 315 648.9661660194397 2391 -1 -1.747184212526075e-05
 -10.35740570515789 0.2655731867236637 -421.2735808742063 66971.67389134642 798425.1225994159 0.1212004816433199 -23258222.07318144 63.53574036848931 14.46574681661039 4.009577724904015 1.8825745191679 3144.559316440646 3285 127773 1 -4.519938626372515 0.7320805266905892 -0.3035860098870184 -0.7043366445652932 -9.595986843504322 -1.311951417147102 -7.6095440647646 -1.924643509569723 0 0.8685370663486811 -1.512906669135643 318 435.022469997406 2391 -1 -1.289890568464345e-05
 -10.074339558637 0.103160822947737 -517347129.7304653 1.363700164911682 0.4949778753362354 0.05906370330360845 -2.815256097912426e+16 7048.913337719582 114988.3677858668 0.05287323252206429 6.773430025916661e+18 3155.170441750879 6312 191664 1 3.590589822428366 0.34686429460091 -7.156376846192048 0.4575707713182844 -6.783226758744424 -1.808841790877958 6.158592435646505 -1.919726607648704 1.827911546925593 0.6914616993130895 0.1325141005084385 321 651.5318291187286 2391 -1 1.853735678383435e-05
 -9.576050777802566 0.1267604658571483 -1523179.346046714 2.743828411371063 0.1835726755777944 0.5271938626388087 -39.62933126511701 177.1154717584933 94.74532871538392 0.5570435061113831 173.1714048962727 3122.112078829293 1915 191654 1 -4.668190081891028 -0.3103396129650395 -8.045049339158705 -0.9110677400254925 0 -1.07676701419948 -3.833949526626009 0.9762871625112362 7.124746759658706 -0.5496662895388056 1.515459931760402 324 652.4818580150604 2391 -1 -6.922633483120191e-06
 -9.969770148136929 0.08514736929418945 -1029639418.306531 56.73344211895201 0.3591033686069463 0.282363301544884 -1600.055905962166 569.6923446749411 905.342754460983 0.06130116480398377 -41954524377818.05 2912.681381345844 4673 127770 1 4.190714157448311 0.3623854391473107 -8.155899961576155 -1.027190581340085 4.741587890971051 -0.5108294236316784 -7.170219703791796 0.5333491380383482 8.717291736659543 0.8319045770278155 5.815916807570019 327 438.6813151836395 2391 -1 -7.590121045494482e-06
 -9.293407381259483 0.08246108510024459 -6923293867.627481 33369.8271257066 171507.6067816361 0.3098503789197199 -944.7622806128276 23417.57115567668 1423118.035861974 18305.39953431367 782334.3016912204 2942.576342661369 1986 191664 1 -4.648543836671936 -1.037379591438952 3.586194617076324 -0.9438807390356674 3.962070999978022 0.9579972213869037 -2.179957967720407 -1.417100672381703 7.006479433307671 0.8572621593689256 -2.925932763939345 330 655.8868560791016 2391 -1 2.041703674804069e-06
 -10.29263431341724 0.06978617978917249 -855857428186.8286 2.47729733893188 0.1429788601029507 0.4516830442208383 -86.77076988637921 2718.362512671682 12702.9083065725 308.4450020595994 47.26665537299717 2893.986547517571 2263 191619 1 4.101299107728284 -0.8220152968769412 1.487911517651735 -1.170391120103583 4.796708557162656 0.284803603382119 7.344454929799815 0.7908030324884634 4.876864677688881 -1.027752856268997 5.660070409791497 333 650.7144598960876 2391 -1 8.938536533252934e-06
 -10.01095180164571 0.08308741855417867 -9768840545.80678 732.9540961997761 41.31937669085934 0.2521412135690568 -6989.825088429202 97.17160326547854 28.44604188202326 22446.44664902546 1088834.03959916 3118.999683448826 3790 303465 1 -4.643110871199435 -1.716953192643576 1.316303209703105 -0.7087682151343682 -7.527111362770357 0.721374514473978 6.51662983063961 -1.068286388680779 5.912842693134034 -0.513671549650577 0.05813781409061125 336 1020.790170907974 2391 -1 6.310775147809337e-06
 -10.26298208713127 0.1096697710606 -72090802.39712 1.587628203374427 0.3440242855734822 0.0714075183333671 -19330507876868.52 7209.352810494191 146184.5303503846 1.137201671360245 29.77965979649841 3155.448189403 2437 191621 1 3.903191741915719 -1.083057471732525 9.24108221603846 -1.879800576364482 2.138470407303071 -1.086687673558046 -4.015962358959611 -1.667937989366951 0.7415070828577095 -0.3214396953344104 9.566230937143235 339 656.6658449172974 2391 -1 1.104482709679434e-05
 -10.12801448430181 0.04107997513001601 -2.859329733234805e+18 137.8684805868473 2.028347604544704 0.6942158831419545 -12.52228119664024 1013.693738227163 2574.721500346305 5609.847929933855 57667.67431425301 3078.583691910657 2155 191647 1 -4.380059812099299 -1.328075512332245 4.223147173976199 -0.6817572362721656 2.477752341610249 -0.4187469731935636 4.856199874707584 0.9996152327540906 -6.935654802093789 -0.1616219082305515 -1.192196450458564 342 653.4079098701477 2391 -1 7.920812061317089e-07
 -10.06065916487651 0.0694706733725441 -5600511930312.599 5094.562621743499 4342.02155297524 0.2362997394582085 -27783.83085381619 8045.488441304396 192677.7489114655 17.13943403960499 3.590731739433223 3108.793813663648 4627 191656 1 -4.56903361597985 0.6928237644214632 9.510122291563052 0.2852016753535044 -4.820926222935811 0.6796015094336565 -4.894534247119578 -1.667223501213984 1.616519001162065 0.3997851366548506 7.960881514891552 345 657.8032231330872 2391 -1 2.14898158888247e-05
 -10.38323616393572 0.06754127926779213 -77895826584.0238 90360.5332920014 1188802.755338571 0.3594503552402618 -283.5266747133696 2862.778530456383 21988.69501467437 1.748982258596679 6.257332969292538 2884.866478109786 3701 191660 1 4.622904919823688 -1.353339483635439 0 -0.4363092689599188 0.06264343960466601 -0.05312504370318651 0.02260950780988402 -0.9133067496821097 -5.201877735152465 -1.536955882692723 -4.604400150154141 348 658.0280449390411 2391 -1 -1.250969198940536e-05
 -9.824337806899266 0.1148041812466641 -1332856.749353503 0.5441260271425751 -1.494574867422615 0.0567256507497654 -56134929707669.75 353.3451887685271 330.8340190756712 1.886736146081664 5.258035336820662 3013.599140958885 1070 191627 1 4.58387499567031 -1.811631737709135 0.2532399098871938 0.4967640757112584 0 -1.507954718701672 -5.658252065223535 -1.03759324123225 -4.83262428579302 -1.595916567024746 3.02031479845148 351 647.5029480457306 2391 -1 -2.532386719517236e-05
 -9.988558291437661 0.08339086624623815 -880515862.7093282 6.935962050768552 0.0986752403924878 0.05360329437575592 -2705755035847512 89.01594931431242 22.53840432140441 80827.72491821612 11186979.33419341 3024.130213819763 1866 191587 1 4.240272785349446 -0.9574978263141398 -8.678165488469704 0.08604493115108089 6.061777384591215 0.2052545020343403 5.173689184477767 0.1780441491434956 -4.953022049730607 -0.4785524160300803 -8.555303809095422 354 655.3734920024872 2391 -1 -1.203841368926573e-05
 -9.907471455467284 0.04883714984682867 -7107476544265.889 0.8162124473045674 1.12108453884107 0.2855637574078958 -729.8020875539439 221.0493086830878 112.5476471336332 0.9509903065723172 11.84304021766523 3218.353308808008 3989 191650 1 -4.497426789567849 -1.190978437247076 -3.265304665243191 -0.9192609864638435 -3.807070493086615 -0.3969383878105273 1.351849792519322 0.3414802503384982 3.155705327590746 -1.708087705333305 8.636339921589416 357 661.0753700733185 2391 -1 -3.183447953680382e-05
 -10.41892512708509 0.1054718566166334 -62629030.29216604 1591.054541507257 281.1403817427799 0.224162874449164 -12512.46091346187 42372.89612477909 4865023.861719507 6820.922881219947 91566.06941626451 3231.264132778531 4209 191664 1 4.650458976800419 -0.5898561620853755 3.122932100727491 -1.74409277859783 -4.313658328402258 -1.753379784448407 3.752274050717176 0.3443173804528188 -7.387093086208113 -0.7922880264517183 4.13265157076586 360 650.5065109729767 2391 -1 -5.335176073547456e-07
 -10.30031793638272 0.06375812667085418 -11032339643649.45 1978.425969391724 785.5038181111806 1.181568440506227 -2.921772678974127 162.3061850210257 85.36136572943352 285.9984311000112 77.36135482310982 3278.151817008639 4500 191661 1 4.352085008133028 -1.470498652860837 0 -0.05838901911240862 1.132902545688317 -1.336593684117007 -7.461256431598846 -0.2183981607867329 8.98535958995074 -0.08737897728841036 3.392118099405182 363 652.3514671325684 2391 -1 1.204532258592163e-05
 -9.64441588115414 0.0583543608529281 -198916669336096.1 187.6363343940163 3.764336113833689 0.1315953770575253 -36326156.44290975 921.6368767058055 2646.580751663177 1.951545568936957 6.427846933120091 3035.78696981762 676 191616 1 -3.97705702117854 -1.899475720959868 -8.307467830098227 -1.033345465481894 -2.334309689361397 0.1216928195217206 -0 -0.8634399714617746 9.72308091040192 -0.5955724677966439 -1.348825122908101 366 651.5239360332489 2391 -1 1.365205544393495e-05
 -10.0392968375154 0.1058706998927426 -66914292.54697302 172.0123060862975 6.319135615270535 0.340344654173338 -281.2589861478803 872.6369628863072 1692.172614576291 1.506251389769073 7.806641302513729 3155.157944762016 1241 191655 1 -4.442840768799786 -1.68402635775497 5.312976500487046 0.9482854997711208 3.570000446696143 -1.807569460235584 -4.635538318861764 0.001019224941545732 0.2733955491871507 0.09278502622248122 -0.5576907009950585 369 653.1702950000763 2391 -1 5.059931265466453e-06
 -0.6264761521099724 23360.43459873672 269529.8941326204 4445.788277223065 2425.793721368871 0.07690942401173129 -968208392723.6489 92.87923368483533 28.12205695771762 5595.421113019152 14896.50071492366 3222.475415190485 299 190468 1 3.948164379087911 -1.538932134491938 -8.583045740672729 -0.7299286497763218 9.381218763633839 -0.3799751544313761 -1.942495236532597 0.9094917755132883 -3.224511345789705 -1.775040901715368 3.898757866698922 372 654.6717209815979 2391 -1 3.330518664319697e-06
 -10.38165569247383 0.04643510171285775 -1.655085204693304e+18 2.143039245009038 0.07481113325482111 0.277933507520048 -3814.360337146517 9743.352550316033 189275.4808417416 0.3575050822340599 6205.058975375946 3119.067638534981 2820 127750 1 -4.2171531143776 0.2490578799745155 4.0080924971908 -1.391382212192198 2.761772839288251 -1.652282055088519 -8.485356932983757 0.4038601740845199 -0.607125754928286 -1.483784318845824 -8.272486134035946 375 431.487811088562 2391 -1 1.95355900765679e-05
 -10.40635900991898 0.09695839654650852 -105898058.5449451 1.479760761170501 0.4572439045845749 0.062762960171452 -51533198271869.99 7941.226769335297 133929.9956500459 0.04032048452757965 9.998292408001171e+20 3169.696241107067 3970 191655 2 -3.747941036321734 -1.122580889545557 -3.759537799003335 0.1575133732466418 -5.196914604640525 -1.116033080262573 -0.6030370383279973 -0.5245941883708483 -7.423854877385988 0.3584209511433358 -8.749643779715887 378 643.7556180953979 2391 -1 -6.860228792108332e-06
 -10.0139163984957 0.06254303342290715 -870269080556.4325 1.924305324191866 0.2122235309849241 0.07061260474056716 -985868779390.6727 11902.11897963434 365622.7596579955 1.170397052815525 18.59475013739546 3027.111890710457 4751 191664 1 4.50863147126129 -1.642204865063555 1.306432175407962 -1.320721058697323 3.617478854552638 -0.100161628303205 -9.904825680672189 -0.2863551959706925 7.993732799734513 -1.646411320172843 -2.878772798100383 381 656.8472249507904 2391 -1 -9.00024139527861e-06
 -10.2034844082931 0.08986819066361593 -1170829199.711764 6.529742875156675 0.1294979381757359 1.139281841278583 -2.645827680340178 1832.4064031135 8438.144419555785 72420.73668820411 5075225.226219166 3159.010768582795 3346 191638 1 4.239101287708735 -1.452098929033668 0 -1.882091780918708 -1.323166866140289 0.02856973641690351 2.070047233636431 -0.06175667847708246 0.4100207128558231 0.01141413972829408 -6.515485082370975 384 657.9587399959564 2391 -1 1.742446463599836e-06
 -9.370016348185615 0.04961024067639325 -465804405179708.1 23344.16816572775 75041.59287264134 0.0702359038582431 -2109618925337.933 14911.70862806772 541475.4394223705 0.1048556675919159 2043656618.683095 3010.350088885646 5701 303468 1 4.696035489790319 0.652619389749856 -6.928682525506217 -0.3192326443316987 0 0.6523920702488403 8.743635722002201 -1.884765487607642 1.116255371423917 0.8154997295000728 -5.339678063197006 387 1026.872442960739 2391 -1 -9.464898200797382e-06
 -10.7749736418689 0.08872337340873332 -206990410.0852489 1079.877071036436 18.72094183162134 0.1771758569451373 -114040.1694325481 50868.68724297873 6146682.027849828 22334.19233272553 1118091.929646556 3034.986557270557 963 191537 1 4.087822938802273 -1.521294061316959 -9.68949945679776 0.7288153261159698 8.022978901479034 -0.01326682610672684 3.681911050726358 -0.9910611648389018 1.149018970887024 -0.3583037662014466 0 390 648.8309171199799 2391 -1 -1.471080677480734e-05
 -9.660772100061928 0.1009076591571215 -1005072605.039248 0.07275797101049757 26238490265761.2 0.1294488989021139 -66580205.97244497 89.34912074026033 23.94224414201845 3.08819535385873 0.9629677061016269 3134.97196402276 1741 191554 1 4.665566761225486 -1.17946375006311 -8.216814974245352 -0.5361782849644339 -8.999637504075128 0.2608679878234215 -7.920799686311206 -0.4107832797635603 1.456775841939769 -1.564007816515276 0 393 650.8744189739227 2391 -1 2.310260415768302e-05
 -10.3975754347377 0.07053144368900059 -50686542791.8465 69.60958290837357 0.8096072165959378 0.6529237608736861 -9.982449185706567 195.6091386125011 100.3682370440178 25402.01932114871 1781795.614316897 3222.053974406813 2789 191657 1 4.35336562003434 -0.169604827335947 0 0.08859228847963589 -0.1571333754093289 0.1348039319643304 3.3325343870094 -0.05363442173176127 0 -0.5201309982046967 2.050234965025441 396 644.4119279384613 2391 -1 -8.118812337971525e-06
 -10.34128252276876 0.05529177993976772 -1499124526159816 0.1252447243648283 21749528.11700397 0.3291630813237322 -1544.596524065659 2804.332038910038 20003.90182816495 203.9145929573086 157.9188579361781 3234.771939347675 4321 127764 1 4.678566941966544 0.6640982827020228 -2.748093509936105 0.9566060486248835 -3.395239679320933 0.5064174343577785 -4.956081371532586 -0.2926081936019074 -4.140734366102799 -1.913539620221293 -5.411471385783462 399 438.0236010551453 2391 -1 1.489692541461442e-05
 -9.680257898775874 0.0529625617376418 -243131881321946.8 3.419489481098268 0.1093501489263902 0.1416682480348255 -3555055.149217243 222.3061401714868 136.1393195809732 0.1091574679896914 1819871303.900065 3022.044749933784 1455 191639 1 -4.566289642651777 0.2200309671497341 -1.992749273186393 0.04634484291637352 -0.2983215980357179 0.3866394947476808 -0.5137722758278862 -1.907760965179912 6.136812877245686 -1.203162055616618 -3.494327688732874 402 650.2483770847321 2391 -1 -3.387753507868791e-06
 -9.551846044103259 0.06245976848349776 -38821353348242.27 3.552924498088214 0.141004553715127 0.04464069641629548 -3.278913211348114e+20 16768.59285458879 593071.3308467024 51313.73689285515 1109620.9078889 3061.068936996653 4674 191661 1 -4.554122460095977 -0.1159737174620084 -9.179806069088535 0.485131428601941 2.873224558704317 -0.1420211554567512 -1.811421723939546 0.2929833014636261 -8.143648477470789 -1.949558663974642 1.450922866999898 405 651.6617901325226 2391 -1 1.480805255928135e-05
 -9.830105272926474 0.1685171054031838 -46260.9061873098 2.428317336531774 0.1882229316762943 0.2131368602434147 -58207.17822184291 173.9358336579537 72.96117874457178 14309.75700254665 392682.1196377049 3546.30891041637 664 191590 1 4.601634783760495 -0.7408475674897712 -0 -0.2256427079413613 6.947502198264557 -1.084110191606474 -2.457163989573137 0.758188157423521 0 -0.6440800095095085 9.705297882526324 408 654.2970798015594 2391 -1 8.646588633508118e-06
 -9.905008708586875 0.07653281062322585 -36531267306.96391 122.4388951829818 1.280542972659493 0.04508730446572889 -6.966977126941508e+19 109.9713616353403 38.38024877843201 6.746584637120307 2.35127623470979 3137.127453760315 2587 191642 1 3.749651367201296 -0.440140282996861 -0.4970704319713168 0.3182266932139126 -9.941396653897879 -0.8652075393138379 -2.034193464215523 -0.463578441043758 -1.008877580051757 -1.321753843653928 -0 411 653.3928241729736 2391 -1 5.258259389825111e-06
 -10.21620693332037 0.1261406442833025 -10594543.16124683 1.412858460679949 0.6522222355963863 0.1887427490710007 -242827.7033922389 360.5469788900729 407.9840235418208 744.5232959015661 786.7827872307154 2881.015160994732 3121 127709 1 -4.210884596304494 0.9168467026160023 8.386069421988276 0.9847511635232911 0 0.8816131580102073 0 -0.4505546070784182 0.1598909758426243 -1.235846642982991 0 414 439.3065209388733 2391 -1 1.66160960506493e-05
 -10.0066823223234 0.06689332613585947 -4589884075612.33 27703.26696115533 108896.0317202702 0.3986356903625804 -291.0480402587721 97.2760581612405 30.1946506969137 1.287812890254464 14.27929640133195 3160.353958396043 4232 191652 1 -4.106095633546767 0.007147519181706295 5.5371673680298 0.34651777823911 5.214439134495885 -1.632304223909619 -6.911428492790183 -1.505045101012133 8.546221364819171 0.6637151872427607 2.521498001025419 417 654.0439839363098 2391 -1 1.415474157013967e-05
 -9.781906602028013 0.069192761429237 -434504682869.5034 0.606992614336755 9.402009796282494 0.5232297708751146 -57.67513030311202 1412.413152457931 4302.550940599342 0.1309774282431383 93413222.89559068 2967.721836712637 2138 191656 1 -4.029633867680841 -0.2635781865687124 9.323153051859938 0.7898870598702676 -1.427449167498215 -0.001691135672729174 6.586456941709804 -0.1483537626049696 0.4193843773044419 -0.3802839362482305 -7.554657480216429 420 641.6831920146942 2391 -1 5.514031590421144e-06
 -10.47387053541264 0.2258540567342615 -962.1099171539148 192.463813638432 5.859622254197012 0.2551225794503117 -2915.406398006362 55.04010309619419 9.49299133527729 1.388194796332207 2.793079982616977 2989.417649843695 1323 191651 1 4.193892997290273 0.3819296384769508 8.975962054661061 -0.204283283037352 1.824887730844155 -0.7587022036585562 -3.515716297515743 0.8952555127585589 -0.2847126938333564 -1.694109828496376 -5.536839175021097 423 653.2283129692078 2391 -1 -1.121089249054e-05
 -10.17261661636469 0.1083417303830235 -16060082.14019337 618.8651080204493 50.33918789636454 0.3783128823557105 -243.8072189517569 152.7192934036717 75.72294042890063 300.3615374173652 135.8499159768386 3150.292448029306 3918 191636 1 -4.46332469392769 -0.9958959237795231 -1.110650192222487 0.8196215224386831 -1.492628906680822 -0.4723155825891219 -0.8975560914956144 -1.576490465974478 -7.659967390406182 -1.307147401671036 -0.06424240934359826 426 643.2113478183746 2391 -1 -9.236397980397597e-06
 -10.64740667536329 0.1670747276173073 -139458.9291777836 0.06071389828579143 2546446605134006 0.133748621201882 -41444435.01845186 62.19694291106892 11.67958966370871 3.699311831000193 2.151125593494868 2965.802321120895 1074 191556 1 -3.935235667786505 -1.42807357511341 -4.010296410438064 -0.4366374820392762 -6.05724435962851 0.9520745309325847 1.034986871678735 -1.91063920489364 0 0.5948403968199116 -7.291347655445263 429 651.8954129219055 2391 -1 1.742210623842763e-05
 -9.899890023888572 0.1351370068728341 -616460.9919589127 1.797692792591344 0.0972563728262069 0.4958045223067111 -44.1332101513483 20032.42556848321 1097514.853057175 24325.35184933556 761196.2740987929 2861.094467002254 1969 191634 1 4.439425877077761 -0.5986432960235142 2.255132250843252 -0.954445876675976 -0.8970363661329106 -0.4132294165353426 8.666477867861889 -0.4529231049242446 -4.487313380999864 -0.03817747724220768 9.564215727956942 432 652.8300499916077 2391 -1 -1.031306607012892e-06
 -10.05038628723481 0.08274564350378243 -14259928803.73679 1257.352811123863 114.6820783629881 0.2322767042091081 -24177.06933388468 140.5858412930274 55.0639151802803 0.8630608595563765 50.09525415146458 3085.616586201705 505 191661 1 -4.574409868657312 -0.5562976983970147 0.1875238201518203 -0.3609520993600138 -2.752284724571756 -0.08792656913283284 -3.868416203359547 -0.8934435110061107 9.069481451292027 -0.4139530633752813 7.748976781949123 435 655.6940770149231 2391 -1 8.786737758711897e-06
 -9.381270527862384 0.05558309885481791 -40548856169065.04 9202.890972142921 4689.234559486837 0.3194230637518328 -923.5748944380045 47.9984515112921 7.789527090782158 46741.03815632703 3944847.460600514 3025.518701481009 5274 191653 1 -4.589676646883629 0.5537021535920577 1.131275669710801 0.8189893787966533 7.689258898282016 0.09755567167240198 -3.495711058976861 0.972618093140146 6.829090422484516 -1.938086628312605 2.273158694556373 438 652.4778771400452 2391 -1 -5.772371191779171e-06
 -9.12499915240646 0.05099033538451647 -1.41194999156418e+16 2.485320706638019 0.1592488815958956 0.1305948953356847 -37264048.08087135 641.559619799493 1009.889353203433 0.2900167892410278 22911.29632625664 3116.733943267815 5691 191653 1 -3.93454486795261 0.2803707490322935 -7.733819940986141 -0.8692067701592476 -3.009465091163234 0.2579810541750546 8.784056718086626 -0.2355789179983017 4.653590063352751 0.5243822329365875 0 441 654.1002089977264 2391 -1 1.364371180295364e-05
 -10.19010229872585 0.0461872538972142 -7.435352604463854e+16 4786.042164866521 2258.314611407132 0.4218711602413088 -107.4613195114945 667.091795668905 1033.280488360615 6438.320671369819 42582.15725586274 2932.922615217319 2581 191626 1 4.623844824378631 -0.4986822169006349 1.730917467354665 0.8878095098000913 6.33550836742185 0.7997974044188352 2.690406764116693 -1.277524895169024 3.803681519427742 0.5427550980563982 7.80634312257588 444 656.6452341079712 2391 -1 4.113164772650849e-06
 -10.10223569402541 0.05373566392157691 -22970366962182.62 1244.517113816524 114.4409513843793 0.2379387557902324 -7744.989813383138 135.7626071492828 51.86383912172325 1.44647142583353 10.97778834264559 3080.06977115472 3646 127774 1 4.57331197745507 -1.266171639649901 7.722327100613079 0.9316309623795948 -4.117039787278763 0.8062667123975507 0.5453982938181645 -0.9005707445654592 0 0.5745286506582983 -0.3467644022894665 447 436.4692618846893 2391 -1 -1.207965847470489e-05
 -10.47748934027353 0.1247206488105934 -5752294.261377165 151.9365692052323 8.345852790058641 42288.07987431357 -606098.4926331925 349.1695003773547 275.5049157603248 1.776088226433332 5.534034710268439 3182.937939331417 313 189502 1 3.866169422118313 0.5263924659389936 -9.418861676415087 0.5984059066577676 -6.52217552977839 -0.7745057325434948 -3.530888466530879 -0.04631145588817456 -8.185943344905994 -1.282216882950526 -1.448617655135988 450 655.2236909866333 2391 -1 1.996489581476507e-06
 -10.70546932582491 0.1549258184429881 -66773.57050942781 0.785545928897346 1.68675672673481 0.4020843983324915 -132.980427899949 81.0407256699618 20.21348307112003 2.063810611321449 7.59718687669121 3016.059832268781 1337 191594 1 4.610636273030868 -1.49880062892558 5.285333777721112 -0.2391363627569252 4.62346688251848 -0.1327906514072561 -2.711034653272964 -0.3835766412011994 -8.044711149405076 -1.189651392539753 -7.085539255648781 453 655.9364879131317 2391 -1 -1.545566815706702e-05
 -9.905191683068665 0.070405566774637 -22357413282.70068 0.03645602627977759 9.942373996886287e+20 0.2068356771401206 -20032.27624219378 26456.39832458812 1701232.081042922 1.086100257349359 28.21573014637839 3173.055953014711 2875 191649 2 4.315470242996287 -0.9100388980564135 6.452897633928424 -0.5131675759234149 -0.09090182585315887 -1.921148932088314 -9.234943264921522 0.4292463616108408 -5.480632347566588 -1.112244173785668 -7.07108076583407 456 650.7835009098053 2391 -1 -1.358249349757245e-05
 -10.27973629310556 0.0797053155330771 -2432273850.696414 29214.95511100587 59542.48715983197 0.1583662368519088 -532818.8712089761 897.4805048582901 1557.469912640255 1.239066862280523 15.04566890613865 3139.076811870932 1227 191595 1 4.632549967364625 -1.757213228821679 0.7026567996531234 -1.065156910453534 -5.394554978638482 -0.5982519488899438 -2.614125613344363 0.1821920241090615 -6.895143297907858 0.7716019531098892 -3.57002206534662 459 647.6097688674927 2391 -1 -1.060983151718571e-05
 -9.73694471811981 0.05502930733930099 -162452103413870.9 1674.191859339417 551.5703396718426 0.04418576632641867 -2.838323218675119e+19 120.168064538755 39.5321274135044 76.70611900408467 13.24648221158754 2897.310869766094 2970 191664 1 3.805050539618931 -1.474346225855131 -5.314859957114566 0.3422425215086209 2.01293254732993 -0.1395620701896228 0.8044787070361519 0.71415989881715 2.827695525333477 0.5044493203313305 -5.229247859212262 462 648.4602270126343 2391 -1 -1.153970019003674e-06
 -10.16638087521885 0.05171988075617776 -3641593186374.742 0.05049646087964748 417638383868881.4 0.07063003092725471 -151624044074.5876 975.0902993660011 2514.630174816105 0.953034462775267 23.66035525510008 3044.545323725838 2960 191644 1 3.607412514953791 -1.953804902633813 -4.229637788706023 -1.187151039795102 -4.231105269312082 -0.8741591433810116 -0.7361909991786062 0.2912348222678549 -8.254061164494376 -1.416030097200002 -0 465 651.251072883606 2391 -1 -2.674021125392557e-05
 -9.763403844020413 0.05673818874914793 -227789544984605.2 6.754403833376353 0.04149337689255012 0.05321360211993803 -1.654048556460103e+17 35119.47522513059 2928394.481364356 0.04847388272337306 1.871955610150932e+19 3203.235915013657 748 191652 1 4.692605367042364 0.6052422279971358 6.438321713223415 -1.455744493434519 7.425518349584596 0.2441616099626409 6.592631828826129 0.9810638001944172 -0.1898732072301286 -1.279913572107906 -0 468 653.9434478282928 2391 -1 8.003149231064661e-06
 -9.655302328731588 0.08662101809168052 -9580714375.903013 1059.447848698669 129.4246573564672 0.07451524709728038 -14730431891707.61 22359.35904436597 1395979.504452272 844.0825250739765 1497.053948542349 3047.876035790604 1795 127771 1 3.961427467698147 0.2281372674639051 -7.054742507505997 0.5983935581199442 1.015946121836683 0.1830131082225845 -0 -1.969328043565784 1.097188231606797 0.7510563172296965 6.701265409637116 471 435.4817759990692 2391 -1 1.450743188433131e-05
 -10.20873458506017 0.06742543326946461 -109094425142.8107 3.181443449756504 0.07876269232659425 0.115019101375248 -58214367.28579155 60.27335159422032 14.53533509508609 12.51718212483033 2.040393183925229 3102.082510082899 689 175669 1 4.542068313500796 0.9524314619021066 7.720797749824646 0.1487354520425349 5.504874707899723 0.7449502556965535 8.524783433090397 0.5905679476578882 -0 -1.562210254903753 1.941412980309329 474 593.2777218818665 2391 -1 -1.128326823972015e-05
 -0.03326330635230637 9960.899790837195 49939.33354364747 24020.5172560208 98831.61682134515 0.09903951225872464 -2456101838.897282 79.96000411090229 25.26805260010426 1077.802839031465 3352.411297797351 3164.510689547724 4804 207636 1 4.247351683026048 -1.23938211374508 -7.950434315392805 -0.6146850174340361 -0.9485647415363916 0.8663395184603244 -7.249979237467677 -1.125297445101615 -0.3228927319753083 -1.00740008118448 7.771643512182957 477 709.2997748851776 2391 -1 3.290438597134809e-06
 -9.522479713693849 0.05448015076107472 -205643453468848.7 33314.15196280733 122595.682953546 0.1893826110447268 -127673.9464097218 56259.41419637045 7567331.451121166 9771.819710249934 239542.4575970829 3017.526549573962 1376 191556 1 4.443616056008015 -1.795188314882106 -3.193442500501938 -0.4952032698855895 -2.092817277288143 0.511952174416582 -1.241475835291075 -0.225856073690073 4.849338039318472 -0.9318306555026243 0.890595543558792 480 646.8687329292297 2391 -1 1.673557026924023e-06
 -9.552150831733199 0.05347874036591085 -212800328317926.4 0.04711903653059869 3.839691949015249e+17 0.2439037277966531 -9207.08945376563 616.5001895388041 792.7326120904326 1.4793873089895 3.699765052113641 3076.298222112968 3715 127740 1 -4.170281608422701 -0.9356174070688192 4.794506553707981 -0.04822356627392652 -2.946552488704151 0.2105929236219821 3.874212146708887 -1.063139426544215 0.6239298757724425 -1.960460651093694 -8.233086509138895 483 440.7411379814148 2391 -1 -1.469209899620131e-06
 -9.873690748973338 0.08192309831972741 -14557930200.80755 14004.57222017181 22523.79162302696 0.4604218954111527 -68.97868008085065 21.14918149794166 2.837801707939394 1.676185520183566 9.852014052572347 3122.540489767453 2077 191591 1 -4.149030977926523 -0.5075642788798094 -9.707749167671968 -1.634971866399109 -1.794582692999001 0.9807448827874454 0 -0.1549453591447278 -7.104759371190537 -0.309870213917347 2.089669692570697 486 651.1134378910065 2391 -1 7.48609651324576e-06
 -9.879045932553224 0.06495833976151941 -1855138780455.475 2845.940143829378 1092.847454254525 0.5805079259859681 -14.57634758553723 14193.16967265162 455312.1175058621 34846.09884448665 3715842.112556042 3100.25007452636 403 191647 1 -4.289270624717257 0.7654501188627596 -5.901156041176291 0.8471955234993831 -6.860531018035893 -0.2284615186554602 2.269391037611918 -1.231420703084266 -6.64534345952198 -0.9954194883239351 -8.784631091054122 489 652.7795829772949 2391 -1 1.068082883602884e-06
 -10.02407127604871 0.05194334170758758 -1141408537091979 2.18780260928311 0.2317766662743521 0.07658378590086523 -992474681651.9161 42841.31013455497 4123862.258831408 1.591117629489633 14.49329319891034 3103.949008242653 3312 127768 1 -4.514855058151561 0.2348444951742845 -3.93426229775624 -1.047529896698707 -9.926235707076055 -1.240797393975972 4.037665913843091 -1.316842304779022 -6.894651005661755 -0.03214845610833095 -4.967269972986743 492 439.8063380718231 2391 -1 2.591945993718529e-06
 0.0001394986705580748 4442.622407891773 9799.020801984285 1153.903984497394 88.61262596778631 0.06525769549125152 -21877417788344.99 128.6686717964412 41.03640698624827 0.237971718526626 47555.92242841421 3109.394261863757 21373 255552 1 -4.696466360263885 -0.8411073576031072 8.764532678185804 -1.757478868874874 7.900397994804292 0.7179111364335209 8.529189057639295 0.7223695805028991 -0.5907754511394936 -1.709548042938001 -3.220630912996904 495 875.2662181854248 2391 -1 -6.635454606047244e-06
 -10.45184689161433 0.1970866554433454 -6647.560602095838 17617.69017453859 104393.759479073 0.4408214399494781 -172.6798934925206 30212.66805799785 2703404.941835092 0.7398548473123879 109.6796776138028 2893.879168928368 841 191643 1 4.273481866328623 -1.68280340072747 -1.813293858404514 0.3197587141755212 -3.661964835444682 0.08897861549531072 4.989191958795079 -0.5080215772348007 -2.946264981087919 -0.5460204372642572 7.22153525086271 498 646.22856092453 2391 -1 7.900859570764062e-06
 -9.666105181692769 0.08053442575843157 -58931949069.72408 0.05508686792671643 3.707793689665097e+16 0.1614490186202654 -1396780.427665202 70.23081356640253 16.60052256279932 0.1138066504668495 2882690618.787898 3005.117847377347 6223 127734 1 3.936167824494279 -0.5276758738973957 -2.110817958575678 0.2578151917856605 -1.083417754565413 -1.686658605370514 -5.368484292584577 0.9552951379058339 4.876776295662864 -1.369236673426075 -7.492803242069364 501 435.7384150028229 2391 -1 1.577025434359678e-05
 -9.203089453960667 0.09119731116994023 -1180044238.920649 2148.406791981901 1062.895037691436 0.6377349560186019 -15.29355762613088 93571.96339891823 27341405.79396021 975.0653255782848 3167.29966530034 3169.670883239137 3661 303467 1 3.234542264284613 -1.485943894495056 3.825984975175063 -1.855790924763979 9.799692021128873 -0.9143832333256219 -9.382692756069375 -1.811552745960037 5.544610276158477 0.4972334307852124 -3.54582244833404 504 1029.859278917313 2391 -1 4.902914302959828e-06
 -10.23246133847872 0.09663268218148686 -272636477.7083477 83006.89198486484 419051.3306447193 0.2219413863724808 -25610.33999881771 303.2503618654006 234.2305011849934 1.750334823287039 11.81253221514158 2998.865164862093 3351 191656 2 4.680062861913898 -1.543210318388577 0.6861332654398336 -0.01705307701430937 4.548277758939751 -0.8748829872564077 6.32109400632054 0.7339360299698146 0.2198272965234045 -1.725305564622677 -8.95806349281364 507 658.141273021698 2391 -1 2.365142819499484e-06
 -10.29703283681434 0.08184749288082965 -855837376.7533458 14.54048405600251 0.127215829813746 0.474872487530615 -41.80954810506689 83.26990902533277 18.25931378071025 1.573574397775432 4.679816697611642 3060.700929179986 3283 127774 1 4.093407593689481 -1.782942372330655 -3.224267090198982 -1.573194165072382 -1.107584890864682 0.7968102785045321 1.957174704437799 -0.974094314302226 9.329534283632961 -1.285650661504814 0.7648568889214271 510 437.8342318534851 2391 -1 -1.674104421481206e-05
 -9.719489410304748 0.07312914473690002 -2052288649070.945 85204.84836948407 1506715.064283233 0.2401842514456054 -25192.95411453947 11933.80575432544 335644.9199180671 4529.309587278399 22486.55912329168 2950.061539081668 2004 191652 1 4.617515535368051 -1.696379673149207 -2.23810729928677 -0.8826916895840728 -3.22277420561491 0.8732824615649575 9.214663809306016 -1.004904839689963 1.113013607756999 0.6873704842294104 -3.962013234937904 513 654.0076568126678 2391 -1 2.386559433875854e-05
 -10.49726780649363 0.1122230769965986 -9229429.278377691 26612.35879462417 122387.8459175322 0.1199977632576669 -53932298.54788081 1739.792544355419 7199.287900540306 3748.07002764094 32653.55052145376 3219.160583843762 5709 191662 1 4.446231695725555 -1.239114369499815 -2.946252841753391 -0.05053218675064122 -0.6088956391491296 -1.902612699547183 -0 -1.934295667899797 0 -1.683861091284228 -1.722811385237672 516 655.1977360248566 2391 -1 -5.965773127582965e-06
 -9.672784050292876 0.08653274573326451 -2400407485.004333 59070.78404781947 399977.1884647512 0.4357395429169465 -148.5283026947664 51.48083807545638 8.917339163773537 421.0362021432202 465.6141389291447 3073.814749889781 2435 191634 1 4.597184866041424 0.4096832588192352 -6.497998107760686 -0.03104538926991922 -3.589913737255232 0.2919478308838527 -0.7684503059689893 0.1262559979975153 -2.537465043915564 -1.022613704308773 3.133255587357159 519 654.0251049995422 2391 -1 5.353407709785107e-06
 -9.75312091172583 0.06643799383363179 -8221660410085.038 1751.385751387237 349.9751540645086 0.2307880120747251 -24446.99941098078 6476.033123114834 99800.29581155356 586.124371348955 812.3416754807048 3023.407491431093 5339 127749 1 3.546533898488689 -1.366470792054671 7.029094739990255 -0.0617980753526535 -0 -1.386337637336573 9.233410783497934 -0.9330690098239609 8.93473143212562 0.5001793329312028 -2.431784050664275 522 434.6337502002716 2391 -1 1.566577943625301e-05
 -10.49561193120316 0.05981615920287946 -116518407747822.2 0.04392938029308338 1.573929213578822e+20 0.5028832773248889 -71.38329860886547 18085.67394841835 699916.1210069587 0.8514930726056037 54.20582743873928 2980.841037994574 869 111663 1 -2.854147548234415 0.2672759857278328 -2.65747590836785 0.7875977638244427 9.401157065927462 -1.977476889961404 9.710391251613313 -0.3244707525037818 0.08936893170282989 -1.120932695062474 5.382777513973479 525 382.4605679512024 2391 -1 1.236822871287197e-05
 -9.909200583345495 0.07121163798477305 -177736490066.8681 0.06971150755087747 -2480222533817.164 0.350049613229707 -496.0313948564706 145.9025826065416 57.53826700059617 2015.268081904002 7485.002518284125 3164.11814590776 5634 191657 1 -4.26481736695409 -0.1295360866549266 5.013625988544618 -0.4301036599832031 -0 -0.298167324999092 5.021658103576493 -0.5971237223878925 -8.475943910262972 -0.6423610278775715 -3.387332713740844 528 652.1185991764069 2391 -1 1.188199960151941e-06
 -10.23203820647738 0.07449779599371636 -27474282477.01545 29659.72031789017 269398.5752376633 2.478550580562223 -0.5359609063990487 322.0960149013307 311.0084215434358 1.646935364892826 7.921622655615411 3335.297192096544 3897 191650 1 3.654987699493137 -0.1283904196655916 9.034297941662125 -0.650230082061082 -2.602595641121538 0.3569126366517823 8.204756483595752 -1.746150071385879 6.152978326910482 -0.9165194508208288 -6.30826043572552 531 655.6724469661713 2391 -1 -3.526233560138563e-06
 -9.871477801654182 0.0607151911731556 -176471991428714.4 874.714146667014 67.63353214830131 0.1901542330936049 -335936.0399200813 22185.69017221318 1328960.914918151 4.423387836390707 2.443312163859027 3198.905862026198 336 126767 1 4.669561413794254 0.9749749723648623 -1.619168181101639 -0.956825605952874 9.700694894284887 -0.5993687578244984 0.3720856505696126 -1.140696947751142 -4.461834757918003 0.8341029974333471 6.132727067122521 534 440.5278911590576 2391 -1 1.948152444670293e-05
 -10.2987368141745 0.109438306978625 -149849323.8756939 41195.89701729183 281846.5799091753 0.1028538329153888 -3521480518.177429 849.9754429372719 1898.409949494908 14290.35398567321 505158.8194556 2907.265169071175 1356 191651 1 4.624303647826738 -1.551718502226814 3.90709211450905 -1.482904006366709 4.756750788283584 -1.705196662329008 3.260544878453501 -0.9049574526776984 -3.387361022406574 -0.9535153728227552 8.277595797314355 537 656.831041097641 2391 -1 1.389058319421314e-05
 -9.754874420300373 0.1680344340864996 -25109.28502435849 16.29023826133294 0.2503824980987152 3.251403092799015 -0.2392368957356905 182.9668131864975 105.5634048706877 2.109822924461986 5.571535053418436 3054.921315349236 482 125304 1 -3.966888342034698 -0.7018103349347005 -5.653320746793627 -1.08747908417925 0.1812336945489585 -1.067895380637902 -0 -0.5204918479467722 -3.474767753407145 0.7676950300845853 -1.949429387178316 540 438.8388130664825 2391 -1 -1.441434117706288e-05
 -10.01596651292417 0.07684407143252368 -73336710.0548781 0.03303841479843674 -1.141457550759913e+19 0.2877605035161791 -441.3527547154316 3854.03421500391 38503.61401015436 0.03009488358113343 -9.992864506261657e+20 3132.741229430533 1681 191653 2 4.426765884458685 0.04323689589586083 -6.28811128659152 0.2409956722959499 3.923276780366709 -1.680759422929599 2.88121076969948 -0.1684667334877848 9.425447065205415 0.8331554967788009 4.07334696028604 543 650.8299651145935 2391 -1 -4.487398059868343e-05
 -10.79634527268593 0.1021509554481814 -90167047.53087941 3781.754214675625 1076.106095392032 0.06611071246468669 -23392241323641.27 47.0410073898957 8.572285563366245 0.1544629770985392 11043902.51217702 2946.629597536149 2536 191644 1 4.675982999250959 -0.7468335602412601 -0 -0.601453038126663 -9.826377811346719 -0.1161428728921115 -7.649290047058871 -0.3841351613606641 -1.354686517224132 -1.26992007873087 6.543843012085815 546 647.3257200717926 2391 -1 -2.207527547074968e-06
 -10.20711416208677 0.09767013321634008 -286620800.6594237 6.355124401505097 0.09156010423704856 0.04658197343997218 -7.250879775354674e+18 1058.680389585123 2791.914473743225 59.93249061664973 3.528406403257644 2914.213638997497 3987 191641 1 -4.668307198215432 0.4266824948235111 8.919360929082307 -0.9484855530930441 -9.842245539774398 -1.861377487132726 -9.565968046528555 0.2214641978265827 1.177933767611512 -0.5765355527468383 -8.865824937743911 549 647.7786290645599 2391 -1 4.393111275188689e-06
 -0.1692869441447159 2412.632165059556 2861.725234213805 1.87216740459484 0.3185275567140324 0.2360486391703635 -20168.59718512706 3309.218927795133 29586.35553652804 1432.579826170936 951.4775270507425 3182.370931447832 1070 191646 1 -4.000101761127151 -1.204532140967276 7.803347984944336 -0.279935648285548 2.631979928215904 0.3391986406161811 -0 0.05036929314796713 -7.261491869146552 -0.5741318621299065 -8.841024054411822 552 649.9915161132812 2391 -1 1.705589316913867e-05
 -10.40435462408759 0.05679008404553906 -2554284461626.891 1725.584615428169 133.2818422359881 0.1030727550380332 -313259389.4955218 8071.046592085287 150973.7075445895 625.9082401744014 1169.562671403705 3225.235324459158 2863 191658 1 -3.122850630183732 0.04955695897064728 -6.379885088334017 -1.52413713245686 1.238561562457553 0.1521870549694135 8.163006439917172 -1.798927386744618 -4.472919008371231 0.3236929879725818 -1.597393428194255 555 647.8181321620941 2391 -1 -1.623630988547094e-05
 -9.311628345243156 0.07572324914264997 -8903935004.801216 0.04051358645747937 8.828484649029098e+18 0.04026304409892869 -1.763509943226329e+20 48.95315210755346 9.028428893036233 61.04217846511689 8.359880591465203 3089.480968393972 3017 127772 1 3.893916302325975 0.3929842825710366 3.217434404035997 -0.2960766944259304 8.403130207724477 -0.9260417082363714 -1.614626086627263 0.7500529414652792 -9.491214667250064 -0.1314566011751737 -6.303275639164775 558 437.6077570915222 2391 -1 -1.097558524242896e-05
 -10.09856638793611 0.1330152169517931 -959582.8063119407 0.2783574548039328 -582.4827912893614 0.05788892816676702 -592399736957522.6 25.31154456389703 2.945314161587044 178.4305635773447 85.96702266493546 3073.051697061088 4201 191659 1 -4.267827483354279 -0.605593334387498 -8.44188115793548 -0.5110267013795822 -5.65554094351184 0.9063493878807969 -4.793874386705289 -0.4042228672126242 0.8077274447144456 -0.2585674398141267 7.599932811074005 561 626.0749011039734 2391 -1 -6.309343439913659e-06


# name: injParameters
# type: matrix
# rows: 1
# columns: 11
 2.02 3 0.3 1 1 0 0 0 0 0 0


