# Created by Octave 3.8.2, Mon May 25 19:01:15 2015 PDT <charlie@dicke>
# name: outString
# type: sq_string
# elements: 1
# length: 114
Slope	Lambda	Gravity	Lambda	MagneticField	Lambda	MagneticField^2	Lambda	AttractorTemp	Lambda	AttractorTempGradient
# name: op
# type: matrix
# rows: 188
# columns: 31
 -3.018338621084923 0.2087792839833698 -6688.916018796634 788.5306099070787 52.16786420119341 0.04861341914288334 -1.957509079231302e+18 17.52136468627476 2.14126176282615 0.4626214670693564 540.5527877450925 3232.562074935539 751 191616 1 3.372326480264219 -1.433518952884733 -2.420214626827113 -0.2063629844559909 3.173990382006204 -0.2309335155007197 0 -1.862069537464843 -8.832692222618579 -0.5509206165969456 6.37519065332499 2 969.1343190670013 2391 1 4.930757208538323e-06
 -7.549369815995195 9.336649887549502 -0.1336002817913136 0.04865955929412738 1.47097856574723e+18 0.07421787142303517 -3982641676850.497 41253.81796490269 3539431.76597292 1.279090745947334 21.46718791316091 3099.314779874459 2680 191659 1 2.520784000766914 0.6095027603920274 1.008816470119613 -1.922631660009105 -4.649790082223747 -1.896302749623246 -5.131730451028591 0.5799968898001451 -5.087417441446761 -1.698872190282341 2.42406607996125 5 815.4965620040894 2391 1 8.849056878938652e-06
 -3.121951883684133 0.07838972278636051 -12394038831.09353 438.8504779621908 10.15797274433772 0.07479535627228044 -1835249152091.483 44860.65823051488 4656190.286907443 2.569527242457636 3.794368871827691 2946.778858368631 1542 191595 1 -4.431295533371399 0.8161842443201599 6.851058354260479 -1.685756536844836 -1.037974804169583 0.7994824000304601 2.024188484883682 0.6128789386849443 -4.895496802611668 -0.1677059944039652 -6.04995048697866 8 807.9669890403748 2391 1 4.272640206690561e-06
 -10.9834307488786 10.9387871340429 -0.2541868079320124 4.113936903373562 0.08279719391399894 0.1319258400817654 -4181280.928472364 3329.703466328971 24114.85648704672 1.733412261709978 4.437305112500484 2943.432646380981 1400 127754 1 4.648113187474246 0.2673488990822759 0.7937075035886059 -1.682475118724431 6.500766883948442 -0.3576331128003103 -5.344912304791407 0.7141201843955245 -2.81488720484644 -0.382308460870207 0 11 544.5496890544891 2391 1 -8.841129876902483e-06
 -3.979306168489147 0.0890781016958213 -3520544945.072971 0.2159747733205801 -8458.20916572372 0.3262144835279285 -1255.092243346624 107.6836314451536 34.64555832818206 5.312407512549992 2.768733860596702 2943.902076029077 5388 127776 1 -4.005673989119625 -1.799320592005028 -9.227990235943608 0.2232624135353637 1.283889161217466 0.9387414814273768 -0 -0.07581993389384681 9.460397456379383 -0.6513648278989317 -0.617724172724734 14 551.1943480968475 2391 1 1.297525906490966e-05
 -4.146332489588456 0.1195790341183741 -5473978.677234694 323.8587960074044 11.10061904511435 0.04389403607773703 -2.290941139088298e+19 25250.76124040931 1507664.795851882 0.8199655834064655 45.84099521802764 3051.046993783496 2202 127749 1 4.60251864096043 0.3947773808053872 -1.678739887480228 -0.2391209343823722 7.211834647638394 0.5698630561219895 -4.534966510498019 -1.31741110995605 -8.695721716593505 0.9409063330591922 3.962374802839336 17 544.6164600849152 2391 1 -1.615933225279877e-06
 -3.256418399495585 0.08954858836239488 -94339500.16098242 24256.6937475241 100399.036188116 1.310406201088834 -1.118478273015265 1820.241657890562 6240.331066428826 6940.210618388403 -99193.84996206166 2855.067429187128 622 127768 1 3.827386722313908 0.5425248420979649 -1.133174014854072 0.1761443350204454 -9.513030130897759 -0.6654336891589407 5.527820730486222 -1.406699937796971 -0 -1.750613981490165 -9.200837507863307 20 430.9124848842621 2391 1 -1.450001516965258e-05
 -4.460226923051102 5.997674964131567 -0.03238564544552722 14630.64245970755 28076.7086938434 0.1006304735059235 -988695317.9333975 86582.89773700266 17726434.8738598 0.1594415856736456 5215600.699000562 3100.729196630566 1109 127661 1 4.130520130872473 -1.152769239883629 -3.798902193513721 -0.9752824456548161 0.4235522431760725 -0.1469397745823402 -0.02638700910596548 -1.838800156810784 -0 -1.250014354143582 -2.593158011064145 23 430.5157449245453 2391 1 -5.769356510889549e-06
 -3.545939341058204 0.1559383884513822 -74962.52973655988 0.06586186919509933 451952811053.2786 2.347148896826981 -0.4107919551833005 192.1033329520628 88.31061060530737 0.03906586170311791 9.978687026343506e+20 3198.654021396887 1020 191634 2 -3.842080427936053 -1.901996269913596 -8.693446398987646 -0.778884848006979 0.9724918122138879 -0.6486584290354501 -5.291865935997364 -1.656378453155307 8.117997218209215 -0.2112440897697567 3.478777735133621 26 637.3261110782623 2391 1 -7.755151497786048e-06
 -2.92587307732419 0.1332981937277659 -783524.7381618121 2.026488617667481 0.1994383543037772 0.8300900207003821 -1.307614182304197 19119.05149154983 941223.4221905671 3910.958484513808 5928.313652700332 3004.319375006046 1876 127701 1 4.454846293905971 -1.974239638400045 4.127946863987692 -0.043990618985009 4.193866522370666 -0.9985215462862733 1.383585471566668 -1.626405288423381 0.7478376090858907 0.8910598621486288 -7.444563475923296 29 434.6017999649048 2391 1 -3.985622667880981e-06
 -10.80564282710764 8.692614031718888 -0.2438111437210571 424.260197032855 11.89935045534344 0.06961797627378687 -8851335460939.986 54196.56976891944 8282617.746793169 5.567669693443007 1.86965751543191 3136.515010591001 2540 127749 1 4.679338089130701 0.286834776397705 0.36009606651263 -1.104269911343547 -7.529473899361584 -1.981114957908637 -6.707465057694048 -1.76097733199528 6.979722021399334 0.01208458552287173 7.561643927901567 32 430.8721528053284 2391 1 7.623317838896982e-06
 -7.957081770260421 8.366120986665868 -0.1387929667569658 0.2311905297271854 3244.395508667816 1.677527956856869 -0.5303424782109319 41248.01652702787 4445701.580101113 0.2896261893703119 11575.67831346201 2955.205236532931 1164 191628 1 4.557736693155354 -0.3444098814546122 -3.724602518048772 0.2720347567348567 -1.047361301133353 0.6534384411643108 1.466115752220371 -1.737623067935862 -0.05645311439232081 -1.217463019406829 -0.88454641477639 35 644.0325078964233 2391 1 9.175002166241442e-06
 -3.51159427154351 0.2858656143413289 -333.2748307552807 0.05245640557788412 1848248218851258 0.133379337985635 -3994704.899197306 46.19901399652922 7.009634566252363 0.04405561363632429 2.78819688923706e+19 2998.834596144321 1756 191661 1 4.641158238262789 -1.764701066263821 2.216692572440388 -1.732470535974185 5.198826473465931 -1.439418874337849 -5.906920312837759 -1.780812969446377 -3.707338544821508 -0.7838907212370438 -6.910321847811963 38 642.6697731018066 2391 1 -5.227060153895642e-06
 -3.948885936004321 1.070861719492086 -0.897782100633395 0.4565132142231986 49.30862692980662 0.309655816932119 -1358.193622431829 49909.22023813621 5798924.117064912 2.826744329247561 3.705294513412183 3109.623506206399 1228 191611 1 4.009270640747248 -1.471731326193046 2.985922223185223 -1.096496708232788 -6.170171884156231 -1.756158800366536 9.184628840430728 -1.662657449761571 5.088104863529022 0.7134959833886128 0 41 647.1004250049591 2391 1 2.230574876207668e-05
 -3.337119783066348 0.1084351134726395 -40064362.76963783 89314.67126983967 481546.3828821522 0.09268247629986365 -10380301877.16127 33.56126154659061 4.665773518351405 0.1030554292327115 -6948519192.639479 3007.778490247549 2430 127739 1 -4.005559192175843 -1.258804615319971 0 0.645149055127347 -0.7327246124596876 -1.206491342202815 6.056488694755891 0.3217413467695756 -2.413314401761369 -0.06074923822203099 -2.960696131411229 44 429.9705889225006 2391 1 8.011254408129912e-06
 -3.328904597841884 0.1987791824365903 -15018.52446151431 1260.201995821282 372.8148193851854 2.147116687863622 -0.738587361769267 12835.22986123652 396527.6632406804 1.272290465586829 5.595964917556287 2872.447463810503 289 126568 1 4.510698642721698 0.1124801654415783 -1.782430246413425 0.07444196243413037 4.135166235634445 -1.226030612302627 6.509825326268406 -0.522724267630748 5.97780201255039 -1.772316508794551 -1.099065759327007 47 433.0375330448151 2391 1 9.323958366542926e-06
 -2.907618010425348 0.4231045383132451 -21.68474869445667 39821.42513373564 201375.322982194 0.4072954973663658 -123.9179889767595 1003.397009101994 2386.084948840557 1.165965246914364 21.43459948348649 2907.09057972508 673 127665 1 4.678046652210143 0.8800040898568096 3.601403895494829 -0.03506426325219719 7.485207991992397 -1.583573756530019 7.525942751688692 -1.905281684666687 6.206319145397109 -1.862827801414332 -9.422566236972134 50 432.9567291736603 2391 1 8.234561262363991e-06
 -2.656591842373816 0.07483454016960936 -66000671871.42792 0.07086788600108154 -2239737044016.876 0.04728020820532115 -1.328003081259899e+19 8.398553348665153 1.865420884982497 12206.16857525062 397751.1806887476 2937.998222943498 843 127775 1 4.4350273134594 -1.102086348288141 7.192426730834363 -0.4584463310420954 -8.158869724575558 -1.388132370531877 -2.180413377739872 -1.102171741774683 2.548076665966851 -0.3099343036416489 -5.616845052874913 53 433.7447500228882 2391 1 1.017840437571384e-05
 -3.203304067402919 0.04202638313411828 -1.430676259561203e+16 0.2032949407904477 -8167.391209249589 0.05718435068678137 -383108138036711.3 78895.60875809692 17857098.42802288 0.4913169182887423 445.4274860702157 3181.186431337976 2101 127473 1 4.499704052208426 0.2398518230814175 0 -1.745946640918691 -4.146397334977248 0.1057952689170079 1.408137846714027 -1.30258576868725 -1.113839102277836 0.9442473027483581 -8.008303826768444 56 432.7485411167145 2391 1 -1.351216590277195e-05
 -2.88829761688458 0.1012185324538497 -26798573.88413996 783.7923393271627 47.15089476652258 0.08339901751705153 -12789236040.497 1373.615755928891 5115.034498132615 0.2410508254404355 32349.46782306211 3005.41836243027 1001 191524 1 2.476997782558787 0.6611780614076075 -8.148695484250945 0.825209218522613 -5.862304885862092 -0.3514386491052778 -0.6416508564714141 0.3209520547702946 -1.784246547765703 -0.844753565029376 -9.647356708819739 59 646.4577538967133 2391 1 -1.023801513321139e-05
 -3.966867085389334 0.7760562083044723 -1.075121087496022 105.3400099597299 -0.6493207595193524 0.04588424366007317 -3.281209684797003e+19 161.6750278237239 63.41538465334416 908.307775390047 1371.438878661459 2885.47669340642 1428 191639 1 3.89849966279465 0.8091813014387519 0 -0.747913908972949 -1.5719324708684 -0.4579616003824585 -6.869794244606869 0.1630639706448571 -9.554578911756742 -1.890723628727289 2.344532821357439 62 645.1583659648895 2391 1 6.810655069563814e-06
 -2.907183342392148 0.1816842352023587 -44083.76940783588 708.4433006219743 23.55663823295301 0.05310109081954199 -6.615732943083501e+17 4457.403631782565 40063.46042355357 0.1960831135712646 387214.2372687609 2943.846862702083 3724 191662 1 4.480297553281269 -0.7984151774175032 -7.172391327618787 0.2130427792111003 0.7410313537735798 -0.826461408825768 7.790735112568791 0.9315140042489065 -7.061684447071691 0.2474715553894878 1.858090440123133 65 646.3229038715363 2391 1 1.823659605523446e-05
 -2.721590148005294 0.07775702472393645 -5507114256.259234 10943.96472442561 42966.74281000098 1.797411155373228 -0.9548973848923255 106.1442555481236 32.39943540187377 4.709991668196403 1.875965935437262 3064.840871155556 4361 191614 1 3.018990981375698 -1.338825100418969 3.841254353364931 -0.5463272214938346 0 -0.6212516219945982 -1.522843421661146 -0.9967662812369253 -8.392022378243519 0.3299143720956899 2.485338115699399 68 644.9678370952606 2391 1 -6.5296348434468e-06
 -3.168981072663255 0.04061863245488484 -1.753099112206413e+16 1.654028505790119 0.3623543381701217 0.3788460483613005 -146.2227608812992 187.5961542966713 97.83681397584441 0.9040353189119328 28.8860054448089 3048.829579678107 787 127657 1 -4.6724515784264 -0.1454556555396281 -7.16003208754011 -0.06151290936601494 6.40431877961323 0.4171658079962839 -5.248322263204204 -1.242312479466356 -8.652801715312867 -1.711621126187865 -8.030157825461782 71 433.9785969257355 2391 1 -1.7951861747476e-05
 -3.344539514218122 0.1375978935791617 -2804372.050131621 1399.061539787597 503.6321530922118 2.184468707485522 -0.4815966407770412 21588.93792759109 1057618.733555111 3.571142343951801 2.183682313711126 2928.354129205756 490 190495 1 -4.533486634144341 0.2151162897602478 -9.995172006011579 0.3973678256610075 -1.960118974923641 -1.474737601112571 -3.41103196060904 -1.852791261254312 1.100676434411284 -0.7373067324106222 2.141721872994677 74 644.7366199493408 2391 1 1.916621438762468e-05
 -3.351590440086159 0.2125277746400178 -3450.550452616003 1404.291980833405 145.0679142739947 0.1250640326846107 -17650471.46242764 360.8581667612577 405.1980500329008 1.582468484035928 19.67366354024058 3025.393552242873 2020 127765 1 4.087583116042955 -0.1474102861060178 -9.405011209813059 0.3533871730747564 -7.184407366398666 0.6386210618425365 -3.382808261248705 -1.260237523049743 -9.509582482568513 0.3878439600595582 -6.195289734096253 77 434.7032380104065 2391 1 -2.633951358018802e-06
 -3.921594737377195 0.2072653952729202 -11102.99318228961 77544.71776977814 1342574.37999309 0.9842408700774381 -4.224920776666693 3148.137915538377 19842.55080801196 0.153432591919521 11923540.55022793 3094.097493098765 1192 127661 1 3.570432899064719 -0.607221964958665 4.964351904029338 -0.1843218502706048 -8.627529229389763 -1.963251271253313 1.087879295162064 -1.281168919993741 1.092852861339577 -1.231686393358511 6.975872730813978 80 434.5409729480743 2391 1 2.028793841347204e-05
 -3.123760927790372 0.1369849057205128 -330306.6837509839 434.4783695408316 65.5441396712276 9044.316900044643 -24304.99382568306 9147.058012039239 227403.4273206221 25745.86820005082 1141218.961084133 3039.179247522816 531 191573 1 -4.628383891182613 -0.9693475185123841 6.827725102007657 -0.02989092564898148 -9.151678134053968 0.7865974234955946 -7.79333289031543 -0.07958654789704503 -7.584081494561254 -0.04871787970432441 0.3948231952778363 83 648.0741281509399 2391 1 -9.606579485136584e-06
 -2.986890541664776 0.110185824441357 -1309501.675364174 27.41576654297055 0.1259202953026064 0.1565287480994312 -138552.3180925077 3989.39099711989 33510.6548390132 1.234780429678927 8.950520164674863 3006.832295820426 2394 127763 1 4.34166808716497 -1.734948441306951 7.7385287232644 0.2725548091221567 0.8649658867892267 -0.3424504092105938 -4.659709153677904 0.1000264307732533 5.510237014432569 0.2111614395066939 -0 86 434.5052170753479 2391 1 -2.834884006157029e-05
 -3.352970850986855 0.1444377113070452 -667637.2655797962 36500.91344857735 135063.3102077455 0.05415695944388196 -2.281542616388028e+17 46.94434236689653 7.475962921315355 18335.96044803788 148203.5708865866 2863.972228076062 2817 191659 1 4.696629434933838 -1.011003735226934 6.956583552315691 -0.6384128178123873 -8.565640176308836 0.3570244860145628 9.809507133907712 0.6134734013395402 -3.603111169135711 -0.8972376127751147 -0.8610046860271816 89 645.2900469303131 2391 1 1.551999667170419e-05
 -3.328132982652207 0.1274164352810185 -493913.3835935742 1.232241225725312 0.8171229647567271 0.06864458733162969 -1112464444028.557 4.196864627648432 1.710150077284814 1.737706329956164 8.036976104116988 3012.759894135471 2872 127764 1 -4.320353354004769 -0.6049175641598623 0.471663533272586 -0.5158210982539666 -4.38673630078725 -1.676711118949991 2.631399323086568 0.6501191584317798 7.048464530380114 -1.0138617622582 8.813350132549553 92 430.2756390571594 2391 1 -1.447247390756232e-05
 -3.226348770628786 0.04831818962605781 -1.930059502480153e+17 68746.93791122401 200446.02302652 0.3218809259909076 -1129.928036072513 163.1035926515987 74.70249385395557 295.3559957290229 237.7312407515767 3046.416544244359 3154 191661 1 -4.641407429214405 -0.5919448263368938 -2.410642598536333 -1.924937912979493 -8.366162230189547 0.9313720300922119 -4.454046387104909 -0.06270140881891799 9.938606314587288 -1.240081201341536 7.522927028474497 95 647.4544658660889 2391 1 1.746371310787534e-05
 -3.758868044836124 0.1044963735435496 -191994201.843598 451.1951177066833 17.35078833120857 0.0904097394430208 -40778125841.25661 8859.064819902109 181434.1330793699 113.5454017730623 40.95614856792796 2986.202874350085 2148 191648 1 4.419948426147761 0.3300907371986721 -6.641119803337386 0.5051527295913369 -7.000641228556036 0.905469140290772 -1.042804860592335 -0.7373937955384005 5.349446315001212 -0.3314332433746694 1.918513965629881 98 647.6097500324249 2391 1 1.275968011102866e-05
 -4.531277750715578 1.432618869588959 -0.241886936677197 2971.241184793168 268.9648921073601 0.1214535835786982 -11641600.71023784 20119.65300608589 1015449.082443365 1.323289209943219 15.23283813247548 3296.170656417675 415 190303 1 -4.525132806401434 0.3834065266411368 -5.016608443985833 -1.275780398846091 -3.365805425358675 -1.699965790502551 8.058982915836932 -0.2414541636455878 -1.864338316042975 0.5428770842081132 0.567297664218712 101 646.1779448986053 2391 1 -1.762758771138566e-05
 -3.531336974805904 0.2515216170455792 -471.8796988912549 2.742196204731794 0.1305260311184717 0.08197513276215877 -26745105917.40771 17015.31094084319 611924.2279447679 0.5722256135611122 165.7344748069919 2940.66982686476 2379 191610 1 -4.443386044193932 -1.890029373843076 -4.37181563141734 -1.708518470657425 3.426836807107506 -0.2877114136896868 8.415572286597632 -0.7425376266348813 6.585701711862979 -0.2324985599805931 3.138985181327428 104 647.6962959766388 2391 1 -7.338691555588597e-06
 -3.617762700855033 0.04711966299137115 -9.399989065031498e+17 3176.734582732737 1266.477397549964 0.116300097731161 -194770393.352699 18900.90919328532 1003316.574025284 12.11242786902048 3.005593978046639 3110.583071700888 1999 191644 1 -4.630244979868946 -0.004347539802798986 1.47245342629947 -1.825107837424778 0 -1.183503986770446 1.121906340757671 0.8732289193489695 -0.1750825302129875 -0.04523043341878541 -5.763087324958416 107 646.4717898368835 2391 1 1.948458118155354e-05
 -11.83274432839131 10.7299324479747 -0.2904754948233967 0.04931503505553781 1.113743166413036e+20 0.1336420501690768 -51861302.37279399 73.95541844566782 19.73824499677285 7063.111358444283 113814.3521605148 2974.688716901182 2115 127772 1 -4.684928768666941 0.6336813845214229 6.939227034351815 -1.986678822503435 -8.286235422917477 -1.619217779634458 0.4319758013166553 0.9215903844739834 -9.374391035594702 -0.2826300665628878 6.915927079342233 110 431.6763019561768 2391 1 3.150836375616489e-05
 -2.735388463292237 0.2136210904075094 -1442.10950651887 76.57639839305442 1.800326248032529 0.03613938237935825 -5.215339270057339e+20 267.3437449723941 156.5069292826838 10747.98152535908 109232.6391754023 3135.999679754798 1369 191631 1 -4.35003814209594 -0.1097149486523908 0 -1.01919000680494 -7.833752916775738 -0.5852918546740113 2.487480629778108 -1.920163525399378 5.189347537120367 0.9138621245523271 1.382445181066378 113 647.5110831260681 2391 1 -2.237175083366566e-05
 -3.55166739928715 0.1111928132204294 -8968921.813258775 18236.53686840228 88988.08271254768 2.735452475248402 -0.358742136502703 106.8059483633735 27.13055980386036 0.08068660318069271 56289584098.92549 3052.293743436001 739 191624 1 4.310744946227487 0.5568208423567085 -2.864548982662212 -0.2629155394636405 -0.1665504920773921 -0.875257414619135 -7.110750937867394 -1.610137637445979 -4.403224847785776 0.4804906097747117 9.326734266521328 116 644.6535620689392 2391 1 -9.19376987448065e-06
 -2.566589794567418 0.09308840697485758 -489514332.8905197 4.082651152879326 0.09253895420338983 0.0666246136533566 -61287353040018.6 95472.55219316602 21885240.41711295 1.338915348996934 17.39600783341474 2931.724896859917 2162 127739 1 -3.645689391237537 -1.128869952642974 0.3059097122848184 -0.6393564841702428 -0.6755901385536633 0.7744369019810433 -2.69295526996014 0.3845477101677401 8.384826632331166 -0.6861086028727464 7.307228602707445 119 429.7090911865234 2391 1 7.591742022446652e-06
 -10.15654292278669 7.527064300982575 -0.2089372456428912 108.0152562238023 1.64619010380569 0.7668293322444454 -8.028287744972161 15695.44066254281 482657.4275418302 0.1782613065932229 2956654.986141582 2958.951237413341 2820 191634 1 -3.984097613955552 -0.2017667972728532 -0.4134997412463299 0.1943286969661226 -0 -1.902311480346832 0.4035425754643027 0.2664206470658814 -9.248499685605816 -0.8090614019121514 -1.975802496420936 122 648.9497721195221 2391 1 2.402857806545504e-05
 -3.119251973689872 0.1204182856034259 -20379784.19271489 24480.3428509899 52207.26776385619 0.4419263966687469 -115.1752560194561 117.5863525064842 40.65120842460706 5.232566724577275 0.9486708339039878 2938.174375267362 924 127721 1 -4.068757173397621 -0.5083134798944275 -2.49865060061739 0.1210081892836339 -9.671710045945227 -1.592979627284985 9.770205026427311 0.6035183865243385 -7.220854321731041 0.1365116573160909 7.732048349318521 125 433.973048210144 2391 1 1.665252036678061e-05
 -3.459027202441027 0.5812790978132801 -4.627692763003256 3.999460019666278 0.1087143705296345 0.1374851333611372 -6122010.86340367 646.5865215547162 1062.785466904749 6189.440001526566 86060.66312515689 2926.386280756789 834 191657 1 4.447812118482061 0.9775469864901059 -2.378372020758892 0.3655388402247013 0 0.3199267995594175 -3.934944762956991 -1.825958688658213 -9.639084718574763 -0.3824821652487991 -7.266764274974859 128 644.0474488735199 2391 1 1.872074314078885e-05
 -3.237800360806164 0.191627063974137 -91974.26610526987 0.0693567135355285 -828997094787149.8 0.06733433304969406 -1313763862783212 1327.123890100088 3921.584722825527 0.1587525104210508 -47650603.19636607 3092.737277113887 1773 191639 1 -4.362996580794383 -0.565419392561056 2.575486295163033 0.9290989070720812 3.646341265861234 -0.4107666868690334 5.220253447049162 -0.2333649269029259 -5.262548251306515 0.7459141185268545 -8.688976374156587 131 651.7574288845062 2391 1 4.026727604482033e-05
 -2.643119236405389 0.08434174035498168 -530019783.9825669 3.785860957275696 0.07192612415430256 0.09933586320487876 -795920843.6028587 79.36820488346679 18.31144856090016 0.5557326067968914 142.1005701885125 3248.998480735164 1977 191658 1 4.537928122271314 -0.7824314808412396 7.598512418282699 0.8463989534736109 0 -1.00106269154343 8.538918991004765 -1.164225492577939 6.955834235695441 -0.9777807041651778 -1.484533482183696 134 646.6347107887268 2391 1 -9.885247359652771e-06
 -2.766842798276002 0.03960189851314513 -9.999545184610333e+20 14761.82130983408 28845.52385054174 0.1644492201712329 -1783374.732177288 3299.370530967059 20559.41727794287 2.800591854659311 2.02627825142687 3022.766821500122 852 191524 2 3.899193304153531 -0.3952500403855286 4.376493190101038 0.3333609599796823 8.516514258087046 -0.9583191124282271 3.595920096320573 -0.4561092927723394 0 -0.006009133850193762 -9.965789311710163 137 642.446081161499 2391 1 2.045742793204017e-05
 -3.753166203587253 0.127522878895433 -715108.7594767971 0.04197445770741847 1.582277386459734e+18 0.4229778671017801 -113.7856374034041 2451.848627885455 11502.15803357374 0.9124603674455802 7.610677532389824 3023.175936269206 1495 127580 1 -3.372849226443978 -1.584867946350867 -9.744768812587283 -1.730728102198787 -2.102298226694114 -1.002810711940663 -2.333592109450287 -0.811736998094446 -8.445682794827857 0.2435235172566821 1.180374467736113 140 432.0525500774384 2391 1 -1.151008801358555e-05
 -7.638015556447323 9.566569605497827 -0.1464014585794013 190.5152562011232 4.117895028546815 0.2486252415242238 -5855.169423233398 96.5551820925763 30.09400404569842 0.8605673269497321 27.34440166155277 3249.018789363935 703 175680 1 4.663253486439878 0.1745710205166135 9.30072359103079 -0.460629814151023 7.646611955329654 0.4897919433233096 -8.789325520897485 -1.666516072412213 8.486863950171115 0.09595093303440376 -8.314474220818424 143 592.4078340530396 2391 1 -2.302650977838576e-06
 -3.381561445773594 0.1178375728882489 -9635580.786769267 0.7711273457986664 3.03676921524455 0.08094444518659828 -328450562567.3804 350.2421573810246 346.3837658805519 0.7513535492650055 93.88789704597376 3109.065472063691 1262 127685 1 3.648147036537577 0.6277831685657946 -6.106199071540852 -1.89848185225788 3.908741613031997 -1.732576907841127 -7.915617863019587 0.9923097402391825 6.857103998308632 0.6407240497998097 -0.6966011468640265 146 429.6692321300507 2391 1 7.328905331499554e-06
 -3.487135180249422 0.09552517797247591 -115146596.4275746 673.4433450086932 49.70620449806099 0.1845845441413222 -122034.1801258253 1112.348588306987 3118.786391763899 0.9366951478139733 47.8786470006663 2994.36727364691 2616 191497 1 -4.108937925774515 -1.590132809732116 8.077856623105863 -0.3870657358502552 6.27427377989383 0.4088325096634096 6.562359444949381 -1.812633319654753 1.88984149007126 0.4021621366865871 -0.5153992558928406 149 648.0987429618835 2391 1 -2.415799096578391e-06
 -3.669647053981058 0.5240818287843769 -6.515638080681771 0.09718656789769536 421324534.9215732 0.3162974129277461 -653.9117978985007 222.8839073104637 135.2112366591713 0.6250954047692865 189.3314406696718 2895.520997451288 3647 191664 1 -4.628849763550325 -1.476220060387434 -0.8613804955087634 -1.233554462198969 -2.741351498839289 0.07013931124835879 0 0.797839277637967 0 -0.03304719188782103 -1.46594181733437 152 644.2197148799896 2391 1 -1.324442358215071e-06
 -3.430799964145915 0.1493086197785849 -165559.0848550628 73701.4901363064 548680.2462328169 0.2805837968067112 -2169.724415739041 65763.61893274781 11258703.83298502 1.345134065107284 8.336643853972863 3101.557224636656 1389 127774 1 -3.926574534518942 -1.832789379714415 9.292624440848799 -0.7862872527654298 -8.473707845060439 0.2715595510684796 -3.805774798159502 0.8886949036380143 6.300868983593534 -1.456663407872392 2.406149863105242 155 431.2209520339966 2391 1 -2.841987410173144e-06
 -3.169168707214884 0.04768874459492149 -135926172074542.3 19767.41315951587 38453.26094791061 1.320610100220394 -0.6838789220742474 1276.327121851609 3858.2980465392 0.3843154977009834 1073.617417406229 2917.935283764317 4036 127771 1 -4.277318722696221 -0.4477862591637506 3.139896288084667 -1.551584666032791 9.051398933789113 -1.439429944972789 -4.738597340147979 -1.814205785592365 -6.584007910974249 -1.975264460599453 -5.766565565481139 158 434.1565220355988 2391 1 -1.818554953934549e-05
 -3.287474928635102 0.08865663931075368 -1864760605.924686 13057.19115229281 11633.75527054363 0.2786498350327545 -3209.081089888702 3483.865905215118 26154.53472611481 14626.26119260252 134211.4467518997 2931.208963061606 1769 127760 1 -3.757964882354231 -0.01658373472265941 -8.464014339524567 0.6817147308743099 2.991792566679316 -0.9461340005514263 5.104937006064833 -0.3703735665697678 -1.258580903697835 -0.1778167164520896 1.162436183227195 161 434.7637259960175 2391 1 1.109117855123545e-05
 -3.530735119626874 0.1509443997825641 -154253.1417716976 2.725383216561204 -0.04542616815095155 0.04275997854546182 -5.125451849319123e+19 11328.8728179761 256354.1882390752 5672.462743794669 41540.03115257653 2920.484237370215 2277 191647 1 -4.560411696766138 -0.9389429518321091 -6.865094146927695 -0.4421599117368 7.519672663311798 0.5434484634821284 7.074315497771233 0.2686461323537981 -7.688041737769939 -1.566967507396807 -8.535158092366068 164 645.1433579921722 2391 1 -5.079808600450488e-06
 -3.199429195369445 0.08590410062549352 -857243230.786503 2535.84690769805 539.3014464866125 0.1613215733652343 -217197.8021433267 270.5146272348833 191.4345619967756 1.495803595083006 3.395098070824402 3130.866969506808 5367 191643 1 4.113218747009622 -0.6635682410010704 -0.6549398577885963 0.7531285451217853 -7.400970809689957 -1.976994847048613 3.971034616627882 -0.4213539014912406 6.614582174823495 -0.2821864302406025 9.862868052877023 167 642.7584989070892 2391 1 -3.816668428646233e-06
 -2.954357993800689 0.08070310443400967 -148899953.4490848 7216.667388316318 2991.52481129637 0.04940532895245134 -3927798626164941 1140.52393900752 3572.485790151387 2.290595026770882 3.024504930774887 3045.780945105702 3057 191660 1 -4.50133811484142 -1.257661923808206 5.367122877220682 -1.38590050830615 1.115691620669252 0.5030042254018956 8.537699196161849 -1.040780829459721 8.670777213466021 -0.3516306889392355 5.023191998216697 170 644.0167629718781 2391 1 -2.401049958914865e-05
 -3.547783422127803 0.3319694151962119 -103.484909443642 1085.864365068195 58.56027175911042 0.1059805218882272 -2429472783.283331 39282.0055064321 3317325.768841157 0.05808943543430724 1.732567499886138e+17 2953.464769985897 1209 191655 1 -3.182876053511516 -1.630883716744751 -9.495509608188922 -0.9799657290808268 -4.680977468512427 -0.06657376223698287 -0.5107242577349975 -0.3581132648157813 0.2175283138734239 -1.390703620530526 8.939437932290669 173 647.1350929737091 2391 1 1.574918462042243e-05
 -3.325912216543519 0.1051988978421323 -14986580.06921708 155.0582305993939 0.7298774227303615 0.4548429074698599 -60.95531099425877 2470.93138449926 13172.7220956579 0.2158106080567135 -59979.32717627021 2929.790569870862 2672 127767 1 4.412175536018098 -0.793398172800389 -8.647161969009289 -1.474580028183633 8.302342002288235 0.08969836571220788 -4.29531753761519 -0.07893407346106598 1.026293739526487 -1.510593787292154 -7.18519445066676 176 431.51873087883 2391 1 -1.212971504304648e-05
 -2.633612396470341 0.3898807167315921 -15.7668508278208 5.212002853703014 0.0727562300998843 0.04330463225548033 -2.113437093906315e+18 1567.613903462478 5709.703704964104 1232.691899925906 3529.86612597699 2981.161478750404 1471 191657 1 -4.551204522942482 0.6699755731167705 -6.203826527885072 -1.651496868771527 1.658200066198621 0.4067582128494558 0 -1.534146915718467 -3.066735801446248 -0.7737514721200718 -9.048656828740052 179 644.1157519817352 2391 1 -1.343363353302458e-05
 -3.707046255288687 0.5005078846200254 -5.141206131962257 1.158906742116206 0.1568063352051909 0.1491926786812555 -648506.4142673698 2574.361059669613 16151.77820398665 2.604361483380682 2.348233247553532 3002.785206250397 760 191615 1 4.276907447129205 -0.4690491994496444 8.550703197415645 0.3337126123538842 1.543197780327894 -0.503042032776726 -1.534067835056061 -1.820224542302416 -6.419955316952093 0.7487085556901079 5.860071044095236 182 646.5835058689117 2391 1 -1.843662282024134e-05
 -3.04406038192337 0.08204598426787277 -14343185303.64167 70897.16867174815 502952.893006705 0.0511224474106536 -6.19505342406612e+17 440.9206284027989 569.4103008841387 2.757566608706775 4.436084883108856 3066.190412253906 5243 127776 1 -4.179724503688331 -0.6878885236386223 -8.306617092932704 0.04687074593955114 -6.580862192041506 -1.730248022397004 -4.711189806910019 -0.9122650628958571 -6.865960940420946 0.2043269697368473 9.192248281118303 185 431.2223119735718 2391 1 1.188101988389099e-05
 -3.334527217877656 0.1848637987219829 -32688.3344349818 0.047242400054124 1.333372126997727e+18 1.093503637209855 -3.284872608949511 14084.10300233753 511368.0305144336 896.6183839313431 2446.95025655382 2811.674206554675 1902 191663 1 -4.487930085316687 -1.799428644289158 -0 -0.851751694073795 -8.232667884733729 -1.378006920639205 -6.324419956491491 -0.2254781663917358 -3.204397854494095 0.3174163692788605 -2.515249831680982 188 643.6249868869781 2391 1 5.660793660639653e-06
 -3.146203971052509 0.06144653349792319 -1611687226593.991 1.927652840226187 0.1646697259586995 0.08434014815480188 -26719700398.33356 50.51230931341384 9.160392476065143 2.255599065062597 3.802669106459446 3173.810559468466 1433 127756 1 -4.689653660632994 -0.923875294486435 -4.708518123994159 -1.015546136751201 -0 -1.548991845827963 0.7846547760797007 -1.868807374293574 0 -1.120927024376003 7.024780233645732 191 431.8407940864563 2391 1 -5.218154193281006e-06
 -7.26977052767004 11.47566132778893 -0.1527540361151072 1.608488262209054 0.07814000177562702 0.08343641418042182 -26070403008.68034 21153.557936571 1053328.545225351 9.999190042238745 0.8767610147686928 3069.339408005755 2594 127772 1 4.340042839040858 0.9396291946371949 8.720017433881162 0.4129262255014532 -5.066265041562244 0.09567032932287087 6.809327139035176 0.5848821094431291 -0.5364325207324203 0.1959362942421005 -1.222007679798481 194 428.0253510475159 2391 1 -6.235783109047993e-06
 -2.858462614681843 0.1129573191158009 -3164199.271932409 0.08358658674196293 7695304768.50284 0.1197864887258387 -32443357.47975807 1622.451117909648 6888.063371009454 1.728640882726483 9.722228110055163 3116.872870222781 2136 127775 1 -3.814830031733623 -0.06793451382223117 -4.731486799765571 -0.4488756177860695 -2.59011967235021 -0.9762825728902449 -8.774094339162104 -0.2895744590002716 2.666772958872331 -0.5356815772805552 -3.657804319023282 197 434.1770188808441 2391 1 -1.165217633817183e-05
 -3.487864492684345 0.5108431488449307 -6.43298160511718 2.23662470312795 0.1914799698259241 0.3114558887181849 -164.9487300797359 36099.00782907169 2614057.633926235 3091.204076553798 19112.0915239261 2866.197625432732 4213 191661 1 -4.50910588382339 -0.7499276955906344 3.503548020847839 0.7963715368673308 -0.5695419945586337 -1.727914833756884 0.9633184198927776 -1.85196884218364 0.8010102614794614 -1.940791185715222 9.064420867096693 200 645.3197400569916 2391 1 -9.220001238218617e-06
 -2.947193086657797 0.0395900967127624 -9.467447929529675e+19 2.940533191239829 0.1431255818744356 0.5717722509618895 -13.7550224869621 13581.57236222026 403591.7437284874 0.8007788151124364 126.137251279405 3018.683524093474 3638 191660 1 4.295238371345841 -0.8056831197749528 -9.412498893356164 -1.305212168496698 -0 -1.317069611055599 -5.017364461593123 -1.471368888566312 1.978542779077494 -0.6883877652122061 -6.557035999145947 203 643.2502658367157 2391 1 1.381639887664561e-05
 -2.790219240184527 0.1745710979845548 -114759.5299363181 0.1093547856904821 1161866326.838624 0.1401940893402828 -22115927.83539343 14512.91631071834 565738.5449645296 2.180393554489779 4.204443841516324 2867.301791112718 2091 191640 1 -4.642752168949269 -0.7724246653333351 4.352302026961037 -1.865057706358359 8.950780208514578 -1.20600170097849 6.026530407870562 0.9261039189340643 8.133234193264244 -0.05668061683414475 4.295198221245698 206 644.7943370342255 2391 1 2.299702776447886e-05
 -3.831155247919954 0.4125516950652053 -23.98123415334074 22917.15761477378 -12568.28888619544 0.04586450606863542 -1.728521446099062e+19 20490.36508320193 799218.5964528951 1907.432336352869 9943.560684592976 3028.494672752042 1043 191635 1 4.571869540538106 -1.587442656312656 -8.617254829572621 0.6839146183790863 8.55132146762277 0.1028616528022734 0.8350805301114854 0.5435994038977863 -1.222253363294663 -0.08485218052975532 8.624896007885951 209 638.0327570438385 2391 1 3.616120726002949e-06
 -3.527203634188163 0.09672888083312191 -18234102.11469795 42138.20939633704 231625.0318201031 0.1633962173035895 -226440.4897877908 5250.290118998528 57529.10512723313 1.252534371145062 16.15741134336166 3054.942439978985 1031 127279 1 -4.368606025620375 -1.654404725688278 9.51727864936778 -1.532133380097883 5.008121967992437 -0.2941240080872731 9.592633826167939 -1.885057992071237 -3.553995049329062 0.2135881473198861 2.228578639386996 212 435.6094889640808 2391 1 -2.02256096265266e-05
 -8.248631594706062 9.395041092582439 -0.1398087828019438 0.2648459127368311 -687.5617314290338 0.08785888562340917 -3664818289.928022 5273.009173516291 57942.12003052945 10359.53015010505 134159.1728189978 3093.179049780593 762 127466 1 -4.62948196216589 0.8322510865821551 3.709694496292486 -0.6320210979369492 -1.320029677976875 0.1274855528466485 3.111157721569002 0.7158190981982798 -1.530351446240957 -1.456898265422316 -1.950197272243368 215 433.7329330444336 2391 1 -1.341171817900075e-05
 0.03249554607056059 78154.67034928493 833105.1446503749 4.216247582334317 0.1034725922095568 0.09906387005990253 -971247977.9666294 70533.97973316199 10867834.14192661 45823.97757515767 -3847707.208031289 3343.362922454181 278 127546 1 -3.676955896674557 -1.91190092954313 -5.20204117918314 0.7004859755680659 -5.989134319245538 -1.184273079486891 6.862474677913914 -1.51989694475772 -2.899137618303691 -0.5836127441315497 0.2766155223623521 218 429.9219739437103 2391 1 -5.869606442522582e-06
 -10.15526396846535 8.945942714173569 -0.2097169174324297 1.780790915942883 0.4426597586187018 0.05519257148136116 -2713565238434992 3183.893909224025 24778.59281898417 5927.211593698114 72726.78088709046 2866.640882673003 1428 191620 1 -3.802339568006789 0.8012352663910716 8.242956761993836 -0.8321395994600422 9.053329825833119 -0.4873620696223391 -9.7481246790644 -0.09401692565249858 -5.448805930500647 0.1993745924087271 4.268258050610226 221 646.560310125351 2391 1 -4.339595405824057e-06
 -3.450398709481767 0.1216155835755768 -2219993.308413508 0.2060823590370151 -4267.302882207687 0.05907938353792512 -616228230973802.4 87.09487080734138 23.5025248339079 0.9191682204426586 99.30978947115078 3083.628562353971 1212 191499 1 4.68375289599771 -1.536341668947148 5.973921452966573 0.9883910546790022 -9.096792936635872 0.1475319697075563 3.522711398215119 0.4720629735209956 6.329257052771023 0.4363204521962309 -7.311734948267144 224 647.9811768531799 2391 1 -3.100737552657787e-06
 -3.735182829427263 0.07516650048556278 -7113188516.29812 0.1613688258003084 148346.5966691093 0.06645691821221245 -4302509247449.076 33.89974331253401 4.636617169170894 99068.64614553531 26204065.22329549 2849.239307915672 1576 191658 2 -3.794049457619041 -1.95734647310732 6.044796286800255 0.6169806771464046 0 -0.8815448297593313 -2.47069725704596 -1.416783902737588 0.6668680556705602 -1.12674947401701 1.846283310556149 227 649.0978951454163 2391 1 -9.840593125829751e-06
 -3.148240406101053 0.1632632652534556 -532187.9014775279 50.20766129881473 0.2466295593417043 0.09272557980255583 -302790487200.0289 1368.645510326658 3318.596596708817 58.31906723304347 3.667073050021604 3019.816630433588 1416 127736 1 4.183173152900953 -0.4243874868502608 2.460042250498015 -0.8715779261243792 4.151944055460139 0.103485330153092 -5.039029249346756 -1.81722083776106 7.873667440649813 -0.9486246830712357 -8.179636993616382 230 427.7946779727936 2391 1 3.557271582023783e-05
 -3.592527551345687 0.1824681557441638 -10466.24853722758 171.9473101226201 10.89109001581111 1247.43205300668 -555.4204905332507 3845.563734549079 34131.11253653097 0.960776464312294 31.62033712644453 3068.751175382127 4410 127753 1 -4.480056590053647 -0.5556941009599933 -0 0.8292604895450548 2.363833967385097 -1.456409084433945 1.881868858593363 -1.463722137199521 -9.326985728932023 -0.8924453627467495 -0.4175853382727439 233 437.8043501377106 2391 1 -1.592919902289183e-05
 -3.851856573826074 0.2304052416930339 -1225.173026700226 1.536995161773945 0.6027559767874046 0.1166335494985828 -20834547.33017325 9794.829442281451 270348.5904647839 1.655821921265432 8.606534210116916 2965.223874212059 1591 127686 1 -4.575082168460496 -0.4690921477771895 7.5998276153371 -0.08323494379011899 9.561674681678214 0.1056946111417573 0 0.4015774847283512 1.524673147781102 -1.198116947011506 2.803794550463317 236 433.5282921791077 2391 1 -1.43634338362874e-05
 -3.000879407521595 0.3435124247386693 -84.17317459604531 3934.466414827509 1081.202443555723 0.1175779527720249 -209083124.7765544 5534.095938868724 71773.19635999255 0.9506626311949371 36.07787700660748 3041.682148443882 762 191611 1 -4.3079501476344 -1.375440712837423 -0 -0.5205126116144836 -2.424862102742372 0.606340028885147 8.232600347913097 -0.4407727485266335 4.05893701792689 -1.178552809787041 -6.250939243200721 239 644.4654750823975 2391 1 1.235251472703142e-05
 -3.025436609784601 0.1041365441605121 -73156562.00863335 0.20697362531402 16064.24738669305 0.04361838745068759 -4.121465951073423e+20 2254.915933948166 12020.44645908257 4.907929736409286 1.364569527530877 3087.694785513382 1031 191596 1 4.374547823498149 -0.1651333485735283 -7.608107701193987 -0.5954982507623878 3.109241792511791 -1.065179332419956 -0 0.2897978994824673 -0 -1.221304019013966 9.987409542961204 242 644.0672459602356 2391 1 6.757072980477702e-06
 -3.635580394284066 0.3008498387644795 -260.5776472902149 30942.72198054791 234963.1145973905 1.943637657095605 -0.7438100123543693 47008.5497086895 5095730.393767297 1.797580412357018 6.258111778139369 2901.110746357866 302 186607 1 -4.66522297861722 0.8755495418651416 5.819581245478314 -0.09568707869992107 -6.268597073444732 -1.005911607756743 -5.297154289891339 -0.1173759715272614 5.420254469142486 -0.934749792694431 -0 245 644.7339990139008 2391 1 8.048605868963291e-06
 -3.03854596095922 0.08988904706878187 -359339604.4997059 240.9517792801425 -2.552972323096559 0.1508031758244424 -955429.0300172644 22166.73517633202 1081381.582283152 1.208208642513006 24.62346782143716 2947.542248837906 1189 191659 1 4.277497624593878 -1.788579013948227 -6.897145973236319 -1.555115205422397 -5.68673596130001 0.6343449302148123 6.474347404049848 0.6832545873244538 0 0.4814554160819426 4.91503148965481 248 642.4284501075745 2391 1 -3.600725412044154e-06
 -3.271439817842835 0.3983511116946499 -42.11764155643007 0.09146712649533696 22232010754.54191 0.05243093139890896 -1.549789097624359e+18 224.0696458325836 128.6836128854885 0.9745169970254999 58.34928614756075 3040.201984333785 628 191622 1 -4.599343169605628 0.2455810598639382 -8.726587241907509 -0.6613465363035136 -4.766283131092108 -1.335313115504727 3.879457654472784 -0.9471345548764916 -1.883222764935101 -1.147677383190625 -0.5187013068142816 251 647.3484840393066 2391 1 1.88822294789073e-05
 -8.589802253559654 8.173630474563833 -0.1486965564178018 4.039648793113669 0.09900698231273074 0.2088257141863623 -23465.38554960855 810.7913958295435 1548.090776983669 0.1794772725605336 1866168.854100619 3135.99488238286 1679 191573 1 4.515423624811377 0.09472293718308704 0.2742402757313092 0.2550052411370998 4.242757826227562 -0.5196495403060792 -2.246277718533679 -0.8363598915236743 0 -0.7597070057919694 -5.966028132825082 254 648.589152097702 2391 1 4.284586455381584e-06
 -2.999691161297205 0.08416652354623913 -514290007.3106014 0.3457655806813896 -27.23677480586806 0.144968763233383 -867495.4846414631 737.4925049315392 1396.788146952043 0.9608113058430432 46.2944156604774 3140.524207699301 3872 127757 1 4.435591525788506 0.5553372529207823 1.780814186834321 0.2345848053057864 -7.758621238812355 0.7314626225689813 4.727508316249709 0.6004107377899723 -1.589137867033421 0.4167512823300528 -9.965719113069417 257 429.9325451850891 2391 1 -9.822013551757168e-06
 -4.00211488427548 0.7294186657472463 -2.272520603141761 40326.39033012623 242962.5813003773 0.06384081159409942 -14874588558709.51 2774.999784979857 18831.85332814953 0.1614664577533879 -889599.2084018367 3136.27889018366 845 127712 1 -3.666106873854628 0.3130892873152495 3.267353368993051 -0.8400868812635931 6.393388082849393 -0.1697109757946436 2.284450848770299 0.4074915633141711 -3.989189254369305 -0.2149447873235371 -0 260 433.8285539150238 2391 1 -1.001019155825759e-05
 -3.263875276499548 0.4267588177247628 -25.91641489968528 1.836140388397909 0.09287167852849881 0.05669348615014111 -5988248628653111 628.9475454341052 921.5454079481913 686.9480279966532 925.9483578711959 2862.985278627948 1794 127709 1 -4.258745190922292 -0.6275468581462587 9.728072172606822 -0.1494970858008857 9.818777791798484 -1.895915083298914 -5.374838654139589 -0.06953785034886736 4.564400536880663 -1.529773199679471 -9.935953280959634 263 433.0644421577454 2391 1 3.814972209081079e-06
 -3.480170003514539 0.0424324515677951 -4.635458261407452e+16 0.09201226078711913 1274973014.870105 0.2600582538713481 -3161.885690957563 14738.55644892885 485725.0038000144 1.360105922546137 13.63069245222672 3126.084068158941 3669 127768 1 3.961871244316496 0.8414934250065071 -7.363197671808258 -0.7286105666963438 1.907206131157006 0.1006644151623828 -6.788595488253902 -1.84508754023929 -4.084124246965639 -0.217759899980992 3.485168755893221 266 436.2741069793701 2391 1 -1.048745015376952e-05
 -3.091844745493772 0.1742671048603109 -82850.48252433829 1.344262358503196 0.4263572493844484 0.4874222761678078 -40.29990179215468 66196.29142474008 12217330.19796373 10.85151300049379 0.8424360160504827 3132.650259719474 1672 191663 1 4.582374813672097 -1.425600069344362 2.868372635311849 -1.826256438738822 6.03682007645418 -0.7599140665561182 3.262753864061893 -0.7997819852742102 -9.621006425307243 -0.009623860443398729 -9.176691359298403 269 643.356292963028 2391 1 1.235976266036695e-05
 -9.582585720518374 12.24917432927936 -0.2467417965594137 0.1735505117416487 108209.6541728872 0.09959511160646263 -3874495219.281784 2619.482263891657 18671.43511750525 1.664615215136658 6.513414302691565 3095.404685079644 1731 127757 1 4.258135794547647 -0.2144271809692118 1.717690640776112 -0.2821198416865585 -8.48758889104054 -0.9621943986504231 -0.7987382403549423 -0.1945133348609867 -0 -1.695302510986162 -1.293527309805109 272 434.433641910553 2391 1 1.029512802719496e-05
 -2.999736789917235 0.1351448573553391 -380837.3367110105 0.1971021396369906 -6108.215512560485 1.066277323467211 -2.275281051365297 70.24662711655125 14.7346581753694 7548.13100696912 101947.6538144814 3195.849167057057 3427 127767 1 4.104247125751395 -0.265102428085549 -0 -1.253427043087679 0 0.9077065343095114 -1.609758480622293 0.6510922509151764 1.362325359559887 -1.688157300203851 -9.683373702681855 275 436.2692520618439 2391 1 -1.31009865804235e-05
 -0.003300424669161563 54200.64702456209 564403.4530272454 0.0423163679851619 -9.999336511802227e+20 0.2732394547869022 -5321.672927355006 99.80153343664874 25.90003017838675 1.016156024425357 30.53116127371758 3138.093233772833 10979 223604 2 -4.078556234571863 -1.952486009828206 2.800531078912544 0.2535135864642895 1.188076537197759 -0.9821125628216265 -0 0.4366559222764832 -7.557230688140351 0.9493885881307076 8.510703107165407 278 759.7205538749695 2391 1 1.336324684182643e-05
 -3.238939504364257 0.1247377268865258 -11527066.19615188 0.3388389908962123 -19.88337552598827 0.05933576187260936 -1.701477891690084e+16 4041.859761010989 40158.43741743921 98.48277200844396 24.50564060232213 2971.706057967056 407 126817 1 -4.572384664933998 -0.2691578157539798 0.3540595926837486 -0.2241756261544179 7.98831370030692 -0.04397112184416231 -1.779389681093511 -0.5545791306042238 5.998012041487363 0.6854345848718997 -0 281 432.8993501663208 2391 1 1.699648027667509e-05
 -0.321918658116524 23199.33300474238 69565.57135462572 0.2447318235621382 -1383.502014327209 0.1655619998947497 -257310.0922106925 530.7439293419238 686.2553993030679 92768.22701076869 19079356.50713342 3165.690865281489 784 191633 1 -4.560428188733185 -1.048964602663468 8.120025051043662 0.3534185801820419 0 0.2075103959102864 9.579538107448016 -0.4727262729071633 -0 -0.8190077015601371 -0.1509793096912695 284 640.5624330043793 2391 1 -1.075508265011283e-05
 -3.777191950833676 0.1143344445574314 -14488299.00790049 211.3890687111123 7.60588756606214 0.7040350269210911 -11.24529239655601 186.5334261898753 73.34691560597639 19111.85990619246 491350.5316817668 2970.306067348282 1082 191447 1 -4.037968866900741 -0.9643583622902296 -6.587596790444691 -0.9883617957504286 7.923234221603682 0.6042411825034577 -2.482991297446364 -1.330784952311653 0.2750849991368574 0.5433828433261771 0.4056221409070555 287 645.1581799983978 2391 1 7.694317976208265e-06
 -3.710701793758843 0.4383069373942183 -19.40701532151176 0.1883242032228841 28145.26082048483 0.246949452775169 -3797.267553668695 1593.698499538846 5193.182744146899 0.1950859645715844 351346.9835158155 2874.200656004012 7149 127768 1 4.526028264531051 -0.6736283952920159 2.644073478502384 -1.271110696244109 -5.067125912749859 -1.418001828450019 6.917150214544474 -0.4905383138460886 7.730490635629653 -0.2225335681543293 -6.752001215879583 290 430.7955031394958 2391 1 -2.536911953996661e-06
 -3.26576899207212 0.1122746957027468 -9719728.992027942 1.352054523201481 0.5231819094362734 0.06532893634029782 -33375554244024.84 443.4819380916617 420.8351563390232 0.07072314631392718 24500211661648.87 2988.42432788593 3046 191658 1 4.471708760901974 0.01855215234346237 -1.501464462549864 0.9885977880451442 4.318377292105598 -1.081090493977614 -0 0.6093123793688275 -3.941061377351827 -1.873565968544991 6.297264234213311 293 644.9517891407013 2391 1 -9.190977981332817e-07
 -0.3710842262358669 4298.89255071519 2460.223177298854 270.9549119505647 7.581092625728708 0.4392511036942759 -120.7655803755416 54.65689056022359 10.51478177452499 3.07496051487035 2.133608530375012 2879.28307264152 731 127672 1 -4.519324299262236 0.2367827709051769 -2.407898231656143 -1.519334290333638 -1.757889614406927 -1.235263464108542 -5.720578193194427 -1.028234809831717 0.5848625448647091 -0.8603580392350842 -0 296 431.027626991272 2391 1 9.951844939792488e-06
 -3.180062236005842 0.08839222481340338 -479090196.0372183 600.4709859487411 31.18454205292692 0.08226713803043323 -40130203756.45609 138.942978346165 48.84757953820254 1.177555935721987 5.233348999229221 3073.554010691035 337 127223 1 -4.415910080992218 -1.309265596548564 -7.522377112514018 -0.2632771017976632 5.142534964716318 0.4775813749354993 2.694563503748703 0.4479901300255662 0.6940426016058865 -1.399514246419408 -3.978404293074141 299 436.3109781742096 2391 1 -7.064327261576314e-06
 -9.919933478443593 10.77864088610814 -0.237265546834792 12564.86189104918 11390.55886846454 0.06216006848166583 -3697525969031838 9430.019917029891 206893.4714790925 4.480994834489063 0.7668164766570575 3047.742225426242 1876 127750 1 -4.672357523129689 -1.984661833472703 1.784757691134794 0.9999867477837663 0.7804340217430514 -1.432134072385708 -1.369343674133089 0.9393487728730608 -2.952863138742294 -0.0563007713646648 -3.534386543378686 302 427.3565239906311 2391 1 1.917961114124728e-05
 -8.267862042392302 8.961560079481206 -0.1541902679725166 205.6504366807896 1.322006154802237 0.2002574323652663 -46073.19621232435 16545.73874046656 822161.7598499249 0.6244952411620113 155.6637590735318 2986.93926335125 2010 127733 1 -4.306887735901008 -0.6033266908992356 0 0.2994056005572818 4.991297144839633 -1.983096511182914 5.013767050974578 0.9186946801352528 1.076978835273248 -1.280698243683506 -8.960895973962501 305 433.2820980548859 2391 1 -8.908084365700207e-06
 -3.104472045899728 0.2455611963511077 -741.326469062216 4.700412962161706 0.07808385335790344 0.133450040568665 -15318329.92842936 25151.87172683254 1615708.313433687 2.628622276529423 3.861249283810345 2980.974988641118 1163 127733 1 4.649034849991572 0.5888469386967428 -9.762753342733339 -1.799232032673068 -5.678560451369159 -0.7991627894658828 -2.550643775908894 -0.6135046030488001 -4.090329899095774 -0.5236528770886855 -6.440024384386408 308 432.7080969810486 2391 1 1.129506962447279e-05
 -3.427958806626349 0.1324438558770399 -1750745.272806485 0.0527276532199993 3.04541005765565e+17 0.1376648000972222 -21452531.08113904 25.55415039955139 3.492594664293749 6.576257564791841 1.894313689807564 2986.030860683044 1485 127770 1 -3.670426568125795 -1.712441489935056 9.340872707619496 -1.735783268320565 0 -1.256270254796323 -1.832761192744611 0.07836347304544902 -0 -1.9334998323187 7.90269383268382 311 432.9370889663696 2391 1 1.616465778398277e-05
 -3.569205455042914 0.07500827389684059 -141063208785.0143 0.5179576616340209 -7.64578044557736 0.3750961830446343 -515.201668453166 86.00628153546113 20.615525989675 8785.362296659441 172522.0802844244 3130.915763642862 3003 191660 1 4.503635777639812 0.3954992552335462 1.095059661516661 -0.4393271420386764 0.1369776032204522 -0.3307623304541485 8.712087924355215 -0.0219444772397672 -8.146463042424532 -1.691530123614816 -9.967694543538823 314 640.8897998332977 2391 1 1.281758762386111e-05
 -2.818171233748713 0.3053435235113743 -52.93383301273854 1197.046965842487 281.1045194316183 2.089058674822025 -0.1626414231490629 3281.249368946118 21178.13621670517 0.1432314445490308 3099384.196775591 3011.334002344814 1268 127678 1 -4.301258846218218 -0.7811878112998532 1.339715400148008 -1.549537198866882 3.689399779234647 -0.7448493060549373 -0 0.002749296792781083 -4.675454888321813 -0.5876767924068211 -6.402886480501617 317 431.4921100139618 2391 1 -1.798569720555619e-05
 -3.158558836538257 0.06175457976567758 -343880623156.6057 0.1016356357471687 43894498.00898866 0.4676048150474392 -51.93254875315299 130.1467724139396 57.17652103038626 1.61562926925703 10.08924880416133 3178.531857316413 4466 191656 1 -4.411246285781377 -0.929662479004409 5.31252996502588 -1.632583076609584 0.4317321289640397 -0.9232635322565601 2.315589207434691 0.1125251117250281 0 -0.5483407749004838 -1.411853661214142 320 649.3008499145508 2391 1 -1.267073918414151e-05
 -4.376054572978478 0.2471107862349463 -1497.405292002748 1.638743818175352 0.08149801388059959 0.05601807019745454 -1.373879915831316e+16 5071.471706545768 62174.90351034356 0.04804064797750785 -7.481284732931313e+18 3076.110319962952 2643 127771 1 -4.394576123940446 -1.434259040892059 7.728773210373916 0.07161916469543649 9.685214736936608 -0.3822560223402096 -7.905810514722685 -1.354273903897994 9.941967700225309 -0.9699272321854968 -6.247460675160318 323 437.7982420921326 2391 1 5.475634784112239e-06
 -2.922181442466349 0.04869244328405 -427615211266121.5 0.064435104851655 -3377112736370.058 0.2463057039386465 -2962.88363610167 147.7652156492536 55.78374325416986 0.9322079442476952 34.45707374282632 3023.400701672509 2876 191657 1 -4.297972233492333 -1.354669126020234 -0.6346851828399505 0.7313196527613783 1.625950641319967 0.9010860370113414 -8.589337726846015 -1.268120528596576 1.159033307243678 -0.3561980231408963 1.890018129570533 326 642.679869890213 2391 1 -8.73555440536551e-06
 -3.07398975801208 0.141193360214181 -1558441.847333539 3.828475193250757 0.1228415429018232 0.1900517185336512 -190685.1261977643 98.65593243497035 33.50796291317675 1142.465596910262 4974.392342152778 2964.842860526277 2086 191654 1 4.540787913588389 -0.7128814278613991 3.10925253060709 -1.274382384431376 -6.220108469371752 -1.83457320949746 -6.749403060785582 0.940108298828723 0 0.1564642755668437 -4.765218260541209 329 651.4968249797821 2391 1 1.4925580476267e-05
 -3.638354215559511 0.2432828633766298 -1290.660547822706 18385.48096122327 44830.29091015537 0.08098787820031447 -169716573672.392 981.6468525133974 2305.590244035419 0.05046394541672974 5.874356987635672e+17 3003.094041794925 917 191554 1 4.043451085157827 -0.1751162448780734 -5.849046641311132 -1.612806015381295 -8.756040266875305 -0.8301992556483491 8.95544242861709 -1.133005310270389 -9.558091470862662 -0.04841451254959137 -2.863252478838459 332 650.9142239093781 2391 1 2.9392172003865e-06
 -3.047988722233932 0.4680889691649491 -13.64243648717808 0.1480020471342789 1794795.312565457 0.2059229391603457 -86428.98342110336 11.24112142758633 1.407725059427644 3469.983682651308 18259.45305278395 3076.92926085429 1830 191659 1 4.694614793373926 -0.7973227315203353 -1.408728891734829 -1.593322278876223 5.960760533755472 -0.7994872882600745 -0.2034694763414615 0.5387245810218402 2.334484841936055 -1.115976687044429 -9.180450033165 335 650.0063028335571 2391 1 1.807445510931107e-05
 -7.320890216595171 7.135172682276266 -0.1320811433235608 0.09868391528805256 -1744416470.438529 0.1927573673062503 -273140.8056787713 5276.552948313943 75029.5706690387 1780.012958660076 8210.675507440981 3116.333477395327 1174 191606 1 4.283549789557258 0.8999150623527434 -6.768968410679578 -1.762738444980504 -1.52207115734262 -1.83633434599974 5.101432520539266 -0.839071269500689 2.139655756778507 -0.1517898362751051 0 338 643.1671779155731 2391 1 1.993118046749161e-05
 -4.219907821826182 0.7240047195356154 -3.026581342832858 0.8480028825913657 2.009320599213859 0.1620798626454993 -474114.2811425342 2886.909358967994 19852.05852769423 0.3649486547175395 713.9612894389262 3003.622862033384 3565 191661 1 -4.42359745818734 -1.238603176132775 -9.174531386702444 0.7531735531637587 7.799816932000505 -1.987974093521204 -2.340225395524166 -1.2862684682018 5.347886332304373 -0.3303129566323761 0 341 645.6863849163055 2391 1 1.334456474885286e-05
 -4.040259912613626 0.2886054413515737 -494.0990680865619 2.49338267104164 0.1118994308352102 0.1889443323219425 -105120.6712277543 5871.441753322005 65498.77716465513 1.097712804431372 2.570925575209655 3005.644841172581 589 191528 1 -4.495963366285457 0.94057377300886 7.060925741665926 0.2938119006397794 -0.8187819776863989 -1.442969833209154 -9.678322828066134 0.1958271740793918 0.04667490291785104 -0.3481304705151694 5.74440730386166 344 645.9872069358826 2391 1 4.726937150495944e-06
 -10.30405143090818 12.90789710917407 -0.2492368641732624 246.325147409262 2.68671694551083 0.3703152794155867 -197.0372104839284 126.775731773516 42.56719021989922 1.125858777835768 17.31396723778696 2831.488100110449 1051 191623 1 4.455705807307559 -1.207110868441209 7.402159846069271 0.9532838756373322 -9.299511169914755 -1.584946902908451 5.196178748283253 0.6399507870913491 -3.524037541538737 -1.025857792057918 4.543518864877218 347 648.325325012207 2391 1 -3.684794270202033e-06
 -3.554048786273568 0.2937663110019775 -284.002453003981 13632.53665172369 23885.73216610193 0.1177541090576425 -54707770.79016633 925.8298424163191 2230.682861808632 610.071111675347 132.8577278815656 3051.347427342727 1205 127774 1 4.696092200353716 -0.8579726561633425 -7.152025237429568 0.4626842716147896 6.475822678058765 -0.3522860130953518 2.495342292618817 -0.72553419447609 4.057479048772648 -0.2325114091272198 6.181830916702229 350 431.5272719860077 2391 1 -4.777534769564912e-07
 -2.763771084899012 0.0572494641274894 -23553088074378.29 0.5742509666621934 3.534234197276109 1.146678177993818 -2.789511117344829 235.3808975914938 126.9846489405959 1.939805346587605 2.951478279851339 2906.075780957735 4303 127772 1 -4.645780446743445 -1.082438701866928 7.473417863301604 -0.847204054390394 1.425202441232401 -1.662683773225669 -3.567985757549181 0.6651024831698678 0 -0.7763947320674704 -0.2865089563035896 353 431.5933299064636 2391 1 1.545664030490336e-06
 -4.226288236324193 0.5481390635905661 -6.373885517756574 10089.28663776955 3344.668725488013 0.08437276290794583 -21582015576.26433 33.9253323807424 3.813953120243776 1.628964525554807 9.855530558256319 3095.493671820012 1859 191651 1 4.649863018220387 -0.01409958150474293 3.776530931163077 0.6511587880187796 -5.347185838981108 0.9996948937560867 -3.549789020867117 -0.9917243222394063 -7.849018316253892 -0.7073056587408137 -0 356 652.5610930919647 2391 1 -5.120375631000336e-06
 -3.675849664838206 0.07606065454446774 -4959185339.945906 0.2431610776969149 1360.62916916948 0.05327631602190343 -1904632585851198 2927.610765420236 16139.34490952906 2436.378627786258 6078.857222644059 2973.516320910697 3293 191592 1 -4.254897230332113 -1.096125069699525 7.47566325670317 -1.810168149239159 4.887942616256012 -1.109350340752641 5.762459334483766 0.07082746688625399 -4.791016132167702 -1.848395849136484 -8.594372430588377 359 647.731183052063 2391 1 -1.185946468677323e-05
 -3.197829626670345 0.1005887452840087 -38544891.73736198 39559.27441266439 142451.4635721838 0.1691399154946629 -219369.9978992326 1086.924467452876 2282.683079085091 348.6243662589826 75.57080325612652 3362.551446204328 563 127750 1 4.281352633584219 -0.0598514491745412 4.498459317925849 -0.1863158006504415 0.8547506315900835 0.3647065545059625 3.249102149639929 0.2327407797514586 5.125285453653745 -1.687633499046237 5.162626931089044 362 432.6024439334869 2391 1 -8.294094514471511e-06
 -3.522915949988207 0.1359853375001107 -1032989.681566477 1.978693616053854 0.0259566863720144 0.4124243480191394 -76.88429713091425 282.8970759286672 187.8730696224791 0.3142808970956902 9627.737731401994 3051.889977414974 1662 127764 1 4.291183936584682 -1.553964563997356 -2.667812399817095 -0.6182893783447891 5.355449885795099 -1.491802071882192 -1.947705103045585 -0.8989439018307159 4.338927866558559 0.7914620749734431 -9.723471084801778 365 435.4429979324341 2391 1 3.316646205598502e-06
 -3.902303764779422 0.3621303245045057 -68.46544952081616 112.087523294633 1.361303446509222 0.1954603480865971 -34307.90174697624 19192.19380365597 833036.3695439451 0.9389207667238686 17.11791386586018 2900.494108705499 1226 191093 1 -4.258329863972036 0.3706854637425754 3.293362719319134 -0.2148938218236225 8.513542631456215 -0.9003064663487681 -0 -1.377029241766834 -3.947647004579736 0.6729413749406801 -4.003400372935915 368 648.0271651744843 2391 1 4.441811851274516e-06
 -2.820287639800456 0.1851872128463871 -31341.38580179972 0.0429772356952861 -9.96603786971657e+20 0.2345193974555091 -27708.03172114409 1366.201009709434 3946.225153888386 108.2048316198501 -12.39297675904975 3149.909875662601 1943 191657 2 -4.228158944902636 -0.5976627198585468 -6.906745247636644 -1.278893654201367 -0.05765585343487478 -0.8704480501857601 -0 -0.4814763235138546 -7.588274741677312 0.5646670178085724 2.309696784666257 371 649.3258340358734 2391 1 1.537673080113297e-05
 -2.271323027525412 0.04785330490254702 -4.027140170511881e+17 1612.109891058449 300.005510770318 0.05893610650082875 -2.38875571855343e+16 711.231749755946 1004.183335407611 0.09318854945593315 121431208622.1046 3125.063558909274 3361 191664 1 -4.571730875391156 0.36030178835016 1.744059743303157 -1.380302061160559 3.112434887815542 -1.382593006050043 -7.723222006003608 -0.7223668356528226 2.431784207382778 -0.4614243186658244 4.095227763926371 374 646.597384929657 2391 1 2.064870066777833e-05
 -5.523412199780898 1.500285478633299 -0.3947398100191602 0.7470751596084525 2.343652993324822 0.6687183432387581 -12.00485203843191 151.2375504804467 71.41265036297717 203.2532788247996 113.4405750056541 3137.701914831877 399 191250 1 4.381883710073859 -0.4033257956156655 1.137091931916752 -0.804390814286716 -1.430094299296852 -0.4037959577216004 -0.9987246368314944 0.08028098537820043 7.721738990125209 -0.5317103771062062 -8.03412250390819 377 646.9366970062256 2391 1 -1.210298841272029e-05
 -2.628332331157225 0.1732627616877297 -60576.37829766033 2560.603681609627 1009.881626015217 0.09502711124222255 -7469597629.332621 14044.43760542977 528500.506371925 0.09191657900251114 200779656557.0542 3204.143542502545 1395 127776 1 4.615406290195271 -0.7920706642742452 6.444938496143276 -0.9659057027804803 -3.091428079629574 0.8382694222913414 -0 0.9650166764510244 4.856440618138832 -0.2166890296783404 -8.895299655426712 380 437.9739928245544 2391 1 1.296914667000203e-05
 -3.411296833285533 0.2567544824489083 -208.8424124220886 49115.85028890976 106448.6460602147 0.06856205275796701 -35514423515.84841 105.7385057488298 27.47949928299661 73330.78758238084 3521190.802302574 2960.965479173738 936 127755 1 4.579523791497702 -1.278771069007191 -1.362377684991021 -0.8192132130138364 -8.55037432801689 -0.7615040221082108 9.265324935632457 -0.5768454439523598 1.342307948271901 -0.9001609505466259 0.6521907760693444 383 432.9073550701141 2391 1 -3.461501943965166e-05
 -3.726253515929804 0.05572046883097108 -2542341962788.924 0.03568287315562457 9.974300844403614e+20 0.07896207625416828 -37946296502.71429 1318.868209386624 3259.268645312074 1.646987315212925 7.543148245849216 2943.026075385719 2861 191633 2 4.070648242900005 -1.755921009652217 -5.071478245244215 0.4996885186173836 -8.363504452705051 0.8082059175521916 -3.291327007069065 0.9042070481871964 0 -0.7939398732847263 6.898623185716358 386 650.7478330135345 2391 1 -1.824199292160169e-05
 -2.904457620547028 0.08746019412091818 -11996286952.58582 163.2923227439984 7.166237372339335 1.479382762842577 -1.213272736689202 124.5247261350918 40.97827439269296 3512.015502215775 17781.98586899218 3002.092338750782 2155 127736 1 -3.176144911596324 -0.7537130630159741 -6.436310446661105 -0.2298482731548157 -7.379091400159732 -0.5030528470239384 -7.637931119433423 0.2878483455291318 -0.6289407860571319 0.9054339917987186 9.326719811842741 389 429.8059871196747 2391 1 2.238876925302063e-05
 -10.95978271569376 10.31580980123372 -0.255493778266016 13355.23174958382 10107.9319496922 0.4809482883060721 -36.33230591530941 53.91908701237906 10.22399352600436 807.2701490891809 1469.053631762741 2833.940739746061 1584 191640 1 4.530017937021025 0.4652571977673157 0.5090251158386359 0.5665628562278151 0.8496478422358753 -0.4635877284775196 6.06903024056691 -1.75718120098511 -7.887437958419296 -0.08620906477998606 8.828890992578726 392 651.6520991325378 2391 1 -1.125271628576988e-05
 -2.762387988656782 0.3444474226050692 -50.71775877146072 1144.328345076237 78.91582184335923 0.05366933299934801 -2224947150711841 57.0857356393637 9.962907499395275 0.03947059826942546 9.999575024495978e+20 3138.062523880072 1568 127485 2 4.046125977030327 0.06868714008135691 5.6917117306614 -1.671572556366977 -0 -1.775214439607062 9.066550314583093 -0.0296247923436504 -8.21307869230677 0.01823624711318316 -7.489369834587487 395 429.6330471038818 2391 1 -1.182256667886034e-05
 -3.340783620460668 0.08441159152508497 -415831808.965075 2191.778651755156 350.7319769257634 0.04223428138018935 -3.401829355523113e+19 1095.064637813437 2340.722895192177 1.07057663435104 26.07601741628763 2984.380295692872 2586 191662 1 4.591181322238747 -0.233705731407059 4.556264303941253 -1.542831260772443 3.182455956555819 -1.23658627148748 4.624445407713027 0.5746632373593048 -4.916032405845041 -0.6648944374436194 -6.014375001683149 398 652.8350169658661 2391 1 -9.822957053252895e-06
 -10.38987746839015 11.96950057625891 -0.2739539569110606 55.84150859914771 1.989430046777175 2015.575556849101 -1739.71660081745 8236.570189130405 168854.6996964573 7.63009245354555 0.8070567957921855 3120.863525540893 1535 191590 1 4.528116556579144 -1.717570283114141 7.580766327411881 -1.190944593098203 9.830438737812967 -1.787753420559963 0 -0.5709693866059435 9.028189171901023 0.5754543169445219 -9.463559627955636 401 650.3456888198853 2391 1 1.394775247080397e-05
 -3.34114656399645 0.4017964476804088 -33.67147905066151 0.1012551093230595 -521821799.8444875 0.315675816990486 -1190.565921483853 5298.97517368474 55637.99922786924 396.3837321371502 128.6143352697919 3049.111101458316 1174 127724 1 4.252233483790896 -0.3517809802626743 -5.381829987640387 -1.777525423641243 4.841437755981053 -1.665001964254704 6.532318107905187 -1.467796329372619 3.64367412106139 0.8684180082999537 1.01575688717242 404 433.3158581256866 2391 1 7.775227721554791e-06
 -0.1452644109330939 3100.974576610485 1497.028846118672 0.0435460353195944 9.765189036335364e+18 0.04290530963001059 -1.420070607676995e+20 3312.093311230444 21997.92052169498 0.09355079194675182 45555736311.72868 3132.575881137547 1806 127743 1 -4.676769998398523 0.2394631206133586 -4.125874176983032 -1.34214179012459 7.468640937149134 0.002456208817065825 -9.064151775721582 -1.088662764420453 -3.972189008095152 -0.27266777026448 -2.161265549542814 407 435.0414600372314 2391 1 -3.367551819683594e-07
 -2.773453844157153 0.07258405673183579 -140598395656.8237 0.05567059255408507 -5383468913988415 0.09760808986533115 -6891006226.327148 568.6257247941986 751.7381740254975 2.405449224099088 1.987261102872683 3071.586029768891 3620 127775 1 -4.036091745906259 -0.0681567127496798 0.3847983489404054 -1.098367356797594 4.133966255890236 -0.2295536928524698 -1.628995071300056 -1.699540206335484 5.374512233096626 0.4890547043378604 -3.134537932036743 410 438.7350189685822 2391 1 8.279405308977009e-06
 -9.21233385848862 10.43352681426178 -0.1945333218938617 7016.534090321209 5323.673477303243 0.1244382603695215 -3033258.574570331 1258.128317763446 3164.733336900477 98.75664207337529 19.3254273751546 2840.276028172167 1715 127759 1 4.367944471360512 0.5834127338612256 2.307192076838597 -1.923634375338667 -9.159825201574927 -0.7501727779297944 -9.770057423022767 -0.6869786184235762 4.450112515554395 0.1958844388523357 2.91036034852302 413 437.4179770946503 2391 1 -2.742605744796358e-05
 -3.05268384202836 0.1550956231550606 -156290.0978901904 12408.89722279303 30195.6217205365 10.61493486933068 -0.2702948703281814 1912.590211472563 8215.249521451226 0.06712102674746842 274293362958519.1 3135.856634166804 2189 191663 1 -4.446364188580744 -0.4245988399107966 -0.6030968692974099 -0.9700610147284419 5.953186104230152 -1.034465196553713 -5.532048749725384 -0.04155357686259278 0 -1.837725912475771 -5.737463065060801 416 647.974750995636 2391 1 1.002931806529565e-05
 -2.890124479989512 0.07508482395937865 -4042432708.0248 0.183966081816464 4717.032011247225 0.5961574124887835 -14.0649392019439 50.66162094014743 10.71196033530027 1.052243877159249 18.09351730167042 2983.404379869847 1833 191571 1 -4.578534085909466 -1.688771751805604 -9.274789584576855 -1.511297220655919 -3.770006805182736 0.06262633523386538 -0 0.654960591774759 5.569326460216891 -0.230361615128432 -0 419 649.1809010505676 2391 1 -1.482345334484919e-05
 -3.235622881241946 0.1348365546717347 -1086684.449948154 340.9058469890211 3.632934578965846 0.2500070422221695 -5784.405940106513 12674.12919209526 399528.4452031887 0.2648834824106646 45190.85665843514 3176.004661263289 4368 127775 1 -4.534262117746695 0.4485785262676228 -2.608363565330192 -1.219265793402361 8.60371127635676 -1.816428554162723 -1.137755843821009 -1.115604332922119 -6.648066379022628 0.0635474022776958 4.027432687823454 422 437.1807191371918 2391 1 3.972916580053078e-06
 -3.237863636725112 0.1594395622949348 -316088.6101133877 44211.19369558053 177612.2395688773 0.05024660213293655 -1.569039877643591e+19 2015.169103243214 10286.48997040872 210.4297610237852 74.66580889258215 2788.56975583753 3580 191648 1 -2.471455299801969 0.9382957837895263 3.27699063420492 0.3501972512576118 -2.456571211907346 -0.3121938809432408 9.643838944485326 0.819337808421114 2.236506675641778 -1.288331821571411 9.090785241125653 425 641.3159139156342 2391 1 2.314610122693038e-05
 -3.674452996802021 0.1577117462215243 -165632.7455419324 0.1147804334220551 37995845.79123524 0.7667042317053939 -7.233664498941105 17335.82780482158 636802.1295870829 0.205328843728401 149812.7251775529 2988.903319119951 1981 191663 1 4.311415376911436 -0.05547849584073729 8.584712651780407 -1.85440149474393 -1.563422738000672 -0.1582657768922413 -8.206197983182564 0.08842133821684152 -3.511147834287402 -1.921036585391811 0 428 645.4174189567566 2391 1 3.984527668188645e-06
 -2.971627601790616 0.06912640971993556 -63747802649.89362 175.8079868841456 2.651975321771477 0.06213218506478791 -107211960712616.6 565.4850131357034 672.9841270029233 0.1455400133866675 13213129.76963326 3144.158194882931 3367 127773 1 4.545147337936156 -0.4666997903808685 6.274768174305216 -1.453149838591879 -0 -0.850407422573582 3.829183200177146 -0.8933095557740272 -3.293477675870072 0.3772071129665902 3.188212808563828 431 436.9204881191254 2391 1 -4.815472728917531e-06
 -3.143107656228123 0.1587525244887713 -100039.5625162866 4.59161261212741 0.1393801463267673 0.1312858103469006 -8631093.848449323 133.6262319347125 41.47120506223093 0.05032272759291767 3.235446978181554e+17 3007.868194557057 1269 191632 1 3.504889691570363 -1.315576346586891 8.105257011635453 -0.8650427301084953 6.719847586345771 -0.8384985164522929 3.994009697622371 -0.4087239435502514 -5.138013162998018 0.1465384460121317 7.9586911880806 434 652.3324820995331 2391 1 -3.805701089906933e-06
 -3.047242738524555 0.1083695002466521 -4361041.529946726 0.2004629552715878 -4691.62386209842 0.2640879675988442 -2492.621258791102 46639.06360790737 4580401.820789281 0.6414374414376326 110.8574803351578 2862.415865923932 2051 127776 1 4.593225664974518 -0.657552369886595 0 -0.3537925267570934 3.300755957249002 -1.218057454503467 -0.9772897767033113 -0.878030746685635 8.122531474678391 -1.437891039756341 -3.998278339168571 437 438.4941840171814 2391 1 -1.007048955847202e-05
 -12.16522097353164 8.6273301255669 -0.2583144539341735 1.144656187565024 0.3418461519293313 0.0434004645158879 -7.84400927970853e+18 254.2342645203036 165.2721843961202 1.521695265192886 11.97451367626235 2682.117167611515 1754 127763 1 2.594995424935617 -0.08468625284441171 7.251453731174722 -1.511699142574419 -0 -1.675637459556991 -3.545067228447808 -1.196964819320688 2.370608877060288 -1.537419474679411 4.156138344446452 440 436.6296639442444 2391 1 -9.25800259014671e-06
 -3.236842567691307 0.1521742345885112 -255674.5410880124 87.06931075395779 1.312130153582108 0.6527749210199676 -14.91298994653601 75270.97977504326 16610001.546395 1.215718154697163 18.84765208071865 3091.659249792221 2984 191663 1 -4.357784536993925 -0.1141557674054151 -5.144980587870603 0.02961057622264991 -6.121825868045711 -1.228719650468943 -9.706698939317771 -0.6586074533739055 6.074573807582804 0.7333865331034093 2.920460993724749 443 647.0986618995667 2391 1 5.731850379954183e-06
 -3.361445023849729 0.126043838553798 -2241580.393316655 1.650171457092481 -0.100580174477892 0.2485982138998352 -8275.223958655924 448.9425063152092 374.2005062450958 103.7619128113913 28.96270743376864 3407.496300669666 4363 127769 1 -4.158686299315656 0.8218829848835703 8.375978516197438 0.9011255105282419 -0 -1.528265575546406 -2.254368770575251 -1.83874724165384 -4.813141561683491 -1.101279859236709 -4.262541290120924 446 428.0199899673462 2391 1 4.287590985067604e-06
 -9.613996622402437 10.28146876175938 -0.2054781260672151 0.1554545499980578 -413933.3746246276 0.1506797444913996 -552229.1670772807 12103.8082470759 379435.2174488495 1.568266573053371 10.61558037466143 3043.034787117448 2015 127767 1 -3.940455565379568 -0.7173527955152803 -5.274586926929087 -1.048499533877535 4.873043497699115 -1.530591625421505 8.919500465648575 -1.1035950823143 5.881080223161217 -1.209078468372368 -5.401634771469688 449 433.3259501457214 2391 1 6.432581522298826e-06
 -0.03917699233923842 732.7357542569695 90.24697640970759 17.14333717060746 0.205030804455853 1.059256670402049 -3.248764719637355 391.7426947471913 417.2422716022849 0.8592767868351723 48.98778724835966 2991.821994541978 1602 207622 1 -3.977135835653732 0.5369885697079537 -9.30227220672176 0.8312577170174356 -9.196444444883978 -0.06196452005015197 4.982308506401584 0.7141202382175588 -6.75442171809437 -0.5771130358549836 9.005556841516459 452 698.7236399650574 2391 1 1.225098561834734e-06
 -4.174070757534431 1.011189718145243 -0.5953604508229786 1.895340868651548 0.260785291155761 0.2290993343912732 -16710.64421835963 199.9398681905081 79.02093453916278 143.0063004762683 71.042869091383 2981.045292356268 1322 127753 1 3.581155023823988 0.5441634599119825 -0.7699433056439844 -1.79321342436391 8.708707702576028 -1.693178913491209 -1.796235725547246 0.116164057573739 7.970853420498296 0.6451722098407923 5.912873036392532 455 434.8750970363617 2391 1 5.537319314423329e-06
 -2.931378079374748 0.1830939399180919 -6807.769590342591 58353.14406880602 279844.2078822088 0.3761225764094258 -117.1600759145777 462.7015535507066 536.5397445955242 967.7379944879418 839.5632617260525 3071.381917269204 1971 191659 1 -4.642519604934959 0.3370820855407572 4.003088548589069 -0.3047838859099113 3.951052161957641 -1.725371335883742 9.52082065945724 -0.5713764554379068 6.111114807353602 -1.431850091883604 -0 458 643.4850168228149 2391 1 -1.270857387197311e-05
 -2.34796438678709 0.03759477223544538 -3.464846077942413e+17 141.7406244223237 3.895435535853516 0.1620469998022304 -192746.4085712741 15868.54853515016 662834.8959319144 135.9196484962478 30.50248391638583 3028.338764356541 478 127741 1 4.516639909502074 -1.723043359567151 8.308618311376907 -1.58470831987973 6.23130021411434 -1.404341269382592 3.401701189831285 0.7204434206675567 -6.113689984187063 -1.867580214870348 0 461 433.4750201702118 2391 1 -1.7419201981704e-05
 -4.565058717260929 0.4993064266453808 -9.584405697733315 0.03933903813305598 6.325618877702979e+20 0.1434041565741592 -1818210.830324646 82.88889351640208 21.06516409348543 9191.447219032916 177165.5056333939 2910.55154944599 1588 127749 1 4.131047344056605 -0.5591286375898443 -0 -0.7849130086207285 -7.498800287847349 -1.436687050875435 0 -0.5656989345230583 -6.788896529783489 0.9599147938894692 -6.898597351377493 464 435.0057048797607 2391 1 -4.442772303651495e-06
 -2.75727824105257 0.06107932484682507 -54353879376574.96 119.2287575480779 0.9640522361317122 0.05156971985116154 -3.008637780022086e+18 105.7538932897069 39.34606175345579 3.906085907026655 3.467775099054419 3008.505216762921 851 127763 1 3.737763568671034 -1.350898410487203 7.09525874549608 -1.260010341063878 4.970396529352131 0.2146531609979347 0.9033127262127016 0.5336739655807206 2.22110078288277 0.1733911098986183 -9.906306197191965 467 435.0264480113983 2391 1 1.70319769168301e-05
 -3.177390388896951 0.1870202864189933 -23475.03752062465 57.50446494750158 0.3809622657175555 0.06766297899242618 -62906951066032.46 2434.105394519405 14343.168393069 1.506565014709988 -2.906542000476107 3035.364176394318 2272 191585 1 4.445223213117441 -1.43791475642376 0 -0.002729370575727016 -2.263733512801296 0.8618360652073473 0.7918220767483222 0.288264681010026 -0.2731270073088305 0.8249189218404234 0.8521782009234786 470 652.7256410121918 2391 1 8.21564143796657e-06
 -12.45894414190406 11.19037945369423 -0.3172109382656002 14.59167317163498 0.1024053918470277 0.06797020070110618 -2379251866060.208 68.9694978877308 14.83398470482282 3918.248920993751 40365.82884245129 3018.32619574012 2939 127762 1 -4.103714089659706 0.4022449935013425 0.4252168741601032 -0.7959482611969886 1.739934392283935 -1.086722269871778 -0.1035064829035246 0.2933830637543053 0.6919377034148493 0.9409413781878704 -2.976054065802562 473 435.4341561794281 2391 1 -5.751479749535528e-06
 -3.45180877796806 0.08182123173255794 -4879412296.55772 1593.751235657779 261.1131761959822 0.1413974685242902 -5932398.10766966 77.47004692391693 19.65201235896919 1.097069923100927 17.47518660489654 3197.864519205066 2179 127776 1 4.223580243902755 0.886336363704165 -9.44675289009202 0.065322296368203 -2.483811151293429 -0.1225827227824361 4.839695976304522 -1.239948028885908 -2.431709426265992 -1.855211157184105 7.024610964301081 476 435.4502880573273 2391 1 -1.860917292232186e-07
 -3.145550246696781 0.04964917512191701 -125748658540594.9 5166.206982233117 8039.640109915885 1.13462519447063 -3.394575943762505 1613.381854620017 6070.32084496902 28.61751385693611 4.560887126996304 3205.466639211883 664 191587 1 -3.718492444047109 0.4904995636389104 5.991286905191886 -1.350801609064283 -2.622110129465724 -0.9627150316494335 6.384531540581119 -0.3931496293612868 6.042376427314299 -0.1165671307750627 -9.927746164018247 479 650.1002061367035 2391 1 -1.155824057490374e-05
 -3.014289884692733 0.07560198401451747 -161302496617.4365 0.4755530562808362 -7.209682452555268 0.06213849122780388 -2084379064012860 8745.695843398642 153499.0005099995 2.162577038599224 1.633294060846008 3069.085290560771 4798 127768 1 4.626544569125333 -1.752750024220147 7.753468728666428 -0.1899924362108507 -0 0.6084269822188677 -5.6542359381467 0.1758096319524415 -0.7789573351065688 -0.2075966551590236 0 482 432.6626198291779 2391 1 1.520433361105156e-05
 -3.277187309087339 0.1522666028496482 -125061.7483560254 0.03779486235122972 9.563201183118859e+20 0.1488552570209073 -1097453.48584377 1462.609537754671 4939.390998640522 0.1149998277121467 856807181.8004359 2814.222805330142 3676 191655 1 4.253425807486394 -0.4247283522701331 -3.007261927901103 -1.645872329233041 -1.105421381473191 -1.29032212713695 9.414143108898358 0.3329111782461664 7.426822413309498 -0.4104499910938362 7.913710675882172 485 648.8592429161072 2391 1 -3.589544951859017e-06
 -3.600808071221603 0.08604105291966373 -1387541234.514841 0.3018838944086137 289.1435480790594 0.06381349402571761 -62906087511657.87 365.1952464525613 308.9967409724176 7928.647564754101 133961.1663942334 3031.624469757864 2145 127729 1 -4.040750654480212 -0.8029143807387928 -8.241690809689155 0.9191935083754048 7.819930259662264 0.07914682259417648 7.492343776015016 -0.2714882119307154 6.672110070127052 0.141654017641823 8.364541018570913 488 437.7395329475403 2391 1 -1.625400104584121e-06
 -2.837210893605501 0.08370619582193166 -31673068.82735849 1.222165099753462 0.3898906097163855 0.05219856025498239 -55084522741441.02 2804.075702589158 20328.52768102075 1071.035855202064 2363.740982668809 3008.129237837953 1314 191663 1 3.660312335500755 -1.323037730064669 -0 0.9013563291580047 -0.6084032481854882 -0.04513071473083845 -7.37804121522378 -0.2017986830508374 5.5752639193464 -1.392782768126851 8.075617256185685 491 654.9840369224548 2391 1 -3.497804888200171e-05
 -2.749033048067623 0.2465023486068781 -1375.838593650747 79009.97155614354 381042.0357340755 0.2717043518075555 -4273.344347404713 7585.553160775661 125014.7095059915 0.0688759329054224 832259583890446.2 3064.592053079997 1910 191659 1 4.379347642831308 -1.850147740801569 0.7263727176345309 0.8643535871862271 5.795573038998294 -0.1899038890983285 -4.897355296171733 -1.83078982140906 1.235328688095174 0.5442230748146804 6.793972250163536 494 650.4749748706818 2391 1 2.164987532433279e-05
 -3.148308828908625 0.383862713219985 -57.81380027198573 2.028112641457597 0.3155682285533635 0.1176495459125714 -280010313.7359008 127.7702452239152 50.02643762591992 2.373083686820985 4.81993195688377 3215.761167991715 296 190219 1 4.585791315822993 -0.3058450717865711 3.43749313936013 -1.736963212910043 0 -0.4689141361330424 4.403990451683877 -1.763560020536451 -7.488995896799523 -0.1496267891525953 7.399841693554301 497 642.9517240524292 2391 1 1.657252356483409e-05
 -12.40146749829609 9.240695599958224 -0.2885052588262205 0.04971517571472864 2.279143411785064e+16 0.04818913268652452 -1.29877699589324e+17 219.6178263926163 109.5059770229191 11893.10136684245 204476.8288536851 3066.493323216504 669 175583 1 -4.170751310088077 0.3239231954428767 -7.28602207436672 -1.296320742803446 -7.740068495128472 -0.814387390794451 -1.019303401602203 -1.88480826771485 -1.09814127920865 0.8630102504338613 -9.428205586920338 500 586.2221050262451 2391 1 -7.265066140531206e-06
 -3.32889073425012 0.07177549039906861 -34225091287.60661 2.018873060706969 0.1575499137002417 0.2125657710888611 -21583.83098750336 5439.952288866955 58985.32953252427 0.2827748341743755 13697.87761287654 3040.30376650082 2900 191655 1 -3.748243569734247 -1.555810228490283 -3.688903920985847 0.2152889998662317 -6.609647453608364 -0.5201613729881976 6.751542119088745 0.7109679974824785 -1.236402026496052 0.1372650463944707 -5.092523188465065 503 641.0469698905945 2391 1 -3.203370014019468e-06
 -3.51194212237229 0.08912495964189794 -4392160117.277874 0.8188565266636304 2.72405604802131 0.5102959916344587 -65.75728434196844 4252.520574595205 39557.70747899925 0.1097050390073433 6408321506.00242 2981.206271968472 772 127776 1 4.475419656323289 -1.26697953862003 8.343936988350555 -0.5349197348797663 -4.286956909647074 -1.405064513553831 -0 -0.7824934174960578 0 -1.869446783896611 -9.073493055008212 506 439.7360501289368 2391 1 1.578422276160497e-05
 -3.2236733174513 0.4312216797715416 -22.35270918144097 39140.6632087137 699870.8506248883 577.7575328038539 -149.2024408599375 2282.847205973013 11614.55149037231 0.1000090187118098 47181904422.49112 2934.962172082203 995 191631 1 -4.511629504515331 -0.3885722049997486 -9.159582650056889 -1.471095321228792 1.668650291728471 -1.951340725951451 2.164777630760961 -1.720922910527987 8.213263518777175 -0.3219159591752599 7.780087591723646 509 645.0291900634766 2391 1 1.539429922446389e-05
 -3.496761213799086 0.1951457463442852 -6691.055142138082 18360.3519086967 40566.03308708427 0.06298550493746567 -25790036497495 6779.179458308367 118619.0186118345 29439.4957188292 1021865.933048013 2956.724449679144 691 127759 1 -4.668100009100907 -0.5621612964932705 -2.119331864312046 0.1359904148302018 -2.363190976651873 -1.165096512341642 -5.191728628530144 -0.2467711404163709 -6.950960296630638 -0.2433093776933503 -2.516152567395035 512 437.1403839588165 2391 1 -4.826060474406588e-06
 -3.547541056359961 0.2551300124791577 -1097.362494401793 74018.21719558012 806487.0486834326 0.08588820648324326 -54140604361.35822 123.8346695211212 37.88304660427423 476.9252907047926 -50.68399346876744 3007.220272466512 1366 127762 1 -4.45818817163824 -1.205055217200446 8.102347329100246 -1.421686130849934 -1.611421542828824 -1.265495447920754 -5.900608742984144 0.8550019927246799 -5.50426642353054 -1.358283989579764 -2.07257468400542 515 433.9155750274658 2391 1 3.813077804707595e-06
 -2.438977327338765 0.1596125966699261 -17909.13153834112 515.7253377553767 25.9576597758628 0.05704846041152671 -27839201779970.87 43.38292107713489 7.410757868179725 2.491825950260025 4.303104270762192 3219.372895184709 2158 127774 1 3.782656519087443 -1.236559121342873 5.043638245573779 -0.1692879494639099 -2.854574283035427 -1.290905484015771 4.049201273622509 0.9811987734403206 -6.305611709754469 0.1461860543294015 2.141030460395113 518 433.6322629451752 2391 1 -2.507679089198005e-05
 -2.79253915962862 0.07484516864375833 -1463372805.053549 2869.234952322938 939.5028187879816 0.126306697369667 -7495288.6475412 19363.26269164171 947812.290209032 3920.496788937177 24901.76627404662 3275.85715812396 878 175662 1 4.485910143187347 -1.728043179246796 7.214756555419015 0.4772748871895427 -8.103498227441467 0.3280035885286069 0 -0.6549147699383697 -7.379460665138952 -1.6741743308487 -5.677273322760978 521 596.2283799648285 2391 1 -1.825767494779828e-05
 -2.925449006942629 0.1444140934217525 -210114.4150963745 0.07686392500779402 58208888925.24221 0.1146378477099389 -48040816.46232177 94045.41596643603 22721101.3331844 1.562772872618196 5.144904832503767 2982.184240894533 1107 191654 1 -3.287247366203427 0.7313990070931973 -9.230352122655923 -0.7689286044627083 5.0399653043858 -1.066035568502695 -7.281312417673437 -0.01656015073652566 9.387712851582021 0.6421200170763877 0.8141756342778148 524 640.2286322116852 2391 1 -6.964631592930017e-06
 -3.331087012565881 0.1329104996632206 -556544.5232728519 12276.51046617234 10110.93621393712 0.2899560939167834 -1341.422201799377 7400.919955999635 118149.0821638009 1.044346961756611 24.55489005850676 2965.821735341274 1224 191589 1 4.583434872215 -0.5824169077543431 -0.696901278679765 -0.7616561617053694 7.232330632947901 -1.178474860130388 -2.282247842864185 0.2987052867092603 -9.798523156779789 -1.572726249441114 5.942170237708273 527 646.5823850631714 2391 1 -5.665716787661766e-06
 -12.29632092884659 10.12150398817132 -0.2980991043773012 0.2731354125457494 -394.6962943114981 0.08490688943276774 -24183215421.75094 2633.671154448668 11872.44655555989 0.1622188184070878 -2801265.516038874 3063.019022279496 2260 127750 1 4.448635454097211 -1.527012687164516 7.359766292693958 -0.6128237198343918 -5.683435413180359 0.1243082184673714 7.864386130771525 -0.5118418140137955 -7.629736239814186 0.7592419243338471 3.563830575183691 530 432.6629838943481 2391 1 -3.227451690617716e-06
 -8.403205444739291 9.683533663415059 -0.1786140179950793 5.013249438772331 0.07608293254573001 0.1554038928475139 -833399.1457930375 570.7435329120739 652.881871943546 21045.80492370138 129895.377598585 3031.413051296742 1276 127775 1 -4.246571439413313 -1.757445411607421 4.860236428609715 -0.8681131159647215 6.359486134493925 -0.2092539894801017 2.623928013576362 -1.906893170797577 -6.907553410603256 0.100505549031645 5.300895123149444 533 436.0392379760742 2391 1 -2.498897118079637e-06
 -3.197928763923524 0.2793909023310378 -168.903303850288 4.295730680381087 0.111515574822783 0.05674807761093077 -52343711675498.16 80.03021503606799 19.27959714346874 1.111697856749366 23.64967503309128 2908.07011627106 4950 191649 1 4.407990754366723 -1.631249140239103 -3.41298497690632 -0.3291030391401515 -1.318186036370249 0.9831764320549508 4.491985504313485 0.4811103902630526 0.2113800918958928 -1.53499129495192 5.474455064261004 536 641.905730009079 2391 1 -2.300842729696201e-05
 -3.013924105470541 0.09493173201092688 -1360387223.653129 93.55051919391359 1.607202587190969 0.4562935494967679 -86.79514419356997 11434.74274748946 313975.6275669405 2190.141332801598 6052.148251267586 2931.803587328803 1542 127773 1 4.522764871995976 0.6088057978731953 1.326259078691773 0.1384678290612089 -4.85650489063112 -1.607956371247339 6.30215132045628 0.2931727236591808 8.463540233139213 -1.748435159649794 -1.441093670420858 539 435.108020067215 2391 1 1.335914763382278e-05
 -3.465824203369834 0.2707766440735922 -336.6946689551153 36.45634605487204 0.3606540882138145 0.2476189237266675 -2115.506096006673 745.8139909762727 1130.218524840335 2.565457269169429 1.708448545611979 3112.049498678642 1034 127595 1 4.164807741702922 -1.534107778111977 -9.746089434248642 0.4430973261455406 -3.568170613274996 0.250699031125079 3.500725590507581 0.3113852750718746 2.265796596030174 0.9771457119150039 -3.696327790629246 542 438.5148348808289 2391 1 -1.382247787111941e-05
 -3.167949866788809 0.2073772752552531 -2665.035985529217 0.2175707725736012 -3319.013292792356 0.2764366879866721 -2649.394899799262 127.3755147537503 42.17662491518167 301.0365351982641 208.2369035189712 2905.091271141135 872 191603 1 4.675981829162288 0.711959672246592 0.8103532941955578 0.1205097456219093 -2.543665096276187 -0.4646563761369614 -0 -0.7932631520797244 -9.786546684670091 -0.7389387573141137 -2.979684799129209 545 642.3446040153503 2391 1 1.909654996578991e-06
 -3.417231547156617 0.04717902388705754 -5.395435303383845e+16 360.5661755410652 12.50298394213004 0.3183511304140476 -477.2503776328981 1443.30821868931 6246.268828265491 156.9356748690036 49.96748795236266 3057.45615111062 518 191606 1 4.628826598193783 -0.6125780655430484 -7.436827806099245 -0.8835237449428233 -0 -0.5930001209293927 1.210337981284847 -1.635148639697372 7.555220741495591 0.2741392178360282 9.095810961038842 548 651.5749859809875 2391 1 7.304455679848782e-06
 -3.273907101711054 0.1484777738622536 -902186.3233254325 0.08243358656195353 -459623856923.257 0.1328785802874842 -38261425.98897102 84.5771179533855 20.89778000510225 220.4044539798564 143.2576127734094 3122.680278516894 4630 191663 1 -3.934745825243518 -1.141862350156149 -0 -0.04388041817464658 6.390863934924647 0.3591721486341539 -0.9524719578803893 -1.523037796649156 -7.796410277915193 0.2903430386264371 0.6415201158419439 551 646.7698638439178 2391 1 2.061546081271017e-05
 -3.171870957583346 0.08861098205592478 -3757916992.767294 17326.88661390523 20702.27410795251 0.2874799867494746 -1951.583857428734 2006.388559279492 9088.597016220781 2142.516596951014 9897.313133063917 3044.812154538325 4938 127771 1 4.65467461535661 -0.746955301369991 1.158717337462984 -0.07274380501947064 9.625849438424529 0.5839269386799217 8.410014358471802 0.5554652951635672 -6.049300838823182 -1.078901064574106 -0.6765255559959811 554 436.4598248004913 2391 1 1.163077472267166e-05
 -3.565070506114448 0.08721421790585825 -444160829.1793001 0.2099798756250052 -1757.846427690307 0.1516257818204402 -819686.6168694063 16850.11320000446 543736.9363666242 1.328865562483438 9.535662693962996 2994.476323294546 4321 127755 1 4.673128371663701 -0.4387932184721421 6.861974622982371 -1.912358334877912 7.730138492341855 -0.6087719113804742 3.193122215503978 -1.654942721500925 -4.640292931912061 -0.6481047218792799 -7.3841607641188 557 432.9396140575409 2391 1 -5.20030848905336e-06
 -10.1585966343359 10.22647579514223 -0.2271555281512873 0.03629943997318579 9.988652469118282e+20 0.08960975738147564 -1994941942.492435 4718.952347558117 47051.3300172809 1.520260031285698 9.037635464642054 3175.315419943352 1788 191664 2 4.372919708359984 0.2397448681753591 9.462471225361476 -0.397359541694664 -9.812449260679244 -1.07092356182417 -9.131898660935466 -1.92595083168568 2.310245236366884 0.6104167867847776 4.548345259482911 560 644.9067471027374 2391 1 -1.681514784413582e-05
 -2.733650364082961 0.09527484062261979 -43077661.55235294 9.111864840879472 0.05136006369746345 0.1461602352264601 -684505.6310955692 43513.37711750437 5117110.578468958 0.8751143026394121 37.15561076006077 3118.109262121985 3214 191664 1 -3.956860256694375 0.2431673283222686 4.975331163116913 -1.974622379220866 3.173610477231035 -1.565247547660816 -1.424039865713772 -0.9903422569775362 -7.274836100491248 -0.581864622218677 3.600192081297964 563 611.6295478343964 2391 1 -1.252369359418565e-05


# name: injParameters
# type: matrix
# rows: 1
# columns: 11
 2.04 0.07999999999999999 3.1 1 1 0 0 0 0 0 0


