# Created by Octave 3.8.2, Sat May 30 21:21:11 2015 PDT <charlie@dicke>
# name: outString
# type: sq_string
# elements: 1
# length: 114
Slope	Lambda	Gravity	Lambda	MagneticField	Lambda	MagneticField^2	Lambda	AttractorTemp	Lambda	AttractorTempGradient
# name: op
# type: matrix
# rows: 188
# columns: 31
 -3.720254707248526 0.1798623812322673 -16999.01019230524 1.905072689266501 0.2321160177897932 0.4825518211048132 -41.01964170829806 16876.73678475207 657238.9048813733 0.8065195970031741 23.50484563633215 2997.342754119722 925 191619 1 4.679129760822527 -1.068693675396509 -9.031072166003446 -0.671583503834821 8.800273834096979 -1.857143422798708 1.818323471513287 -0.2296510267384608 0.2974158873159762 0.3688631997164497 6.761601717742598 2 984.7062849998474 2391 1 -4.606044388287842e-06
 -4.112343481647749 0.1523101536586832 -159757.5110880951 2.928287478031295 0.06941447282191893 0.09472601734463551 -4828571950.347196 1194.274278826997 2569.460840758138 1.177464441218917 18.99270502720144 2865.504776894127 1338 191381 1 4.565380590183464 0.8971872241637939 -3.459444006074451 -1.054859097285823 4.488570855092435 0.2701245618868584 5.992229352326582 0.0833839469822157 7.647409884835749 -1.070473925319505 7.954686485964951 5 816.2829101085663 2391 1 -1.457467064044967e-06
 -3.048443589366996 0.1306896450179288 -1808590.956372257 1.107497877803144 0.5747943936055395 0.1776799582889461 -207063.4946327381 58.70457626279559 13.13379631471985 319.001191361624 108.9655449307148 2958.838584809037 2781 191655 1 -4.504977967872014 -0.1575982939631437 -4.020371706335106 -1.998932805337649 -0.845453515326688 0.1953018323106335 3.106043428350299 -0.6047827577010062 -0.8958559442261889 0.3277929156738497 -1.616485044141295 8 814.9840312004089 2391 1 8.286149072051613e-06
 -3.166978078384054 0.07589403627430938 -3945789484.63185 1600.590013651511 152.7914869412598 0.0914361783068897 -1825952793.905787 526.1538336210172 832.2877840172865 2.263366873463061 7.593770784251747 2946.907773785978 318 191657 1 -4.279850820435848 -0.455951703460288 -8.336912523209403 0.9042402541387604 5.485843810991009 0.3166673562575055 0 0.4452190811035042 5.757602604884126 -0.9093170786105995 6.131141166530973 11 818.1326580047607 2391 1 -9.550047194926806e-06
 -3.422726648897509 0.4308104756530523 -22.09993029216288 1.73126371122873 0.1262606130871854 0.8991489906343831 -3.120216930097857 49622.44228757923 5865927.081732544 144.2881820520082 35.35883528789489 3025.452829610229 555 127489 1 -4.165597983842639 -1.035226654896699 6.853262629538727 -0.9973215993419737 -3.974162249836186 -0.3134095473596333 4.484463402307315 -0.4492198853555731 -9.707836444937326 -0.1249446588125807 -0.2311248765435918 14 549.313499212265 2391 1 1.163933042232321e-06
 -4.47276765932615 0.7954604125869951 -2.304946674918742 89.50579800238863 0.6576618845606007 0.0532486327201735 -9.989042741724979e+16 45.44665295169488 6.321396567189759 0.217368734384799 234237.6751781703 3010.428318174892 2225 191662 1 -4.463041811059308 -1.319866936757142 5.775003101569109 -1.905170962122547 -4.363487294487832 0.3993973839334339 6.551552699400666 0.05424032966381767 -4.658526802288155 0.6561909793364324 5.995905639498154 17 799.0485870838165 2391 1 8.175118822063973e-06
 -4.126758187818804 0.4733015919893063 -13.12234422242178 408.7397686992613 19.8458173355202 0.09351214966085163 -4487429112.404481 38440.38075819893 3569794.462102917 0.3087737635286397 11612.80238363645 3108.886901508 2680 127772 1 -4.515842370919412 0.5846714213788782 8.62932727883898 -0.9075980256090617 -0 -1.660268102498216 -8.361216228565088 0.02970550388140938 3.614810854791344 -0.276996216901873 -4.917579404267639 20 439.234139919281 2391 1 -6.289389854465989e-07
 -2.474681537499638 0.08371800751063101 -366182128.4540156 4.37798029121355 0.1383844514336219 0.666044682051719 -9.839485583060158 1827.64624097018 8463.934507665288 23705.21506526415 1600823.623115145 2905.843139047461 1605 191607 1 -3.336612071391656 -1.717450400881362 6.081070550872393 -0.8453734754972899 9.506156917728575 -1.478467776450499 0.4061925119130048 0.8252754692985675 -0 -1.353248466383615 0.4911512038879788 23 647.1378498077393 2391 1 -1.69681088267491e-05
 -3.39439150525282 0.04977916395401673 -788631657435283.2 2.717926330941466 0.07942581689037516 0.4003760853429975 -129.5277219880451 50.19886276460142 8.941044529282985 435.9152372440762 419.3600329880757 2825.791494457775 4502 191660 1 -3.900679750225713 -0.5829501126584491 2.214003951001977 -1.226063612877681 2.824979496463196 0.04892161604727005 -0 -0.1033651566960696 -5.605898055484349 -1.357484204737103 -0 26 646.945415019989 2391 1 -5.397615255492599e-06
 -4.216966708665558 0.1829187230166511 -17006.98602283978 9890.57299457368 33924.4700591891 15.91272909926446 -0.2997471518804066 79810.02564610276 11466413.77795484 0.2248934784931709 -22351.55520264856 3011.466478858375 621 191148 1 4.632631516465882 0.5924800236330321 4.351482338370564 0.6973389773961305 -7.506559339424724 -0.91240630253251 -8.746312408118177 0.1912043867883355 -9.847386109923702 0.620382012016063 0.8663983241062638 29 655.664137840271 2391 1 4.190088763555593e-06
 -3.607381262348063 0.09852073923206674 -457086659.9622887 1401.813831035268 292.2857091185542 0.06330649420738815 -414950637029089.9 3965.373032057119 34460.29417986848 0.6174784790493623 66.71623506039381 3030.529356687164 1808 191645 1 -4.485574111161578 0.3934591998543114 -9.856277445595858 -1.374470562853396 -5.17821586843719 -1.731075965229603 5.559113457802799 -1.031055277953106 6.686783966779632 0.6097904321777756 -8.274461964612488 32 643.7946991920471 2391 1 1.310303194984683e-05
 -3.24373591441974 0.03855656709107714 -5.39353521957013e+20 0.4536056641861855 -5.999707632573669 0.4635719305774206 -27.0688311383723 115.8690886258419 33.49835930421258 0.04700612717374732 1.616382003731051e+20 2941.293655492457 2967 127727 1 -4.154816872071232 -0.01611071002564393 8.949522481371977 -0.7722862458627322 -0 -0.4016024363565994 1.959736635476051 -0.4594826775440106 -6.566852986886813 0.7802304383820688 -5.943614647410683 35 441.4959800243378 2391 1 1.240549795425543e-05
 -3.128387776535497 0.1455415128594831 -65749.43764553829 9625.136849286917 5372.862413462822 0.4691324827690481 -60.60154970132457 3805.547841415522 32525.88346953319 707.5740903039011 270.8407070554206 3017.787971374634 744 191428 1 4.201583012834564 0.8680234753994922 -0 -1.917200623714471 8.361542009289986 0.8316277423072505 8.829210858748047 0.2168745943314905 -9.458534871230439 -0.4605473811424163 4.810007828140014 38 645.4420549869537 2391 1 -1.63472838529907e-05
 -3.608972192203683 0.07801826613528277 -882869250.9894427 1.782388851457462 0.1078287666771876 0.09015711995700776 -1871229497.86685 28426.50219635033 2129179.676772567 3397.675525776842 44203.26454191826 2916.727823019012 5105 191653 1 3.193508797040984 -0.01540095421170664 -9.105156904822989 -0.8206665125141681 -3.432841201012496 0.8828274461080756 -4.330404615376289 0.5120180159228345 4.945940493072466 -0.6782079730472317 4.97897882345838 41 644.435035943985 2391 1 -1.985163263105296e-05
 -3.199502806961462 0.2450763247516904 -482.4884354089141 475.1806438289769 84.31010668068177 3.609065157429145 -0.3665019625363141 245.1258260593696 162.070504219771 2.61467515888122 4.754886198987518 2961.013043082329 2911 191651 1 -3.728224550347876 -0.4516341474238335 -1.736025914977267 -1.170211417238606 9.23670278623154 -0.6550053203668167 4.663026239011978 -1.852787963363101 -5.785279116048654 -0.1009835542232054 7.15590930371609 44 647.5542840957642 2391 1 -1.334987927518981e-05
 -3.618406507766795 0.1277445309966418 -2342541.406826932 1.787563205663867 0.4190798509647713 0.9480471982219491 -2.025179262324591 62.02151923676389 11.38430930978757 0.04915002760908687 4.247462451417917e+18 2854.540039640646 1894 127757 1 -4.574344874350291 -0.5823977718505606 0 0.2317866162774136 0.3707203670087491 -0.9820565680672839 2.017632258813168 -0.3563847381965806 9.557701828921779 0.3659166530125328 6.390047124559372 47 432.1142189502716 2391 1 4.588421202052733e-06
 -3.093714207389647 0.1513598400815863 -61159.7026883453 562.116939475075 17.03621806551303 0.1738687969582686 -84003.97571400827 2719.312748875325 18751.10673769509 0.6777712358031605 113.744449224745 2970.227464887886 824 127417 1 4.437529263871483 -0.287866133453071 -8.365713412625269 -0.4182555420666026 8.827870366542797 -0.6278378771051942 -6.699288718543875 -0.9720558494372762 -0 -0.3346447640417694 1.732663756829582 50 435.7792921066284 2391 1 -1.214134796627422e-05
 -3.305578411840338 0.2116363387424212 -10147.73843456988 1880.160083908549 127.8996273118533 0.1303696696379782 -29203096.90891263 162.0429467901563 53.6792065679937 1042.016802383952 -573.1896244436022 3072.285262063971 2494 127767 1 -4.181417290242305 0.009929015128852426 4.722217369702259 0.1359961022130998 5.105926653113881 -0.3671714185299822 -0.2183294045783746 0.2454011635136383 9.156585586575748 -1.992690740591357 7.836208548185228 53 435.7273259162903 2391 1 1.121891137351553e-05
 -2.686793009068702 0.1034246153491888 -146378042.5228471 26297.67871606055 103916.7581229083 0.1391617743932295 -15356032.1802405 4311.39655748738 42247.59156879057 4.952843718957581 1.361492464223273 3030.610314566651 3436 191655 1 -4.660574753066301 -1.19927170207587 -1.206115735066438 -0.9743947612550521 6.920870110904167 -1.075200225437814 5.310041410127091 -0.6699075218495505 7.931432108807581 -1.644815020527848 1.376521413003982 56 651.9760508537292 2391 1 1.51661412148011e-05
 -3.619428259465233 0.2187327120196292 -6597.188129341524 0.04877818540448069 8.146227052893741e+17 0.1825514194520563 -269628.0217985542 5.233617727279901 1.237216431325528 0.9897728680096795 27.03553617946937 2926.607066750151 1467 127757 1 4.652093055393492 -0.3949931872759125 7.706321382614897 -1.310391920403476 4.078485429180472 -0.3523203696098288 8.145504605283486 -1.295018783718241 4.7868170102196 -0.5574562699664014 5.770100881949105 59 437.3523991107941 2391 1 1.346358946047684e-05
 -2.771208411837932 0.06834811543745838 -44906203341.05766 1564.843755129915 338.6721134302016 0.339647873917846 -234.1569243232495 60.8980222500658 13.30720015892148 111.1718262338544 42.84598921394739 2896.995615126642 2619 191656 1 4.147278115573204 -0.8050972949231916 -3.413990913232272 0.4766650453103787 -0 0.5301428100587779 -7.457119445949852 -1.338150869434692 -4.157918761277271 -0.8356243619649035 -3.14082008058146 62 651.93825507164 2391 1 -1.356574545848934e-05
 -4.137280587502803 0.2089217912820745 -9771.691058652277 19511.77875219739 22466.20677819403 0.07147179968254171 -12379886403449.21 114.3717323813233 37.93255550715944 1.553838084775163 9.127894653430978 3064.943031671994 1953 191610 1 -4.31300895447793 -0.00590818833402553 -1.449957744937632 0.6729911663616202 0.3738533451431669 0.7844304663596713 1.671142856732287 0.6457489536168284 7.420135365477181 0.1503760979535196 0 65 647.1514220237732 2391 1 9.107472365613736e-06
 -2.793472185953855 0.04943594322971756 -1.36962821298392e+18 0.2385121805978278 19232.61468967212 0.1578679020973563 -8895511.605480624 3729.814500473385 27724.46631229883 0.8750170617255959 20.30000920369448 2952.030404272949 3385 127776 1 4.184532383910361 0.6072825081650759 -0.6774219568004654 -1.817660898949779 8.885641514285384 -0.4126556586780872 -3.211633078892636 0.7742121251098215 -0 -1.168280266825219 8.206345078593822 68 434.4777679443359 2391 1 3.216943679681592e-05
 -3.51191430337543 0.7718439086364964 -1.571638614032628 8108.496628012019 12694.34930038111 2.041840694012273 -0.6798778637337557 110.2668649393752 36.82958956674786 1.506710755995969 14.25064143782918 3015.82106493367 2152 191656 1 -4.595189218108846 -1.871511918547244 -5.402237078064794 0.2873667747504065 3.605861070240761 -0.5341650866031022 0.5752879971334988 -0.03281961956364387 6.455929043039554 -0.03679056123623604 -2.398514929363884 71 651.5254018306732 2391 1 4.289706251626404e-07
 -2.961813737850912 0.04590747797839535 -3.653277765184347e+17 38555.39614439804 202755.4794248854 0.5883564150626557 -28.38932713852266 3527.215446160661 22293.45267428014 0.9494392967655684 15.37752389485299 3120.906819293636 489 175648 1 -4.531688201795621 -1.143268446167564 0 0.3987454363924519 -8.966461448012103 -1.070959325373455 7.89388752533096 -0.5292201091210168 -6.072094433917196 -0.6580175092141678 -7.438519558803215 74 598.8218450546265 2391 1 1.423348859451895e-05
 -3.210819634714146 0.1874978593296798 -14154.51290475053 75320.49869055585 1808315.06534957 3.709626708209386 -0.2870084420122686 31188.21330169155 2484919.3515722 0.05583348268957879 2.067483927736139e+17 3035.071126153229 2343 127776 1 -4.637799496036729 -1.670169827238002 5.967181616805888 0.514863253623207 -9.552849062484048 0.5271084836017503 -3.768615457978073 0.8191362071195765 6.129480135274558 0.7504071110057673 -4.811643810419326 77 441.0487790107727 2391 1 1.241879108779243e-05
 -3.738516690306422 0.4547785177450132 -5.470636510141445 6849.306673377666 4566.417503688329 0.1046060313523025 -615012077.0189742 588.6336470492259 765.822851879389 14855.82349193635 537132.6409109989 2856.359462274581 444 191231 1 4.650770715231342 -0.7501910632972386 -3.318556359986967 -0.6908914586842245 0.8134333753633833 -1.032143791859396 0.09881922725148362 -0.4440787398193367 -3.757238505194151 -1.186470956820338 0 80 650.8818330764771 2391 1 7.302428831388647e-07
 -3.534232258537219 0.3129756506369628 -376.4630054251801 0.2463286731926228 -1590.930755921838 0.04691463060785577 -3.312047721371856e+20 3154.118156193342 19512.58732112658 0.1368863257753621 -161398234.3487009 3020.226324430927 1347 191646 1 -4.354142152378354 -1.494268486852178 5.581672152781946 -1.277267762536678 2.095339668900693 -0.36238448661903 -6.97928924054068 -1.449844025154803 7.151374744740213 -0.6168936554027775 -7.657737417278508 83 638.3126051425934 2391 1 2.329504440026582e-05
 -3.481039357741315 0.3845965674406263 -55.7649607189443 20050.83776456622 30457.47799103147 0.06713955312220382 -109552727526171.2 16583.70419495786 695194.9338713299 1.057908506207215 35.94190781705198 3113.30789741645 1394 191542 1 -4.588181691470355 0.3481432425758366 3.383869554425365 0.3971172899839673 -0.8576800969622536 -0.6417431140060721 5.02425649754758 -0.9483282135448192 8.656860808413041 -1.557508797289239 -8.648657320342565 86 648.3841578960419 2391 1 1.672548816696502e-05
 -11.19094882623517 10.53196831196803 -0.2533352021190071 30705.02312933734 70048.18884361941 0.1056619592111395 -467640812.5107685 19083.59435946328 879422.2888777043 8919.5613824144 152812.2639282407 3015.747002011601 2170 127753 1 4.694727444250505 -0.4207854237193427 -3.150488014687635 0.1417871499607237 -9.337101468337966 0.7076673669824691 -8.678697968295072 0.01151773751715176 0.8021641014516776 -1.721315463736639 -2.049529808776255 89 433.9816081523895 2391 1 -1.069808294380434e-06
 -9.701820696641308 6.899752144955605 -0.2008811613622858 126.296647301161 2.99115508496655 0.06845317407399434 -4311478653886.37 6079.347009901372 92237.10279158042 83.687767328663 -10.7656254940643 3085.557125117369 1733 127686 1 3.455097377454297 -1.633679149653301 -0.4530257377710538 0.4488222117582316 -5.918559504218553 0.4007824095145205 3.867598406977742 -1.239596798445729 -7.953600346459465 0.8035094329049999 3.920010683237419 92 435.7341871261597 2391 1 -5.835273085176788e-06
 -3.027261199224437 0.7323654577595232 -1.570159138113454 10225.56835447512 15454.79558403853 6.072079682418023 -0.1394565237886715 16.67776244315364 2.147480236905326 84.85429208814915 28.14875609569983 2900.334684219431 219 191276 1 -4.315049814337041 -0.7837425727623248 1.7999683147735 -0.9498088622554093 -1.138511796545105 -1.089484172532757 2.820563444785614 0.5788532025495332 0 -1.189795531241298 -2.833343536651389 95 647.6744410991669 2391 1 1.19006364245522e-06
 -2.919362182898147 0.06824789142001247 -156715463614.7064 0.06476233526712236 7426161692022.151 0.1235493350519829 -32458537.65221932 58.83036061927795 13.1879303722192 1.422138637595104 17.06139848482293 2968.456577230552 1613 191517 1 -4.323526414676921 -1.687888296953961 4.722361739732426 0.2751152101212435 -1.514286216267315 -1.196708188716732 -8.509595765907482 0.2929514978049874 1.574579757285859 -0.7742415404343701 -6.469071839814462 98 648.9634959697723 2391 1 -2.409377141476217e-06
 -7.012747474789699 4.501516053371553 -0.1401149141634489 0.487398641269718 -15.23690315402279 0.07754520623023696 -618677036309.8569 57440.46623732454 6959397.911464344 2.270156960864348 2.007956330731397 3131.30640397864 3441 191664 1 4.466362185522192 -1.647969052942113 -8.978735684663052 0.833057306293949 -8.401133212873331 -0.2601530666801555 -6.463686028978315 -1.025699884531117 -0 -0.8031375261036082 -9.701458177903868 101 659.6647748947144 2391 1 8.99425268173739e-06
 -3.366339982509149 0.2440359560786915 -928.3936376182289 2739.313808550929 1556.107391915366 1.193457903806082 -0.7346378153797107 4585.082441840601 47879.67893502047 0.9622339878830977 30.07521208652178 2961.797744180212 262 127496 1 4.31360340340684 0.8223967883140135 0.7720413594841746 0.657554694864638 -7.003046105902451 0.3274372023921397 -4.54880753260862 0.7461363631528393 1.713740136813581 0.4046891687885967 -9.744523572773286 104 439.048595905304 2391 1 -1.277651407239165e-05
 -3.856010716232705 0.684875928020117 -1.888166247372544 85.18799101862723 0.9901634303152506 0.07359432472983153 -1233143248013.729 279.507887111671 198.3090487692536 33066.98815645868 1729439.946799939 3028.588207026115 1933 127764 1 -4.666066425533121 0.2395213098874484 3.625948370704735 -1.397537296822453 0 0.4457495949848438 9.385423455267587 -0.9076721727574686 1.746801365650531 -0.3455624818856133 -0 107 435.0648958683014 2391 1 -2.043253294853555e-06
 -2.761531392267373 0.1352776157224604 -732233.2943976277 1810.814720148331 474.1772050741349 0.05762736650501547 -4167754268118332 1339.778463849993 4494.430660014702 1.905262151262149 3.962866281669962 3093.769276402388 544 127091 1 -4.484125122510239 -1.627908948780432 -5.483841209065353 0.1166125951359821 -1.263540893074471 -0.1903862193715753 -1.829465004062563 -0.5650361314187187 5.690854225685558 -0.4769422330130153 -5.248604020789688 110 439.5893909931183 2391 1 6.337353516387679e-06
 -3.731162507091216 0.1152243003731488 -2406662.337971847 25.57431491127176 0.2122190796610534 0.1322333674357168 -3462800.524563499 4171.884283920686 39592.52245118329 0.2108494099732487 84367.21586187081 3044.892772394451 1717 191585 1 -3.717228911194879 0.6023049998668784 -8.944675024249058 -0.3137236832900445 0 -0.9296128799294756 2.695938570609043 -0.6430167137814671 -8.728120860554787 0.3706780750646321 -4.228544338538371 113 651.9194359779358 2391 1 -1.672311925365941e-05
 -4.270409114902417 0.8870635877421975 -1.537811825159705 84.87766343757116 0.9973895892490378 0.3011502195515107 -2951.984447081252 6667.45014621531 88594.50597811512 5114.716453840034 -24116.62534786723 3294.08646365775 1641 191663 1 4.636253108757264 -0.6504721554766046 -3.98802819665555 -1.986591613401303 -4.083409660055434 -1.712862121971891 -1.862999365555821 -0.9746220522034257 -3.781534708593153 -0.8637917944819691 -6.976250728815051 116 657.4177927970886 2391 1 2.313997867381872e-05
 -3.853294219777246 0.7586403073917305 -2.532630866485039 2.545477037628799 0.1523705194663038 0.115469838360454 -157661048.2691407 19020.59400721846 916717.1639981363 0.9724106582263549 38.97041134645467 2911.789138796607 1543 127754 1 3.7650938091679 0.4582266286857539 -9.9679283563092 -0.385826910347653 5.291613637162837 -1.237002852517578 9.847672568622311 0.9520954821926084 5.691784534413284 -0.4122001164231914 3.099310582748179 119 430.9848849773407 2391 1 2.058142480123041e-05
 -0.06391485632910056 5608.963873849481 4989.272106066463 395.8942162883839 17.92583808461157 0.2492009042085041 -11268.64322934523 6631.010384845747 129325.4778421268 52008.98248765356 4223935.752899836 3114.002540714758 5425 207634 1 -2.802389747697914 -1.284708128924063 -2.377799305946876 -1.070290641539414 -7.610326626636464 -1.504424430130183 5.73726565734583 -1.7091273563457 4.32328876029324 0.516909489148941 0.4482893233229488 122 710.0864491462708 2391 1 1.023202687390698e-05
 -0.08429495870447823 26820.14227643058 109634.8248293603 0.3586562078274945 -75.01071648826114 0.07226837549853773 -1625515240194.847 356.2156990267832 325.2221274827019 1.631147144425244 13.37096530655955 3032.927181015817 1556 127599 1 4.246809452104238 0.2593476575422957 7.110434315274727 -1.768515316568486 6.081237009918792 -1.353753363439937 -4.529632490828817 -1.622833209326666 8.370178113474658 0.04318729448242391 -0.4437548925021035 125 439.5611898899078 2391 1 -2.781462557756283e-06
 -2.955066297939519 0.7581576001925083 -1.353438412843238 0.05334289873722303 5184545923107978 0.5064257828794813 -27.59052715357685 775.587445802647 1866.864769486098 22773.12422425955 1461349.336834156 3076.131772143505 1813 127774 1 4.507951870123128 -0.07300862747456893 -0 0.4339519913341653 3.016805853422559 -1.095254587037363 -5.222032070276741 0.4380593818799454 1.343401611450741 0.2587878114340669 1.998258869041345 128 437.7964420318604 2391 1 -3.879912261449655e-06
 -3.084448200373587 0.2165125432341816 -3428.246620154283 21695.92655273164 18569.42586311403 0.057555100547219 -741468951541027.5 143.1578645844699 72.75698813431595 1.931997376964681 8.160392228678919 3099.186299720133 2561 127746 1 -4.218286689060203 -1.073248152894499 0 -1.085026991156473 4.431727927575193 -0.1469246803530027 -0 -1.928317468540595 -0.3348954658642809 -0.7983242867105531 -6.392830819789337 131 438.8892810344696 2391 1 9.681582741071919e-08
 -0.4342472330556427 1820.184797172652 471.9396311481793 12692.28339306717 13471.47356912461 0.04949917963318198 -7.880934339069559e+17 163.7910459904315 90.51480363552525 47.04867266978856 9.219349920812137 3227.19709900821 2378 127774 1 4.233752176847474 0.4138711206764736 6.985851984086358 -1.322758528318967 8.895591824780457 0.686554469760678 -2.074399798836533 -1.515336479818131 7.939268746855978 0.5770075976212263 2.14133165145045 134 437.5866591930389 2391 1 4.179037042147845e-06
 -2.998850628156994 0.04871771917112597 -39624517598097.33 39.61084513106525 0.3684835699760912 0.8752764613413958 -3.710542429550098 172.7993375329909 76.74500032296153 384.5688915271978 134.7299639112025 3005.288373818713 5203 191659 1 4.623633094057403 -1.844339975343266 -6.142162848558526 0.5251094130171876 1.227766843495535 0.5352076284265048 -8.958359839313006 -1.664380829366498 4.034076789176098 0.5890977692643045 0 137 652.3546879291534 2391 1 -2.294409329413756e-05
 -1.313437158616839 17905.2084234106 30135.99455017527 6774.846328979977 4981.863963212977 0.06779892626026914 -141617176069293.3 161.2762580721156 77.54420507782227 0.0659851374383547 1576124017118567 3028.420679461982 348 175526 1 4.167014529725924 0.4385026964074932 -2.677263201118111 -1.685026353088503 9.153750413096766 0.4508054417396377 -1.752307571501131 -0.6139190216890871 0 -1.243498737591669 -7.933338897402633 140 592.4421319961548 2391 1 2.140478255919717e-05
 -3.912366851037237 0.5651376921091833 -5.43549883591032 0.2554829458730961 -1348.247098845627 0.08660256051472431 -39165928151.2475 64999.62082295739 10463421.81569937 35127.21947231242 1348704.160782776 2965.568412741301 965 127739 1 -4.612459576767464 0.525000977252144 7.557835878106875 -0.02717227892259548 -6.174694531632948 -1.034711757907963 2.421467994527384 -1.93661843944705 5.997676354199877 -1.518391070836973 -1.488823846197631 143 432.7871921062469 2391 1 2.746924152370592e-06
 -2.272191281605744 0.04833541586116036 -7821813411264917 2573.932128911534 445.6784325559396 0.2943042481613632 -1401.011176067072 104.9138088063285 33.21990956001527 0.9897533688730498 39.21006999720913 3162.653853893637 2293 191656 1 3.942511097848805 0.2900468358209486 -6.595328972328939 -1.915204443076907 -0 -0.3303087813085935 -6.234378690824422 -0.2375648693129487 4.698535392454654 -1.680285803657949 -9.978734559464289 146 652.8993608951569 2391 1 3.253258655907304e-06
 -2.982669031643364 0.1456707773902657 -116160.0897154093 28226.09681583344 69918.69638513334 0.1257597263402563 -5465675.652450983 1655.342105746461 6729.346535393955 0.7479255548952003 64.99821013177328 3022.845677335489 2242 191639 1 -4.681278588811529 -0.277118920671672 -7.754617454064745 0.1433455453390651 9.897138553945053 -0.471189301158951 -6.224533058175876 -0.1060319114688753 -0 -1.657066531190766 9.684702311379953 149 652.4534521102905 2391 1 -1.252692198282433e-05
 -0.9774551125915981 2324.035267318339 723.218125260271 2.269607830912225 0.09463362012512729 0.2455625618748515 -4869.860861426384 1597.576035852881 5376.807139158474 0.09160880209149137 24416261803.90357 3165.108363319175 282 174729 1 4.60633434926862 -1.357654645402778 7.424322113033961 -1.793217800871697 8.77662697560106 -0.8372841487984345 -3.164963881063499 -0.5672089929565907 9.594812929075541 0.3311768067065093 -7.293216205204596 152 600.1715378761292 2391 1 -9.826651999559442e-07
 -2.713891675517156 0.05175382186602136 -2.74001713019261e+16 0.1628267317778921 797233.1465315673 0.09245695451395192 -45664454773.7545 35.74445450881237 5.546177201082411 1.630397959184834 3.3444081632806 3183.480129108921 1931 191606 1 -4.24311903562661 -0.06935646495902149 8.742283759254679 -1.145796791376913 2.991542524536743 -0.263344322924925 -5.196247278800309 -0.2626514923364169 -9.06273281680911 -1.323132472951011 7.825517936254821 155 650.3039281368256 2391 1 2.071635888406003e-05
 -4.735281097287107 1.748077495294634 -0.2195964983979045 27230.73965620263 58094.64181781014 0.7979372664476221 -6.51331417295402 81.45590263710494 20.01735136641606 0.05796268284408373 1.066090619769027e+16 3114.339843682593 1392 191641 1 -4.491415014657025 -0.8517335582429579 -9.400222210085772 -0.8339053474678373 2.423394131569955 -1.674215591355581 -4.615114586127855 -0.7866769801542183 6.283201545169604 -0.9446123998290856 -2.947865581647526 158 644.3707299232483 2391 1 6.9193176066392e-06
 -3.889701386768415 0.1003910712870911 -34038059.58626126 0.0959920037918762 132290950.6617382 0.2229749710914185 -11874.73716063321 1086.205771281351 2491.048823227277 0.05044941868505549 9.688325495960293e+16 3033.618815779285 3207 191662 1 4.656927225267784 -1.923865268397129 9.218153633712417 0.9037315574838307 -9.148565366329899 0.5065112566215126 2.202200077189466 -0.8521750581287222 -6.578338882423931 0.7643431410759831 -5.334867544175751 161 638.5514180660248 2391 1 -8.957476695482395e-06
 -3.938662126939749 0.1935595643376179 -9699.212608091604 17741.93519889521 19190.48428384727 0.2050001960153437 -21243.84009551993 12301.9134964787 396936.8201322602 1425.003811136697 4455.369090565346 3059.642004336124 1995 127772 1 -4.463105774087151 -0.8303543454077449 6.69865342490982 -0.2312411794058615 -0 0.3777120273334091 9.031577679439838 -1.744255529476344 2.062295990066942 -0.0892555384477252 3.621730808087245 164 440.1130268573761 2391 1 -9.485279310933995e-06
 -3.440098014994707 0.1202703435333848 -3521146.330986422 5.001742536363764 0.07406334360384392 0.1374794614294086 -7068698.226002795 16617.18516151296 611903.3609248576 999.3933886482828 1630.546858753969 3015.34152635593 3698 191662 1 3.313953543169154 0.2677610189129793 3.417060845480262 -0.6125223598229931 3.41370530387191 -0.04866745074782752 -3.022816740674409 -0.9929027322043726 -9.429440283794873 -0.549131848797229 -9.299064239708038 167 654.6835250854492 2391 1 -1.61198915710229e-06
 -2.740256766672876 0.1203511626055416 -7578602.22118389 3399.174457377444 2260.118569233193 0.1026820864825265 -548851021.9964335 284.0374261272701 165.1415783945909 0.2662203056508151 8554.085569448798 3121.866836751797 5906 191646 1 4.22651804607974 -1.394927805823515 -2.23388778799991 -0.6931900005189853 9.939379783156033 -1.851442843918306 0.3338018197107999 0.9924726131504698 -8.337278319551157 -0.2642176539794026 1.756885968456078 170 654.7778370380402 2391 1 3.700730463284469e-06
 -3.480607487894903 0.446843509665359 -11.95640282337824 1.312425520044703 0.2768340774037286 0.140117295309019 -1076935.991228808 67.29408284827605 14.32838113235005 16735.86222093247 606391.0260533232 2956.808646166807 3823 127624 1 -4.264315936838595 0.7889829269700392 7.620919579468968 -1.155966248418821 -6.384694731977558 -0.7646911283449755 0.0340206318312819 0.6857601641799076 0.5154820781308129 0.4677182568771445 -3.772883233489807 173 437.2889809608459 2391 1 -2.048806269879996e-05
 -3.293558208224045 0.2527412378270519 -479.0545437257692 470.0134170836238 28.56744655583374 0.1737842927493154 -81654.47429373926 633.0354602087501 991.0576185414519 0.9365973702701172 35.42509983754422 2993.65606879318 999 127749 1 -4.318273889670568 0.4859235344308925 -5.237717072780324 -0.6910696399357636 8.934466990600733 0.3814357165391086 4.883360080439031 -0.02248008295889204 -5.300388852243486 -0.3229020120718671 -0.04363615495720286 176 443.4950740337372 2391 1 -1.555714420659187e-05
 -3.710235775898603 0.05500081724001247 -109524016242145.3 0.4660707954678711 7.290190265414144 0.06049270385175474 -596917689341919.5 783.0759296992769 1391.817393873272 34177.37760319778 2009467.029620637 3100.059789977515 3848 191662 1 4.224993668750047 0.768935223076141 -8.870957135480756 0.1338805619188386 -5.485007210631054 0.6508115611326505 -5.403904809038704 -1.922201239995245 0.7165772906756502 -0.4022194421676329 8.306746138426606 179 654.3281409740448 2391 1 9.455396347636683e-07
 -3.529435638830427 0.3873560793906369 -63.31999827868172 0.8567118074953287 0.7521570208029335 0.1418786438922176 -2305254.051817873 72.27474180165396 21.38420181220683 2086.278599593244 14745.2820620784 2995.072150437531 1824 127763 1 -4.383155721561062 -0.08414978014874029 -1.335395695627125 -0.3033238451977738 -9.123868669121466 0.5791260782562113 -4.32159011395617 -1.960674130466972 -1.066634742256195 -0.593005092130273 -0.4102794006935442 182 433.267021894455 2391 1 8.719176048433317e-06
 -2.923093115753449 0.06903736173960526 -173654689071.3081 549.9956854134713 50.92834558928849 0.4027307324412112 -238.5692559990475 67614.32361306137 11772579.79677965 20684.41918215203 377336.1644856072 3033.723921137514 2960 191663 1 -4.613414064279386 -1.550992550494326 -6.437195869628362 -1.489978066918225 7.949848902066799 -1.201097397411143 -3.614335984255487 0.272304825225012 7.030620511479551 -1.751798133690968 -7.205066725143677 185 657.6432831287384 2391 1 -3.065702092328537e-06
 -3.25079643478728 0.06894834458069637 -39763550146.36297 6187.735223799655 3435.593509628569 0.3716677036786683 -275.0292865338508 24074.27947763476 1308426.267829015 756.5261217717851 557.2283431955321 3004.638314348023 3822 127776 1 -4.675213026971456 -0.8825291754540405 5.356323908600802 0.813070175568158 -7.846602420208535 -0.7302237296172951 -9.457178465287319 -0.4575932964482678 5.216261643252859 0.9628903232057771 1.528674174923472 188 433.2797119617462 2391 1 -7.913639166899384e-06
 -5.197312707419557 2.955384674660482 -0.09508903048360791 2.013846164165753 0.1066313297878011 0.2105356213089462 -11008.9606713399 3147.887572118796 23137.86257723794 1.003624950119158 14.05970892622699 2919.289466134426 302 191550 1 -3.789255975974198 -1.22106731225597 -0 -1.20216783322136 -7.163900763975107 0.059793774874195 -2.212453370666875 -1.10679428545178 -0 0.1791126196854038 -0 191 647.4143149852753 2391 1 -2.075037604046213e-05
 -2.91427061971634 0.3554333770889104 -84.89310975252117 0.3768490170523419 -21.06282798847625 0.2169433135823551 -67060.70281720783 3422.228081270563 28589.05413825425 0.1710538295788121 3150997.223017214 3083.873406286612 1954 127771 1 3.69449609981584 0.9809759599011727 6.885488135546687 -1.581143829101465 -0 0.2613346403036622 -2.316528129745026 -1.487837169712444 -6.523541262150482 -1.718825886051958 5.890825258989199 194 435.5919260978699 2391 1 1.661440310070079e-05
 -3.705099162713284 0.04444685126203874 -5.333007177519153e+17 2.453279296441425 0.1448178715049653 0.05812025262574082 -4458639468736006 79071.95472105329 15098409.44675597 1.23477064080215 13.38166136128443 3046.94043013376 3525 191664 1 3.950530465288187 -1.015444968342013 -5.03289032216847 -0.4906722827313885 6.445523652631485 -1.600441449827075 -2.883572825772204 -0.9138264904515019 2.133872464301656 -0.7070284556728899 -6.279752068625572 197 643.3453478813171 2391 1 6.564288597737461e-06
 -3.310533196687378 0.3105886531011926 -153.6716635001652 213.5701313135824 3.520366872551187 0.5657541508007897 -25.02768929301838 112.2218408687777 41.06302043107328 964.8430709722381 1698.872412680676 2953.339799889802 586 191659 1 4.687331703359067 -1.756885081554865 8.673474604539976 0.7780385545954136 -0.7947558083681265 -1.56077710572626 2.211253204622486 -1.818820405501862 -1.729770944592381 -0.6231497334008429 -0.5106102398911476 200 649.4813458919525 2391 1 7.232969660721641e-07
 -4.597677378049727 1.60390072496695 -0.2660783669572428 6.692483544708852 0.05041404191332113 0.244540193311719 -3908.611547520259 2808.281876858789 13688.422952058 0.04856828765976816 1.391709217662546e+18 2999.42175222299 231 111632 1 4.271523601237752 0.3599110297993917 -7.543604871165734 -1.645261795957792 -8.360990849172087 -0.2094309425620171 0 -0.9283879757949007 0.4945964573336354 -1.497209578846125 -7.285950728383941 203 385.6874561309814 2391 1 -9.874849834962234e-07
 -7.116087553580123 6.923832374413663 -0.1089835892680877 57737.00102953175 329487.1582438584 0.1173569617542262 -40624634.07057884 3681.026185432639 33844.85178100524 4.335750176168333 1.842731873738326 2999.948279633592 907 127642 1 -4.091606065728359 0.3651282095421453 0 0.9941321921341753 -2.854528318566635 -0.02085583060085307 -0 -1.590453467165315 9.335555468248929 0.2784770971267525 -0.5969525886333917 206 440.0982739925385 2391 1 -1.105918519455861e-06
 -3.153909493277352 0.1656505616267399 -25172.20280326625 0.3676785869351878 81.46559928124424 0.1170219366044122 -16395923.29178564 742.5376047791207 1308.361346180367 0.6339237533987162 79.12081175700061 2992.856267352629 3074 191623 1 3.80331574067691 0.456079948588318 -0.1223466413132872 -0.2302988002419184 0.2477719454041636 0.8973783257055579 -1.912410951346769 0.3328717360349693 8.872365482936004 -0.146703153379864 6.822330062709979 209 657.1198480129242 2391 1 -1.407243227173551e-05
 -6.84668447394239 3.561013860147727 -0.1661184811201951 706.1261684561032 42.88307676738813 0.1932752446630019 -40806.96088081528 113.8285639732376 35.35200421918067 0.05136454524475957 -1.237336853329259e+16 2913.820186776592 4253 127776 1 4.65189804287585 0.576926559611076 -7.808152318257502 -1.492955779451879 -5.752364811874997 0.8703144844196902 -8.659614045107531 0.5643051774228596 -5.032605585575521 -1.429611859555866 0 212 438.5975871086121 2391 1 -1.443807645784152e-05
 -3.791363057274683 0.2308395720516576 -5045.667051390268 0.04402978801463278 9.998821619783399e+20 0.07328718621243997 -7060802996194.588 8.108971882590691 1.518010360633404 17.73348603550322 2.05224868682292 3002.414631781985 1063 191634 2 -4.304338500691287 -1.466392494283513 -3.490402358285699 -1.468229296455084 0 -1.544992412947397 -8.951449833391381 0.2918971495034621 3.296473708785804 -1.889325138600519 -1.787303728752609 215 651.4619970321655 2391 1 1.698516956046853e-05
 -9.840179428590774 9.085710710418299 -0.2380810889533567 173.6041156671469 4.362953875002781 0.2229118966155904 -4946.180395264179 1787.876804841001 8787.73280897511 0.1301312548974615 -104394794.0987997 2917.019646520409 2962 191664 1 4.603834860796027 -1.218592096448798 4.104969955643555 -0.1883810349640945 -6.870257495623847 -1.81925223359536 -0.2299103285366226 -1.185956074785189 -3.669717478770388 0.07090714984604583 -8.609229422196135 218 656.3195240497589 2391 1 4.254693716342763e-06
 -8.667882917599748 7.573779692262918 -0.1539270751675677 2.330558611667494 0.1019936906344017 0.06753252269355728 -425372868440.7733 6989.241256288125 116859.1540279726 1.988384433720533 7.513650170236279 2923.497792754647 2345 191564 1 -4.38260551088924 -1.150196873125207 0 -0.04774434148952444 7.330950970614865 -0.2631264982388757 6.165573547909379 -0.2572896079211411 -6.325252410823815 0.7425567572717062 -1.495866269067333 221 648.5150051116943 2391 1 -1.835153551123807e-05
 -3.508273810153518 0.1726294723383205 -66189.48889265192 321.2478449869005 6.91496198886474 0.06322792276637011 -704406452513934.1 15413.95452186523 617107.7916196588 443.8100825534147 504.5359466748072 3104.867593772071 2700 191657 1 -4.532537533048935 -0.9988385369739561 0 -1.743060293934066 6.076727925623043 0.4993661782370911 1.221935324949898 -0.6901442476653292 3.063276707043699 -0.3584301025176719 -1.228459972560797 224 648.6247639656067 2391 1 1.311373268711032e-05
 -3.172214205026749 0.1329814743711009 -1716448.638947881 0.2859764447031177 1481.642787306027 0.07431339489132698 -14311981445569.81 73082.0401304003 14137448.59366512 264.3240585872451 101.9151877632491 3340.622184881466 1678 127761 1 -4.654496822787295 0.1845221900851483 2.112680358899734 -0.4774447607082779 -2.327546215524648 -0.8708704977907296 -4.98893246570192 -0.3785417991684242 4.76282661581766 -0.3989685381136754 -4.997670486476495 227 439.097776889801 2391 1 1.438736674507257e-05
 -3.27790826261009 0.05690628192879867 -110159836032.5981 0.1141417041019842 3302095.076753164 0.04479143576288004 -2.329812214013716e+16 17764.64553326519 919483.4100674937 5.239221816481013 1.651326566657182 3077.441893804821 4992 191656 1 -4.577978861023978 -0.7071998638078103 2.201537599837057 -1.864765732897964 -0.5756867354475297 -0.6452980135401347 -7.072911926253621 -0.1943201485136621 3.662421954495937 -1.230208740093412 -2.017728655091696 230 649.9246060848236 2391 1 -3.173529067834992e-05
 -3.691241332061759 0.1711244924302539 -54953.71959364822 51.94324121886459 1.13768688189229 48.48429345492813 -1.363314513669559 4.103840059201317 1.695112685974601 0.3903234726728109 1761.68160998066 3010.635784951721 1098 127760 1 4.43932285857504 0.3300049619030351 7.803728452537628 -0.7844494420961095 -9.272088406810933 -0.8419553715182887 9.395010591503892 -0.892628790085606 8.130012545126124 -1.579985174310234 -6.562049850849064 233 442.1482651233673 2391 1 1.264602198730873e-05
 -8.465422780095224 11.81813979327801 -0.2063330291357346 0.1020658488660678 -42326586.30968542 0.1770170483481122 -113221.568643669 39798.73315047809 3745194.091343853 92716.74143806996 8559949.152593859 3138.977595885131 3587 127766 1 4.697464434931504 -0.1831136035336902 -5.672793754278752 0.07111562689417417 -8.536801089219104 -1.539967565689272 0 -0.6042822429383357 9.419476722598223 0.2687697825825168 9.851768470965229 236 436.2517440319061 2391 1 -1.445618711674587e-05
 -11.84575316185155 9.940667585488384 -0.2921758654764864 0.4403614254539968 -11.42209906663238 889.9831974358863 31.6602679784116 98334.27491685141 25947987.64842594 2.670037900040454 2.98271083844162 3052.021380432214 2394 127752 2 4.504509224139564 -0.2092106901570432 8.442905647200773 0.275513139944227 6.50582316983443 -0.4654427185362087 -4.047908313913291 -1.784626281490381 1.097318397912572 -1.074673285678746 -0.7005954564596726 239 437.277529001236 2391 1 4.894156244606278e-06
 -2.695132704332061 0.06741323050564337 -28696898845.27672 4.28161059307717 0.06392195262792984 0.04034208717676082 -3.904904957933326e+19 291.2118634514792 198.511079877645 0.1336731683211388 7221814.690643409 3025.152846305233 3460 127769 1 -4.692514305264713 0.7426875498779535 -6.34339247008023 0.1407900273880748 6.897927205265676 -1.14368683841978 -1.287568254448652 -1.600747513360658 -1.53562219038779 0.2543274893771449 -4.078304580421934 242 444.4331150054932 2391 1 -1.543753039739549e-05
 -12.20619331851522 11.41932936431481 -0.3021879937018153 7526.99697058478 1331.184669807085 0.193483368639079 -34967.94231841158 94704.02401895936 19374511.55193977 6542.507971602254 91644.62744790524 3011.752027438027 1502 191440 1 -4.04205536634649 0.7314006997435327 -5.450144602125887 -0.1272097349688508 -5.095114808152405 0.5166390385575972 5.376728250036718 0.2992260918048633 -8.662894090572511 -1.47759178199435 3.450119492110248 245 647.7155170440674 2391 1 1.156761242466853e-05
 -3.162477941071634 0.5387928212000603 -3.684291442484505 568.2905957518259 7.279282293972583 0.4945778309358698 -62.15102606398246 553.7303036656663 811.9575275692607 1.61645635090069 3.671516570356073 3132.249959553311 939 127445 1 4.403872877564662 -1.44357091468482 0.2571570517578592 -0.8641098033809502 -3.236644251032912 -0.7494223822225701 -5.126034356789824 0.2785632451568789 -4.856807668399326 0.769424718080026 -5.375703256854317 248 438.1431610584259 2391 1 -2.129724812054315e-06
 -3.17374171399884 0.1361874098386107 -683713.6611702116 506.8624942247708 28.01127977058438 0.1777617333097999 -156139.7711874758 102.0364815887645 30.52066829716778 0.05396288581326636 2.521736250691404e+16 2988.818201819045 3497 127708 1 -3.989159622304383 -1.437532464179251 -5.649171558057627 -0.2232531543554667 -9.153321359577742 -0.4601234920629587 -8.301873372680353 -1.507871906894236 6.729577917229827 -0.9864060765784171 3.265026845639213 251 436.6727120876312 2391 1 -1.990579169304772e-06
 -8.83304927025906 10.60879161690735 -0.1818557710632369 0.04640207221363672 6.562557770946647e+16 0.1226109548568851 -10972410.39130087 12814.20763748332 435913.8035984483 26390.06671484987 1335422.505182266 3154.608014473432 2811 191661 1 4.389376895156756 -0.0771523937676033 1.936912557823119 -0.06090886103722681 3.131161470609586 -0.8572014413087947 -7.978563611298114 0.05824501527571566 -2.412641960733226 -0.02923682055523363 2.745348357371881 254 648.7746958732605 2391 1 -1.17830076431457e-05
 -3.74662868641358 0.07233976301474972 -148002264701.7649 149.9147123519268 4.80912822723061 0.533678910793408 -28.57139434050479 1258.075027547973 4420.434375009139 0.2004447266304898 476953.3210218598 2993.886540317569 1599 127755 1 -4.211463580294529 -1.949545396776475 5.374972852160264 -0.6887398789443564 -4.022508413213526 -0.5534175408743351 -9.892301498752644 -0.6359057488291899 -0.09913146842141662 -0.9864524474557506 3.00252362108578 257 434.1100630760193 2391 1 5.329484843109279e-06
 -3.213357676791064 0.1364353847688079 -1689236.705144527 38643.26464551155 252960.8587467471 0.1177269964090069 -124220534.2886295 59.72996792752177 12.09630092312899 2.356515007302824 5.421542144698841 3072.240920358973 3759 191657 1 -1.693538604637181 -0.4031435304153508 -5.633540879039175 0.5882816770352011 -6.308976086017051 -0.2715006938280347 -0 -1.336755966591877 4.744096239724875 -1.51098509857006 -7.849268646474279 260 655.3210361003876 2391 1 8.496665032741087e-06
 -3.083234132966712 0.3012273535893751 -123.8742779898322 496.7693103593568 14.12468639862183 0.2955996745045466 -1378.322110018311 127.3840124535132 44.4503553459528 1.019281505912907 18.00058944574831 3105.163722403278 2072 191643 1 -4.51583674797407 -0.9642483624401663 -8.281785854955453 0.01726999128270892 8.59596598728387 -0.2107754055319813 -4.589213599080996 0.1077462803073405 -5.319673876810257 0.5508787544291591 -0.4049630884102919 263 650.0940029621124 2391 1 -2.253463066638943e-06
 -3.620903161640546 0.2667131873622569 -197.4129346795607 0.3626301133343564 64.1760705262254 0.0920849426495377 -5617212245.941882 91.1433158471341 24.24819545092105 0.2266149079314015 -74726.3437005202 3055.734075071025 1378 127776 1 4.666757911546751 0.9406826227591192 6.275434667361849 -1.653196300365535 5.522502141499146 -0.5439203740799545 -7.623681351285402 -1.153658730949868 7.599878985187374 -1.507481152035149 -7.053939348179988 266 437.0005440711975 2391 1 -3.760491147653378e-06
 -3.10665093006005 0.07000069140543128 -10213092476.95542 10901.20724595816 3684.795119811063 0.07560755080200665 -69180759358.7128 7245.041942497444 117160.0491441179 2.464800752082507 2.754053086703513 3011.64769919334 4907 191651 1 4.299407235844538 -1.843028941555713 -0 -0.08038475945219226 5.492519914911703 -0.4786223331532984 -3.771375409257929 0.6732629442988745 0.7188480200901877 0.1688887092987849 9.837793518693214 269 655.4606339931488 2391 1 -1.785208990636737e-05
 -3.29389828028917 0.2477457877064188 -2796.05801686177 0.04918641630767208 2.420560863616105e+19 0.08203784063308572 -1951427018645.991 32329.41958440114 2367133.479756385 0.07005980468289939 -807473167169895 2962.176873130215 1963 191660 1 -4.055826312647723 -1.593456486179337 4.733395430942582 0.5483033379789979 1.615825123864749 -0.8313883171550103 4.330560074813914 -1.427130668088615 -0 0.3809419075947416 7.042928489011985 272 638.973865032196 2391 1 2.570353078877246e-05
 -2.535036044818176 0.1194423432293019 -41714512.12253133 0.1033224868246271 4991244579.655229 0.05199486216298773 -1.365587194137809e+19 68.61732553393669 12.52239245608212 157.1562186145445 -17.6401315797663 3031.840093921832 3800 127772 1 -3.95009569024189 -1.102244092473496 -1.015762488027986 -1.99449186016473 6.903906530030715 0.1876972480552678 8.882048686062166 -0.6489064557812201 -3.477126493355434 -0.9531554068723054 -6.671319394219461 275 440.0397100448608 2391 1 2.896857726939955e-05
 -3.35540369843447 0.0506031093559017 -17346088309197.03 0.1344386508448105 216885.6372909617 0.3855834395602893 -153.7797891103887 13028.98961085517 502491.4700146398 0.7780699268614166 58.22767997287957 3030.800583965983 2524 127770 1 -4.650404692739102 -0.8669784222196224 -2.788050577378657 -1.020055270717763 2.488253138553104 0.6167379548689129 5.183975805746875 0.09571416603855012 -1.667291123620613 0.6984441974641085 2.692033316778419 278 432.2975168228149 2391 1 -1.940724237686974e-05
 -2.98370743673311 0.0701933771592855 -714873358255.0359 15485.37342065554 20718.92285842301 0.2068678272615457 -108049.5152300098 36069.13029545408 2947696.282903341 0.5201897079640976 349.7075980939018 3050.573337373024 1567 191658 1 3.888926274810667 -1.215001334338297 4.881561881652168 -0.5677371789159995 -9.623757146645293 -1.012231791633143 7.082839254924254 -0.3335994832954441 -9.023474916686963 0.3537766140394369 -7.137616359665182 281 649.3030381202698 2391 1 1.818234918221063e-05
 -3.478342063307553 0.7097199962947481 -1.668757951710339 129.7214903948678 1.774467810834742 0.07191954931270771 -2015058296444.345 109.1620657908204 37.07925868930965 1.42002952711195 15.92254837240509 2940.262134843651 244 127546 1 4.254531348446805 -0.7979636832591597 -7.884867751521764 -0.9452893560419158 -5.224596223702251 -1.727811282373318 6.42801339554451 -1.663656084411452 -0.6418181198434127 0.778639648510715 -1.28281353444265 284 439.5681450366974 2391 1 8.88676243055686e-07
 -6.727256433453425 4.71736574996097 -0.1353441607895507 0.2608872847655938 -1953.078034057937 0.1015087009468607 -14970196742.59172 13356.78674803932 454000.345098526 0.3108552704134577 16248.57631630749 3269.960845495958 3379 127761 1 -4.692663174656481 -0.1207531441741097 9.900642926502051 -0.9334319102297641 -8.47483926017906 -0.01099686881573272 3.956937905737443 0.7861775906649355 1.324086053893265 -1.359267006486393 1.620077036023365 287 430.3905119895935 2391 1 2.382254658948768e-05
 -10.41974483508942 9.914584250996883 -0.2322233843294473 0.05514776453095049 2.913869840610874e+16 1.31247953751775 -1.64731999034206 5052.387322124619 57817.03652925729 4886.190902109395 55460.84380871039 3143.658752592342 803 191630 1 3.46150119795524 0.7955152106600871 -0.2687000236231953 -0.3281791160618291 -7.148384857147894 -1.922959150123279 2.642282461594207 0.476278445814994 8.397280764836271 -0.3936482870166761 -1.270671600276219 290 655.1864171028137 2391 1 1.652883855128697e-05
 -11.89783206201954 10.76470003783892 -0.3076284493782005 4597.414056379373 1197.65254410441 0.2787386763977476 -1573.24018274111 611.6027363214571 990.5453561656649 789.4671173605064 2103.674104913936 3085.369655618268 2205 127772 1 4.531467622991563 -1.539116619941848 -8.987937042284095 0.5122436961888237 -1.395133218153664 0.870415430776283 3.637909312088197 0.7545947682158318 -5.437194972889819 -1.295417214454567 6.081449063635931 293 435.805526971817 2391 1 -5.264785232954398e-06
 -4.158454857494683 0.2013844783558709 -4732.657182758358 0.1153517491005555 23021007.00042477 0.1184418630510111 -14645298.55195546 15198.6630727858 533504.7557625099 120.6062881362552 23.73271289697105 2910.696897196801 559 127722 1 4.576336914730035 -0.9274604299756276 0.3933591104131429 -1.443091854588975 -3.090944903266956 0.1976509577601506 -6.66540170411685 -1.156779353695655 2.444317056444083 0.2823214607429416 2.858582846427308 296 437.6474320888519 2391 1 -9.242215116845602e-06
 -3.36555037058203 1.00174625939924 -0.3233786575944361 340.6147056797209 10.74020161449309 0.5011706707626796 -56.49172710704423 30509.12997004136 2487874.758610006 3358.805992438902 -9420.453633798208 2938.312489666765 385 127703 1 -3.871945423654615 -0.002547389907947602 -1.630141953696674 -0.4932942055431218 -0 0.02434413513124945 6.285760100326772 -1.30519560935539 3.069949546958242 0.001150098696939511 -0 299 441.6779470443726 2391 1 5.325645682293346e-06
 -2.765860271988045 0.05724360969996552 -1350783450130.026 521.7773446384583 36.62274204198855 0.1404721137108685 -1081895.680999178 66.81420323686025 13.90737129086767 0.05024028575743382 3.376924620056078e+16 2812.749996301857 4839 191611 1 -3.759273591641851 -0.7639857700818951 -2.042784997559831 -0.818182788581038 -2.908156559031428 -1.081603177640702 -0 0.72339257267405 9.447573327472414 0.8887839655980896 7.467640398121887 302 654.0020129680634 2391 1 -1.661193050560367e-05
 -6.205534370961965 6.425880498284992 -0.102052523807387 286.9795024403207 7.811280707811074 0.3133727528782088 -494.8943260357872 13213.18025833808 451821.5990290372 5832.800456835499 52338.45022756627 2781.056209510328 1843 127764 1 -4.594886219554305 -0.4692697828599073 -6.240105170092891 -1.18364306264978 -2.833284238195586 0.9881884799070892 0 -1.616293428784122 -2.182205321482082 -1.361573596040387 -7.537129519437284 305 441.6321618556976 2391 1 -2.087782826328693e-05
 -0.1273323633158374 739.8975716959542 75.82213324582139 0.1306480052420246 2024317.116946967 0.04456929487445643 -7.812455105076504e+18 1858.322292161553 8645.430153267322 3877.174746231312 30704.10452622707 3017.732647586054 296 126673 1 4.639369603423851 0.9008415087457107 5.505116603480852 -1.509265522100468 7.807177578651418 -0.05011701528051221 0.8047556872279298 0.2910917177296439 -2.839688013768123 -0.8752171268569606 4.283671287599774 308 438.5483839511871 2391 1 -3.947679766593532e-06
 -3.803274555099212 0.1369278148907474 -1477458.315214781 1303.43830544556 73.23076035856168 0.4003862176636169 -194.0551563103 65.84696258972588 12.46711366205101 0.9048476438106333 39.49352138910999 3127.255320448617 3136 191647 1 3.53664152437455 0.2864143839470236 -2.119041042063523 0.8144897449809241 9.977455307001879 0.9496408088900345 -8.368723351473438 -1.807772071626549 -0 -1.490345039076348 5.02762419715103 311 650.3718590736389 2391 1 6.306123191193403e-06
 -2.983649755044627 0.06219177687208257 -9945376813976.287 0.2499940985238876 994.041987043594 0.07149179880993037 -19866729638697.75 13737.91142484282 479220.0537655599 1398.794820151851 6038.482395175155 3083.192082282722 433 127757 1 -4.698015873688055 0.6236794621961819 0.8040157425840446 0.9026564605088785 6.388536814796792 0.1855980756630879 -0 -0.2564887480128579 3.191593222870243 -1.595087399814315 -7.989186618814053 314 436.7125589847565 2391 1 9.089877550981821e-06
 -2.798789029923847 0.0501169196226414 -674691250180963.9 36959.18301703304 146662.2484103572 0.4789119955451958 -54.73965709802872 90.49219720710315 29.22391039457914 77.34417058657353 23.60209322545532 2942.275086893359 409 127688 1 4.602713398156382 -1.935784588367767 6.97423029311577 -0.6160263166613271 4.95360348419898 -1.336472045288899 -1.577489645224114 -1.280620069352803 9.077760014613297 -0.5601182060814187 9.003168017219171 317 433.1165080070496 2391 1 -2.978893198208486e-06
 -3.64838026092534 0.5126937356160631 -9.626392770392398 0.1613742597190817 170263.7225945824 0.2233696020262776 -13371.22435498406 2162.7661812025 12179.65131223175 6.572565661623814 0.9944387432882323 3130.445842915044 2049 127776 1 3.974973744225087 -1.626998925970966 -4.084907572338004 -0.04584999471882514 -0.9303322440566815 -0.9238997454273621 7.955876928104892 -0.7690097837207643 4.509122507198123 0.9747437275533506 2.49966127491892 320 437.7725360393524 2391 1 3.383130194949571e-06
 -7.318022956315172 9.617163397252309 -0.1418027432420965 0.3727034094403937 392.6779090477553 0.08436540021844816 -14826241551346.02 11552.3916608922 312579.8461065412 1.146091171087234 19.20656873892163 2969.443440604717 2729 127763 1 3.955296310421114 -1.59005301762243 -3.095322749256288 -0.5734930246180223 -0.2574304079068703 0.5951068779214239 0 0.6593806689024251 -0.4706800476992199 -0.9096883005439321 1.90411933575223 323 439.5872490406036 2391 1 4.901141540441123e-05
 -3.250359075832802 0.07907578341651335 -21472270100.49047 28632.35952202226 33669.7106483414 0.1179324573615906 -265310956.9370248 44077.16424748345 4867467.954185105 1.769527378573071 4.957278366028866 2966.958275381763 190 186013 1 -4.65077578483737 -0.5231586892855713 1.664687355572287 -1.006233846624269 4.926767620378943 -0.1226067968566813 -9.843120655075388 -0.01542338829856423 -6.155983546992962 -1.61388426658647 -8.984215182086553 326 653.8765449523926 2391 1 1.096499588865504e-05
 -12.06390326923207 9.886061875774631 -0.2745768671995314 3.754243386004803 0.1571135101658631 1.421277608615488 -0.7454280534937033 282.8452392729707 192.4274044083983 147.2585134862348 27.54657180452952 3018.783598476529 2748 191652 1 -4.65255532737311 -1.973208422428413 2.083300218231635 -1.370841455443841 -1.388895857872457 -0.7805691797802092 9.606620460082228 -1.534055165403307 -3.432169585340364 0.9916975478040201 4.449910336227713 329 645.5962400436401 2391 1 -5.694117599814739e-06
 -3.517595697208731 0.1939987410273671 -45900.834911734 2.018318771054921 0.2262615590673766 0.1300556021016297 -74619442.90723813 5500.004507135724 75697.5771515611 0.9834026009137111 55.67887000832162 3127.799722744997 1172 191462 1 4.544563823953986 -1.993049582033676 -5.673814237786229 0.4231592857172362 2.375138331833707 -1.170321211362287 -9.274369843807353 0.9264943831150099 -4.560521558242948 -1.951477337575434 1.486016183155903 332 654.3741900920868 2391 1 2.589654081916748e-05
 -3.361296396543206 0.07379809694020591 -170243559180.3992 14154.02276535396 15286.39981641557 0.056243356369696 -2.935471830163666e+16 3894.139031759052 39326.85246190526 1.40309705521949 7.045002058837909 3237.114421398403 3743 191656 1 -4.381674059343152 -1.843738654402072 -0.7386207814084353 -0.07313969150981417 -0 -0.5863293350463419 0 0.6908945069860887 -7.369373591619199 -1.294525585803282 -9.237542445869305 335 651.6540229320526 2391 1 9.011426441678469e-06
 -7.560511215681488 3.029197599603401 -0.1953290992765976 0.07068435547346055 317239020694.0349 2.426087264846774 -0.3547896253641024 9.724395064128961 1.296577594019319 119.9755475218745 10.33250520756582 2983.568450459714 2832 127774 1 4.539167527067402 -1.115591479368719 4.395391275834719 -0.2861068170455878 -6.677536803710634 -0.5910140198435689 -0.7560467923776368 -1.201350640674884 5.231370173427505 -0.7171141434867456 -0.8487565260375627 338 433.2320399284363 2391 1 -9.963193012085778e-06
 -3.990303574486064 0.1976268118503944 -4198.930796680073 90.19153300717532 1.418930973189731 0.3512666994472477 -169.2076747263557 74019.85326583579 11374806.25262035 88982.04633004282 14480010.1225623 2823.243563553381 2547 127712 1 4.568102622190092 -1.367428586537943 2.379461252680212 0.6921871930313905 -2.846244917546126 -1.877627606738685 -7.220230164265807 0.8350203870929129 -8.372194824927348 0.04969752985207788 5.411097770141549 341 437.5272958278656 2391 1 -1.680837541083802e-05
 -16.28473651000871 10.77054982636137 -0.4313169205270216 0.6021723908381039 5.714870343126516 0.1292485279439285 -34369299.84460837 7863.07972795537 141496.0211029126 1.262693763346248 17.19672318208714 2847.575582482391 4143 191640 1 -4.417549369350431 -0.6271125074310451 -5.057878846488935 -1.786480913251259 -7.71540037465121 0.05528198109404144 -6.465124765792793 0.08160767078981206 -8.228528169800006 0.8107477244317423 -6.772402790309048 344 648.4507241249084 2391 1 1.582777408230645e-05
 2.755296637746377 2710.489915247786 2353.260079818352 523.9003755803807 16.70723039185079 0.1862564885181105 -41457.55488833096 74266.15392244936 15621689.04800431 1.474666055873102 9.192118662022274 2791.484402220397 602 127747 1 4.527922929767113 -0.469804010977648 5.94112507185703 -1.869549857300285 3.252680457319179 -0.3038774469646599 5.915637821743002 -1.546010556057698 -5.182221967082331 0.2826737745469816 -1.135831114513489 347 433.0695950984955 2391 1 -1.193760315019472e-05
 -3.513932735623649 1.034915608020942 -0.6210042777114901 0.05705185295366054 3.152354391419602e+16 0.05094573310342521 -6.96835319158229e+18 62966.35910159178 9215351.928316195 1001.807176058881 1240.21879119869 2991.81425626081 2264 127776 1 -4.595138516145874 -1.25637211140226 -8.544636037142737 -1.592142332272646 1.953680289935863 0.8884691768666633 -3.462399220120723 0.2569176708595186 -8.115345131255578 -0.7705990221989722 0 350 440.6228318214417 2391 1 2.220988769312034e-05
 -2.957631788776002 0.3749966715553219 -21.93450517212715 740.5932926719213 237.8122838491345 6.435939958547718 -0.2499568643894479 16129.65669547269 732670.9203382484 2.046206184816173 5.498434245881311 2951.7982471897 440 189083 1 4.295805675901089 0.2937879732302875 4.161181611175341 -1.364388289323128 -1.018963995998104 -1.22914800074891 4.83370547723478 0.6622606649660048 1.647109233657953 -1.422578330859576 8.028203704687961 353 657.5412089824677 2391 1 -5.590242440326148e-06
 -12.92623627550471 10.7643499889454 -0.3242866328021525 2.186278557704672 0.2061908007290903 0.1439473402627789 -2395640.569210879 185.6027006935018 97.44960156999319 1.91886679497247 6.271103171746067 3092.177591233019 2384 191656 1 4.666519517160829 -0.5457952964434369 0.3652904896997557 -1.088843310072489 -1.622989468279272 0.2739776916705358 5.086422508904922 -0.4382841960222965 2.147187767300252 -1.398100034318061 1.943331699280253 356 654.9855501651764 2391 1 -1.649958237553584e-06
 -3.197502755305678 0.1285143468778894 -1438145.577186112 1.052976752270364 0.8948816440323709 0.1647615995972686 -801826.0141959521 2554.877751930557 17979.71233607384 1.566665307293649 14.18497636039115 2911.014772115137 3070 127760 1 4.64546410556845 -0.9364945722657154 3.475645573935787 0.7148547751725793 0.2396189408899536 -1.890356843780143 -8.693586618135134 0.5524824210852644 0 0.6632060564702469 3.72908974984315 359 443.5668129920959 2391 1 2.026462677256303e-06
 -3.305467732379197 0.1655875668556727 -45709.51539974032 212.0076394933788 -4.440776868212765 0.232201818397774 -9102.073837533448 118.7782783395105 37.85789557192144 1.216786776943537 14.03607717761168 2989.975703609487 1586 191663 1 4.045777567720242 -1.737355777417187 9.055907837096377 -0.3485342727001735 2.63502437221053 -0.01365920099013971 -3.730697551297676 -0.1655891680476831 -9.839765495199011 -1.119244557286905 -4.622162124643115 362 656.2357277870178 2391 1 -2.078695578197455e-06
 -4.061200139418068 0.4290608083242678 -19.59853435728989 5.218163293941738 0.08290085701060894 0.4485347355333281 -84.41143899477402 15177.79569028244 521290.0165869882 1.802450651991901 2.578681442963787 3043.25606924159 2192 127773 1 4.657255187040296 0.1899064601236135 3.652059420933558 -1.969079641612471 6.376820448797479 0.7475617137533499 2.47577325699373 -0.517276866597979 -1.965316667373028 -0.08738905036426825 3.565361805309182 365 435.6888210773468 2391 1 -2.847532433784581e-06
 -3.270682757836459 0.08770584618935277 -3435350789.600549 0.1001574409755459 -1453740325.183357 0.1404314721938026 -16507730.09626122 72.80513699400431 15.87359110190509 0.2451897306707034 104600.2461750085 3175.935883445577 5142 127745 1 4.479379109466238 0.2565709670733999 -6.00626914769231 -0.2125143875762667 -1.241621883469457 0.6433933282654363 6.528861042535325 -0.179584947045889 9.77927803932047 -1.132408570273866 9.550909118274566 368 439.3913841247559 2391 1 1.18351978119917e-05
 -3.633174577265153 0.2288589716351029 -1783.990644394694 0.1096621864103527 27880479.19891198 0.09213079586658729 -2127390117.954907 3324.928642504203 27651.26777884052 12426.0380818734 247272.6046369744 2957.930490220475 3079 191647 1 4.603109187510794 -0.6528584265293444 -6.88049583558388 0.2972262251256188 -4.762773942066417 -1.247851704425152 -0.9105507981961343 -0.3302364220224208 -3.032641497357933 0.9143099626858707 6.486572821765966 371 651.8770241737366 2391 1 -8.347646622830145e-06
 -3.650202197189291 0.07624033927814304 -5231666192215.683 0.2722321061399777 3725.851115953541 0.5217685425168814 -55.89435368278789 218.7289274455251 115.5894973435994 0.0493796187939381 9.993136843921247e+20 3045.975662859489 3809 191664 2 4.248080129678054 0.7142184619891352 -8.747382980443573 -0.2507047164240603 2.653141824801122 -1.129927922280632 -7.242003555572081 -0.8512841956218411 -2.334442853250018 0.4774471223404703 0.07955217547997862 374 650.8391861915588 2391 1 4.026998510154734e-05
 -4.7533005967191 2.324655175617842 -0.1482613165781841 0.03732915967492387 9.998664428705825e+20 0.07424512742856328 -239091609351.5026 708.5301746226098 1035.551533157883 0.1460900524136689 6244253.81909916 3128.627235938114 1392 127774 2 3.890057564113019 -0.8870562313231165 -0 -1.012546143657117 -0.986249747148876 -1.471848874156241 -9.60830210819975 0.2533434684217633 -0.8920381381265545 -0.7462275128692824 -2.811953818743844 377 441.0939140319824 2391 1 -1.339729780654085e-05
 -3.628149573176816 0.1419803478789104 -129342.860613078 2.95661308757133 0.1927501349510049 0.6505479591319387 -14.18412692154044 130.5432514065107 47.75719538177015 3.426118284933516 1.063666332068617 3050.183027880516 836 191560 1 3.760396738662259 -0.303149489207887 2.003523615161211 -0.3509215587431473 9.005008231609411 -0.2301318673492894 7.697562512160919 0.1828248348037298 -4.68838288889116 0.1607547386023573 2.4889352893667 380 649.1221599578857 2391 1 -1.219964967660952e-05
 -2.85501063342147 0.04433820324765483 -1.639915498756065e+18 2767.562181699086 1044.951458737271 0.1726735083282689 -578344.8335721781 2134.61711482046 11353.76219336084 0.0837882842273522 2586469940315.895 3191.295963376353 3476 127765 1 -4.325940098153653 0.05418370885117872 -2.516524894613207 -0.3531491582135997 8.761665936176247 0.04279933731687315 9.90495033743451 0.341704449760198 0.03091844190802018 0.3380259031456472 -3.754193020418427 383 439.9370210170746 2391 1 1.435412177385451e-05
 -6.614178280661514 6.494795306662429 -0.1186586139319024 0.115570272846628 -9600678.335354077 0.2742861241122821 -1740.035750406422 41.40225262560322 6.338206299270712 0.04584143489454499 -1.693334831918188e+18 3006.916065936161 3617 191664 1 -4.437567137980301 -0.544253257574093 -0.3762615453773348 0.2361939755273616 1.119179288845308 -1.562186862823709 -9.798956147075653 0.9382214846685537 2.435951709872437 0.5477395892648698 8.446623812881247 386 654.4472451210022 2391 1 -1.068489940192917e-05
 -4.776853777295793 2.667534212435856 -0.09566718191303135 0.2449610060177232 4199.190544126483 0.1889014219393053 -240808.9505062169 28729.17016324762 1470091.50710333 0.1377858911357312 50204400.92251224 3098.838892160455 2389 191656 1 4.320062715568866 -0.7634082528211907 1.073246640634548 0.3674576715597713 -4.016964186245765 -1.692998469850609 -2.458834530163454 -1.59102696137222 -6.021438441285354 -0.9855116181166927 -5.604351027728301 389 645.0745708942413 2391 1 2.286500815146731e-05
 -8.67566501765574 6.35414118296954 -0.1587276121147736 5983.096462798289 265.907540799587 0.1272290998409944 -28269240.72408969 254.3048870371536 171.4478719920356 191.6188688699488 73.09553255727272 3107.775627462549 737 127541 1 -4.624793021258218 -1.204819051127853 -4.197216330770114 -0.7026075238437954 -9.393022293902884 0.8602383702801117 -3.614022450364486 -1.024057834365125 -3.940797860399587 -0.6425670191948507 0.5982320558262764 392 432.9313700199127 2391 1 3.035151670838729e-06
 -8.188808304553413 9.163342483414334 -0.1619380989060878 4.948970302862428 0.06707112013347383 0.1027582972059761 -218910912.9126941 775.897225454755 1237.705106323319 646.7788354992078 363.6846883466883 3032.219941711622 1668 127733 1 4.632133060838695 -0.2219290395790683 -6.344073676589375 -0.1839873540293615 3.291277085814881 -0.9322158813621844 -6.385003796784301 -0.1547205079456999 -6.728226805587048 0.6347399193668037 -3.804267101685042 395 435.9181900024414 2391 1 -1.196470593918327e-05
 -3.273987766150566 0.04795294628168394 -1.724273544949473e+16 0.1136843572853822 -52657704.63306591 0.06929684176328978 -21346029883867.36 6647.799910347582 111992.0926534479 19370.43821248163 299211.5809789543 3119.73917741125 2739 127776 1 -4.086636290451271 -0.4590044284509203 7.721193744783358 -1.457793921425532 0 0.7613147795510216 9.039405603224402 -0.3594523211587912 0 -0.4204926092650432 -7.038820623695596 398 439.7526440620422 2391 1 5.4382513068008e-06
 -3.295645715801095 0.1388889561788016 -894199.4579173808 5.971723020369486 0.06222932093551747 0.04185363006511002 -9.999487170884192e+20 1036.671018404838 2191.243029369159 234.9209730318343 -108.6516463818991 2953.745577422714 9206 143748 2 4.541804817422538 -0.9477084087685057 6.373854554218334 -1.807608278924969 -6.91162993482966 -1.872253244811221 8.386510588593366 -1.815899071203294 9.932876146844295 0.8122719920560986 5.994242559124533 401 491.8457000255585 2391 1 5.307943644948668e-06
 -3.942040870621281 0.1581192844024214 -501695.0246070332 2.119396755039641 0.1143702858813663 0.8224800346990631 -3.367270047292287 17888.79129109522 746431.0930144773 1.992848379760544 6.762158837341382 2861.46357226759 508 191373 1 -4.529083292417391 -1.724785598620498 -8.454440523396254 0.3164145917961694 -0 0.6198464049705086 6.28106716105127 -1.755599891290033 1.008006118019211 -0.0701318039169419 6.216246150443061 404 649.5095880031586 2391 1 1.898794432048833e-05
 -2.509137710220871 0.03434318550895177 -9.998116175882589e+20 1.319398253336832 0.2341655382242458 0.1301994743502639 -6884981.816894842 1724.905528838796 7628.244157306807 232.7315887247204 156.1051366625108 2904.140373205141 1422 191577 2 3.943668022113016 0.3431155878915462 1.647594840701662 0.7359036838569208 8.23944774588904 -0.9992494820303728 -0 -0.3949270010590045 -7.892458149362261 -1.498915684137633 -1.630609470565265 407 654.9575080871582 2391 1 -3.709337696052311e-06
 -3.042104291459476 0.1696951904793342 -49279.47496349024 2374.253441006995 614.3247260945636 0.3145255010937448 -1208.667098092183 78.27930363888306 24.55561904344239 568.703289627951 458.22802662042 3228.316258784574 2815 127734 1 4.595877277642249 0.7035756593343736 8.75126081283025 0.05534240122320313 -8.636066854671775 -1.569942203092018 -2.33665856857795 0.5169035723509374 -4.549468933232494 -1.063543625644417 -2.831263503900983 410 437.1921169757843 2391 1 1.641131650339097e-06
 -2.746585205890289 0.2704501544174407 -344.7738613096054 0.1491997610377549 270320.6444749002 0.9613567085528461 -2.018157374887712 2518.824885068306 13194.88024085672 1.820214892165644 5.895962379951623 3197.375104202607 1315 191650 1 -4.645921972590314 0.4803264614631813 -9.429487294689313 0.0340065139367356 3.571015160619041 0.138457870245038 2.021902809895077 -0.9572409723860646 -1.550491473681314 -1.363285914720906 -2.375086528213075 413 650.4421699047089 2391 1 -1.202757804167095e-05
 -3.016377104896944 0.0535585978568924 -23638987900546.81 10273.99387134201 6044.517228538736 0.2707065721032522 -2017.47340532925 757.5318960700365 1390.3194340296 225.299620359144 49.43290313548748 3113.385563418013 4790 127773 1 4.671334434025203 -0.7151763513376732 -3.631810403346989 -0.4013739910607841 -0 -0.2828526067200734 -7.994351643438518 0.6407141678961885 8.623985708144604 -0.1473877318795447 9.092308252779551 416 434.6050341129303 2391 1 -1.110319003911381e-05
 -2.967730951981136 0.06315262407423938 -800702400423.7837 630.5563633058351 22.88869765761117 0.2613963467908523 -1604.288073343812 30.22777308789837 4.737890059352936 1.248085550001956 22.4878778702454 2898.84316679289 3227 127715 1 -4.52626768741855 0.3783634694649027 -2.424964165818793 -0.1689445739488376 4.24558013297061 0.07621137098439631 8.757879067797367 -1.085252621000571 -4.524540715592651 -0.6929995905069486 2.017660914454817 419 439.9802439212799 2391 1 -3.414082252453306e-06
 -9.228890243897588 8.266411660779436 -0.1879836198315003 2150.18487538609 131.0022372602929 4318.285615718125 1924.245431081972 698.1595985210733 1166.167309698627 254.4384979282019 51.29523634182138 2827.205378083724 673 127494 1 -4.260184070350056 -1.530999569393252 -5.140020935568263 0.03343035691176285 2.191788015146742 0.581750368239808 9.821729937954879 -0.5393665859707655 7.96540903359876 0.1455507609761674 6.652105881065119 422 435.551460981369 2391 1 -3.815796893859895e-05
 -0.1146312292667165 4021.025910068587 2736.86899737192 8652.516744173259 4870.298186054942 0.1448109538844949 -1982516.101317989 119.7071787121979 37.86903273049329 4176.56715248628 38480.3078227299 3005.725844124178 1907 207577 1 4.045357055302072 -0.9741205891139151 -0 -0.06418535811418204 7.282016902605655 -0.5658115612034482 0.6148481610858791 -1.218793110980357 7.532820300688556 -0.3221906008988853 -2.769346235101513 425 707.819365978241 2391 1 -8.099496850233993e-06
 -2.858331660706886 0.2905123816305998 -125.5230205330992 0.3895980441221097 41.52417991595242 0.2628767772295323 -1353.941599188584 394.6437450160458 383.8453122639516 0.06190317697403334 19968788210263.77 2927.892670775072 2259 191658 1 4.518589061867734 0.01246911435623852 8.600260256613973 -1.112083028472524 -1.439837403913195 0.0244968320817662 5.390567506759714 -0.3605203640713404 0.8705476682880828 -0.1253279899582776 -5.827676016057753 428 648.2280430793762 2391 1 -1.895164949059991e-05
 -3.940577578252701 0.7482371240255083 -1.664824097915492 0.2370123842324215 1236.841463718261 0.09365490612367648 -1043239035.436507 92916.11267677355 15661485.83035504 1.32625726749993 -7.262944645497229 2980.72798731704 1292 191626 1 -4.003317580144871 -0.1115607023031071 0 0.8856643231286059 -8.54165407362618 0.2280747014387549 -7.252129035963685 -1.960765804562161 0 0.2975618193769751 0 431 653.0433130264282 2391 1 -1.668611630202715e-05
 -5.815742729055076 9.667019419641687 -0.09243082616380459 0.1245369349867159 9002892.113569492 0.2048746783837161 -36239.4825705597 87902.38930103283 17478124.74885657 2.236778936119852 6.514257308793919 3008.806764639316 2516 191643 1 4.492277841548945 -0.7139812536026886 7.515393211233357 -1.509436141378496 -7.441266825698191 0.03816352588688064 -7.279408872662524 0.7049956584619714 0.6566584072354287 -1.503773630404973 -1.996459559186493 434 656.6917769908905 2391 1 -2.830616649730824e-06
 -3.515569577750786 0.4970623665303874 -5.205779722084301 4.965132366593029 0.01636052109955778 0.04689364350783169 -6.592074916772093e+17 207.435666005896 125.8732783183817 2.168577623481879 1.644465469378334 3021.767561296597 265 190571 1 -4.610610830304996 0.0548940866335843 0.8960869830563611 0.1712124983912595 7.219033278342446 -1.282154307952618 -3.927903088591385 0.1985157499383936 -2.230996633631497 0.6446965108237288 8.450671689339403 437 652.613242149353 2391 1 -4.744475046037482e-06
 -9.393207869435484 9.352584653746609 -0.1980033973689871 1818.905450585911 744.0150230163667 1.983323562573697 -0.6767105815705722 451.8498213818385 409.2566651331284 0.07503155640246087 22592704794194.16 3102.515463029702 911 127764 1 -3.857022237070865 0.1063803957938348 0 -1.225183678072941 -3.389131333399496 -0.3650750216207017 2.212232289196053 0.1166255145405173 0 -1.638529922013967 0.1448811425667569 440 437.675696849823 2391 1 1.065656342946334e-05
 -2.986126111835358 0.1144023315107672 -3573418.714020875 0.4411166440318816 25.37861793025397 0.4856741608267157 -26.67024486391323 14.80643888360177 1.951796453964036 3216.758705462853 -6474.670738834961 3142.241424711332 2159 191662 1 -4.595128133625581 0.8984750424355843 4.101611261258263 0.7549879006454026 -9.970427889682028 -0.9477905879999602 -5.098620725612857 0.1434064652598095 9.259443754747858 -1.28561256221538 0 443 654.7385540008545 2391 1 -8.536895747730798e-06
 -3.698264631672264 0.08147636174833749 -44152497151.85834 0.1575545649155335 -768094.7673696742 0.2464268162434639 -9978.367700028088 11.46311728679995 1.515585016749481 67.85279660385399 8.701829345187281 3009.937410949277 5579 127770 1 -2.918257741990226 -0.9087142715998073 0.5818342633854421 -1.319201511005471 9.07675065979625 -0.7064665299998119 8.000148799105494 0.9805278409996703 5.980190841118777 0.9855396646738432 -0 446 434.3737690448761 2391 1 1.616115755602912e-05
 -5.809449685347021 4.894998239492068 -0.08025718619012841 166.3359134508837 9.192719062766635 1.909079206233831 -0.9821712978012749 777.9938977991803 1674.360091692892 1359.923111594399 848.0346248110095 2818.733668127452 193 191659 1 -4.067265455290353 -1.62416302984222 -7.388432204702022 -1.689686405162479 4.021401088916549 0.2978505298201587 -8.447898697185876 -0.9232267275958925 -2.650869448353347 -1.253432157193465 -3.525458672101577 449 658.2988131046295 2391 1 5.416173462300988e-06
 -3.83849954488234 0.3070130878650347 -129.663906439022 1420.229958359979 130.5793402081759 0.144157888405454 -1789892.080048008 201.1427485483443 100.2281520847664 2.164284406480466 4.219896365891814 2907.83613748111 2549 191660 1 -4.40526392824177 0.4223644073241673 8.850220154941903 -0.9015125392357408 7.106142968021315 -0.0636032834170006 0 -0.1605086611935285 0.3771338113856126 0.06149893775880242 -5.261409335589772 452 645.8982100486755 2391 1 -5.656152095688022e-06
 -3.717101575808436 0.2636751523476363 -650.8239358349596 0.1985231812211803 16692.8742620963 0.08321410754217461 -86682406901.12251 1385.378280765765 3630.551293698578 0.06200786059213054 -376713612585176.5 3020.411544625483 1347 191597 1 4.58981475904541 0.7870987102774629 -3.904964833934018 -1.865513077912477 -4.56534926152454 -1.454003826208095 -0 0.1482931809392269 0.0274725246654981 -1.008126707488231 7.422174235295616 455 654.4122610092163 2391 1 -2.819109919329567e-07
 -2.873968057781735 0.0477248670120107 -8187223698887268 5.976969531489818 0.03770024962981296 0.1128872891797836 -114033582.7070501 63.07053278591999 16.50036346766816 1.0811208413106 38.0438216207242 2864.718414004044 1390 191642 1 4.323336641751735 -0.4581222456679814 -2.896824045787905 0.1394912428430061 -6.296811553389462 0.6641849940273437 9.658317079143133 -0.3746503597466262 -0 0.1912866334868895 0 458 653.159243106842 2391 1 -6.672947721641153e-08
 -2.862064733089814 0.235426045071141 -1068.898886084153 389.9502954052593 14.62097117827114 0.126672581077878 -5310634.787282918 59.67659582932919 14.39797532442342 0.0922896894584936 33563737096.64607 3130.910177195724 2858 191639 1 -4.534914631236212 -0.4387767978668071 0.3912476942185097 -1.385798853235691 9.93529018245223 -0.3022869546148801 6.837061664581964 -0.4957058819505367 -6.031904831428926 -1.29150337892369 8.091463377047777 461 651.6527099609375 2391 1 -2.944959508448191e-06
 -3.906181360245581 0.1290487985523022 -1112615.448127195 0.2633394003938282 445.5595228407855 0.208935808332369 -18664.19904127178 1546.477920970496 4790.399348892265 1.761743135094347 9.711827101150702 2990.654845747782 1905 127774 1 3.541641124791305 -1.906582037704267 5.085860714623921 0.8302911744032233 -0.1539750140356269 -0.6675191633216544 0.6975710805556385 0.1694593560366231 -0.7822455874997951 0.9347027440675344 -8.122458817138689 464 437.6988680362701 2391 1 -4.914300578522736e-06
 -3.278822419333361 0.1879699136995682 -16489.14789206017 11872.04125445312 10557.06177192691 0.1936706853783965 -119901.7435884405 416.0036220471019 428.1873916157871 1.439412441392194 9.642601782912637 2926.137372746379 1688 191650 1 -3.976106502253633 -1.525940459467401 8.278224052427113 -0.7360821263532752 -3.836381121340293 -1.115608283808085 7.928605601818703 0.2401038729209306 1.057466207621855 -0.6072964552875098 -9.146621392439467 467 653.0842440128326 2391 1 5.445356997040366e-06
 -4.024863849551246 0.163872985079882 -27578.9963182214 1350.47202892305 317.3775691142137 1.263806669404043 -0.6637320176867891 50.63983816235447 9.334896509373243 0.2060945007564134 108568.6183994663 3055.145319065974 3150 127772 1 -4.471826733155173 -1.362886541309802 -4.430246975838216 -0.5149529400913143 0.7102396762877756 0.571428893521718 -0 -0.07158746035418953 -4.881818523668315 -1.414101939993957 -8.750112009968873 470 433.9837520122528 2391 1 -1.883584429342253e-05
 -3.162647956031019 0.2125165949449062 -5452.894408854686 4.245111664227624 0.1341531235865862 0.08017014059750009 -221953485612.3867 132.2212167314191 47.92424935003149 67000.87521850425 4593567.371943139 3013.213986149085 4236 127769 1 -4.642285278406027 0.1772913937314459 -8.246643938452017 -0.7393700167678858 -6.784423625035114 0.2005808077565714 8.379745952599359 0.126634197376323 3.096394181632188 -1.290931099166476 -8.793038283471988 473 439.3411068916321 2391 1 1.869138322266215e-06
 -12.25471987326727 8.82199869838961 -0.2694569974033114 1297.080046322181 113.0957944404858 0.252122043706986 -2401.194506849256 924.6183074388764 1735.497573775897 187.902536512623 93.71856110241234 2994.526220206247 2906 191661 1 -4.692257067753104 -0.2752946596779129 3.966260858695998 -0.8976540885843445 -1.123577778998051 0.0146165039842412 -6.482503394894152 -0.2320944350736198 4.63194321544136 -0.4412588540014424 -9.78476827117329 476 647.544340133667 2391 1 -3.76193211438865e-08
 -3.056487951863073 0.05488920656993847 -35854414439139.27 0.1678036572902119 166548.7886302963 0.04057365891718495 -9.996870905674684e+20 34789.46690930037 2617104.233074425 0.2235890596819269 54909.65095926741 3141.440166853119 2360 191658 2 -4.240438584651124 -1.23114879389033 -2.8329598118986 -0.586936048538691 1.036016906515775 0.6780416066117469 9.706714157680663 -0.3088106637988748 3.346260046425036 -1.607199208628077 -6.721754198401923 479 636.9608929157257 2391 1 -7.398613177575246e-07
 -3.269662242213008 0.07416706623859136 -96450063627.35825 86.98680704663386 1.498712920825391 0.5045225011984134 -49.14486684931727 74062.18106539802 13655173.03455449 0.889172746645619 36.66732992828041 3236.978966256118 1116 127628 1 4.217625863584922 0.510803806452774 9.562243027514185 0.1510038584947324 -3.977856638994146 0.8336101419814641 -6.449718173328233 -1.692866196508456 -8.612958181647898 -0.5743092179918587 7.536228738272845 482 437.2751269340515 2391 1 4.051565557647069e-06
 -9.718667992896073 11.91979895627243 -0.2607640538180169 0.0824694554519718 -35894909831.37845 0.2034568933592119 -53491.97790486026 7127.879017642333 118669.1992735453 2.679344643189237 3.425013562674924 3029.30264875852 3052 127772 1 4.301270133764515 0.3870183471293092 -7.717567044103072 -0.1761626837210812 -8.432887108849931 -1.463231436740028 -4.047539356808871 -0.880860707584322 -5.861900181558145 0.6803267357318514 4.625869881330081 485 438.4402878284454 2391 1 1.386632641762482e-05
 -2.928911622734339 0.1409194152590494 -2091153.028103626 12227.07623666247 20612.85893938614 0.08625356995316651 -570570698064.4481 85.79795441568572 23.40335122073264 33520.69962830054 1394675.652448903 3101.529467430397 2851 191649 1 -4.226236155701816 -0.1565547200489528 -0 -1.251134484134251 8.296972969321315 -0.6938018843486642 -6.722911941070317 -0.9640043569380454 -0.1426578296242154 0.2367947812573984 -6.119387641352958 488 652.9921369552612 2391 1 2.484609015154019e-05
 -3.326077355565512 0.05370125517814079 -506760752260859.4 0.1143850305586032 96557859.03718969 0.1754873517838442 -189269.2553272555 87.51002090403477 25.88211987775544 0.1802905473491988 1522962.322497914 2980.116820886344 3381 191663 1 -4.321947998872309 -0.8974027727557621 -8.771846990573792 -0.6720279477724871 8.290465300116693 0.7033090060480398 -6.289585508416598 0.4493708499354033 -8.087064105248551 0.3937012394316425 -5.962175227068856 491 653.1434588432312 2391 1 9.230832429084198e-06
 -3.984573657186656 1.816672785796154 -0.1903052032471058 2786.755556795855 561.7092056931657 0.07569070185486557 -4267508882192.289 134.4351082053545 48.61402333949881 4.41518576927265 1.578366616438379 3107.133049975909 5492 191645 1 -4.481076219665841 -1.39270656898276 7.235767395158081 0.8366173965941308 -1.303318528031184 0.3585281803757536 1.811044700888241 -1.067422350576555 1.153785435478229 0.4107779902552111 1.749760089643602 494 651.66348695755 2391 1 2.22471526606467e-05
 -7.931429521883746 11.11974277330828 -0.1772065630047911 2516.710295322113 -697.0383636529731 0.3067129248853667 -1077.580419816537 72.90302080898083 17.04295574058671 2.271594486444523 4.560776186221373 3075.784391323205 1357 191609 1 -4.57043666077092 0.192742248822932 -1.168327085814211 -1.814655000521012 -8.064315958524327 0.940995239526848 3.892736196879327 -1.37647797848907 5.030011911282109 -0.09509714035029583 2.375882577407775 497 651.8522810935974 2391 1 -5.541488414080157e-06
 -4.064788358001822 0.7944308712201422 -1.039297727737423 952.7684005182821 178.2726039611813 0.05450942297338585 -780837972333587.6 43.76671136110396 6.432447546597794 0.04748209965975558 6.336057628097591e+16 3096.234542747736 1885 191654 1 4.597852621790035 0.7048458524419505 -9.706881377923064 -1.392393329586272 1.541498464612976 -1.697033767508161 -5.835507044227207 -0.8818396812000246 4.292775919082604 0.5258869721353729 -3.679845113166523 500 654.1087441444397 2391 1 -1.55277042856895e-05
 -3.733249198560177 0.5273501338199633 -7.93408955352821 314.4398801154109 -2.700040548413988 0.3312214071480024 -361.4852435227203 38.88951950305712 5.702476451158172 0.05837014761982321 5876030088711649 3029.139562744772 952 191527 1 -4.516560453731715 -0.4026353873421495 -1.296736229468444 -1.125099134857562 -0 -1.755708269884988 -4.536325008447371 -0.5212230975126655 -9.379261076680274 -1.695098531182104 -2.977806797963749 503 653.4872879981995 2391 1 3.208954932982636e-06
 -3.463593805211495 0.07141340463874304 -4591089640761.922 0.5723507420098231 18.24224403785283 0.3740256272437063 -651.9738601565018 251.764236816517 175.4565161250916 0.07944995505649255 28406269227331.58 2848.25757850568 3347 191664 1 4.156303658873883 -1.300293050879553 -9.970324845074584 -1.338776814411689 -2.012478636324808 -1.85744408631928 -8.828938252041612 0.4006270066984542 3.523777875776082 -1.920153466058879 -3.170236790019665 506 649.9428029060364 2391 1 2.985538553007922e-05
 -4.364541888226812 0.357277896043201 -49.62392000432747 93575.94364285789 655235.9032885511 0.04526792973595138 -1.734741386201588e+18 725.3925555570164 1137.299611540568 18138.46846501829 756889.4957431797 2997.206009891544 2105 127744 1 4.096466177417074 -0.6088903100300556 -2.54773945259536 -0.4608068797015578 -1.354547052579452 0.08362163358632731 7.001386267552302 -1.947968497355192 3.994761113679087 -0.9101160622917668 -7.459540912115035 509 436.4073488712311 2391 1 -8.328114525281725e-06
 -0.9973263246438193 973.9291283851568 103.6504992554654 19259.8111618394 28384.3986042578 0.1331785336135538 -8996683.649922455 833.5056104113987 1800.382885640759 0.09722373334373866 14740703613.70704 3007.708750078257 2318 191637 1 -4.510880063414066 -1.484426008757867 7.552432608194408 -0.47480690440816 9.546086922830062 -1.069985393858528 0.5180227994197062 -1.980381951942764 0 -1.05388038760139 -0.08105677419393587 512 644.6346499919891 2391 1 -1.627108078131934e-06
 -3.495729368330848 0.1303181314588776 -5623324.716912116 1.482082938339334 0.7209197025979394 0.3396742972198306 -575.388558095285 40.05661051952038 5.464780530778692 87.15852768751385 -4.544988251453155 3040.444425347618 2088 127561 1 -4.596425250882426 0.07222620872164497 8.539201142520703 -0.09530354657509582 -2.73473371753267 -1.726969824041061 7.814030700246967 0.05456992970986624 -8.025237464492221 -1.276116494655022 5.141708960857939 515 436.5853610038757 2391 1 1.515425241407577e-05
 -3.397448823453947 0.2652887658512334 -190.8534080709209 0.180897764248821 -4965.323418539279 0.1891561368654437 -7220.717164492818 6570.794740042093 112154.3582767165 1.002852318203492 24.0346628830705 3108.867075154084 2705 191657 1 -3.975723481076007 -0.7090594797323426 -3.353236267532323 -1.200349084569554 0.7139940602810224 -0.971380052240745 0 0.2505148469703071 9.669289898569657 -1.210989017011271 5.147502644779447 518 650.0052399635315 2391 1 -3.423032481438986e-05
 -3.55994270494175 0.8815184285199837 -0.5113646938695042 0.1097527156897248 703510121.3425548 0.7869575857755836 -3.091675348250148 80.21828869826206 20.22930408854983 1.396833033083715 18.23368875855012 3058.14578731208 1249 191446 1 -4.255755640078062 -0.8592509521534764 1.729315232416718 -0.7384629035173429 3.44085516617057 -1.614940142231916 9.672976483813871 -0.1536293166159321 9.844479282670269 -1.07730496750308 2.783671425723408 521 649.6007800102234 2391 1 1.609452764034911e-05
 -3.131949003979264 0.143808329425915 -219130.1249126394 0.2232194498206524 8936.060004360668 0.04987430858812064 -1.980722593437018e+17 18432.14587561839 634838.7679537092 75255.91069684905 6665819.328389485 3107.745142865413 2488 127757 1 4.450907971661282 -1.061608572690281 -4.639923491151726 -1.99828707845966 -2.421743310805447 0.5162251948076467 -1.712104906208866 -1.74981281129796 2.322149187343511 -1.109363527476057 2.397784619706592 524 439.8334720134735 2391 1 -3.586675737997686e-06
 -3.072552372942694 0.1733836476182349 -16000.19897945229 1369.642007454682 252.9020085859672 0.07160117259960867 -464534974568.095 41.99668788155853 6.01647546041897 353.4817071285017 197.4099999432306 3068.223345869527 846 191654 1 -4.310673156229569 -1.276787834799992 3.978006903121132 -1.445608679211742 9.668446895000351 0.8296352801728792 2.841593677588288 -1.616970646757691 1.52015318529508 -0.06528423934360815 2.566363883550532 527 646.4282310009003 2391 1 -1.162377907594984e-05
 -8.245136182776603 5.16482196423968 -0.1615020919742032 1962.484548439548 -253.8838763210848 0.05338420184301458 -5493042540388310 4200.750794137245 41989.96819749171 1.40708392917909 15.97333943540798 2977.348802416551 2266 127775 1 -4.28960756048958 -0.3891451229095085 9.825785019541129 -0.9412292684683187 -1.683076959897715 -0.06603384849074438 0 -0.5659568217660134 7.073646450050877 -0.8851386100684859 -1.349504317676874 530 438.629252910614 2391 1 -6.403010167000884e-06
 -3.220289130411575 0.1179665204455831 -25064289.78315404 0.4482920325120211 1.096888430452851 0.2837169741512738 -3426.816510421832 69.09153859108028 10.9833459625311 2.894650946145301 0.7118657355952308 2822.311608112207 8638 207624 1 4.147763941606001 0.7439938516378124 4.893546979387136 -1.438669947040362 8.849537105301291 0.6132547212331376 3.794666838059532 -0.02418201671108821 -7.61935721268361 0.3603549758097805 -3.508382339995157 533 706.8336391448975 2391 1 2.126149372029326e-05
 -3.475614817868618 0.1120523939925608 -16764401.82513978 0.05729968218767935 1585723808658848 0.1325430613037249 -12446336.699972 128.5282422927376 48.28206522551483 55091.3211443535 5703374.233173811 2854.981157851068 6254 191656 1 -4.396628273690333 -1.608245694543823 8.255380723564292 -1.168952569113391 9.069458575722976 -1.955432776958981 -2.846684764409581 0.1163804459886126 6.040536976514569 -1.78728970178135 7.336191210358546 536 648.7948451042175 2391 1 6.457353992914836e-06
 -3.741231077961464 0.3347201336749205 -159.6262646902572 4439.498268532408 128.0205982522353 0.4409899105382507 -130.5882058011846 85.5020534476531 18.89726449864336 10.46615242152011 1.522369816717753 2965.808210842353 956 127771 1 3.8937046526236 -1.271739415674153 -0 -1.879316731055434 8.281478856558676 0.8038216826683691 0 -0.6857348479085328 -2.629355055075061 -0.6026189517596237 -8.62840554544182 539 439.4767179489136 2391 1 1.005276234203889e-05
 -3.061944578820756 0.1261851936783619 -1658762.940544178 0.0902756436581464 2072713162.736523 0.07899847478062821 -169165570295.9836 82.20359726793478 21.48617642328316 1.56738654562876 6.566996700229918 3075.391879971135 2810 127771 1 -4.25702056664319 0.04670587840260466 7.050948322861807 0.3321870165646032 2.291884094985402 -1.413521722335716 3.156267615606166 -1.746303071467963 6.06839540103665 -1.281479728412905 -5.582673154924116 542 436.2700109481812 2391 1 1.373519926225637e-06
 -3.627934025642294 0.1009230539771808 -95294627.93056908 31885.87802066582 173590.0750154475 0.04865201465466273 -3.405235670167149e+18 2507.129056934575 15143.20306368643 1.127427319846992 12.82722948692892 2985.55572613462 868 191574 1 -3.760712061098529 -1.00027916328983 -3.676479745138517 0.301582206391326 4.863412271227956 -0.7183882187502794 -6.088741983633936 -1.451749737395139 -1.265434411025081 -0.9742969670676214 5.494535650649739 545 655.3822197914124 2391 1 8.209144261096716e-06
 -2.855456404244362 0.2019012216910461 -1637.070457291709 0.9303957238485878 -0.3352813832258897 0.06009135158671958 -118493420763036.6 25714.4156852012 1416611.698676656 0.03963789385681587 9.988919141972576e+20 3019.6672483464 1171 191660 2 4.376481885887616 -1.023710282662718 -1.287789903056088 -0.875345573862635 -0.3663225682200757 0.5065086247347654 6.807381875105199 -1.704509647570589 9.946312302257695 -1.172051295562802 1.001869350128788 548 651.4538371562958 2391 1 -1.005300631784816e-05
 -3.070355203318504 0.149505428277141 -30682.82914640523 8372.186886606129 8848.445092615138 0.05508816160884894 -339704418624899.1 1561.560998971786 6668.323972578573 0.7339718912568705 103.8185934518177 3057.500697059741 672 191561 1 3.886028957127937 0.550861052997246 -3.891815199982329 -1.402550680646442 -9.418230541051209 -0.7892089155944726 -2.332165036984208 -1.526103711820824 6.447717372267874 0.1087309974462149 0 551 650.2375421524048 2391 1 -1.808141346055057e-05
 -3.702832890577204 0.07878281587951148 -63521385789.80412 1.97585052246056 0.2191735517275652 0.2062698087018539 -65198.5765534703 221.7141623150993 140.3182992303114 89532.52519995619 27477537.6104691 3123.347555104636 4513 127763 1 4.020314814839775 0.8651377956735971 -0 -0.06176740172260686 -6.880266622877016 0.2411452855873248 -5.898436978594304 0.09435632741773946 6.712058690523512 -0.6323852619508088 6.236244556693601 554 436.7569000720978 2391 1 1.415988395629433e-05
 -4.02891569398397 0.5472202372695038 -4.005508725264825 35.29757073031854 0.2614331078551825 1.758191233065485 -0.2952303764731442 4070.541164594206 36421.87337093112 1.172793931548699 2.341638744214602 3118.892014978494 202 177556 1 4.353729223126709 -0.2927332150057378 5.285623340111224 -0.954060984080102 -8.507425024615756 -1.574715064839332 -5.177799981302677 -1.642332007622192 1.581813950405712 0.4849236765785031 5.0475747372149 557 649.9893071651459 2391 1 -1.809420235355611e-05
 -3.920753007104778 0.3318323557187803 -47.96404993714057 0.03789599496135881 -1.95531504231931e+19 0.05486412611199081 -80932209067334.02 61.9819087687783 12.79712262357769 1.761563117686574 8.436440162892177 2969.891968311154 3065 127761 1 4.376875073352156 0.3676468124440824 -9.484526567474022 0.9613142152138625 -8.089691299994797 -1.31129686312774 6.414986103159701 -0.6408780457511316 -5.431591319747626 -0.5456684252198434 1.942424626616622 560 434.0201768875122 2391 1 -2.101587883507356e-05
 -3.196543116499105 0.2413469883658841 -3708.209966901225 314.0018995854342 42.23407132557128 5321.771778993066 -20245.80716597872 2789.715436413761 17300.55783041132 120.6751981853396 -6.816055263534729 3123.373158289332 1399 191629 1 -4.005143046823882 -1.489539280122897 -2.751341711073414 0.8625271756112936 0 -1.519141899316081 -4.144044880563724 -0.5239985871993191 -5.482911115864102 0.8624155748536015 5.316471904034329 563 594.7186319828033 2391 1 2.007348443427051e-05


# name: injParameters
# type: matrix
# rows: 1
# columns: 11
 2.02 3 0.3 1 1 0 0 0 0 0 0


