# Created by Octave 3.8.2, Wed Jun 03 22:03:42 2015 PDT <charlie@dicke>
# name: outString
# type: sq_string
# elements: 1
# length: 114
Slope	Lambda	Gravity	Lambda	MagneticField	Lambda	MagneticField^2	Lambda	AttractorTemp	Lambda	AttractorTempGradient
# name: om
# type: matrix
# rows: 187
# columns: 31
 -9.602239920743447 0.06343570346059638 -380866088900.4971 12968.82270634689 27308.49778637065 0.3890656452525964 -113.9455419758185 7900.130801846821 134175.4113899147 1.767284946174416 9.298785743424752 2862.941448829621 2291 191604 1 -4.552400496353928 -0.9608313956985759 9.157541671805722 -0.1859672198367131 -5.563435155412532 -0.07658766907816263 3.648485663184091 0.8087189567863522 9.713072537512996 -0.3248338109579851 -4.364307973959514 3 849.2610409259796 2391 -1 -1.052289757921353e-05
 -10.00282600593967 0.08511610395136926 -841865889.7634505 604.1042537223997 69.0002802517855 0.4088497598932737 -98.77490601237847 407.574464290078 441.7083347032835 6463.185901207862 44183.41650549921 3076.584478085038 3827 191643 1 3.188141808872917 -1.557641981850341 2.466704580386642 0.7127073447190648 3.238893877032622 0.09155159767457283 -2.682513152054527 -1.715480061240239 -8.076228926632576 0.9817863845202583 6.470556024138657 6 817.7113680839539 2391 -1 -1.192438773519897e-05
 -10.28399733806363 0.07257104240348981 -7589510529.280684 3.216528717662878 0.1007554684650466 0.1434116608210947 -1002838.645981083 186.2804168609271 110.8991978380387 1708.615032774914 7741.636313491686 2938.575505757703 3295 191660 1 -4.640660790569635 -1.471019168675069 -3.672708001471076 -1.852866674040472 9.399512155744693 0.939582463710936 1.118289719770908 -1.79085433824682 -2.238786842085406 0.3209323080659336 -4.061149524506507 9 817.7988119125366 2391 -1 -1.857197665189106e-05
 -9.844743134673937 0.05103400752818077 -5.978660625650308e+16 0.3748821295862253 56.63098122766453 0.04883270276637894 -5.998480586625913e+19 1397.602762123694 4157.985086800497 0.04652574770141656 -9.995709425732071e+20 2922.633721840742 3341 127775 2 4.289853290534511 -1.37718855461874 4.994146693160272 -1.263220974895763 -0.6162889333994803 -0.5200325190000844 0.6081479407584807 -0.9355705252514852 2.146567468549402 -1.123259964735835 -9.334821371246024 12 549.8971161842346 2391 -1 2.036999888483017e-05
 -10.07418177214862 0.107054167179307 -142428252.1287014 0.7376589637967698 -0.8858830081578721 0.1223507269094591 -169482241.3925799 2231.750105708611 11201.26736119494 0.1369453845632557 -80155016.99586517 3020.055509265211 1833 127749 1 4.150682150621509 0.8324622569967679 6.435070594676208 -1.52766588650453 0.8823411625687663 -0.05932645580405631 -7.983047552887484 -1.397698220277642 4.227813466512181 0.6745958636817435 -0 15 546.0679061412811 2391 -1 1.631633771967433e-05
 -10.05621957972666 0.07333902051099278 -200038694204.6191 0.04829554782939813 1.634694588369437e+18 0.08604110482461025 -99050706774.34953 8023.516599115286 175721.3824256462 0.04333159965827727 9.978792198639976e+20 2978.851346053015 1119 191644 2 -4.694125646821531 -1.930804013190232 -9.765422901404365 0.7258716467809823 6.530078110015141 -0.270355996448485 6.751346797997124 -0.1068668265803936 0.8755076433002831 -0.1408140918950762 3.283299399356134 18 730.4507808685303 2391 -1 6.720796143160306e-06
 -10.18017698449655 0.08835841451739529 -995740597.798431 231.5341441921992 3.634653378038207 0.1007732097302189 -1601703001.481345 27629.86532940493 1605953.089153316 0.1816421997640787 1819648.580568758 2969.709994886008 4079 191660 1 4.40468059203207 -0.221465848124442 -0 -1.723504925539123 4.004843558545495 -1.711930744612562 3.247771548128919 0.9598337705835123 5.566407558975053 -0.9510069985710015 -9.000153399076696 21 644.3071010112762 2391 -1 -2.369042076617999e-06
 -9.590039221075218 0.04948841783354849 -4.431684658191224e+16 3.001772561841441 0.1332095642293989 0.08597859724658584 -174818984654.9002 19954.29556170506 1068978.359799344 3.648539128679374 2.156596209321727 3128.05504723619 3271 191664 1 4.622060823624008 -0.3610535262575851 6.058982260945416 0.8554833193356215 0 -0.0662382728422628 3.485809968224949 -1.475382535085805 -6.849624206473964 -1.59374233541994 3.147006627129394 24 651.8609638214111 2391 -1 1.210005778286513e-05
 -10.22726255313947 0.071999214667285 -42415646968.06153 12956.05624006557 12689.41965720198 0.04631226546661331 -2.279512845297764e+18 95.72553022198682 28.91843370929455 4883.260984923725 81628.53095182488 3245.009607677798 4513 191662 1 -4.381454284177105 -0.4699941500570137 -0 -1.684159999828165 4.064180812148718 -1.3900141968932 3.84616166094129 -0.02783541728347854 0.4450503204386571 0.8607753154531572 -0 27 650.9664790630341 2391 -1 -5.777057892451751e-06
 -9.173099813262928 0.0433727152957897 -1.691950473705105e+17 76874.28207003373 454374.1767221163 0.1027621425197307 -920325467.4386369 89.33155711714205 26.99136367446697 2.768090250731793 2.922243646230271 3158.374237039193 3662 191646 1 -4.655172855768924 -0.4304897509383778 2.544391298546373 -1.712695801522705 8.436925772197716 0.8131352680211097 -2.638669057202269 0.5396176817938394 8.787819114997374 0.09343147353187307 -0 30 643.302531003952 2391 -1 -1.927899204486542e-06
 -9.459753774245815 0.06799369595956786 -302877194349.6562 1143.323467765146 344.7124578875311 1.168006007178766 -1.899258775956143 10101.75504677369 235924.7245914341 0.2779921884939101 -3908.965850967443 3242.975322622475 1661 127722 1 -4.402552426408032 0.3428716379148353 -8.010641222329221 -1.60591283774421 5.728475146214991 0.7251029625073445 -3.450099719178874 -0.923427127137856 -9.370269098179605 -0.699462745303375 5.346164885067465 33 436.6310939788818 2391 -1 -2.102360654339404e-06
 -9.576538166755364 0.0502902814285805 -599181752727227.4 2670.236915562492 509.0359620115366 0.05150781252726662 -3.954600400387372e+16 93.05807391174433 28.0069638802308 2.122163270966788 4.70724657813293 2831.916180836067 4449 303399 1 -4.634177040759822 0.8034194016992577 6.701717197520422 -1.982642152166124 8.593768429178867 0.9140772641444701 -8.320663342892766 -1.484183220832626 -4.971291404629788 -0.1628054517661052 -3.139792763554887 36 1031.821876049042 2391 -1 -6.170530011685805e-06
 -10.0417920520827 0.08348993378023101 -6746403576.866278 16540.72533933758 13396.68317464309 0.2503520320461159 -5311.123790717074 51910.91550385278 5871379.143440479 0.4067010152336503 1272.054053259354 2784.87379294956 2029 191661 1 4.170993423871246 0.242259822970388 -0.4172764564843936 0.8569935530522153 -3.095523555536169 0.7902483954521098 -3.83010325377984 0.3229338972129536 0.6966637169171461 -0.852136668751621 -4.396043808843202 39 645.5345840454102 2391 -1 4.221256461110276e-06
 -9.786307966108554 0.07438617050846415 -39627408256.87673 0.1912043582475019 6607.238140455152 0.2910826147455537 -1573.152075680397 95.69858365577463 28.2581369735569 24.26370094764677 2.646573647092938 3043.565576830569 4355 191653 1 4.444166337494561 0.2650229539057176 9.438142506586024 -1.759022084592874 0 -0.740054486649325 9.082674231639773 0.315547220033829 6.617516917717416 -0.1261580161667749 -7.476259910448602 42 648.6074149608612 2391 -1 -8.810647625416268e-07
 -9.130626988525663 0.05195944867257194 -361972400156574.6 13601.02932062361 27410.40391616491 0.1976468752783198 -63396.57173911674 52573.94182681917 5645019.477833896 25002.50396727109 691957.5473511291 3254.230487030288 2724 191656 1 4.235170556281658 -0.2921464123681351 -0 -0.8636528135560173 9.631317607971363 -0.3829515915515529 -0.1283698411602243 0.5034437659388189 0.1983766852843001 0.5749446910932825 -4.992930157481922 45 650.6596038341522 2391 -1 -2.633865110561224e-06
 -9.283822067443523 0.09321278428078743 -1628152350.2375 371.448132856595 21.12519604929936 0.3785186503549364 -551.8248291055215 112.3895000671481 35.31099556834728 77205.40688091533 10238505.97723253 3108.38130747748 3084 191659 1 4.593495297283589 0.1655412363170869 -6.679474046102511 -0.66501418852328 -7.620156395687607 -0.5515781170428538 -6.633219039134969 0.06505917479058355 -8.550548099276483 -0.3352401212189343 -3.535299850375337 48 645.7928578853607 2391 -1 1.285937826894118e-05
 -10.36485895333961 0.1012838645193084 -745936227.94282 0.2127510506534431 -20836.80829438829 0.05198316539017921 -4.150587665431517e+18 1802.069045269937 8015.90485609587 234.6723102365168 105.4503386308317 3110.404148932354 3874 191656 1 4.220112921462528 -0.5099105991412758 -6.605095536359765 0.9412640839621895 -5.324884111291287 -1.898522945381342 5.956034760759891 -1.253734908808712 -9.005131686226244 0.427816082644472 6.003526642776938 51 650.6236510276794 2391 -1 1.998060327371825e-05
 -10.31422616327546 0.07864646155680671 -16908737440.80563 0.08707236364636683 5174482901.454918 0.2575221227646519 -5543.759512237093 3735.038866501327 32610.90700214271 7561.040264933775 100734.5208804687 3056.564918581641 5516 191662 1 3.60333530335219 -1.442936746099188 1.436463383986565 0.9075488520096195 -7.893533225699015 -0.9903987059818259 7.7753620437606 -0.1838980042184284 8.638856938333683 0.9007496068718424 -7.350721279269392 54 649.3330640792847 2391 -1 2.440467294206521e-06
 -10.11149629154235 0.1045445584962675 -52626981.306941 3.134236585837585 0.06747258281560271 0.1079375282966415 -323627163.4981683 18234.40597406168 934736.6971177985 897.2658814330937 2294.220982040002 3005.813105896027 781 191438 1 -3.08178367854012 -1.271654762314059 7.206287292680992 0.05335872815885476 -1.14977065052374 -0.1236381211294066 5.757671347881525 -1.217638989195573 -1.672376141552078 -1.511776259451947 -2.883253939320187 57 646.8074309825897 2391 -1 -3.00230499420613e-06
 -9.746454677442884 0.1031331718518365 -170330989.6590657 465.9957735116516 4.912671931544744 0.3846495269889331 -407.1991615356807 21826.13662066359 959020.6119557481 974.3575071573201 515.5829586340352 3032.086402170105 2045 191609 1 -4.432115738286836 -0.9933089071875338 -0.4854596995677549 -1.924943892601554 -1.375457161371215 -0.3349727007378026 -3.425206890063886 0.5256464127867631 -9.454897200370308 -0.4605214497007495 -0.2668469516896801 60 648.0275030136108 2391 -1 8.723959927447056e-06
 -10.28571755403465 0.0707014234946578 -28123836514174.28 0.1720571030419088 -773494.1103671162 0.4957732942773778 -88.51148083258222 60578.83838389085 7085100.276719202 0.1438887535723716 405060155.9767106 3089.174449842209 5736 191663 1 -4.612871271768708 0.3359074504819572 -9.845765370034485 -0.5730237890831225 -6.121808193132098 -0.5643654278413175 6.575497733864794 -1.501068120884708 -2.507002390433662 -1.050746548186517 -1.474121243238786 63 652.1172621250153 2391 -1 3.787395612742711e-05
 -9.347408047437009 0.09610405828937406 -173766991.8654309 1821.820573618508 568.1047248813961 0.1851729124447407 -113648.2918242554 65152.24278472846 10114605.63047793 0.2018986635759907 270532.0906589363 2929.695527370928 2002 191625 1 -4.114342411098716 -1.114023370075071 3.214520651744487 -0.4363557999369725 -6.04761487903593 -1.409137390840634 -4.156575150214407 -1.854843782936245 2.410105182512952 0.9511593702189067 0.9422574412895348 66 650.3859081268311 2391 -1 1.637042518810939e-06
 -9.654893020812899 0.07073329060144685 -101454011459.8646 10.63619917860523 0.04182874026602192 0.2008118461251409 -39341.10980493914 321.6400231440939 239.9444791016881 1.242794871657258 24.55613127135317 3037.404149293108 4015 191663 1 -4.60619211224327 0.360259611706085 9.703616301036613 -0.4974505063389945 -5.657993191251678 -0.4337373314598931 -0 -1.347324906936668 1.360032147687647 -1.381221944980127 1.148514483818138 69 651.065957069397 2391 -1 -2.556565753317421e-06
 -9.837267689033734 0.09786561352993091 -217965016.8823265 1672.68288500729 322.6844401306689 0.1183686047929131 -45841359.9355978 693.1003093553212 916.6903362953867 0.8023935195165196 27.78083598722941 3089.763840251088 5198 303452 1 -4.688304904579844 -1.751529714458873 -2.253084556299527 -1.575944718102478 0 -1.396667894632169 2.54470438005251 -0.0826935913610143 5.379410798775822 0.2376244199229713 -9.193138208385149 72 1019.338293075562 2391 -1 3.72217239412282e-06
 -9.912995569947666 0.193519328931067 -3986.043687120896 1.776386458770477 0.2118413100560108 0.1916889098160456 -26884.42033831381 30429.49063908439 2130567.289382992 1.356101021413543 8.187189461679059 3285.318937360085 1039 127743 1 4.651316803054421 -0.630736045374424 5.366816455394486 -0.2425855540639406 -9.962742138524892 -1.627634176903667 -3.289825495342468 -1.413528658518483 5.950940583631672 -0.9697820341606036 -2.572761903426297 75 436.7047672271729 2391 -1 -2.429556282842458e-05
 -3.151329365792114 512.8804901051161 89.57641243526248 967.9276752491099 28.98976947783778 0.2066726153175426 -83967.10291962847 73.33064313768398 19.12712283021286 0.9451191177558469 37.92404234262196 3053.669553995963 4013 191608 1 -4.04204689156638 -0.6220814577379389 -0 -1.838718158575332 -3.20674366552148 -0.8615476665469881 -8.206378393991603 0.1492955274236083 2.307480870002675 0.3987867890580396 -0.1983278181987274 78 648.5263559818268 2391 -1 1.328280039462237e-05
 -9.982944700372796 0.07050835202965521 -338021199543.3787 48.20152844746082 0.5098329478460808 0.2396319497929967 -10458.95010745797 713.4902226021397 1169.813975125278 1.718081671283002 6.149083040343343 2921.566709557392 207 111631 1 -4.599468625499463 -0.572210924568557 -5.645594603262636 0.7819588388581598 -6.170559028649517 -0.06852584758870869 2.29533105998328 -0.8201364477512145 6.307008703879973 -1.855447412893427 -8.79357775936451 81 383.4222528934479 2391 -1 3.625820376860012e-06
 -10.49459372731 0.08455054497210766 -5055417806.800989 41704.2848972081 217840.5961327178 0.09303417087662316 -14216211160.52522 46.98545531025437 7.708158738231679 1.491397381049944 7.946626007818388 3062.665502572525 2072 191657 1 -4.373191556608305 -0.2247914918287392 -4.47773127307163 0.478409752969541 -5.787880145085946 -0.2213572167077018 8.533286068239509 0.3133713530687308 3.005521853965107 -0.766973199345097 7.9951187362347 84 660.9744510650635 2391 -1 4.350362043843173e-06
 -9.656133666597354 0.0645735806845207 -17567293903585.85 1.691514541529936 0.1769583682626008 0.476749810240528 -88.10078563634723 625.9011527352098 987.6823009379978 0.5424791118079556 466.1040180429675 3021.198337912361 2768 127729 1 4.060849937346188 -0.8509017729918353 4.986521085487926 0.2824558869473747 -3.230553864091663 -0.2350650515682773 -9.211080149270749 -0.3557095190011737 -0.2573669019695677 -0.9813076425432987 0.2735468335878903 87 431.4933040142059 2391 -1 1.76312203958395e-05
 -10.09142715460458 0.1435323006501815 -1370494.966531107 66718.49704076817 372328.3168883889 0.1497419928811707 -3250632.233079088 40.24741570773838 6.816000713910556 3423.406208094319 19995.12272632069 2985.507964242619 1945 127727 1 -4.532134967141738 -0.4576994924820532 3.253412282223263 -0.7479305077461476 9.688242251400617 -0.9785625202525452 -3.772270777586387 -0.8564520748119433 3.058192358127294 -1.506511650906733 -3.293834111778096 90 440.033725976944 2391 -1 8.690546253047558e-06
 -9.877834381821474 0.05416308266525814 -45787322663968.59 1147.309675299275 234.1788371157723 0.05893500161840941 -383816907442801.9 196.2835999978002 102.5597705434741 1.491608584713632 9.944291478553428 3025.958021175301 4488 191664 1 -4.05524771991032 -0.03439739059872692 -0 -1.390463477152347 9.330899342637148 -1.539653372551534 -3.842524601502597 -1.114778750078499 -3.776092896653179 -1.868226656614605 9.746500190559376 93 651.1614029407501 2391 -1 -6.070833832132752e-06
 -10.11661645382688 0.1214742521674671 -1997783.199367661 1.712847073951581 0.3137404257481353 0.1696353257500149 -241981.99555079 7815.120362455033 162676.0114765037 47328.08671283034 6369581.640153554 3010.689072287435 2797 127757 1 4.400844095759545 -0.1609993136717467 -0 -0.3551804756112027 3.947037102243788 -0.4109561233204264 -8.888565971485805 -0.2217849111350203 8.548100953356839 -1.619079724138889 -0 96 438.9345810413361 2391 -1 -9.435421673024232e-06
 -9.576096221990781 0.1219634682160537 -5549953.107737336 261.3907090992862 9.893738315044052 0.2079258333380918 -39091.40749886205 12731.09761559149 401374.1156624697 0.3474569727818601 2519.3085478021 3403.445087981691 2140 191658 1 -4.436349615680419 0.05005651524898935 -7.554334332322446 -0.79130193196346 5.712412571226062 0.2803292445582528 -8.527755233423731 -0.677494227779567 -7.461429647426931 -0.4226049293599994 -6.931325973342474 99 651.9271190166473 2391 -1 5.613709020691214e-06
 -9.5988452332252 0.0584400758907145 -223975139861.0366 1303.785829698356 354.2744360172628 1.517547903130312 -0.9096449255847069 65.3446581000925 13.25126765981785 0.1389746775718845 -904246.7064200824 2854.919916078735 1792 127768 1 -2.593105518850286 0.4372701734664011 0.3961830736964007 -1.336975388630716 -2.616131524128746 -1.180839499249007 9.927385586856666 -1.871267285780918 0 -1.004234583097219 4.891571131882023 102 434.9638049602509 2391 -1 -2.72571183004621e-05
 -9.511681143759647 0.06242774897609826 -7372265252603.665 381.0632181113425 13.96946290973554 0.2177050150376655 -40878.23697116158 13621.25335018468 436465.778177804 0.08129964032202838 465267092293.766 3038.272186358085 1970 191561 1 -4.552407970832544 -1.023035779974923 0.4204176061440084 0.3486349387693881 -6.334512346156583 -1.839051276968021 -3.933427251763288 -1.853381281914213 -2.583511092004592 -1.386687516127385 -7.772336585715172 105 652.7101910114288 2391 -1 5.722284869820622e-06
 -10.43149505037103 0.1050405762593209 -34499617.91820813 0.2969124157335228 -304.2041293349687 0.2885643770015554 -1563.829177636967 101.0763938924202 33.28815591911724 0.1123437053875993 405193495.6989806 3173.104222921208 1497 191612 1 -4.665769529668956 0.4222841294730175 -5.710585456978183 0.9725007564978382 -8.771476247861679 -0.6724121953732158 -4.738741301106946 -0.5095430690325795 -1.443204844231984 0.7414327048927132 -2.539925199948027 108 650.9701628684998 2391 -1 -5.903611112768127e-06
 -9.934438224536324 0.07475876323218769 -723947120406.2714 1.607079094861914 0.4489412065806784 0.07108777007097419 -70226567406296.19 48.52229786621838 7.965602117875656 1.682779922466297 9.375264242747644 3060.028719929956 1649 191660 1 -4.452254783631105 -0.751523187021805 -7.63602147203617 0.4884682435519281 -1.708144174572448 0.5044597217804805 3.529928505948735 -1.784925708429517 3.918930233719164 -0.2367011059162074 0 111 652.5924987792969 2391 -1 2.057358280429597e-05
 -9.68376033776466 0.1228418197050515 -1814953.108891994 1.965841406599353 0.173787036207465 0.1414934318114505 -3269081.505247077 5381.434069705316 62110.58305304593 1980.834231446543 3533.220290844766 3200.582026969628 3377 191622 1 -4.220264384127649 -1.705087054747628 -6.743710680908966 0.7408825931608235 -4.449253187601553 -0.311512877085729 -2.007522520028819 -1.842867209414122 -2.812845161629258 0.6519940563911435 -1.98403533140793 114 650.3411741256714 2391 -1 -6.725815058124436e-06
 -9.968534596168444 0.1002229708287059 -192684522.5983075 241.7446746995325 6.875165635978632 0.3228151660613931 -616.7560435238048 606.5210337007521 1068.169581792502 2.592651852154409 4.14683268579351 3205.702402304586 3752 127762 1 4.353148483828321 -1.642144591130441 5.859145020991977 0.6964770950494286 0.6230949032953972 -1.036235304264689 6.827172466197569 0.8604184868061271 6.864917408637653 0.01863595170981914 -6.401657677459546 117 436.9298100471497 2391 -1 2.219161731648566e-06
 -9.41393073860149 0.04074971263847684 -1.316315585487266e+19 1.938289326546565 0.1916938364268574 0.07578197904819313 -995468339212.4933 178.9499824290103 110.6585092446437 6362.325999104954 109788.12327409 2883.807225796851 2862 191660 1 4.381597268703636 0.3949772571605931 -7.206083419136448 -0.3457984067485516 -0.4294215508419894 -0.4457472446847496 9.160832348784036 0.4336993269731191 -7.263984126425159 0.4584927126590319 6.549405867446776 120 657.3256280422211 2391 -1 6.473953075286558e-06
 -9.721842922274082 0.05942803838217046 -411924112098.5144 104.7289354149625 2.84604572739994 1.330274163671509 -0.6150409738624479 4320.467160073045 43585.34569287977 0.7751386628373858 30.98116880268931 3125.40541615134 1552 191638 1 4.489715098306569 -0.8143012162331882 2.441260991394763 -0.05305628919280994 -8.206624923962561 0.09963785941803664 -9.937728986855573 -1.842203556286806 -0.937122988354409 -0.9767430629551175 -0 123 650.4403669834137 2391 -1 -1.927207315004364e-05
 -10.4070072130173 0.05786992521319119 -6923656185734.221 0.1340174978002059 -702400.7193806887 0.2797081633337228 -2716.09526241001 24669.35894887962 1298963.988621898 2.304790277891789 2.814445995163438 2993.461923024695 5084 191660 1 -4.651148751481243 -0.3764442110982067 0.7797230651174498 -1.674625011510122 0 -0.56417773380198 -5.297235635527519 -1.931609061985029 -0.4136350776218065 0.1892051113431461 1.713181548487619 126 652.7899441719055 2391 -1 -7.417934952871342e-06
 -0.003639943251278492 15932.94531355601 127738.6599953371 5686.497135436791 14512.1930306463 68840.45278923793 -2021189.928014766 4459.215502831193 43296.20259797115 176.3801978202412 48.50641164481178 3164.260672554475 854 223592 1 4.458620144490475 0.8790570909738356 -7.947960044520158 -0.7028525744050951 0.6081838816433276 0.377069015607951 -6.304497595728512 -0.9328897650937159 0.4749813102472009 -1.444858354976901 9.721603165118658 129 757.5104990005493 2391 -1 1.420106528700959e-05
 -10.5197626077821 0.1439446019720447 -111758.4409992731 7915.956575574714 14130.89988591759 1.449156247124774 -1.178594582325815 255.4398205558185 150.0246485958074 0.0356167038329904 9.992207025156565e+20 3188.336521559884 1006 191651 2 4.096494114902256 -0.921684702631822 -4.845733568477481 -0.3662923527501647 1.557147016600223 -1.720902520211014 -4.178737893479699 -1.959678082491296 -7.798055485769009 0.4637584556498298 1.722829893863113 132 649.556412935257 2391 -1 -2.079846504346908e-05
 -9.889036473992526 0.06353000689554879 -3205956845643.139 0.1533660703124468 -255097.7678762419 0.2015038981829768 -87120.60665725246 39.50414177729011 7.174028811222684 0.8688687934603585 48.6380890975741 3114.196571309073 4521 191649 1 -3.453621629007277 0.1051679482973009 -0.4779860680007504 -0.8701574864846551 -3.908127613330672 -1.341812655010393 8.268106842998192 -0.5891958357760494 -0.1986808682927554 0.1197578717284555 9.214378105934198 135 652.5689921379089 2391 -1 2.102759374580491e-06
 -10.15693106067722 0.07253530637540904 -7701549791.128753 0.05844895980141931 42410830372187.27 0.2570135045763796 -2890.937122858827 130.6989254061575 56.1138470272641 41749.01303163344 2235878.083006842 3122.528587264151 5973 191664 1 4.11096273558138 -1.484763732551125 0.07010265335831711 0.2777745823462445 6.497388722194615 -0.641384164897489 0.7645719954823291 -0.8508558856944397 0 -1.519409612700676 6.177052230783844 138 644.166797876358 2391 -1 -1.647859107716826e-05
 -10.17567851471945 0.1056707339056507 -165994577.404774 59449.84181496018 220188.1534907932 0.2159772025786159 -57172.96177187014 40281.29484104733 4643613.349088024 1.601734548959791 10.30043516417734 2882.354319053035 5011 191637 1 -4.633353687726611 -0.03913800485158707 -0 0.1659421034329539 9.877356348581811 -1.635064822300751 3.136387186831437 0.4466498134016596 -2.194695303696987 -0.3457396863949525 -1.632040082588362 141 649.0403189659119 2391 -1 1.539878187014956e-05
 -9.968009212028436 0.08084484266433059 -160085050546.2195 1114.176108409487 127.6705347860671 0.08610632017644378 -1079342937628.846 4476.281404394608 52348.09821023219 1935.075438979656 10734.51340203487 2960.302277311082 3668 191657 1 4.610682116632604 -0.1394681872046704 -0.5488101605289906 -0.8164033760465514 0.3167350825139668 0.03233176260028967 9.128097231048582 -1.580236208501402 -3.292296907831329 -0.5163708433732364 -0.7487540728076407 144 652.0523400306702 2391 -1 2.655012893551462e-05
 -9.968421017823715 0.0813084001389702 -9329839931.043474 8051.582013585704 2406.699001881198 0.2171656682649112 -19398.6734319546 138.4523722232315 54.09930108253811 33.37356918369463 5.266097843233903 3212.305083714419 2233 191633 1 -4.353413039201173 -0.8207466090212296 -1.409399161728124 -1.865690878218383 9.14289070846055 -1.636633284310373 -8.178343642508453 -1.691176913197911 0 0.6722341440791326 6.625296779411942 147 649.5086221694946 2391 -1 1.313033124112235e-06
 -10.24376301326061 0.1332889031192972 -920228.4139921671 2472.123551725425 976.5679670078927 0.04848170040428397 -1.848557108631512e+17 1850.692053104351 9079.345698032221 1.077807902883533 25.40281428223367 3044.612807825431 11226 207631 1 4.39819767012225 -1.080727630889463 5.213222112505164 -1.928305794592416 -6.708988417229571 -1.848925500240956 -6.26199826405781 -0.9715735952378353 -6.842523876393901 0.1982502140732913 6.39633315858457 150 707.7452039718628 2391 -1 -8.129299459244412e-06
 -10.31278252032376 0.1343968430113955 -217919.2097833122 618.8330103298841 18.34297159746843 0.178976679018821 -55167.04277788033 53.48423772486903 11.20831302016437 1.874517952620768 5.482421219557073 2869.11404184656 1267 191641 1 -4.455360602010403 -0.8182701025351503 -0.0550803260194046 -0.8661945668081881 9.064781175631978 -0.8815861816873412 4.987830651774796 -0.5446253162022723 -1.234557325723142 -0.7884596241927042 9.304574245445346 153 650.8678209781647 2391 -1 -2.353801116091446e-05
 -10.35689338083579 0.09332747074019809 -2748456257.329421 45102.00137245876 400256.5050040738 0.2608377803222879 -7237.47707780066 166.9478651777012 61.07708528584713 6612.573804372613 55738.18330057403 3078.895739034941 5158 191663 1 4.680405490864745 -1.930676227931694 4.325059594073151 -0.5562204157162851 1.693781507737568 -1.767451655903726 0 0.5000626631529856 -9.634449648793955 -0.997008411707796 -4.732432676386461 156 649.4236161708832 2391 -1 1.674998209433842e-05
 -10.74992663361482 0.1032290071371532 -431393692.6339636 533.155557648724 9.545709735360688 0.1504834240676765 -3883866.43040505 9814.143735328962 197845.7061436338 1942.294949245579 4840.614420755674 3051.270497628516 1393 191598 1 4.468910600254609 -1.492922905214853 0 0.008031117949847117 2.86311067724436 0.5844968654570089 0 -0.3215946382107315 1.958138134060318 -1.040940256594023 -3.045013554172336 159 649.6319828033447 2391 -1 1.638806099970471e-05
 -10.14818197531842 0.1010748237438095 -42225880.17097746 33866.49850553367 420445.6785503195 1.706748958866172 -1.201369208146203 23192.42894993153 1209549.799818592 16471.51401744785 808724.9239247681 3116.194435084406 3912 127749 1 4.63271206189454 0.07387032080294051 -6.449284443338093 -0.9456507000380387 3.267848993702306 0.4020037479537421 4.544335935367229 0.7302175290709356 8.400117328930241 -0.3036429744736751 5.161896959772209 162 441.7045412063599 2391 -1 -1.252930433602206e-05
 -9.333112892172636 0.04327071418417671 -3.157866285261526e+16 287.3010591226865 3.781760537937302 0.2982601259183167 -1095.918910130022 37.25982538081035 5.553233449251029 1.195760119072612 16.6253483833136 3274.893371738249 2107 191647 1 -4.196555776843416 -0.00596066993875956 8.674415424640301 -1.121605221748966 6.427990999640347 -0.6918699215226578 -6.751419312573681 0.5734832268802079 -6.048615525544972 0.8929725773726367 5.835896154692878 165 648.3424580097198 2391 -1 -1.023638994276218e-05
 -9.823603362433154 0.1409426693376205 -703939.328244816 0.0394933290785333 9.998113565621955e+20 0.2068874557661398 -33545.74003178962 37.7336150648006 5.56370674483678 3.251741247240364 2.81794657749438 3134.052245155164 1531 191657 2 3.475036847681709 0.1290937154046245 0.1607002437516725 -0.2745894645966623 4.45367813686105 0.4659244165277525 -0.4895360997372578 0.3101985800992044 3.280974419774298 -0.1177376675654536 9.791654088854228 168 650.9018459320068 2391 -1 7.976990880867275e-08
 -9.558044080686049 0.06128423528489371 -493660710980470.5 1.911217692248694 0.1884976012770753 0.3303863822419587 -1521.526982086116 37742.31632070411 3540830.587220105 58657.00077536628 4751680.159985473 2994.573800193964 4724 191658 1 -3.845474654986291 -1.569720469172156 -0.02295755518270948 -0.2069906620260546 -8.769484171359975 -1.133508596968785 -0.4121109909371095 -1.424947742990321 -3.966556804103902 -0.395644574344308 9.599491794292472 171 648.814465045929 2391 -1 2.881877440697945e-05
 -9.232673776697897 0.05441628465405737 -72779495476650.89 4343.433844640979 980.5270289775381 0.06811365660699728 -11934982182587.85 5786.474205240608 83798.46087186797 1.273464454140408 15.0343046606866 2963.556165012632 4178 127773 1 -3.887715620555684 0.7647900496607463 0 -0.546398108358046 -4.153839786631526 -1.165227275236277 5.419311910105041 -1.523415278450243 0.4088323010783461 0.6956785041117555 5.897342351158503 174 435.0758230686188 2391 -1 -2.257854013258734e-06
 -9.68910494752128 0.09741324726120673 -137238196.5031358 297.9131916474098 15.90397233430349 0.4044398621969498 -198.4939775118584 277.2616201569657 161.001618871452 0.06931681235272527 16518821524162.62 2897.270447404786 4449 191654 1 -4.253094441625792 -0.3960099339174272 -6.879298626195037 -1.163537951449191 9.565351685504254 -1.409449332334224 3.48556035159783 -1.741693708819533 8.750754977148617 0.9407164880327139 -0 177 652.9762578010559 2391 -1 -5.183003784613299e-06
 -10.20522520190631 0.09865390170304907 -791419056.2892759 0.2211337567052503 25941.80488990424 0.08819608516744791 -167144530883.6839 2.947855029608232 2.970024128425452 0.1252552071603255 448711766.4927796 3059.596839801242 2658 191663 1 4.377812423356263 0.546479468803367 -0 -0.0812288334956595 -9.069265395676727 0.279208989689733 7.416074712375792 0.1103390766969907 -2.006920352256904 -0.9430226330567999 -1.585526434152887 180 653.4937889575958 2391 -1 1.706090170607748e-05
 -0.004342592293973122 14787.13019499124 113033.1752346058 326.7054382121866 18.00618007918753 2.798549187257966 -0.2641828699127297 184.4726385193201 105.9403864068501 2.626911012163166 3.810700932079512 3019.992244787359 2375 207619 1 4.202086602636563 -1.525575649802784 0 0.8236716289085422 3.026861806932088 -1.839779667241458 -7.27616186953324 -0.5473260310888302 -6.1653080126787 -1.239798727394359 -2.161833250345816 183 709.7599849700928 2391 -1 -3.054178578234709e-06
 -10.10806257550452 0.09647868398525902 -242087554.5430274 11236.46393133587 15885.90852158271 0.2900164266087774 -1509.048507632995 129.5051165611 46.53792014543554 0.1578535121040419 5639877.615076058 3069.923448786682 1650 191644 1 -4.513775049321886 -0.3597778477274716 8.941018740462439 -0.001951828171281842 -5.333334711984571 -0.3097869935272284 2.905484581133493 -1.166158418194758 -4.542565994294867 0.9400371843084638 -0.02396027158814418 186 642.800595998764 2391 -1 -1.987411221214514e-06
 -9.546151125273127 0.0658142180750426 -989668768976.8981 6577.13990184979 4434.659648630636 0.268282256659279 -4125.36856495652 71.60621106167051 16.8259496401596 217.912289388629 93.24951000758695 2990.582575680829 2365 127754 1 4.636036324535447 0.03859785895122408 -2.313769854335524 0.7507149508872515 5.781767660157368 0.3171219344464151 -0.9941346964036173 0.6823307958486238 -5.278917641008685 0.325262304813553 9.990742238155779 189 437.2986888885498 2391 -1 2.246881284420375e-06
 -9.753687755856108 0.130245046987373 -2633217.640840541 463.192102514844 21.93510298538423 0.1489060704398289 -4000610.925283495 982.2526263460061 2302.609081691546 1828.510253168501 6179.871904889147 3173.862423022886 2019 191614 1 4.605804136022358 -1.755048634435376 5.114350619832146 -1.96179962448856 -4.981628978389741 -1.876501634867592 9.755675715665985 0.9567348318543702 -1.658908239737417 0.7741720207890749 -0.2592451217328984 192 652.0714089870453 2391 -1 3.771669590627494e-06
 -10.30675908601886 0.1322601910652283 -545861.2552599987 5.939979435319734 0.09197992933160228 0.3731418616787114 -258.8980610374311 6992.4999083748 99783.7317024587 2234.96975404955 6170.712970698846 2940.841811602588 629 191652 1 -4.383802319719997 -0.4736811903517051 -2.891587984696298 -0.1162196222801982 1.487578568060286 -0.4140895616057563 5.728501227347346 -0.1626294694621783 -0.8706244582431788 -1.417141768887587 1.419725547357736 195 653.1268100738525 2391 -1 -1.132535859800842e-05
 -10.19269208612253 0.136093956790939 -202293.1150725971 93.56379600634568 5.499277295007713 5884.74482166282 -17616.93662226516 660.2997531679304 910.2990412433968 114.4662273753649 15.76498033253782 3042.368264404669 1655 191636 1 4.401745310887113 -0.2989000820613406 -3.791209738770269 0.9753399848546427 -7.30951171781925 0.3618787601787181 0.5943589373833098 0.5241464055857872 0 0.9213856525468977 -7.283823351195304 198 649.8419270515442 2391 -1 -2.171171933687977e-05
 -10.29769860171324 0.0900444746823392 -3440457457.428131 0.08960938666976057 9862418017.797972 0.4158538100786781 -277.2068687770292 2138.542069415515 10013.4296441598 0.05551778311314458 -1.528515636742253e+17 3178.785749307265 1793 191648 1 -4.670500803925272 -0.1970964330651954 -2.897557953813649 -1.909197585887314 3.987738079800931 -1.147941526913286 1.348813227802013 -1.844451381591345 9.246143661214711 -0.7801503715464264 -8.37904373715385 201 655.9582049846649 2391 -1 1.012793895695993e-05
 -10.01992245969485 0.08038872727415672 -114034150146.1099 94.99201201143829 1.515600738489846 0.2218755832076484 -84797.23527345627 3533.479710622113 26048.69560969417 0.2167530375165628 129298.5877189758 3185.525276578174 4146 127769 1 4.230036984347216 -0.3066370608374731 -2.151505766208134 0.8156394752241716 -7.641771966657712 -1.178168038146709 4.33620517547087 -1.007833558662592 -3.311181186822353 0.964116950422929 -7.959716992054295 204 441.1064009666443 2391 -1 2.647599914456994e-05
 -9.805903440472795 0.05079276361182741 -5830127060214084 267.7342901933037 4.051792352648055 0.2761342601730741 -2482.119561844235 30562.17489517206 2312238.493522367 52100.56462984392 5630846.4991048 3206.739523479446 2345 191649 1 3.946553134938748 -0.2586451470757183 6.00261581953872 0.5147762895402548 2.599772172400971 0.8967881296736113 -5.7580589426864 0.879986579965085 -8.03538696608239 -0.1277129813496271 -5.198640587854225 207 653.2758939266205 2391 -1 8.631954568585019e-06
 -9.893329590928715 0.09464020318736772 -386032848.600291 368.1784471144192 12.53494314460656 0.1137411784116656 -201191779.8768764 10097.43987432856 270875.4713124791 1.620271425370821 12.35152041288959 3068.682586688188 611 191663 1 4.281172283883995 0.5624554730410005 -6.035603289014521 -1.426862957236093 0.3328628572240935 -0.1651042534846656 -4.386758346119173 0.8899307486972381 4.458484874116213 -0.6356077743432706 5.944403942921308 210 645.9392340183258 2391 -1 2.977920493518817e-06
 -9.858336053674654 0.09186262883754345 -1579405854.197668 2235.183718516643 604.6018419526505 0.06338533730491612 -216938502366496.5 3432.979473220284 27632.89118963098 7002.876888350905 86929.84169217848 3057.319790303425 3198 191660 1 3.835366559898942 -1.093843099566952 5.103404255854568 -0.4921490564821411 0.4517725846148748 -0.056163132224885 -5.043247445677744 0.5347621236205504 0.9609957336418815 -0.582875930354005 -7.011338030029087 213 647.4253900051117 2391 -1 6.473945530846975e-06
 -9.798939528588331 0.05091530016002229 -3362000550438683 5.617169681091238 0.03508157990019854 0.3626306139597166 -484.4873241873819 144.7326600909461 61.93599889496443 12560.13714488969 361448.2327901117 3138.368197330805 6192 127762 1 4.550138592602144 0.8498315522710493 5.165724980412694 0.1481403930220995 -0.4288291030002611 -0.1548580644191295 -4.297588225409536 -1.289771448408447 6.082694091622202 -0.09940478616193718 5.09605814345497 216 440.7037439346313 2391 -1 3.420210088793564e-06
 -10.16287339451021 0.136904622483792 -1325415.713705594 7181.723652113895 1605.793604040165 0.1851053696704879 -157321.584757405 347.9209684643513 285.4615410801447 0.1220081121251481 227063278.0697564 2940.796458727607 1971 191657 1 -4.061992015229885 -0.4415872297012671 -1.982146757622999 -0.3983410297568302 -0.7371245631533565 -0.2593784810423223 -2.888007353961827 -1.686652845533285 -2.630858365370565 -0.1394434705216829 2.082167433343663 219 645.5264058113098 2391 -1 2.917285214210636e-06
 -9.340422416329455 0.07736538737822243 -16185216301.58174 0.2741005931556106 703.5608744685221 0.2351319178425209 -12392.07967875251 13628.38925479034 449987.2708596428 0.4895317611449307 680.5909801221868 3074.463006943276 3195 191661 1 -3.743370837605653 0.2287209501760312 -7.819146275045616 -0.3708724128361132 -5.076898983726714 0.4438730012533227 -0.3614899595497318 -0.6570901698763851 -4.439375431053314 -0.2212054178901335 2.148635968042294 222 656.2042829990387 2391 -1 -1.583487964140883e-06
 -10.13712382141052 0.09617968930179344 -153905502.4690133 4.272521192581977 0.1103403544740607 0.1934831346928955 -90036.04969458381 317.7770330210435 274.175795029642 5008.289890156271 81714.93957662326 2794.804522962526 2168 127762 1 3.724578785237885 -0.2128505187132905 4.99023829811199 -1.02748481168967 9.946092762860067 0.8038265802610427 -1.140407319935191 -0.08810939860759337 6.104358022101175 -1.477328628409888 1.506467467687038 225 435.5503790378571 2391 -1 2.016451675408257e-06
 -9.50656556597855 0.0721354272522053 -134785141393.4432 2.616687315452364 0.1806122365949646 0.1403736752910349 -10386940.35863231 117.7279844328225 54.96498096330701 1.58902132359419 19.46358662878652 3045.711494283265 2166 191644 1 4.382530552510532 0.2996248961325456 0.8101684539790925 -0.09191510641575111 -7.082097489547467 -1.492574131644419 -8.539170706349759 -1.100070321966403 -5.443221578063634 0.5165332085318513 -1.38265547564297 228 650.0542500019073 2391 -1 5.101171137288231e-06
 -9.710743041463408 0.06389944606051876 -1026324872069.028 6174.733729928834 6011.071516773854 0.4707957814995071 -39.85666899553698 338.8236210141958 287.1759993600024 21373.61256324095 908842.9807893446 2946.491768692807 4629 191657 1 4.490178954030616 -1.628279475728289 3.724636814432849 -1.623526964988696 -0.4356216331046312 0.7515210679059399 -5.698013302500867 0.812925841032532 3.008731379198126 0.6029123720630043 2.42360640911708 231 648.6672210693359 2391 -1 -2.586954603659915e-06
 -9.607361641317897 0.0935467027647927 -388846530.1981267 2505.096265694863 845.0502738155402 1.373198641142277 -1.299215238648429 16805.71700492312 672485.3637823348 6.169266555217485 1.173251067826182 3120.535508801866 1024 191047 1 4.261014561277375 -0.04518544298600079 -9.761132186021007 -1.81875764619017 8.528020018662618 -1.908085299272059 -2.771247195045134 0.06373313071780727 1.210952343357069 -1.646064969053016 -0.4933979439691081 234 652.5739138126373 2391 -1 -1.267577712658031e-07
 -9.764119427620797 0.08396277718536699 -3571080267.327318 14.33014801367662 0.1336489111602213 1.288557921486993 -1.329213028028064 97.86490011571532 32.13893921418489 3.043524676045552 3.374469667766413 2899.480177239367 4681 127768 1 -4.074470607852099 -1.580735245991136 2.927022340052166 -1.079798963539661 -0 -0.1514572230076095 -8.739856355780445 -1.044832071278581 1.129525165587535 -1.670490109897353 -0 237 436.8353431224823 2391 -1 2.477853385411818e-06
 -10.19524557373958 0.07266634973271216 -8426232433.930774 23058.34328079272 43711.21934860676 0.1681294978319835 -189919.6823861363 70.07876977703127 19.37128901451635 4.506098468353837 1.848967862251574 3045.882533600116 2246 191613 1 -4.351094508181891 -1.260405851629902 3.035733345517811 -1.514905625878872 -0.7938063909155773 -0.3588265416325776 4.210407552903789 -1.235608970321653 0 -0.6490368348297855 -6.014477956336997 240 651.223582983017 2391 -1 -1.441780870945113e-05
 -10.59830942975406 0.04693664535179815 -3.349337213569841e+16 3.063737033533566 0.1058573110554184 0.1974237486286228 -88213.94469209615 238.7466814349864 159.4859509224341 1.384927557954228 12.50164922587285 3062.368807889789 2629 191653 1 -2.718677906907276 -1.339013980898548 6.4269463623333 -0.1416279113292643 -3.192818376289311 0.9310460115637 -3.754569129341373 -0.3088480174760262 4.832775989577095 -0.4960742890455467 5.016858401366917 243 648.4574790000916 2391 -1 2.301506580759082e-06
 -9.850034413113496 0.0835132747204618 -3066970356.451571 82.82983080568182 1.851553011792771 1.282633581067411 -2.211181432630513 3692.092599696059 32296.19106905534 143.8359668768528 27.34054684866969 3104.417731331653 665 191651 1 -4.589209241101735 -1.703249749097249 -3.253166190027452 -1.191259133511359 1.913195570362118 0.6838789423967562 -6.76073257679329 0.8951351383782651 -7.035918139968985 -0.6569314429870197 9.091489845135083 246 652.7067561149597 2391 -1 -4.107041642344353e-06
 -9.499148536813335 0.073492153459689 -2394834976196.63 41.09497244511425 0.5853232786414571 1.000024417139589 -4.287964318306816 1613.92069800948 6943.971411160593 0.07359268965061415 287366619278887.4 3056.449776945784 4413 191663 1 4.684509253729528 0.2084266896990083 -4.315849663009283 -0.470512583780307 6.484332490320232 -0.3098690832874605 8.230656132386349 -0.4517898009800412 -1.891604601158332 0.8907282209870089 -4.46123672574936 249 651.3831520080566 2391 -1 2.817931262006633e-05
 -9.449357246054392 0.05240998975900657 -1037698745349116 1784.367546564961 194.0898311841012 0.09442087150684932 -10336313566.64461 933.1399818707262 1743.264486214256 0.9286990816113034 20.11293124554766 3125.850525102287 3350 191636 1 4.61817679870246 -0.2072545191782291 -3.909219625906754 0.2027982108390738 4.527672895905668 -0.04509001269340639 9.140001129587773 -0.6872867756445347 -1.064959003127956 -0.2824039846093589 1.176721221810467 252 652.057785987854 2391 -1 4.38070930824181e-06
 -9.816985930235214 0.05008662129726217 -388389146632678.6 1.165103736812916 0.8195470559464463 0.04652229961599915 -8.427857042354963e+17 32707.77916903092 2430198.427404382 53.07965812534319 -4.231145816566392 2977.960752518459 5010 127775 1 3.773302581565367 0.4947284612054243 -0.3491568309638886 -0.09688050369544504 -3.442147413603502 0.6452626332816118 -5.326827554360168 0.7140633302617982 7.794766341591187 0.3718555438101641 3.147229609994038 255 431.8999390602112 2391 -1 -8.086514954358638e-06
 -10.34305383926766 0.1082513425546694 -23748112.12474276 250.6759896341263 4.561623959763242 0.2038087185447379 -21697.28224804192 89624.74572502001 19317394.08226659 0.6969288507068429 106.052772345235 2986.757375583684 1957 191651 1 -4.588798414474629 -0.8858925394643364 -4.093693037324424 0.6751483285390285 7.4810975079081 -1.015926529940465 -7.203957191803067 0.9439111597472922 1.314860949613921 0.4281530763029742 7.165674234258342 258 649.5699679851532 2391 -1 -4.224850536159975e-06
 -9.78696935411482 0.0876250508535386 -13677922202.95342 1012.124232631869 -46.78891227683386 0.07353485180648037 -27329035021761.63 628.536925437017 1067.59278473874 29934.40928473076 989101.0259328187 2960.204287850277 3100 127770 1 4.066618668666507 -0.04629496181427145 7.395930388303006 0.4458052652418583 -2.68822607399258 -0.1149992906467681 6.885201963362044 0.4089932958248909 -0 0.5094842827940669 9.662691326290965 261 434.7363438606262 2391 -1 1.993425452869165e-05
 -4.077057357028034 228.3721909351526 15.65010633051278 1103.318015421851 308.3040927743217 1.005615925522463 -5.900439171400581 189.303112996228 118.6196260399434 3.306537177156531 3.528804439673622 3079.630902127752 3679 191655 1 -4.37574287724951 -0.008000175218086301 -1.746422086020999 -1.787023429352832 -2.275374147571396 -1.296721052920836 8.451511301614641 -0.4224489064360846 -9.618953197196983 0.7107379707934535 0 264 656.5126478672028 2391 -1 1.174988595032471e-05
 -9.472013027651993 0.1028026385699996 -58279384.88336532 23.67014691358385 0.1922240929933515 0.4327400744518548 -96.0422522684878 839.8222679181274 1949.582915381821 102.3774993298102 10.7316928788158 3034.810584913817 1353 191645 1 -4.42371450123821 0.6948687679677987 -7.792747790946406 -0.06115007679242002 0 -0.8853335315170403 0.1732597803901079 0.2194700604943355 -0 0.7645574248427991 9.271043872597337 267 648.0231528282166 2391 -1 1.832919719963479e-06
 0.1304604648591438 1114.0723421448 666.4649599123164 0.04087347179660441 9.908261467952947e+20 0.04850109709818549 -6.322127604932351e+18 350.0252652334205 347.1834403783585 1.313628372833157 19.1200133860138 3049.490273054366 522 127766 2 4.59930927758524 -0.2796817506703349 -7.853868864396521 -1.959287200888308 -7.629988165711117 -1.002891558806501 7.727660616876381 -0.315779302867508 -4.117213322590653 0.7839114127965803 3.054954637512561 270 434.3837809562683 2391 -1 9.683111326657029e-06
 -9.936013574901256 0.09775637740385501 -84330903.64380546 0.3487309179960573 -57.95962214802024 0.4804228945328836 -50.72048793379533 41394.27426488271 3483288.456124433 1.897577308598938 3.103980655014722 3014.921281669537 2411 191657 1 -4.600549670842216 -0.519048866300805 4.511799775289448 0.2513607107851827 -2.346512620313586 -1.460820828253516 3.886178919045213 -0.4557110874298447 -6.298115844329658 -0.7967211795206186 9.069156512375175 273 651.6573870182037 2391 -1 -8.116980022255575e-06
 -9.590532708444456 0.07892274106834601 -6976754999.484433 0.4805820669957621 -4.394944745411665 0.1771489374783337 -212281.6508494143 20178.41005457122 865635.8025196299 31421.27443934749 1915521.709487766 3132.408477124632 1721 127776 1 4.520199007554479 -0.5159004976450561 2.813798409520812 -1.976364425182585 7.75167547962635 -1.712177069161367 0.5726954496996157 0.6198688694599159 5.303942466711163 -1.004934942366074 -4.177396480236635 276 436.3628771305084 2391 -1 -5.239359449927282e-06
 -9.654149779192233 0.06175409879308123 -31388350586.40059 1866.414245630878 296.1827563747712 0.2203031830840763 -6013.123407484411 14687.86878271432 561655.3446260197 1.697159235155486 8.32130855169502 2903.232620886279 3930 127768 1 4.407313854587835 -0.175449697130893 -0.964626695164112 -0.8052144886800718 -2.339994784767192 -1.972759986459128 -5.198955688769643 -1.648680875138424 -5.237299055639795 0.6594189740513192 -2.266250316148903 279 438.9994151592255 2391 -1 -2.985342802469124e-05
 -10.15334959259882 0.07246023213063289 -704779686378.4539 3163.533870081909 1608.442752687448 0.07306998599428885 -20578684070278.5 5994.564684793506 99821.59088093202 215.4667418711452 110.9015887121987 3187.713464504301 2173 191662 1 -4.527047032899277 -0.7438686111502442 -8.699936244852275 0.05273295130110077 -6.986573327211394 -1.458918030145485 -0 -0.1378082698151016 -0.07503358660488324 0.6175729173525233 4.02161515707011 282 656.8279228210449 2391 -1 1.481441568462232e-05
 -10.1952383770936 0.1215709920429788 -1011591.774876187 7326.083205843946 1774.179359249762 0.06112219167397283 -18574533141272.08 448.5844816387308 504.6637018768261 0.1210461902035156 74897222.02777018 2989.670523406239 1039 127677 1 4.694476839528803 -0.9337106756304596 -4.69665429822703 -1.642961927443283 9.613119692452239 -0.2119903184608099 8.787227135163631 -1.855836630784193 -0 0.595167429467264 9.918770874337966 285 436.9915060997009 2391 -1 -1.848141503792721e-05
 -10.14820511343752 0.09356359100497341 -549285133.0156462 48765.16987030752 381679.1631695076 0.05875707253931129 -1769247039072414 335.7170760111592 285.7352018262999 0.06282330996399513 619914251638508.9 2847.363235706271 3924 191642 1 -4.503183231420749 -0.6036488188012816 7.523695602801723 0.7339778696081383 -0 -1.563615458632712 -8.692614895260379 -0.5730101159493755 6.884665461939626 -0.48651845978317 2.313654526926639 288 647.9862079620361 2391 -1 4.286683829250948e-06
 2.251501678619914 85842.4377598529 4494112.860102336 0.6928612454340548 1.411806194212704 0.1361247692452491 -741647.6490839712 437.9268534790535 468.8545397631406 2589.570710949362 5985.736392947997 3100.444598375253 967 191568 1 4.460129798882091 0.2020833020700961 -8.500844942960185 0.5711117000061514 9.399215723825149 -1.092827198568115 -3.422654909449043 -1.399706451658233 6.611542046869218 -0.7847413961759077 2.958027984163038 291 653.8097350597382 2391 -1 -3.420346795587841e-05
 -9.345229926221535 0.1486265574417128 -216980.034684472 0.1149857534416489 19624009.09326873 0.1517050249508692 -1152902.652775109 241.9469929768609 167.9047494998206 0.1270317679210468 159460377.831827 3195.314951843703 4040 191663 1 4.647464678074617 -0.7580728614915158 4.048217937803107 -0.8427243639750605 -3.397933555788448 -0.7999000098823545 0 -1.836255526354241 -4.986309618619011 -1.23160753413356 -0.5848196755566994 294 650.2454118728638 2391 -1 -5.670632118969293e-06
 -9.732262193118448 0.06084840231673252 -15228000469438.48 1416.667390156364 677.4911220940683 2.087987699777509 -0.7591837046810717 1930.291889208582 8646.850169625344 0.3781122384366347 4091.550102063785 3264.503439070394 1629 191630 1 -4.64241545227063 -1.872562029283975 9.525496569207361 -1.05434930419521 -7.697941237578121 -0.004583832761230032 -4.689176164869674 -0.926623154662102 3.951633604686963 -1.570731762793495 5.376336790659492 297 653.2651271820068 2391 -1 6.040392274548473e-06
 -10.03998577465496 0.1272987140610098 -611722.2283805879 262.2825290829619 5.293314794592604 0.4041542472340178 -96.21608882534831 470.0746740118338 470.7771681437151 34918.54940806314 2053804.273581108 2987.083982308906 3699 191650 1 -4.503064589094557 -1.506095380827701 9.095287351018605 -1.957936995649268 2.2954270348565 0.6313472824500961 -8.051572845828085 -1.267092281497035 -2.942804679428184 -0.05850747339475059 0 300 656.3451318740845 2391 -1 -1.22241267463628e-05
 -9.482986611896655 0.04867907195407358 -854331972302033.4 54519.39343598041 333655.5080283972 0.08005006295740405 -63909997881.69669 211.8713074987346 133.5504884894811 970.9613210767151 539.5949878036784 3084.7475859563 3015 127756 1 -4.284857896699321 -0.06652332971733979 5.148064147200532 0.1342938110870704 -8.711201296821853 0.6380151566826163 7.886762315109271 -1.447420915097171 0 0.2797583135076218 -8.833311758692952 303 435.4696869850159 2391 -1 -8.851185637283535e-06
 -9.179628620662154 0.05259664767270879 -2481522436215254 1215.691911768818 52.19832085916668 0.1974603985535095 -33607.20158279554 96.15458792669122 30.03228857535957 0.2848244347186069 -11694.34488107198 2979.699403052251 2163 191653 1 4.599608741779726 -0.1349757819046511 7.596065521317069 -0.5190373597265765 2.843214244380157 -0.2042442790717232 0 0.7356037144475556 -9.664952665487064 -0.930643257832803 -6.364726314483615 306 652.6901688575745 2391 -1 8.757063211327148e-06
 -9.86856476715931 0.05399545127908114 -6547627114114.571 8757.299689910107 3412.972270333824 0.04074011072384111 -1.228262442141363e+19 86.44961158290664 24.32010571658347 0.7854483646313672 13.88966121361946 3167.294636144456 3322 127737 1 -3.768717269685037 0.7317755422440348 -2.18047389466945 -0.3941346217646356 -4.295660149324646 -1.894316130330703 -9.506601197555215 -0.01250577815177679 0 0.9852883272842288 -0.5561809830569975 309 440.4543790817261 2391 -1 -1.918977273769315e-05
 -9.631510297350232 0.05348666329608724 -390054146054597 22467.93328391928 42230.14537306391 0.230156031062529 -20269.55624766622 29139.5580410556 2230841.19443525 1.443012194289761 12.2297942026208 3113.656344762833 2247 191646 1 4.258911392235178 -0.06495358734338906 -2.905454547585939 0.7930594242294822 0 -1.862490669789631 1.281891240898859 -0.511514752340033 8.34137921265749 -1.852696246292062 -9.780920083804768 312 652.251806974411 2391 -1 2.150842437723076e-06
 -10.29479933246426 0.1262316309154675 -893696.8768809066 717.1561407099719 28.44076051285781 0.281101138753033 -703.4823237606031 15.6744564641175 1.681784151570055 2.084754357474516 1.696149370699102 3153.043031629295 183 175657 1 4.623209048126072 -0.9792293811639228 4.049108619880611 -1.098598666987981 8.223320500586206 0.65599539137681 0 0.6567439856993271 5.012573990014695 -0.7491314741473163 1.392147949735175 315 596.5801877975464 2391 -1 -1.413429793198329e-05
 -9.203480853288916 0.0465942108259611 -3958566109221526 320.4399137665064 26.2509410918656 0.07731652766991753 -107110196682.5068 13392.39428832493 453489.5225770317 0.07579460904383913 291100964346.4857 3149.58005252357 3355 191660 1 4.568812275440367 -0.2583363240706822 0 0.1184179437350825 2.058941311974381 0.7658277092221102 3.473473293694472 -1.607068724599198 6.406061301130155 -0.4974672529068941 4.240691673620036 318 654.0466899871826 2391 -1 -7.792310648048707e-06
 -9.656480543567243 0.0915942519701524 -12588184694.45485 178.7000065602323 3.081354747643183 0.2928449468208967 -6501.662111446703 1833.397873579927 8523.020684362738 2717.122234832456 16627.18440730927 2912.093971787235 4513 191609 1 -4.510903281832671 -0.1842536395465117 6.294240925460556 -1.226275082113565 -0 -0.7461853942779744 -4.974825252793986 -0.7642615217009663 -8.012645400509797 0.8714705984920372 -1.834646313104514 321 657.5764698982239 2391 -1 2.633341281623453e-05
 -9.92582169233747 0.08830031142841778 -11296174345.04202 2.279077414033036 0.09791705906120786 0.2985400473544906 -2375.638841737272 97.09103261345093 30.77930655677706 2.482799357760119 6.084438059773065 3182.399894047705 2256 191659 1 4.284678995747462 0.2303578121336272 0.6875618103576735 -1.365386096165498 7.218008870247875 -0.4867827798611621 9.48024629632156 -0.3624285131271546 7.451586262117512 -1.777600932329353 7.991377588892094 324 652.8636419773102 2391 -1 1.925176356091999e-05
 -10.29073076905763 0.0764587307150915 -13804914155.53337 8646.636246370534 3910.685935687942 0.04554392433029367 -3.743237780698692e+18 27652.7830972371 1480096.542841506 110.0996241010351 20.48834292158974 2995.32844333186 5813 191659 1 -3.98752982148558 -0.8939630600331299 -9.484737276010248 -0.189556791342957 -0 -0.5582424021731072 -9.224206999635387 -0.05653499527571796 -9.877453196957145 0.1756108982475854 -1.515811643496891 327 653.3166420459747 2391 -1 -5.501102859947399e-06
 -10.60458158368604 0.1516147212047685 -1164964.287571966 23111.88509144867 46633.57126307693 0.2296027103005772 -36344.05069139865 769.7719502875283 1624.605404782348 157.9783047456786 27.46310990462277 2937.775752407014 1193 191662 1 4.505726224789401 -0.8328732911121897 6.649213797080205 -0.5329889988190306 -5.260140198780636 -1.679989220768771 0.5919211610620936 -0.4960347198824939 7.41703578656306 -0.4259534671302951 -7.109891796092143 330 657.3120501041412 2391 -1 2.062034370079475e-05
 -9.130079867418921 0.04778435493330301 -1896910543451707 0.1348962947557375 -981046.6732018202 0.1888450555117558 -69146.98959031764 7.169847607918096 1.807953189495115 4708.032088275131 39839.64147808058 3132.146670050983 3254 191646 1 -4.245619049168336 -0.163069131379718 0 -1.744013045725634 0.980237146464618 0.2508772797066591 9.61007523100996 -0.2063893881094136 -1.645828802145159 -0.3156249969478422 -5.703629543248539 333 651.3664898872375 2391 -1 -8.162389554972977e-06
 -9.364904577249405 0.08629431211630467 -1384610295.167141 6.318733891121258 0.07145023355650733 0.55001897810393 -39.0192613738698 62.14456277976987 14.63589788505576 33813.30397172876 1506793.856059142 2980.986726381573 1516 191611 1 -4.576113796641921 0.7896555253111757 -9.506284750973482 -1.961095867713234 -6.164552333167718 -1.938186318216398 -4.703718185801224 0.5403505569056372 -6.466374436824564 -1.671198428816588 2.450919349548464 336 657.1925320625305 2391 -1 -2.215610099834585e-06
 -10.19744577748185 0.1089202206577287 -66792575.1126229 116.1683898325132 0.8176758981491993 0.139627369962509 -11258660.79786365 63277.5948919732 10812045.57418592 0.8513506703584652 56.04074354406059 3057.568362308149 3529 191639 1 -4.620617372504273 0.6373426958161885 9.487569083181004 -0.6743810921226565 0 -1.180580326664741 -6.216447468883811 -0.4419545546623915 2.14623331946114 -0.1254271551511099 -0.1801734429355712 339 650.0380470752716 2391 -1 9.746870111940277e-06
 -10.42657127474833 0.09377206995000847 -1569312846.935073 5.710176700351451 0.06428503654151534 0.1812964950212961 -399185.1808993192 1221.589665945294 3036.332063294892 0.2932701278149431 20694.43994876186 3031.456770611891 549 191589 1 4.34795529125272 -1.518842576635222 5.755428493654261 -0.8381439812773168 0 -0.1180866432944958 7.206271241157049 -0.9287955410932165 -7.28445801192902 -0.1562200048816163 3.92378923508291 342 651.0111138820648 2391 -1 1.314372895905053e-05
 -10.16766764237973 0.1186218773278998 -371581595.7314657 7.171800053950779 0.01960751811637703 0.4141607256139217 -636.4359619502943 216.3982244336782 128.7267933261647 290.4305124229679 104.2560173035895 3034.315882941209 369 190602 1 -3.57697304531324 -1.477912732170296 6.790828719765107 0.7989267202356478 -1.767995726478258 -1.837280003221251 0.9037511249026737 -1.037158992899333 3.802947589004522 -0.8652765869301025 2.663253236107585 345 651.556097984314 2391 -1 4.374422083590863e-05
 -10.64486191304005 0.06699109600635622 -2077125977343.034 1540.407630200372 137.4991988507705 0.2563496966755884 -7208.656145923206 190.1359334683596 103.52426086849 1.231713976589023 30.6395891242163 3071.150114879329 4699 127776 1 4.566571396577009 -0.343305876003095 -4.596420142838229 -0.9825683566233394 -7.841176871222951 -1.971766609530331 -7.122541397617306 -0.7761780825729732 -5.353004187090264 -0.3769033332824865 4.58471594213089 348 437.6010529994965 2391 -1 6.755102822716888e-06
 -10.01477660834923 0.06577167819265227 -3383030995234.071 967.0435723972303 67.40962838678752 0.107498317657571 -724525202.4338522 231.6968930797281 134.1350016843842 0.153137486620964 18009217.23929255 3036.968229945291 3150 127753 1 3.9618951162976 -0.1527578651156105 -5.183998950998528 -0.9543215936944183 9.767525382358034 -0.3782916091010141 5.684801479002584 -1.590956302500877 -6.067768253325102 -0.9220658777635915 -2.223925743635173 351 443.2865250110626 2391 -1 7.87532340736248e-06
 -9.556055524605014 0.04637694833543324 -4.740383822437797e+16 0.04044030737842307 9.984575359352664e+20 0.08639044147990095 -51876865424.20186 59643.72089869573 7549083.940812049 1.121071468984652 13.74807256956135 2911.744833902514 623 187402 2 3.277839043213232 -0.8340999074525675 -5.002396280548161 -0.1407209418816109 7.553588052917375 -0.4275170754970778 -0 0.1901978885192728 0.1173029840398558 0.6686587889116269 -1.446635231364026 354 657.4371199607849 2391 -1 3.377852734089331e-06
 -9.587557398168336 0.09552859692891028 -157818998.5717059 78441.95907075156 375716.5178100277 0.4376861885180789 -69.77982772622913 1533.128198805211 6262.38907131785 6.9252013813094 1.472466942322277 3030.967544477558 2256 191662 1 4.696855638345111 -0.2372493081719292 -8.616620717624986 0.8181241059543911 -4.011173660517611 -1.083651366998003 -4.563866110676447 -1.233946041964058 0.8016306705827763 -1.587034944744158 7.483485379796511 357 653.2489750385284 2391 -1 -7.736533998219741e-06
 -9.946527127788093 0.0706008624978982 -7257262981103.438 1085.833505811871 195.9699140033916 0.1899556869861973 -577622.0190114818 6014.471099296858 69776.03464105321 1.535155064911452 16.17392828876487 2956.72509273782 279 127681 1 4.529690464506109 -1.448560602155996 0.61483073946318 -0.07645745590201082 -9.518707858116432 -1.161305550513095 2.657537330308382 -1.60140817507491 7.320807402122339 -1.555659142594307 -5.643038406625893 360 439.3349378108978 2391 -1 2.748043701282848e-05
 -9.86228937452203 0.08345729481527514 -42297677821.092 2358.165001003025 800.7861471255659 2.621587611979945 -0.3778707096160228 725.3022098441387 1315.292371257291 10407.37408476142 274709.4261906935 2816.46322800415 3729 191616 1 3.935903135077158 -0.3790565672656321 -7.22508326088448 -1.844567438622264 7.63372359301966 -1.318425085292851 9.089084295595118 -1.763905419696781 -6.900680171384553 -1.518689821907222 -5.946765280650319 363 656.4835500717163 2391 -1 2.013476964836679e-05
 -10.29213961452191 0.1048729952438836 -234890334.024115 2.263203666156541 0.1868650056391228 0.7054796329113749 -10.5333368842696 46904.77079378156 6144259.676510084 346.875541660692 347.3964577352703 3098.762538520816 898 191649 1 -4.286679230625212 -0.4202715736085345 5.652962521609916 -1.211943706584647 -1.032713611167327 -1.792623094641236 0 -0.6267894841290644 -1.817111267663642 -1.295628266267186 5.499520182746761 366 654.3351159095764 2391 -1 1.459581577064101e-05
 -9.690333148248751 0.0729972699464953 -433347450630.9487 0.3760562424983847 65.66666314395781 1.027100746169774 -3.603536499839196 38.41326554127528 5.936473432811685 84.36729381837529 -27.12290969252361 3177.266432483471 3113 127745 1 -4.202816364439069 -1.943616378430643 -7.456600526025408 -0.8590543565835578 8.718116814000279 0.5394582797925143 8.757189472310655 -1.158043905129768 0.3276748213962328 0.3512117390987077 2.938151010537622 369 436.851478099823 2391 -1 1.382553669036898e-05
 -10.69631008048724 0.07059730200576529 -267392549856.2827 575.6477747580806 249.8701928331029 34576.7680592489 -1073041.217892395 10470.87847568983 287104.4548142353 1.209889372542757 20.32741666844379 3007.038502266788 3124 191661 1 4.678132636836463 -0.6818902221207095 -0.6872889914348308 0.1384358586545664 5.881590806711443 -1.455013422759315 -1.609724094256491 -1.012306828950354 -3.844140511409678 -1.149415899575089 -3.019742049625117 372 653.7843680381775 2391 -1 4.612330227747371e-06
 -10.2089091737588 0.05783414233144991 -1620417005826.822 0.1790095721762939 19450.71139131807 0.2251354258707618 -4822.22429516691 1655.626573296194 7018.635783630199 1.284226962997989 13.77664236730133 3015.836868794018 3558 191664 1 -3.524180543125104 -0.08502689312755685 -6.484746904856117 0.7216520071979167 4.989534973828345 -1.073598822558347 -3.23287185345418 -1.797626171950362 4.282264768787051 -0.240486423979208 -0 375 653.0756521224976 2391 -1 -1.707579328063124e-05
 -9.647192528142254 0.03349835405132033 -1.896637194355834e+20 17112.40077970031 18974.97366710817 0.05874389331136468 -115614855784867.7 6441.546379367176 114063.3936316835 1.506734155965072 13.98130700540081 3237.069513603773 2221 191661 1 -4.104320196074919 0.8711295010430664 0.6061440224810335 -1.604918703364618 -8.630640541974095 -1.431855672961917 -0.3361731208517487 -0.3870794420133796 6.297546062572023 -1.321579062349117 0.1247645325557647 378 657.5408818721771 2391 -1 -1.471209116960591e-05
 -10.43196576202575 0.1806748007382472 -122269.0293755457 0.06546246068606272 2271058845734112 0.1506442098411541 -13212131.54859916 2129.114453728684 11637.9086421044 1.442065321286619 14.22319726425609 2916.562145077434 2275 191656 1 3.928580127243939 0.9133493261607115 0.3504794886113691 -0.6030835305071003 -2.51005642989427 0.1016157548781464 -9.46956717662249 0.7994546763624593 0 -1.17526615302859 6.452715251470483 381 648.5759148597717 2391 -1 3.138972102340037e-05
 -10.05386878037238 0.08623432602710503 -983074688.8809359 1546.226037685671 477.6664706728312 0.3342090102152923 -411.112716364764 81818.15000268645 18005662.56796982 2.15765977866574 7.123942351989401 2966.253893352451 2262 127770 1 4.33555846695244 -0.6930389381839586 0 -1.945431604729849 -4.886097844824757 0.7843063658977512 -1.599212530001476 0.469832350219987 8.748071725312141 -1.775097834356342 -1.542040440451425 384 435.0787818431854 2391 -1 -7.263922335066622e-06
 -9.65791742805056 0.1204568986046134 -10202041.79107549 0.3488763042270617 -203.000232000163 0.2404228500597897 -6232.598601374461 62788.80221369105 9173816.656268336 0.1982990582165536 233832.592752604 3128.991289650692 285 111724 1 4.459754497596068 -0.5041458122255822 -9.029526638760055 -0.04744575203602078 1.856643205842807 -1.75584929905778 -6.241795785450257 -1.951484982360426 7.862540774918633 0.01411966418920443 2.774024328581368 387 380.1556959152222 2391 -1 4.505857283558698e-06
 -9.941623223048095 0.07569367169347793 -25631978549.27476 0.04968152298077953 1.454705155357037e+17 0.2613444856559703 -4183.231830378971 551.367285554856 741.2604621919935 68927.89756584333 3081614.536477792 2813.705787504063 4171 127772 1 3.958305242418605 0.864889322886131 2.113545337027598 -0.417135658753315 0.441064087013566 -0.374186667428142 -6.613126035656579 -1.0491963054667 -3.612545197789778 0.9742466578803937 -2.962767485874233 390 434.4096648693085 2391 -1 -1.446609548781863e-06
 -10.19128201987046 0.1133600390097061 -28718560.10816193 924.134864841392 30.10467686349235 0.06359860743170191 -319113423121733.6 27972.54196526823 1651261.237098362 2434.834058385753 7994.847316740131 3155.561149509334 1161 191550 1 -4.372221591074659 0.6074927705503286 5.118534692358243 -0.2350148817760083 -3.103804244457115 0.7588140703079613 -6.507354645494136 -1.221697150042199 -4.995876396359996 0.3469685539061115 8.344706146875902 393 655.5833280086517 2391 -1 6.067276763794126e-06
 -10.12219919139853 0.06074749811424809 -6045613896715.249 2.963685498352921 0.1225976429237741 0.1538756377752547 -1422360.58237143 11.36282625103152 1.37315105235279 0.06598061388799759 87343212317103.41 2942.026687966238 5468 191660 1 -4.668047873942968 -1.455065188441021 -0.7026022820679279 -0.2691831741739942 4.142410142362777 0.9653867735831634 -1.903847829938765 -1.530110096359186 4.27666615791343 -0.1728884851193709 0.9680362650812557 396 655.3393471240997 2391 -1 -2.590340785875453e-06
 -0.209171384167572 1082.224144371573 585.8353619803274 1191.737747866929 196.4824728338198 0.08976434109836225 -9454548102.062244 16607.29776301655 658910.8875780165 2.4351388313321 3.25161383505853 3122.630096534304 1880 191654 1 -4.097017435913999 -0.5062503711104078 -6.507945121076741 -0.6804321694306488 8.559464877244677 0.3962220077405441 -1.397472915446566 -0.6267383564759363 -5.003468997162764 -1.630377337351158 5.155023470372687 399 654.7025761604309 2391 -1 -4.653037928123556e-06
 -10.24187372612762 0.1607446338785369 -170046.6378828023 1999.87493305705 1930.648339450992 483.5778998809086 -131.6533786242663 61246.97343525375 8657084.075070146 1.340711855805236 13.3320927873042 2954.547277200062 463 191622 1 -3.577649019717554 0.009351179122430687 0 0.7928663806073803 -3.586270810181561 -0.1646464814669103 6.885314581271482 -1.417040545913641 -1.013306290222159 -0.8893033657703135 -1.891534182379568 402 651.8800189495087 2391 -1 9.384807486647394e-06
 -9.537480617007402 0.07102002481698669 -22851657599.89947 1471.139930859603 296.2930748838271 0.769313719459795 -5.900718891929704 51391.76260254674 6065951.148572105 0.3274474561771151 2101.238966132203 3032.52882794271 3121 191663 1 4.383793295900304 0.7603604103842655 -3.208826683821021 -0.2944094401869722 5.532354027611017 -1.058102153552811 -2.247833241626585 -0.3895951482770457 -5.532378970634058 0.9974119018098476 9.445559763015993 405 654.9450421333313 2391 -1 -1.449355776170514e-05
 -10.03442680943436 0.06594375332141565 -3196813756143.702 4196.289000922719 1393.295892646017 0.3290068005797448 -689.4102617998288 1284.361211714392 4937.596923959171 14032.36614631734 389791.2609782922 3069.742425897171 4707 191660 1 -4.682075047187179 -1.468337677396769 0.7919981834876286 0.08204735052288421 4.526836947330655 0.9720757349194566 3.880708456687278 -0.159446123444531 0.5745953192651196 0.1389123916521759 6.326700002727026 408 650.734561920166 2391 -1 9.824889083015934e-06
 -9.515311574394666 0.06139196892013329 -20621441797318 318.2886132902204 19.6451148744334 0.4980731996694655 -76.42908940459535 32.13069394844087 4.971590390007384 50298.74468934229 6014081.487732499 3086.221079682 3955 191660 1 -4.084069782001383 0.6746307362434991 1.171745891083166 -1.572517874451369 -2.770183518815926 -1.318856239058156 2.665653111402266 0.007642964006611967 -7.961793423402922 0.7406638980975364 -1.9365269225392 411 651.4034559726715 2391 -1 7.447108132831882e-06
 -10.81039344756567 0.06863151918373039 -503654403791.8146 0.1563235701081496 -142515.0149306899 0.151790457487439 -2567281.357851551 1028.357737976571 1998.522315430404 0.8664600030393711 24.70267048927681 3071.443368605816 3757 191664 1 -4.316369365831264 0.04282110686051597 1.194400601900903 0.2856573511942559 -7.081440726170824 -0.1684319781101298 -2.827722798938454 -1.159066275880202 5.057607184718751 -1.452448259810546 -9.550897918210243 414 651.2641730308533 2391 -1 2.921428527660299e-06
 -9.879797207124748 0.06256691300152271 -1250630864160.843 0.04767516610922339 1.75295783952415e+17 0.05053868326139632 -8.751680854818512e+16 107.6056078253699 29.77190024499293 0.0445550933772791 5.255110067283528e+19 2984.710631368998 5081 191664 1 -4.530854564763881 0.4067968489554831 0 0.5383417066515666 -5.399470203028852 -1.256155757309362 -8.23875809677406 -0.3024538823041967 2.908337209639491 -1.819714948118142 7.828250983618906 417 650.0026268959045 2391 -1 -3.719384177915625e-06
 -9.809171672546162 0.06938186866111438 -181014113040.5971 0.3324133503643851 -114.9742275856385 0.2058402314458709 -49686.81206305763 143.9574432725 57.13527533807335 0.05080914014724949 4.308538819098733e+17 3021.522328869106 5307 127725 1 4.39106008458945 -0.1473821566314087 5.186705245093916 0.3465670564614491 -5.767141816555181 -1.918614765447871 9.828573704876241 0.8575202086084186 -8.299705912385514 -1.296198225005956 -3.736795289501987 420 439.7953748703003 2391 -1 -4.066637741255301e-07
 -9.60259994510108 0.08379616684366595 -4777263754.425576 29909.46694196928 84834.32541607897 0.2973280213759721 -1458.318141083061 97.99536587412422 31.38228875952094 9561.886674685733 251939.5848824433 3029.2177575627 2542 127755 1 4.405488023231193 0.15636651740011 5.421255113048453 -0.5264082598926274 4.205782562988662 0.4606951493388406 6.866652878961797 -0.9615129806350335 -7.824615116907763 -0.899966569149818 8.297221905082806 423 438.0313808917999 2391 -1 3.704133407364355e-06
 -9.623458563468281 0.05666595162374154 -9729761750892.381 0.05367263544693605 1562038365936420 0.04456100970463239 -4.770607663614731e+18 66665.66919115979 10883341.00506231 1.217609782328186 17.17928524197927 3164.826494946003 2731 191662 1 -3.972910677609052 -0.2729084022103728 2.85525036902948 -1.049096377593298 -8.207154923780081 -1.842586790237085 -4.050569765587579 -0.855556612049158 5.819031665655483 0.6018870790176303 8.079326563654284 426 648.4545388221741 2391 -1 -9.536787326699313e-06
 -10.40768308045178 0.2130751302835065 -10072.70886801653 0.2245590737305709 -9249.356903896176 0.2163868766878891 -55739.88492927571 1033.098756623041 2797.052358656578 23747.65742942467 1508212.850007359 3019.222196924153 1286 191649 1 4.1659294855961 -1.248802182303013 0.3910479890599259 -0.5759117579332296 0 -0.2772004836658102 -8.656563665296899 0.3305772281399446 8.83832518629359 -0.4689280002054454 -5.477360020745571 429 648.4700379371643 2391 -1 1.98945072765379e-05
 -9.833062984130372 0.1309547207012719 -620316.656414379 312.6510906074222 2.402295666104336 0.05076067264982363 -2.975595124018028e+16 107.2585547468991 36.78489418592046 1.392802416583431 14.23481553624172 3127.428148654487 3194 127768 1 -4.286949100106929 -0.9537243455845097 -1.268762998696918 -1.255207680157439 -0.0225363090026387 0.2160581633716307 -7.229906861638774 -1.520498707981173 2.85599572406172 -0.9396445293292075 6.269319586449088 432 437.2632088661194 2391 -1 -1.010713871720031e-05
 -9.419289311045963 0.1006528349159902 -19980857.72762367 1753.117970653465 -60.44651474166461 0.04347530998473407 -2.240601677660998e+18 7394.022974338312 116277.2691699602 1.031875891387433 3.680363644811877 3184.737648963639 2597 191656 1 -4.61616702034131 -1.169354778868515 0 0.9783122493620481 -5.350599812085412 -0.7428697162133222 3.511827162379536 -0.6933077700714616 6.249947216260699 -1.131684150874945 -2.697924918087478 435 648.7384641170502 2391 -1 -1.62059225852739e-05
 -9.615683498169235 0.05738975923417156 -4113339102811.625 0.3304970758779028 43.14901272104463 0.5186536265020465 -28.30740522527277 3306.778613217282 29718.46290101596 599.3682733317271 1089.658865575919 2931.050249574679 4034 127770 1 -4.143372750463677 -0.8304101985760894 -9.432310797904513 0.8179124087114764 -5.165451560529387 -0.3371976420142975 4.670636474431511 0.489432454206863 -0 -1.908129625187835 -3.938446029894622 438 436.1400029659271 2391 -1 -1.229886890064187e-05
 -9.739578751272605 0.097193718865597 -147740942.3821455 0.2429975847289729 -2046.730427948626 0.05497298307017916 -4635518818097323 1627.474193701024 5797.382300969853 1471.526541180225 2932.041496776612 3108.02764139552 2936 191664 1 -4.484371274828747 -0.3581706645434118 -3.843975487569189 -0.4711612525119122 -2.686107680262393 0.5494946312779359 5.229596321390225 -1.446572030783921 7.261683129397214 -1.154559164333034 3.825729737187038 441 649.2365729808807 2391 -1 -3.43296120505145e-06
 -9.726894366021561 0.113279584947107 -9768674.990286283 60.69226782051248 0.7717255544893922 0.5274757219755186 -45.1082560565646 18513.1502459612 751332.2683162267 486.4225355317599 309.4675084471264 3148.791463114733 296 190386 1 3.896126286253524 0.2006352712080366 3.891140995681695 -1.114158337110326 -9.120177862426424 -0.9259645238912571 -9.885192361937547 -1.85860313038632 3.833450425742478 -1.686265803884905 9.781824080203275 444 646.8760929107666 2391 -1 -6.734621043452246e-06
 -10.17440072229138 0.04542342125036099 -4.822328226831691e+19 1425.418264324122 136.2371433944465 0.07033782719226123 -491871156145422.5 50912.82465807821 7015585.478232342 0.06745343696875314 4176863065491524 3003.577338485831 519 191009 1 4.617362493167805 -0.5024462404874344 -8.371729919288203 -0.07004396774153768 -3.021010663680225 0.4185876460455571 -9.570907145457772 -1.829053519048242 9.484497850474769 -1.009235828388025 9.230085277973327 447 649.8845839500427 2391 -1 2.98152039756628e-05
 -9.891152645516717 0.04169525335609019 -3.033010189322552e+16 0.04764258090684338 7544906397849686 0.3952733169248761 -162.1495761242059 18807.45901963484 846669.0491913104 1.356525460153867 8.55326777645727 3068.768071344646 4854 191646 1 -3.73603604607476 -0.4319190595595543 6.835677157692765 -0.0857266288921377 4.596813175397244 0.7680080485563643 -8.782862695465004 -0.3783594109489137 -6.900451243239271 -0.2351380214122809 4.81202234602896 450 658.9370608329773 2391 -1 -1.649435706418753e-05
 -10.46788349285774 0.1254741257835649 -6291955.861037363 0.9825582692527421 0.6076675793987658 0.08960302006789074 -49271540985.18803 57.2871685236702 10.90102523637829 0.9360107027058545 16.31014159648156 3243.095497402301 2037 191663 1 4.618521510802898 -0.7629727173120032 -3.229219723902626 0.3024649517464271 4.8018489634673 0.3494553886305649 1.222038922251398 -1.510768992695002 -0 -0.5816100302819418 -0.5045376329731157 453 647.0598711967468 2391 -1 8.045290034949045e-06
 -9.62975537699397 0.04763076784884375 -1.902244940670462e+16 332.60317001262 5.860158660672413 0.4494732461122581 -97.76339459501335 5403.920850550228 85691.02077431107 1.787928991706317 6.156675618041145 3035.604138813343 3122 191656 1 -4.446591525432275 0.4650620230170475 -2.744802946583246 -0.3483562208829003 8.811883097320752 -0.5388024839951413 7.743851097010998 -0.3850162528754471 1.35093008194223 -0.7190481702999527 5.6318457987206 456 653.7116899490356 2391 -1 3.821201179163656e-06
 -9.906148480137343 0.1120195535487829 -7410522.397758028 24905.68815597921 70166.53400847816 0.2583444698087815 -3524.083016334786 132.8739247966238 61.51976439573767 3.021825412322534 4.260130182563738 3130.766113142066 2127 127718 1 -4.198841272771285 -0.01924391592796317 -7.106679096932266 -0.1508498297539625 -8.802444659673007 -1.380000641357647 -4.132936819150025 -1.36394511950956 -8.126416394552377 0.1109024363350474 6.491831818135213 459 437.7442898750305 2391 -1 -8.545488485208382e-06
 -10.08005107975592 0.09635603251131472 -111847999.0608356 1414.416604232688 233.244473690155 0.120822259157649 -32238119.09172842 27399.89201025133 1724882.511373839 280.8392683201212 65.52392614375356 3055.017964199029 3071 191648 1 -4.076327065053229 -0.001767815928303696 -4.589410711372376 0.2255314906959027 5.362902139148626 -0.08087857167450528 9.405714507037017 0.3510996405002391 6.718551926889048 0.9381665269665049 3.945116838009286 462 649.3988552093506 2391 -1 -6.617362550601206e-06
 -10.41613232074458 0.08793752214766171 -16718458452.84973 0.2589802001122753 1524.287514821689 0.09463106859043548 -89348820356.12059 368.349095345732 310.9442270066528 0.05687196407714725 -4.949851718640712e+17 3080.098569228752 4746 127768 1 -4.440097160225411 -1.692932067625094 9.747330897469622 0.9735498306326744 -6.361946946600796 -1.044477386753334 3.030263104554084 0.8455591744769126 5.466787667473458 0.7504612703745313 0 465 436.0491290092468 2391 -1 2.380548992092448e-05
 -10.00192007535211 0.0551684187916909 -958101623977410.6 0.04301713129746695 9.930991075785638e+20 0.17342953288418 -594619.6483672287 537.7430586415211 713.5488300490689 0.1235556539964037 453837233.5209383 2833.769837501807 4970 191664 2 -4.303496961612152 -0.4111472005541713 -4.199429910911775 0.618963849890969 1.970974589257938 -1.727014427176464 7.620586840772701 -0.1968181503088644 7.73057239487297 -1.902143139463493 -7.542010429914205 468 645.0960109233856 2391 -1 1.300596127642883e-05
 -10.26576195671019 0.1056945290949328 -81924506.36031193 3.690869611120875 0.104773576625466 0.06194140721226812 -524780382219411.9 145.1089393026659 49.71555920011317 0.06251935500743284 850261235067516.4 3052.080656317119 1597 191631 1 4.646263171423684 -1.658860615038175 -0 -0.4769387248830884 -1.416576542313488 -0.4909783040206666 6.137959688459437 -1.590009399901555 -9.79245076861582 -0.3128990157828619 5.670126306551296 471 651.5408148765564 2391 -1 3.597570796792395e-06
 -9.500635559040397 0.05156953139576414 -1860789261249534 1.157134965691372 0.9180941850502102 0.1125994946954177 -319349898.9791369 1362.12217431603 5247.70786934937 0.7614282856912101 51.85121898768676 3012.647488390402 1614 127768 1 4.430437688153663 0.6318841224891107 0 -1.339294084509089 -3.270332388351384 -0.7459455537778066 2.685033999065149 -1.879817786225578 0 -0.2268368567130761 -6.162037333138073 474 435.4725470542908 2391 -1 4.765502835383328e-06
 -9.171234363754527 0.05127770489875536 -808344089833423.1 9791.561310937852 18313.96907445647 0.1699503862680241 -231981.525544404 132.8770675878082 46.07656112364491 0.8511370417605389 36.95454389225448 3076.599429284807 3861 191659 1 -3.776993963845026 -0.4640157471453188 -4.869994590145853 -1.558827738043158 -0 0.2533817299848669 -2.775137214707729 -1.235992023779506 -0 -1.66858748621018 -2.943852800244813 477 654.7611970901489 2391 -1 -1.925249838330032e-06
 -10.00108395965581 0.1191174574948822 -14296245.58122157 0.0920075798996307 7291579380.56117 0.2013763344853571 -111078.1522499569 8178.263083630378 165537.0941451483 2.149729445009921 4.47534462009869 3043.929226470716 2611 191642 1 -4.336026793251098 -1.631263827471105 6.023677574068744 0.3243722167669243 3.545124906426341 -0.5584730047690201 -7.143931818548353 0.4835343028790478 2.304801465121732 -1.373039876455226 -2.454687000312493 480 653.851930141449 2391 -1 8.663293494211373e-06
 -10.18289333786164 0.1270528331164205 -4358602.040668681 964.011421937952 131.8912061405603 0.07376961156955965 -3951566325416.02 156.1302176873456 66.02265938136813 89.91359915505231 16.97615231614959 3056.325988161718 685 191501 1 4.094374688997702 0.7340996179770318 9.124670900601698 -0.7345132257444522 -9.27124637063354 -0.2096225830039025 0 0.8170072924329088 9.311166947724633 -1.149336703524385 1.423964692644098 483 650.834841966629 2391 -1 6.929445471034009e-06
 -9.832312110331245 0.08050799793852841 -84447387011.75748 9991.645209076138 7750.611558174214 0.1466915934287963 -8325212.497266526 61033.73626661392 10514387.38431681 575.0107558912525 -31.77357947093376 2941.065854750604 360 191388 1 4.597137877337786 0.603618787388061 2.298299119145998 -1.110358456360721 8.099894045572068 -1.925888852428518 -0.616071476944188 -0.1383410077463543 2.587907274515282 -0.5685619442411518 9.742113341105627 486 650.6859829425812 2391 -1 1.729475149818978e-05
 -10.30969033032764 0.06536309266009349 -73181144676816.44 4317.394588191395 1926.325701167859 0.4624589415246247 -183.1039723490691 274.7191873706576 189.6252758283509 18435.19831494434 773039.0225299367 3089.2523079559 2083 191652 1 2.489332353888782 -0.9896676457443192 3.764088888622168 0.6435530983537392 8.331629664927995 0.6068602258036231 -4.351820479386016 -1.288726161849457 5.302803798482654 0.8079900330450278 4.232855658777345 489 656.5915989875793 2391 -1 2.718048442184201e-05
 -10.04679511662026 0.05822939278317574 -10069261827436.56 0.03943683577912216 9.999946164028581e+20 0.1038730619032423 -507368135.5194575 505.2637875980544 596.8113433847004 1.808570529669448 6.642438038879598 2864.833042411343 878 191557 2 -4.568528025454092 -0.9153285886237414 0 -0.4197491539986534 -5.988320819494299 0.8900079740234954 -0.3773239387609908 0.5214227472533093 -5.020954019197516 -1.938951321518963 2.682649872979039 492 645.5858430862427 2391 -1 -5.737492629264121e-06
 -9.777408743196528 0.05115933394094097 -1.438627342869303e+16 7.070264722484049 0.06155655160150734 0.1983175914764242 -152565.1316501242 194.7473597281128 94.9672811392232 0.7942507810188495 66.44709804150946 3012.140053786194 1681 191657 1 -4.546407910578872 0.2378177187170358 -5.751661612686328 -1.789073358477745 8.129644479222739 0.7441821024440536 7.86635819288067 -0.4073149643664067 -5.94587249005844 -1.901017315214944 9.303159821661238 495 652.2324249744415 2391 -1 1.324824850440362e-05
 -9.827944349428584 0.06717514477232693 -172639419762.1975 47.24524435680728 0.3163668636150166 0.3324968050405317 -599.6027611062954 29.41083309994816 3.980106308265506 6.661123634521636 1.932366447248265 3084.593168870041 4009 191660 1 -4.297185452731275 0.6046594113350601 8.937654681084046 -1.422693112997127 -5.975852478484409 -0.2313004781717982 -8.35760460934727 -1.782579340627273 1.945401508666515 0.6617837659291328 7.940363826145965 498 652.5247480869293 2391 -1 -6.141663600905405e-06
 -0.1121273293823091 360.0452077427552 70.96800459085958 2012.602198898511 685.1238353346823 0.1114504225900132 -416160588.355429 78.92595205060745 18.80412907828188 22555.43200500874 936278.029296878 3007.325178422321 1463 191594 1 -4.521744917235459 -1.800275175112644 -2.287658504016731 -0.508459551115739 2.912048759592655 -0.5243769646830341 3.074225603316149 -1.413256213539523 -8.071839369976457 0.4645649298297574 -0.1418297487064448 501 650.331738948822 2391 -1 1.044332131377609e-05
 -10.19743807455009 0.1011928501807665 -69092525.86979069 0.04956294341752463 2.158890868555545e+16 0.2101313838834603 -27835.22419931421 339.9556237158628 325.7583022731845 1.305813573071598 22.23067140498707 3029.877911364807 4293 127768 1 -4.61225715947195 -1.289940796472907 -2.109959014984142 -1.208396222440562 4.026465126217534 -0.06277805578698642 8.889830611552487 -1.428677670332276 -6.981008444440552 -1.532875128565412 6.411463363490196 504 440.5382030010223 2391 -1 -4.659858800312165e-06
 -9.607794708352882 0.08258015711495721 -745211616.9544287 4.288663928316836 0.1089974616233019 0.3765877576577236 -227.1879537138173 129.021259781766 54.65858032588151 60.93400529831631 9.862495526412632 3139.65473644259 4564 191632 1 -3.798246206007044 -1.058815272568095 -0 -0.0147115978102779 -0.08908568700628283 -1.397877817713105 0.1605620993298542 -0.4893647747435486 8.348808425180277 -1.530277595880377 3.334143486255113 507 649.2828650474548 2391 -1 -1.473789102701257e-05
 -9.701431101236338 0.1130470052599137 -28978215.05134344 5.68156401757889 0.0958443321033015 0.8751546522915571 -4.233739200609179 115.6023481834127 45.16558350238288 1.828309267654448 5.242519316116747 3067.409092446296 9312 207621 1 -4.221590475050872 -1.825712612784551 -6.580426178977492 -1.232649033279929 -0 0.8100607464999521 -3.235880038084411 -1.039353145820176 -4.891184595103586 -1.93559533277067 8.296967133151957 510 707.1502277851105 2391 -1 4.646460312015134e-06
 -10.28571054755268 0.1400703510003187 -1290726.293919658 1.073514568858121 0.6675188604647829 0.2216686840845368 -24372.24465532523 1714.580483895293 7575.531611275963 10999.05610763255 74694.54910303833 3109.378871011907 282 191513 1 3.189674513164259 -1.252521988597874 9.480625910224056 -1.989321828560391 -8.988679248699757 -1.400978543796681 -4.84686696426022 -0.2288355549071799 -6.326055428282883 -0.9132684438800966 2.041718418353304 513 658.0109250545502 2391 -1 8.031041197428883e-06
 -0.003803497123348295 85559.64311823633 3622483.074431397 54660.87584795521 318290.8709356415 0.2042962319973681 -31032.42927575959 18796.68615940852 988929.7214213032 0.05177666401812565 4.120478185160314e+16 3116.208694253036 8882 223608 1 4.420072734932878 0.6955152565564191 -5.777920699351222 -0.4948630916081723 0 -0.002270573862850793 -9.055460129077655 -0.02306512965690825 8.590798910743269 -0.1333561385934772 -7.235763763020859 516 767.1917929649353 2391 -1 -1.173827039217878e-05
 -9.789230275843552 0.0613053156226875 -3193727136313.96 37064.24387161613 210177.1996285029 0.2882367554925712 -2009.799960797875 56702.17388465707 7052606.012198809 0.2122835891191687 264786.1002228454 3089.881480196262 2303 191663 1 -3.48761168160081 -0.7350439193106055 9.500784436214818 -1.495988455968781 -0 -0.534298828268594 7.714659851371374 -0.06825377166944338 6.990936164913946 0.249163082960162 8.432357639577788 519 645.2792589664459 2391 -1 -3.736030120822706e-06
 -9.939557610343666 0.1112745102786045 -23632902.35858688 0.6908358594289987 8.157994529783588 0.1539279558785727 -1264699.507972653 262.5301509094645 178.043901444746 8187.740052488083 118746.7823284382 3066.279634812805 3137 191611 1 -4.118119572333097 -0.6976811600118484 7.921859898824092 -0.07212876536933616 5.188251107363728 -0.9993714259534761 0 -1.635707340797018 -3.925607245513289 -1.30554202695631 -9.309991871915482 522 655.1898789405823 2391 -1 4.349268022941152e-07
 -10.19757275634588 0.093765699804175 -1239255956.917989 1.832130012170462 0.2888564920770769 0.08727095048297792 -83415704931.07764 1928.163889835484 9347.202887426247 1325.521622969193 362.6298286018356 3004.674137206575 3879 191661 1 3.533691437864046 -1.615427802222509 4.628227118230267 0.690188949937971 -9.972983493317425 -0.8562363706194418 -9.333273691373176 -0.5040809973818918 3.772434587570769 -1.68075380673841 7.052667996407285 525 652.3090078830719 2391 -1 1.000813750526867e-05
 -9.85392793456187 0.07292045361487035 -97377085768.55255 7156.682906546369 5518.613027707011 0.3104045679993512 -1261.780521571808 50613.51747650923 6829236.269210115 3.134672435470824 1.756345531376607 3110.817040617497 3270 191654 1 -3.369104590626686 -0.5311339731781982 -1.970540977162996 -0.2321819197856349 -0.3960199282458605 -0.2053894301440486 -5.010360836983279 -1.031775961571743 -7.095436956282178 -0.03394396019257598 -2.710870316208337 528 650.3431959152222 2391 -1 2.157409890467447e-06
 -10.14485159409228 0.0971626991473348 -21163916.6517492 0.5188696318146631 -1.419872384277207 0.4185796262422964 -72.45229188188256 534.6129553214803 662.5358498977239 3.797429315903166 2.610832621730677 2966.619229270144 2083 191545 1 -4.369473373117126 -0.1506119779745347 9.01440222629771 -0.289153769936652 7.641147877542309 0.1385690893990179 9.635292043863801 -1.748581305482797 8.707996137793472 -1.581634734817363 3.398950130314417 531 654.7991650104523 2391 -1 -2.321946262233614e-05
 -10.4905050678948 0.09049454945989764 -422851848.9020339 1.590085204680167 0.3269045630983592 0.4495299773204142 -68.23278122201823 79718.20298195889 14965298.00404042 2.267923502232013 4.637230474496219 3086.805093240512 5479 191661 1 3.154410785521238 -0.1350987091139731 -2.507025016942327 -1.266743878543643 -9.208617184358166 -0.3289597065871623 4.632354014478852 -0.7850191792835952 0 -1.246159973114702 -5.645442864998862 534 651.0174980163574 2391 -1 -5.552446794988825e-06
 -8.620106323368864 0.06312441529338464 -1144603588326.22 73173.13281616291 389731.8191768668 0.1557361534842504 -820951.1081658902 59084.67395656204 9735478.990175163 601.7793106373614 1300.936375893372 3059.908604204721 2523 191656 1 -3.74933031733913 -0.3603326338849407 -0 -1.667169905467338 -6.011156734314108 -0.7569841882925719 -5.829256478503672 -1.068975759841759 -1.040210802655661 0.8783809553645323 -6.172656144740172 537 647.0573630332947 2391 -1 -2.968554631215737e-06
 -9.631474115927501 0.05228609830520706 -3771149550837.85 5658.525432222644 3216.946107453289 0.04753229828651623 -1.034770543827488e+16 8644.33859283711 189178.853030994 164.1636285499766 62.32032776715187 3244.702332029671 2524 191664 1 -4.524824836795622 -1.107827606926838 3.362469199574987 -0.7635803331718831 1.342420857512653 0.6622273841166724 6.164774812751745 0.7324249760167816 -8.430992089724477 -1.439765686328529 0.9955068520234596 540 654.4785850048065 2391 -1 -2.58460784180427e-05
 -10.10500294613086 0.06540916395294666 -960987147276.7882 343.9644228934005 8.401126006456636 0.1181048641457983 -118428092.4802713 561.433502852838 833.6508648227988 1.253196688343172 10.01905897685547 3212.248275957787 817 175673 1 4.422573281990489 0.03842812850530475 -5.203916627474613 0.7160735921197494 4.804889434698284 -0.6728905535206531 -1.527965104970245 0.812365424532949 2.590330480980775 -1.640783139803134 -7.36066621409039 543 597.6478960514069 2391 -1 -4.03093628326217e-07
 -10.21330156114946 0.1166950024431171 -7342082.073452971 329.3060398265451 17.39341561034615 0.6039621720585421 -22.99195643579759 44.69868376069724 7.130581783909947 2.755971076852056 2.224142902220531 3212.003532411013 255 127703 1 -4.523826235292773 0.8008752503509005 -4.264276585932773 -1.432265017707362 -4.974647648117863 0.3244104775739607 -1.899748205867237 -1.110313969820772 -7.767262155240369 -1.134857413937682 -5.151509985211428 546 438.9067130088806 2391 -1 -7.130928725691258e-06
 -7.83126241253633 196.1958016627324 4.569633499527963 58.34508172216106 0.1599836574330602 0.3685717749052368 -185.0583274849884 131.793827653541 48.20246823561013 0.9427118106089445 58.2959911005393 3163.540267461467 4833 191658 1 4.375648214299477 0.09005289809158196 8.005238758891254 -0.4689239062675919 6.850617036762527 -1.5533882612851 0 -0.1793999328825917 -7.557431816060799 0.7777200129465913 7.531797976039297 549 653.2366001605988 2391 -1 -1.485532758342516e-05
 -9.554297138851668 0.0983589524564481 -59446075.46248916 0.04293014386620558 -1.883868638855634e+18 0.1237071843285053 -18713523.07475156 5733.235703385037 82064.84240156648 6816.549739070902 87278.00835687811 3056.013900713899 1271 191643 1 -3.955141546907559 -0.8149685835890246 2.921780025464665 0.004407518555298697 8.110841136393407 -0.4156297595260199 0.1014289513557332 0.4389257886464559 -1.786594320317023 -1.940545099421994 6.214029782676074 552 648.412614107132 2391 -1 -1.135313103985316e-05
 -10.31283379725421 0.06662117782997701 -26368468499.02876 1.709933744881949 0.2667711967161869 0.08098002361741503 -9878725940.651432 199.8693010235022 122.0891284065319 1.66756907076977 6.213648555555945 3055.181203833642 4097 191582 1 -3.533009446057827 -1.458935513753135 -3.173983461660219 0.9121481347708071 -6.30623931857305 -1.254398578371025 -0.7657994886292578 -0.1363528987365967 1.845802671426813 0.809513586195524 0.9520632803837694 555 657.2046568393707 2391 -1 -2.054366996233771e-05
 -10.19237833533857 0.09791320948316604 -64672738.62921907 2.955335116060164 0.08199163334435819 0.5652368346131076 -26.73821458670729 102.3432596498796 34.79158533785327 0.1874066290880883 514257.6972870336 3062.422608964171 3767 191636 1 -4.312697808467156 -0.3716865600262391 8.400290337145041 -1.516305885830181 3.429795296171326 0.1069089530188848 -0.961717044983323 -0.04078976761415821 8.066131360839456 -1.269534646024105 -0.5105571676289831 558 649.4254870414734 2391 -1 -9.676095007509518e-06
 -10.12226827737408 0.09817458316331322 -300049924.4080659 2406.650757880778 492.1253661630525 0.3401647456947284 -470.8466223290233 51.89513892227079 11.04881529707958 213.7104953651247 36.93801223639395 3005.110644669087 4103 127750 1 4.089887149085088 -1.050574855122239 -6.57644951830506 -1.616024854160019 0.864645793965837 -0.6575897329923297 4.160570814058839 -0.4951644614465139 5.640756244224203 -0.4154813910540778 0 561 438.3086550235748 2391 -1 3.878710791085074e-06


# name: injParameters
# type: matrix
# rows: 1
# columns: 11
 2.02 3 0.3 1 1 0 0 0 0 0 0


