# Created by Octave 3.8.2, Sat May 30 20:55:44 2015 PDT <charlie@dicke>
# name: outString
# type: sq_string
# elements: 1
# length: 114
Slope	Lambda	Gravity	Lambda	MagneticField	Lambda	MagneticField^2	Lambda	AttractorTemp	Lambda	AttractorTempGradient
# name: op
# type: matrix
# rows: 188
# columns: 31
 -0.2800440549584411 29035.48069489301 133961.9119112691 2.797404503977732 0.1802335580173443 0.3046003992181488 -917.4989916804807 188.9853842604619 111.5930390936921 1.589836496293613 11.07475541856559 3211.663669815949 2126 127739 1 4.507201116097921 -1.341411465490366 4.745678951681207 -1.498634486509209 -2.373773363397934 -0.02841106412943977 1.350713885077583 -0.331095338865648 -3.262253606259078 -0.9814721022939086 4.64978675124301 2 664.1348960399628 2391 1 -8.477132988853457e-06
 -3.982853695804365 0.1982884460388081 -31043.10706281053 1.188757665057471 0.8713073672640946 0.1036403830125091 -5136299708.91327 32105.52316859605 2271359.303721013 1.845365516317735 5.264307431908391 3178.943019812921 1563 127758 1 -3.083654544259972 0.7055247326588607 0 -1.179113567289108 -9.69040464049322 -1.397982809881899 -3.726709216459424 -0.7345255590282963 0.8072886633360596 -1.197202926821875 -8.410603776591678 5 544.8352980613708 2391 1 2.392305866548646e-05
 -2.899805157143429 0.06867561497474393 -103084510836.273 469.9883288969145 29.74805581435553 0.1735087933063437 -209894.0545545587 64.57410123709585 14.16606247588232 275.1776548370696 97.5174952211831 3023.063390195172 3478 127756 1 4.513017899455192 0.8787481930143901 -8.048977658760005 -1.221259553671483 -0 -1.995090118018077 9.10160182252967 -0.9429016411914635 4.104712433615647 0.896218307082 -4.378846744455084 8 550.7078559398651 2391 1 -4.835520317444171e-07
 -3.63331726453609 0.06639149446018952 -5706707338779.791 19693.65215011064 8903.835288686145 0.05955319681259343 -2.114036273985524e+16 3610.557160358851 29931.53475860947 2.602087213402643 4.739667436249078 3033.468889945636 1787 127738 1 -4.522527104611001 -0.7609991187577254 -4.857702320837221 0.2096345404727162 0.4030615975591503 -1.458921635875622 -1.871016082884161 0.795637866539237 0.4511313531017245 -0.3154409064690267 9.916390724663824 11 548.2623739242554 2391 1 1.894362628146404e-05
 -5.583631937763134 8.546360084563744 -0.09832679320262151 4.195980370762661 0.08426173482491579 0.06376026229890529 -297755190180531.9 112.6962519101208 33.60739594491898 5856.95300997701 -19063.38826550659 2812.321633595603 1322 127686 1 -4.29882728174876 -1.675304491019398 9.56358392791034 0.04068987459512826 -1.345272890616164 0.2318455647903539 7.703050299634796 -1.485827956428419 -0.1079641813176524 0.08317646806011324 0 14 555.2416279315948 2391 1 1.02203099555501e-05
 -4.047423982917111 0.1671019358242721 -81243.20924027725 3711.031824297123 1118.706322954077 0.2284627860695058 -14597.80439150212 1246.621365000643 3154.535618184209 180.8082835695744 52.37472745319416 3039.170612041291 2759 127702 1 -4.689746503266433 -0.4411843272129383 -8.324468208328167 0.726321790068543 -5.574139876870349 -1.427120137134282 -8.943253513620125 -1.542007763697893 4.204467425938443 -0.03165112952774859 -3.493443171207859 17 552.1162161827087 2391 1 1.978953108374783e-06
 -4.754457458558097 1.243653223005922 -0.6068765013655131 0.082256664775369 1425041054727.165 0.2926456326801455 -1939.360264900003 16287.30920562951 593801.7628527055 0.1842949775980669 3320889.145248082 2982.33887573772 5570 127760 1 -4.173990425374399 0.2039271555149939 5.643143847747461 0.2472390012696048 3.310867942408377 -0.178440719979223 -0 0.7015480916260373 -0.03035826223973892 0.5089434230784877 9.883953310483145 20 430.3164050579071 2391 1 2.959993580083112e-05
 -3.216041381413654 0.1109354386872714 -2807198.036504827 0.1153539115555837 8284512.49150003 0.4136236467556629 -68.70241033906366 217.6687781619013 117.7431134730846 0.2570787471486548 -3621.829344876175 3125.25887890517 4267 127770 1 4.632201480086034 -1.48943726170789 -0 -0.5110902642997798 -9.17315081842643 -0.8971742392267723 8.927471135261186 0.9606840721521861 -9.007052998856414 -1.492233720283227 6.201448909844376 23 433.8028571605682 2391 1 -2.018944466949131e-05
 -3.664372764793236 0.1506033532877775 -284392.560780661 14874.07558593993 15502.52455159242 0.331798269036295 -174.6909717518833 40509.95872397443 3686856.063772799 15799.27481690777 204536.2551089416 3009.839843843296 670 190835 1 -4.629210433218671 -0.2655134371409389 2.040378465129925 -0.1770006836263764 -7.020495863009854 0.05103433180013892 -4.736918857504279 -1.077245800449537 5.299553268138977 0.3134005191175606 6.49538721822139 26 649.5235960483551 2391 1 3.797202021111264e-06
 -3.807238629841454 0.1191106951610003 -2601785.586009499 2.926284623403783 0.1147719702570694 0.469524398421593 -33.70379320196896 795.4398431125313 1404.182521395039 0.898822576250156 55.0494288091345 3048.997688141343 1518 191652 1 4.168216905373797 -1.868373263033313 -6.574728593089941 0.1502251416553868 0 -0.3328842623367105 -4.465465665744994 -1.367851722974631 9.398560896722524 0.4402479724674522 -5.886814312312846 29 657.0516321659088 2391 1 -8.359398212106704e-06
 -3.48526494988592 0.1418948074624604 -887354.8479057426 16.9990011697157 0.2439038457549488 4.3132253492552 -0.3543966043517288 1286.257343569118 3639.625285531953 0.2151992183481305 449663.5105661541 3002.977981613325 1900 191663 1 4.362155727392729 -0.9741338103795716 0 -0.8333192362967541 -4.327480249203559 -1.486882921893055 2.25115563818308 0.7434611884485882 0 -1.931345699396484 8.480891452998783 32 659.7844159603119 2391 1 9.803978912542554e-06
 -9.096922020562511 9.720452653089321 -0.1955169711832912 5.837550440228881 0.07242587415132286 0.07181545611014582 -2141139431295.812 591.5109606275926 759.9077662541032 10378.11140190111 147019.7480064443 3001.804335964237 2081 191663 1 -4.106617030196814 -1.778071234975629 8.813775549000562 0.2831039686224814 5.615594328386267 -1.639139057991278 -8.693033542067896 -0.9260109589833441 8.139762585216905 -1.889943668911913 -9.000693614364183 35 648.2468450069427 2391 1 -3.973585139729678e-06
 -3.374827334311599 0.1104425981311551 -5155281.322093907 0.03820024885855116 9.872372874717928e+20 0.2984274170016734 -1349.420078263738 581.9990239262453 750.0480329210004 1289.254055380794 2129.417932319202 3045.135753503522 513 175639 2 -4.377436675533486 -1.430014811409596 4.162771925026323 -1.264709397374567 1.713337946179629 -1.65824674410376 -4.48719888314532 -0.8878961176514846 -1.962738413012837 0.7035078706095428 0.8434290610849908 38 594.6091740131378 2391 1 -6.695696937832974e-06
 -3.695892957458333 0.3465293218407259 -241.3698272190093 3733.78234886837 802.8826301861299 0.1996326515177521 -328547.5509051431 8.41923727417293 1.473700159207076 1.130462968550681 30.58744686084297 2908.275237749066 691 191651 1 4.606854590615651 -1.584303438818186 -6.152280325254877 -0.1256938322709749 9.859243673060003 -0.3041292834235021 -0.1062246955592534 -0.5780217472339562 0 -0.3597288537430749 0 41 648.7762739658356 2391 1 3.756820339573097e-05
 -3.111858648363753 1.127077181013328 -0.277805572420008 0.04852110946942127 6.912082404916686e+18 0.08434902911203768 -103948951297.9271 302.311682349971 231.0907733566438 1.052696821128378 21.32099100537931 2845.4730619279 983 111758 1 -4.464153796809359 -0.1940688435809861 -1.467203947079841 -1.050900845331864 7.001010488922821 -0.7874180251644276 5.583582768944681 0.02263833231023324 -8.805662830868538 0.4633735331842667 5.040052992575704 44 376.6050457954407 2391 1 1.663201384176478e-05
 -3.888704016213406 0.3481760790294092 -29.75795924323529 0.2737425320537884 -261.3853761998205 0.06295013071491522 -12276448354435.87 62665.22709541582 10122390.74665757 155.7332955660334 54.64866857221619 2940.079792817764 2215 127750 1 4.67287011561783 -1.866575476195747 3.558343996895506 -1.248351172878728 -0.2955349942989782 0.665393348934979 3.056334676408881 0.2263821521507578 7.037847344977168 -0.5278410745920263 -2.439647273167607 47 438.3614590167999 2391 1 -1.240958947208784e-05
 -3.316219409289075 0.1666205288831016 -117373.966495071 5.361255716438762 0.02894340614146471 0.250692749670554 -7905.360366496022 5743.963633546278 86899.30944042419 1.971844226579806 4.935143420445448 2913.904189548282 1667 127769 1 -4.338750526363232 -1.068110703492411 0 0.3320285269253942 -4.726124471665194 -1.217894204601817 -7.726614009704269 -0.6664583493431735 -6.367584735019673 0.474318559565384 -0.2333947794838713 50 439.3083620071411 2391 1 1.060392312046528e-05
 -3.362945721433581 0.2481682884409808 -1336.532591255157 0.04442086733871522 -1.786237385302924e+19 0.1150522551539346 -366047341.2130458 74.43965983734522 17.482721217832 27443.8824612676 -301979.359063314 2937.216080500188 916 127524 1 -4.345864405581692 0.4312396596616539 6.204446143680144 0.9970806419257605 0 -0.149157415001806 1.670585391715991 -0.2625919484347144 9.512850771359817 -1.934858184419435 2.534732844822258 53 440.6191980838776 2391 1 1.311084248735251e-05
 -3.393832626376192 0.1563757888528375 -1055554.337383793 0.05131374838096946 -9.571487459079944e+18 0.1701224163292215 -3454093.528624814 205.4563867041211 112.182824103333 20013.30763690939 537631.5458019134 3041.634798268346 1672 191643 1 -4.626198363768264 0.5323443457149812 -4.118579959386484 -1.858131461671099 -8.11360148627177 -0.961451918267942 -1.897734665228282 0.5463035262225038 4.996952043926772 -0.0819249327748546 -7.386568005704413 56 653.8936281204224 2391 1 3.590818365628779e-05
 -3.315909597728723 0.1063586841901498 -32378931.99191002 232.3493450165278 21.12158992154073 7.282912707833209 -0.2897921588529058 16.33199183680984 1.741819478098499 177.0194424111349 33.90991499168085 2941.786986010457 3873 127687 1 4.343978242929949 -1.100483143116581 -1.391015014044279 0.05388298086367707 7.581714040807325 -1.114149443417216 1.504428997605209 0.3710200214803829 -4.646803830057503 0.06426721870674523 -8.517650491172635 59 433.9509589672089 2391 1 -1.750053332583796e-06
 -3.04367398198122 0.1108792550365469 -6159653.185423306 2.622245353429416 0.1448772600440896 0.04061919557294418 -2.304714654245689e+20 37261.23128252527 3301912.19696516 46.35141602549628 8.561461159890495 2851.606560509209 3784 191640 1 -4.645364648154602 -0.8567627205078772 -4.429564415163494 0.3198790673229212 -8.396943848786352 -1.252803872077138 -4.044028265223045 0.8614377348298645 -2.352091139454 0.09137750925991871 -9.720351995340506 62 644.2432930469513 2391 1 -6.861401620777631e-06
 -3.512783166508757 0.3690405530246028 -36.24043214623799 2396.215905226798 240.2430231836902 0.3381010996461686 -335.0531451100282 107.8343929341308 29.64965940800292 1.885517148350167 4.629191694262696 3109.351338867591 1063 191587 1 3.99575882521098 -0.9065918509750421 -0 0.4957936179002939 -2.201835882154402 0.7178375931145449 0.3133750926041854 -0.7893337617948807 8.018882705439585 -1.629701333675402 -8.467847193532908 65 656.1867101192474 2391 1 -8.040024886866166e-06
 -2.807968395636256 0.05506177552733105 -101406722458306.1 0.05554871115876454 -848671691191809 0.08572748821433157 -63149535167.43381 10835.54964667245 299505.9188312005 3.032461350110151 2.621439954584647 2906.13048476313 1751 127704 1 4.379291345205328 0.7106545949333722 3.38325906822535 0.6171285790838645 -1.869575949211385 -0.1085446729448894 -8.937605451933067 0.6038679947972683 -9.29239943222284 -0.5048951411876024 -7.650242050235015 68 442.2997379302979 2391 1 2.232812564818076e-06
 -2.947894491764782 0.1960509230063043 -16596.70747478265 98869.58631346328 1066343.435706515 0.2376899153638179 -16450.42532582672 230.5223527997506 144.8614605800752 1127.128741837044 2180.01422739261 3174.267042715295 4342 191662 2 -4.665158311581219 -0.3855743442373445 7.733759232087024 -1.953824790065291 6.4740010175244 -0.8159496526226473 6.865308489463049 -0.5210906342219134 -5.740016125020042 -1.530641940615888 -7.743732256390841 71 647.3581399917603 2391 1 1.493358252010465e-05
 -3.083888654014581 0.5505319863803808 -2.991285838694319 653.1399992301622 61.30338736867657 0.4224848181290338 -197.4616107038875 7679.529905909962 155579.2523303279 1384.835151732999 4610.482079190243 3078.378212878909 221 126992 1 3.866666121418673 -0.5359057121196429 5.415237258633701 0.0250447545844974 3.763137173378514 0.8562628819936511 0.007034940592069994 -0.9692885155789526 4.883636021383642 -0.1131986847564574 3.128935310532118 74 439.5219938755035 2391 1 7.509746822287469e-06
 -3.793282761165226 0.233617739167788 -2163.524058558715 14583.15039284321 17324.83441193587 0.1759769753795489 -271957.8797627579 89.56334145759332 22.49648697778828 148.9420131035559 42.67814056296552 2907.701227109684 602 191580 1 -3.785547888023824 -0.9711074396217807 -2.429924520817359 0.0430347956193237 -3.964765486413315 -1.0218221965055 7.06485574615381 -1.25247956383906 -7.748851856341673 -1.679621133048328 -7.441231329517434 77 650.8461740016937 2391 1 4.189657169294811e-06
 -2.88692688306036 0.04028524858435392 -1.869171758176616e+19 7.655464936267141 -0.02679098071084522 0.959142360442802 -2.354778356570621 81.8628580863509 20.58849902409489 93.09392983545482 14.74843129803271 2973.049450035679 690 191642 1 -3.966863474928536 0.4182168786276956 -9.167041985210645 -1.731211261966044 -0.7938230371286901 -0.4143463040706177 1.742302038488832 -1.032294874369133 -3.591132035917306 0.2934150176535599 4.388929076127029 80 649.0121829509735 2391 1 6.765299833370013e-06
 -2.681232903733138 0.3284602284126709 -126.6733134454796 64971.71468339379 1144158.651129223 3.115407699117557 -0.2551706005871759 878.2217042901384 1954.335738744679 3925.338395253119 19042.79692312297 3108.09892122097 201 126662 1 4.693749357029347 0.3834037885806744 5.72830879401981 -1.564219811308909 2.807549048792596 -1.665502544424431 5.136315435478364 0.06368314677743166 -0 -1.55406596041306 -8.943429933478345 83 443.5745141506195 2391 1 3.727073702579275e-06
 -11.42435462970641 10.98858805073528 -0.2820526539411338 626.1810018201428 16.02751237636707 0.1516343618746488 -6756346.891528326 70791.91130709866 12911393.3622267 0.04863294236421292 9.988763924993783e+20 3117.890856899617 2216 127749 2 4.426454005556478 -0.07227676562686285 -8.217951176487 0.2042166794786251 -3.859210647450994 0.05378878815337402 -7.737618349590957 0.580292990064081 -3.52142828543929 -0.5819146890856164 6.870257880664776 86 437.3816499710083 2391 1 2.665571414938999e-05
 -3.892132126569925 0.2630907958917332 -634.8528382370345 0.04354269339246299 3.497977926516255e+19 0.05575946530255692 -8969230891728015 85494.84755316301 17704483.89295064 0.2830733310757273 9714.897636209751 2888.190629938471 2622 127752 1 -4.695225804300507 -0.2822062406800123 -0.7483701688149917 -1.156565622249019 2.558918457401095 0.5078022917066205 1.918871583437439 -1.195124165444426 4.681521977605487 -0.496124173697739 -7.292009901938538 89 436.5150258541107 2391 1 2.586646130243948e-06
 -3.146503389992403 0.118372457841285 -2452961.548122896 4.692118524082634 0.08137338083430808 0.1555102960149578 -273623.1775915075 53.65760415789441 12.17800966349008 1.484265182687754 8.910047780998545 3243.718954581851 4919 191664 1 4.109490791063572 0.577793638569633 -6.019529652094241 -0.4014279086376451 6.278641501648106 0.9996262130651195 9.049425376866759 0.570754173118003 -5.710866639945638 0.7036430102002034 8.835121356422651 92 660.2771718502045 2391 1 -1.274715601359207e-05
 -0.08911018636814234 8370.70621477317 8654.24578159711 0.04996998966135947 7.66810659131806e+17 0.7266758102453753 -9.626976521491715 236.0702806574728 131.9199264127072 0.09180083289465819 119072528361.7762 3123.881147820451 3956 143743 1 -4.526219379893912 -1.035310122982521 3.36749021840792 -0.7569989406897797 3.01058778270152 -0.05670252561958567 -2.081622197676956 -0.4662176393319086 1.970970288180475 -0.6354948736090167 4.171548766875213 95 494.6280300617218 2391 1 9.667499779335574e-06
 -10.26878145649432 10.11413236642455 -0.222527658128375 0.1688079814070958 130596.4418288197 0.4493820612705136 -55.89777102180454 27286.59591577023 1473989.193919001 1.470934621663678 5.253479306196186 2917.70718642059 1476 127741 1 -4.162617921809276 0.89160615562376 0.3329740251414615 0.5460038889325727 -4.152499525050224 -0.004771144310530499 -3.641553763318322 -0.661127868620083 8.431652712767866 -0.2683806101883182 -0 98 436.8637850284576 2391 1 2.849396515542875e-06
 -3.170665111572024 0.03333588694422943 -9.996434014698334e+20 0.2493533541114498 1536.870141164988 0.04368479696821904 -8.484293054062198e+18 3958.299158824941 40940.48036010067 24979.31172283087 475720.0159424586 2904.303492786094 2471 191664 2 3.814959618778728 -0.72275016665699 8.629532985702705 -1.00666756499595 -4.978116439222426 0.01907688617431356 1.337125648595798 -1.184938337338441 -8.269431898361448 -1.585580207748063 -5.259465173540963 101 653.8643250465393 2391 1 -8.369580450322988e-06
 -2.95551346629968 0.1483340630863957 -356242.8820220203 0.4387963488091094 22.61737433250146 0.3324446567384146 -716.9772206122185 218.9130506592776 121.3962835550479 0.04343547952944597 3.427859530327917e+20 3054.855934524423 4797 191661 1 -4.573995203038757 -0.5786602856207512 -6.028049224757775 -0.2378536215312117 -5.192312506630734 -0.07773730129755396 -2.714064571464485 -0.4579774950354505 0.4752206360010689 0.7060706337141935 -9.123991675587092 104 647.7392151355743 2391 1 1.334510656857814e-06
 -3.461480892830813 0.07549684527662605 -77932741522.92281 934.7852365103083 58.7726213476432 0.1177593436754901 -201520752.6468303 68.53791329320526 14.94180197154055 73.979951163492 11.58845607768093 3050.318398947038 2610 191660 1 -4.564633108963121 0.3091729419345488 -6.519700858596121 -1.570220442430889 0 -0.2001794427026971 1.656744822462235 -0.4073357301873628 0 0.3534003804999121 -6.779621990739365 107 654.3076529502869 2391 1 8.756951219570708e-06
 -3.290688272543507 0.2461253218845179 -1541.989129100796 11.56791999971437 0.1903307395302418 2.96711804338476 -0.3644764316172387 26437.72045536058 1437060.059585924 0.05764366956166871 1.732137331692601e+17 2865.815934511605 1094 127773 1 -4.099374140404263 0.3760872535658941 0.2390222628872118 0.7502888232596105 -4.118908592373018 -0.7954971752933258 -5.957953917118328 -1.173056362289522 5.001641757578563 -1.723473856759946 9.212925376293722 110 438.0441451072693 2391 1 2.120112183370371e-05
 -3.38359275047176 0.173631632220118 -95348.75960400644 5.317684631913286 0.1009117853788979 1.211933707871738 -2.218976518407158 1421.290827586784 4889.900552125657 0.1941702577689133 1366000.355673187 3005.790776180113 2301 127750 1 4.631698258162678 0.8944193820229445 9.022892387037638 -1.060117964704503 -0.1725695770314073 0.5617916634755571 2.150673609642481 0.2821946871722369 -7.722401292684935 -0.1012933610509173 4.315869307050047 113 434.0895709991455 2391 1 1.904677339927359e-05
 -3.670741312903621 0.3070819116835203 -222.9565347170845 91374.7692350073 703077.9858385073 0.07981242232941857 -169675777178.181 3729.181598792753 35238.00164043538 7.451637871062537 1.131230906437676 3226.922916450322 470 127769 1 -3.580051150425152 -1.560850500932765 -3.989668291807074 -1.715276771973316 8.94523762666987 -0.6305040164443403 6.276881414426713 -1.543174483696236 -3.693199039888907 -1.843870622270478 5.866882458493772 116 437.2162878513336 2391 1 -7.184565946838226e-07
 -3.733644091945845 0.1554443921498147 -352236.7304293697 17342.96729483548 92393.75727101626 2597.173999767953 -1638.778272095025 185.7598305353499 80.11577798436991 28837.90274671228 339901.875684144 2875.831991404773 302 127254 1 4.502631812411328 0.4044357028129689 -5.506602148010106 -0.8823227827082843 -0 0.03217759020518324 4.880873754528528 -0.3934903573138078 8.231359024950505 -1.805931525008052 0.5919589706212323 119 434.3429701328278 2391 1 1.372989256451564e-05
 -3.653705383963791 0.1029952348560378 -31757778.27426147 562.2269640004157 19.82709226418133 0.2417203810865854 -7281.306087479446 3052.290837037649 21172.02990917052 2.678937656875416 2.325905837649435 3133.503887255499 1477 191641 1 4.503347551570387 0.4825999559313407 -1.916146432133465 -0.7895415017480137 7.605356305012702 -0.6337678458700848 3.384460865664908 -1.355270110373637 -6.170764862369913 0.2146747858141857 -3.644823558290943 122 646.5855820178986 2391 1 -9.708085591097668e-06
 -3.050031595269737 0.4344765153233685 -8.658735125151241 1.777748565639546 0.1691132292141194 0.4360753556357455 -66.04992747156093 10812.16060695107 248710.4305224489 5.927018884765947 1.171978265753817 2789.161931637544 1879 127741 1 4.675307419776376 -0.2136582953780453 2.012451289048427 0.2831756656503019 1.795850877804985 0.2418815819664032 5.275634702235511 -1.498194156618212 -5.086358360922993 -1.700622112152341 3.76405462232861 125 434.3083529472351 2391 1 -1.494890303214111e-05
 -3.5894230479752 0.5720757833667423 -5.970486024210703 9683.92949240378 23677.1824592831 2.564144370683768 -0.2965480524203282 95.97217277308789 21.27626707371531 0.1174632669445831 3617153343.803768 2943.860816068676 988 127770 1 3.512960342545159 0.6442967690550699 1.99192694150572 -1.310578309028699 -3.081625143668218 -1.984021116706972 -6.288658909440855 -0.6293297162983738 -6.247721980941089 -0.4480937520320349 0 128 438.0456349849701 2391 1 1.69039278594573e-05
 -3.293328957460839 0.1389236421250588 -2124274.535389245 1223.775495805615 55.29805872129333 0.1011287452186651 -1280936811.458986 3555.779245763375 27141.5191709586 1.929485546926817 4.274964159149972 3041.852117205434 343 188327 1 4.091509644312241 -1.546610487781851 -5.847287695266876 -1.576588091691997 -9.871679751425567 -0.9889091130453957 4.894894743757638 0.52910720973644 -8.007908808032031 -0.5957773439923448 -0.3317003967650107 131 650.9219739437103 2391 1 1.774494357517812e-05
 -3.644027982612685 0.06300522359125901 -16880090210226.6 632.5038310787711 39.79723483459035 0.09958377884023634 -6067346455.349088 307.0999033015611 259.9106712427597 5.095523215714032 1.656563800015674 3049.197759260591 1681 191638 1 -3.853786533745654 -0.01906931522567845 1.917282503623007 -0.1127717307087126 -0 -0.2560029039760182 -9.928014163595783 0.3995119939928937 -7.234144277728799 -1.017542777673738 4.089413104206488 134 648.4884960651398 2391 1 1.371473862023963e-05
 -3.933304656726637 0.9641043870744705 -0.5814410352800593 2.907546778216244 0.1938096861006338 1.867126259984667 -0.3851796679360519 121.8044311851031 38.0792704560596 0.8069555898596367 30.83164849702071 3037.563364947838 805 127770 1 3.732914519953721 0.5043582638653916 6.019745432829869 -0.1957792185693937 -2.841193033771723 -1.08796700143805 -2.002141015542003 0.30174509582627 -9.123981402821412 -0.01039532279890666 7.884476871368644 137 442.131196975708 2391 1 -1.561180441097704e-05
 -3.600099688811417 0.1380910391117226 -143004.3324564887 1493.606087842114 146.058482217022 0.08696858419812088 -1514519344.322377 254.0973873786654 179.7611641427008 3041.182605451262 20235.60364243949 2959.45671441603 3255 127666 1 4.142383557038609 -1.392843382227656 3.834741042602356 -0.2564515583994922 5.223063571980363 -1.987072649062593 3.633139659658352 -0.6559341857519376 -5.724503051589576 0.814638443844272 -0 140 434.650181055069 2391 1 -1.962774672344621e-05
 -3.60862913206456 0.2460598436313717 -1115.549497181963 2.539844673798411 0.088537435226925 0.4712895299907135 -82.73547074664172 4972.715465286706 56599.99591606299 1.099250570614935 12.40144403658028 3105.94105203593 1265 191663 1 -4.594433316368924 0.9961182094624784 -8.858157249421406 -0.618057313647518 8.929626565223284 0.823426020470492 6.651441415076727 -1.433940172367577 -9.167169542012394 -1.454424258343932 2.320359464820403 143 648.2767329216003 2391 1 4.336598278585962e-07
 -10.11765282682975 11.74521860107389 -0.2656446974695426 804.0011211411701 20.7449295051379 0.1274980101922585 -5728905.758844304 49.92598122910103 9.078177768409525 2.021652182060167 6.843364755481939 3116.065176476867 3405 191658 1 -4.592445771535138 -0.2152890578164417 2.531490175349654 0.4525474726787753 0 0.6881807699301907 -0.9798747444139906 -1.25819911114109 9.774439593759165 -0.07837660257829707 -3.529738833975296 146 648.7940011024475 2391 1 -3.072870502117586e-06
 -3.588131222281524 0.2947063906278481 -181.1226167630152 0.2075989378091797 5948.640410507716 0.8396508362076749 -0.9566183398388663 52.53404724710743 9.258961950260131 1.489009225150112 19.61714272266765 2896.924484357576 2792 127691 1 -3.201398603570923 -0.3555667079562337 8.549527873565612 -1.749653070796545 5.412093957422094 0.1535307633463603 -4.537515007671161 0.7203300118514022 6.247595520608722 -1.449037709106258 -8.160842988926769 149 434.6061210632324 2391 1 -4.899172831160402e-06
 -10.39038801974534 11.40598900733155 -0.2504100521161126 4.971413216871063 0.09809410116420669 0.2482313497053204 -14127.8095550446 431.7573772756601 459.0717824086605 0.1155111429412359 2957451174.822537 3049.554724051558 2718 191658 1 4.420785434823362 0.5118392194445218 -1.187538177402992 -0.750182734525235 7.323513979557292 -1.342434622740299 5.800253968023418 0.2531490519607042 -6.780644182218387 -0.6755483128605642 -8.58144229008149 152 648.4162211418152 2391 1 1.884283919549376e-05
 -2.668223776372073 0.2419214708418016 -508.5214739583416 0.4525092242112343 6.260488900968204 0.3678633478477774 -230.2237250200105 52.02877065094712 9.775629833324095 0.8505396449486664 68.79497673955085 3154.31769678101 1015 127762 1 -4.027298517194657 -1.090363708556926 -1.279634001699303 0.2050239289339774 6.202416175421008 -0.5525326340503902 7.045152305051534 -1.888448020164138 -6.179320313014302 -1.587844243629762 -4.005723700476824 155 442.7900910377502 2391 1 -7.43319011009488e-06
 -3.493061778159412 0.06691736257335337 -2755678446090.683 0.5134323353289569 21.06071913702242 0.453912567025244 -126.7299046446502 193.9391424841855 110.7366058406776 134.0215971739296 30.1884950556027 2971.854510306199 4890 191657 1 -4.599704061461457 0.01701643003296916 3.265621917177438 -1.752078317193858 2.667061406508011 -1.52648128484931 -5.116032122505313 -1.444701188761254 4.648324727782941 -1.268198443192107 -8.455059304510307 158 649.292897939682 2391 1 1.352772433151014e-05
 -8.802882992719566 6.765996619004545 -0.1653511375316258 31.36567338056403 0.1414745781211514 0.4854918263431548 -71.95419714447614 90.00542538998876 20.19806988507145 149.8786468033437 49.37894311348695 3162.531796167568 1045 191480 1 -4.546978676222039 -0.2621560736589803 2.890637072333276 0.2100117825865921 -7.576224020766688 -1.944682847738473 -6.967058995341844 0.04804153896701761 9.279043169142886 -0.6938187448494659 -9.59657169308581 161 660.4265868663788 2391 1 6.185457037251277e-06
 -3.574413415996035 0.2576019710277622 -415.5904883128516 0.202296249607045 -2770.690239249886 0.3136998914102737 -724.0284934352219 87.94398646841815 21.49704757364078 0.1952002599416616 126634.6083907847 3017.040945990243 1699 127727 1 4.675586126321221 -1.299741366456838 -8.350673887513283 -1.453266114387078 5.296306290974687 0.5066095079524344 7.369286484576193 -1.855797580472119 3.513490143479305 -0.7441100632073052 -0.8788765713681381 164 438.0449690818787 2391 1 -1.113967968333797e-05
 -3.161408889414275 0.07576719342105281 -148687517539.3565 0.8145073473172941 0.7154364857317237 0.2917443189800891 -3735.837095561169 56.53738264970166 10.38723028929844 0.1282143704918048 715749561.7286346 2840.659848654071 6217 191659 1 -4.252617704512263 0.900699646330148 5.332629818738258 -0.6825002788216423 2.917389921054834 0.8535642601104665 -5.577411396091002 -0.399558355612549 4.495757338563991 -1.92188252197568 4.874113414066394 167 645.5559539794922 2391 1 1.384087277529156e-05
 -3.165415665923988 0.3035621234219784 -118.5476111493249 4.286208006414628 0.105192665437616 0.05994929834288874 -1236335198593303 870.9390401195777 1591.120413059462 0.5177544695482899 132.8896980002578 2993.29988501643 2849 191635 1 -4.537273237993414 -1.716793133088509 0.2094936425378258 0.7126556703841843 -3.708125914195537 -1.194320672370234 0.2101561010175486 -1.299328683254732 -2.412972887450952 0.6295875984390804 1.726743804075906 170 653.806960105896 2391 1 4.611750777425943e-06
 -3.524651775140551 0.2320489643087439 -1986.477949563217 96519.97867744064 1059163.7914462 0.1231264173748733 -24707044.34391632 7.667785454942537 1.262734245268743 94569.80033422192 25186949.18575082 2887.133925613635 1228 127761 2 -4.459271207496617 -0.1292163883437905 -9.504230288536521 -1.603790210205139 -4.44271002117407 -0.6060370531606267 9.336127095950994 -0.8158769367666485 -7.866362453249016 0.9505998283676842 3.807531853036849 173 433.3609180450439 2391 1 -5.579154988969055e-06
 -0.02570498311553516 23037.03679201122 88542.09304062827 0.2966832475413138 324.2212876603627 0.05190190560028295 -6113759119024910 15805.42494106036 574142.1622294653 0.04763872562392782 1.679404073948649e+17 3055.260307851185 8373 159719 1 -4.268649049433579 0.05499384482296539 -0 -1.174842925646587 -2.370580753671264 -1.871066453060819 -4.090011079189027 -0.8469385027548642 7.857212645229094 -1.259920272017395 -6.989164718471713 176 549.8975720405579 2391 1 -1.288799329819621e-05
 -3.399685897654068 0.08539883851079222 -8653708062.286951 0.1214017689880326 -47288631.38065536 0.243856701847553 -14079.53917034309 55.83424531428714 10.1133226665387 68.56217793267137 11.44717896774907 2956.684404520012 2215 191664 1 4.476749207325416 -1.3848541205163 -0.8405922048730003 -0.8407534653122513 -4.699945216827205 -0.5962138037664948 5.514259879809178 0.8956788127214868 -5.692360949963165 0.6231237496750177 -3.534890465252044 179 643.3373720645905 2391 1 1.252609126647572e-05
 -3.363996951863184 0.234487564910438 -2516.072240000535 0.07199031614318867 7561532331877.989 0.4052243007595954 -81.37867377892066 77.8386890851025 19.91151017972854 1185.302096977485 1948.292819179051 3006.101498051565 2063 191661 1 3.795320910414568 -0.07389814253217612 3.845092293288348 -1.135155085825407 -2.305706001697585 -0.6259870773476983 -9.435090318511557 -1.19726698022153 9.220826692958736 -1.110496734048178 -5.651196471904671 182 649.4055950641632 2391 1 1.609157529665057e-05
 -3.465975469452928 0.1262766687704884 -3794893.600480884 14770.95470398078 26414.56073132662 0.05540518664523481 -7183595506690191 28237.14548960491 1838896.088951081 1578.230615346913 3568.27076927609 3079.950302479156 5140 127775 1 4.357490281593674 -1.312840704410597 4.699044083050909 -0.4195933126654037 0 -1.073285632050484 -8.62394750555989 -1.46248978415024 0.5762442705485333 -0.6893344630555251 -1.71029765019261 185 436.6586289405823 2391 1 3.162976222575778e-06
 -3.315492879490555 0.04963012671528116 -1086112614584525 11668.42412428154 25367.77399647351 1.119050317849878 -2.051136246229419 181.5353006828739 80.96978676930372 1.900920607876125 8.287774039104614 3190.734714418855 1638 191587 1 -4.137653153361638 0.9511729434142278 8.592539475239407 -1.732246188098291 -9.017640254259897 0.7872561750884848 -0.6126040866935902 0.9322697468960284 -4.131993847152314 0.5007363954929822 3.837406454188993 188 652.4751319885254 2391 1 -4.754572195725497e-06
 -3.406923190749618 0.1735712056018253 -36208.51095756677 1.133459455020848 0.7626954124394009 0.0798078241567462 -165351841954.3872 43.9484717603065 8.303362023233454 19864.19101609447 642943.5710180979 2906.134514344822 1411 191618 1 4.501171834727545 0.04629572012273894 -8.244829778680803 0.05434690461485657 -5.478493195008364 -1.534986529632339 -0.5553577141026276 0.8796065866363207 2.254343754560252 -1.083620798987127 -9.118061411446861 191 659.8665699958801 2391 1 -1.875702723447184e-06
 -3.53421060352189 0.2798949923565744 -393.8241623693011 0.4447044789484114 28.05293106413117 1.718871960598472 -0.4327655211064751 833.1391431593196 1105.891936846248 229.03975391977 28.81871835484729 3090.781324026098 961 191657 1 4.18163111972861 -0.8791846105883031 9.967199694330743 0.9174779231124885 -1.450233340959632 -1.159709749832316 0 0.6949874924746182 -3.068220895039255 -1.28999992234697 7.565505868696151 194 649.2201490402222 2391 1 -2.177948825504224e-06
 -13.74002979271186 12.25441867166849 -0.3695056568438099 20367.92004528767 54400.46328136317 0.05527973464787839 -4001435446278744 38.90191782827867 5.965833644634457 1.11845367287271 -6.109096757318001 3071.87626089844 2276 191664 1 3.522976554540262 -0.514251871037871 6.531013814653695 0.2825748624243727 1.410893122052213 -0.5765469241859345 5.912525758892675 -0.6876537761372949 0 0.8256323632379972 4.883879193670147 197 655.8732089996338 2391 1 -5.030374141325123e-07
 -3.675066770386856 0.3036275417863805 -387.7505887480863 0.2847675650704993 507.0686167713964 0.1663835766700867 -1473251.831553268 262.054779690616 179.5830924545102 2.17496570875583 3.989850346745346 3094.160358941372 3208 191651 1 -4.262746698356477 -1.25000899918286 7.015642999823561 -0.2807153606097987 9.055210323339265 -0.6622223410686763 6.094908641810457 0.2099395821566014 -5.935889062728521 0.2889853064186627 5.608587876767784 200 642.1612339019775 2391 1 1.892732697108432e-05
 -3.126195743718277 0.06983159936822057 -513725657215.9191 1125.332927271221 103.3160761307229 0.203955857960092 -59983.82229881643 3446.371473725593 32543.22210731888 802.2280357027514 1497.193720890688 3012.114635253845 3206 191640 1 -4.309955814441521 -1.488388169823271 1.846012467030822 -1.650332881189228 -8.457339913402372 -0.4706144841417528 -8.760497789774504 -0.192357412504383 -3.322527120148598 -1.404623239684961 -2.693476830642393 203 646.0306179523468 2391 1 1.074029961970833e-05
 -3.59211927817524 0.13951947235666 -134255.2375832834 119.1701155317664 0.9135024751868166 0.06096650274547139 -9075908415293.6 179.637494842828 81.6942126563611 41380.21043156213 4022407.347234726 3070.35106161197 921 191641 1 -4.572554177325579 -0.807103295301224 -0.2047570556483285 -0.5848176646666996 8.459074209309497 -1.120859890301119 -4.966746449781834 -1.185223958082601 -3.61026798332151 -1.22720906253733 -4.354086483445188 206 654.6234118938446 2391 1 -1.689821493878137e-05
 -3.220289489698536 0.2600939485714256 -351.1116221033924 0.1702923301720914 -51390.27375364575 0.2488815189373754 -4910.631786643335 978.8353447204275 2673.568354723588 1.221021460421814 12.66297078333917 2832.609888607254 1611 127776 1 4.433735126319086 0.1849462494641818 6.301132738411181 -0.2314342401801612 1.50547837120862 0.3210843552478835 -9.136750784826686 0.2100702008318351 4.935072177833149 -1.965246034868438 -3.182698837867624 209 437.6080048084259 2391 1 1.701332422131831e-06
 -4.285894975067676 1.251374122270053 -0.2832495735384508 0.2358064472999016 1719.374722274253 1.022170559604993 -2.493524835379054 519.637313025195 759.4313854372165 226.0147504732002 43.51814472234577 2903.381012047053 595 127254 1 -4.426183823253676 0.0337508023158874 9.614306279338267 -1.420478037436887 0.9228020662925869 -0.4312250474392201 3.065119519998023 -1.592207546298131 6.405733623260102 0.1948693870684317 8.94502157162902 212 429.8696448802948 2391 1 -1.422081862890683e-05
 -6.184995941773616 4.75325247331838 -0.09856160987353949 1.950946150319556 0.3258766068135214 1097.662883355561 -63.30618063078391 23904.16995601339 1171623.076881149 382.0798693439165 326.4897119970054 2880.951869549987 273 191542 1 4.521636929432463 -1.876213453824947 7.509520359830185 -1.911817799104693 -9.444261470816288 0.5192901860654313 6.045791319418536 0.06389264320868147 -1.007090600985727 -0.2300025442053001 -2.31778501262209 215 658.3868608474731 2391 1 -4.810506941608523e-06
 -3.013230484896565 0.1057098807621204 -50370590.2006378 10560.93045824482 37186.38693049127 3.068648074314854 -0.4332242889628533 3329.644982000378 24242.75663357764 5503.384253972256 34732.63002002161 2997.899259640265 162 115721 1 -4.323269294742127 0.8526345936336588 -8.939347039546101 -1.934990491813187 9.655691337648939 -1.022519210085552 8.309423120793173 -0.2153328853508834 -2.519952474571908 -0.2144756706041591 4.531495727693176 218 434.7853260040283 2391 1 3.602892136548247e-06
 -3.292248679578105 0.05553297161434387 -3103586388750.8 0.686274367794436 -0.7836822199054619 0.1711138707905384 -73802.0991739547 18103.95345411231 795470.5227768495 5.282769657859189 3.794392756564034 2908.743845026655 2846 127760 1 4.507431088261367 0.6823514816817768 0 -1.822303804723823 -4.136891958449939 -0.8214208432200767 -9.315134314213259 -0.2595550043430742 -9.772012510359771 -1.95647080486754 -9.691136589518576 221 446.8118131160736 2391 1 -1.356556894059604e-05
 -3.989783447777431 0.1716795882470298 -60650.25353565101 4.291421679458022 0.04371145991929356 0.0529554853101649 -1.194029805989476e+17 3007.539339512517 21287.41753245785 1.585243694560376 5.574439305783527 3179.6489335802 2164 127773 1 4.247010308555759 -1.025324210849011 -0 0.8152866957697134 -8.279019781030412 -0.07280939327329254 -2.969476061313066 -0.5714935169352096 4.507851451275601 -1.64484155451148 -0.6850136435914953 224 444.2230219841003 2391 1 7.470811660070208e-06
 -3.446681599492938 0.222940123562247 -3637.371434761649 273.8887821677185 9.922022731366843 0.319817094739582 -1686.154942745325 48026.70780632639 5351550.340650303 2.326925937934594 2.814013707731545 3073.147290802839 2358 127677 1 4.566033162531184 -1.742030602134761 -2.935446721540898 -1.791346269807184 -4.832221628365916 0.2622986252962911 0.2889004601531329 -1.120430812286489 5.492376787489787 0.5296656238442554 -2.614055693011866 227 436.1592230796814 2391 1 9.22256063243628e-06
 -3.304990840491397 0.1079371434582329 -318290644.7067607 273.9818485802555 7.406197490770771 0.2046557639927841 -189962.4127254817 2121.389872019487 10860.79198269712 1.567210205955908 9.561929401705662 2944.382362918738 5161 127776 1 -4.414159437119514 -1.396695389532129 -0 0.2893257855452917 -9.740808750737761 -0.1111616431009885 -2.543667602566903 0.4179878361127942 3.718450697930026 -1.910281927234324 4.405295338548688 230 435.9564499855042 2391 1 2.853701139244949e-05
 -3.264710114532167 0.1464953650554595 -176446.8485463806 0.3560484385644756 -68.8282360253362 0.05216912862722106 -2.519185630021094e+16 1613.440209887194 5688.507382063995 2147.482067981136 4013.884540174798 3214.954122462307 3442 127772 1 -4.587776629038025 -1.328135327958322 -3.431611768547855 -1.598922955377315 -0.4883330589335113 -1.684568151014594 -1.396147692168658 0.737519941136787 8.20231470332291 -0.4519028145406159 9.875892355896875 233 436.8801610469818 2391 1 -1.692290814040217e-06
 -3.363023700318171 0.2908104349396487 -635.4660667471705 46.3820601792786 0.7786891594985811 5446.226136313171 -6826.930562016575 61.24755865170334 13.49039974157966 22279.6724165317 1411886.308422543 2941.997951317499 1881 111795 1 3.450310046900753 0.7107400489002345 6.646128954743217 -0.9449524588041048 4.89563965669856 0.2781965793215856 6.684297801119426 -0.4738144127704524 -3.947067550547689 -0.3647317976969556 -8.490228798813314 236 380.5952858924866 2391 1 1.89708127636411e-05
 -3.770847790748719 0.1142656636333581 -1973013.032003069 0.09656067776120891 327857920.8204846 0.1690755306541693 -130007.6746183343 4062.969580018358 36252.54067905158 445.5213253321265 291.6105957430865 3072.518822040428 3666 127734 1 -4.377701920679387 -0.5708385765255573 2.119022003407558 -0.0834358207616113 3.606293371805165 -1.289541903676031 -5.188073737317164 0.559905750459738 -2.416218285743393 -0.2596770859857482 -3.68097967402342 239 441.7700519561768 2391 1 -9.616317574690579e-06
 -2.701112503681211 0.0619862744444491 -112748362454397 0.08054220564138601 1426438052146.557 0.1891042835088166 -339447.0326453195 3196.80692488445 17469.79631782928 32465.36467702163 2868732.768780553 2942.611846065069 4688 191643 1 4.593968833616401 0.2364349457093402 -6.07688643629161 0.215693230162167 -9.499955893353611 -1.165477919265082 0 -1.842638906823638 -9.456037379891956 -0.9411539014268735 1.529367464065667 242 651.2119309902191 2391 1 2.53498011919576e-05
 -3.640554520427679 0.06483635813619112 -1389552420468.576 0.1859563933621644 31550.33391534147 0.2379717214462438 -6042.737146885921 14928.9687869896 565573.8801290173 1.515493922695345 17.26426051071281 3083.946115089356 2815 191664 1 -2.91068001413732 -1.905040791398807 1.054527780728399 0.3497927267394108 1.884419048348029 -1.295541949262386 -5.613844849684682 0.6866617041101035 -3.09980097746665 -0.1436576636187672 0.5461312127268947 245 640.6599721908569 2391 1 3.49319474261626e-06
 -3.100480881439841 0.06436417769775178 -2874127730291.096 0.4452292584653872 -11.48306287998859 0.05208221928660849 -3.219056078083363e+17 52.291454827008 7.834187189737308 0.4000263449176314 879.9977385134296 2842.212834264881 4130 127748 1 -4.092356339260432 -1.881284156511919 9.150139675235353 -0.6197795039195633 2.541112267960366 -1.279276434382143 5.40244846039546 -1.654596688000496 -9.216124053510876 0.147425327004718 -0 248 431.3092229366302 2391 1 7.688070801180753e-06
 -2.63339195011514 0.04564972645155117 -3.606451249707462e+17 1611.768603856044 315.627662701009 0.0722980565091627 -13078618105991.21 184.9664681637591 102.1471386677925 3.238729145997492 2.201994931610883 3162.184810376577 2333 127715 1 -4.113759489948097 -0.5586650361840642 -7.590654574248328 0.2832296399770176 -2.21548420478371 -1.575336088923658 2.987465236972014 0.5362100505462575 -7.399728691807942 -0.754822029640307 -0 251 442.7458770275116 2391 1 1.040866765940526e-05
 -3.535812095492408 0.1921306134478965 -4988.06833402091 8924.415096815101 11998.3183945261 0.2352826701026341 -6461.00385410464 155.2431144805166 61.00954585984459 0.03852510155250669 9.989704528785e+20 3113.599090422657 1810 191612 2 -4.395610580391424 0.7733009792389245 -0.8650031601910193 0.9092167855413815 -4.676006685969998 -1.108734823929624 -5.427667762422628 0.9316810492058334 3.240265801753878 -1.407689475806761 0 254 651.4762489795685 2391 1 -9.509650616445171e-06
 -3.856692283614641 0.4958116350438997 -6.001623945796568 2.670539850291987 0.143741882891925 0.04207626440793812 -1.313879473494445e+18 11247.71387813495 242991.041951227 1.906431102102186 4.170657989978224 3006.49722908049 1314 127767 1 -4.183706371727226 0.3121625615277743 9.009000763327819 -0.00291110159914615 -4.593361909540405 -1.328450574325464 -0 0.9450924325474159 -0 -1.770139163828648 3.320554014073231 257 433.6282410621643 2391 1 -2.376449230417067e-05
 -3.551834636785372 0.1742103866342917 -38062.96460425491 2.234551221247121 0.3639893643500167 0.1358776590390809 -8878255.478866633 23339.72502103632 1419909.561313546 3199.327477450572 31926.26106391732 3097.761869476024 4643 191637 1 -4.238643524929109 -1.202589789663945 0 -0.4236461512211331 -0 -0.1905256265935407 -0.8285103485159837 -1.113753626588568 -9.181179801637555 -1.305406443453179 5.322026955971013 260 659.6431128978729 2391 1 4.162603853158123e-06
 -2.842983201533454 0.1218694360460347 -4330706.186228164 1667.746479702065 1258.814856502636 158.4594925132913 -13.02941137096301 4284.58915951417 39975.26998103269 0.05100047476703092 2.479313441808292e+17 3273.360476701232 899 127757 1 4.680914177666573 0.6608803634899489 0.1003113362997552 -0.1255339555133075 -9.285422067028261 0.3806577246668064 -7.472556569381899 -1.627076771383661 7.794351624279992 0.8924207211382864 -5.359408758449936 263 441.3456931114197 2391 1 7.260329693851246e-07
 -3.564256532582339 0.3026390496682466 -103.5158045835004 2.489760923290371 0.1278689813331581 1.015021277577237 -1.54742467135764 47.60888325312364 7.000345271017997 371.0980241538944 259.1217539763467 2900.219165362603 1585 191550 1 -4.392182022878032 -0.4151739962672298 1.663926581158637 -1.296804980146305 -5.016712530380396 -0.1837114586094941 9.845244169856645 -0.127089413454149 1.215002769172927 -1.728181380547731 0.9754591485282234 266 652.5622270107269 2391 1 -1.14801134162139e-05
 -3.087889112765629 0.135988559161113 -1756055.581406637 4021.676586040234 2067.6470568306 0.409204952885724 -240.9611088009892 544.8313340662588 688.1381312428501 2.320765289499631 2.404700427789725 3150.575378224326 4435 191638 1 4.601190462656744 -1.256256837192415 6.947906345803828 -1.980833773154786 2.199293698407892 -0.7021120848781308 2.426196421518201 0.918883026503701 -0 -0.2811157366882329 6.530651688590938 269 657.4419260025024 2391 1 1.294903439437555e-05
 -3.700050954548153 0.1350155042674293 -315365.7667964648 0.05856996420398157 134336986854126.3 0.04582785079336453 -2.639813558695011e+18 124.0515478878728 47.71448553449516 587.1633347513856 873.0779640208826 3137.935135852691 1258 127732 1 4.450954160995599 -0.6963775417060862 6.477838641699729 0.2645115015369499 5.425422052701795 -0.578671191961603 -6.309833905917861 -0.3305925945330639 -8.959695379933688 0.5043270277294738 -9.02292944875987 272 433.7101500034332 2391 1 -5.490590240685344e-06
 -2.247549541216795 0.08336824575068512 -8005369013.39432 3842.147939243581 2030.973738868099 0.3439108410712687 -431.424575321485 4349.703325664925 46361.46410071586 1.224739585868716 22.67901429251588 3302.178264207551 2422 191629 1 4.578086689723268 -1.106540844965158 3.854255416032689 -1.688801337673235 6.404983771967014 0.9554190287073672 -7.744564630682209 -1.425935696721845 9.596349764812203 0.6900681799305697 4.075132349080887 275 656.0597319602966 2391 1 1.234802142659337e-05
 -2.974652685973338 0.1350830671619882 -2201093.641469807 0.3334247491194193 155.0646964212023 0.2603933660850174 -9313.188814330702 46.95672511297879 8.396509269919195 1.15866932979687 36.76356342480759 3068.868809577431 3252 191657 1 -4.18107010697703 -1.124083808528383 -8.206691518301213 -1.595396739151393 5.31211298527712 -1.986459281909018 6.185087446907128 -1.308792659792458 9.416450574397919 -1.989822124689168 -7.111317473281735 278 645.3893358707428 2391 1 2.17001644166962e-05
 -3.239535277171659 0.0840040041713641 -9066139985.217377 0.04821922935894832 7.408057571868895e+18 0.1441447567331804 -4518103.213661862 54431.06967636923 8093792.685043312 0.09293914524335428 243003893159.3479 3061.005984830015 4419 191649 1 4.695528349375524 -0.2656232286562865 6.888490281825136 0.1825193949701873 -0 -0.4969608357570072 -0 -1.752371607995022 -0.9365997456217299 -0.6055876263917259 -7.441201714068352 281 656.0404241085052 2391 1 1.145991180245069e-05
 -4.106601726148493 1.544726421364105 -0.1642295596763028 0.348764108709342 63.82170503170934 0.05188166796496527 -6.144602973662407e+16 4060.135460911159 36303.29645461267 325.3900689304393 290.6672800168208 2836.778312254097 760 127731 1 -4.40841790883879 -0.3672785651950132 6.731919046616783 -0.8839867761566058 3.475370301426084 -0.5982313151431908 8.312775519619539 0.3475434027775717 -2.797740804552506 -0.04107672669093712 -0.6971238883359212 284 433.6417119503021 2391 1 3.920085207252022e-07
 -3.051723399586801 0.09221733747781485 -11853004795.62385 4.858551098585191 0.08197360021597204 0.06989641793502815 -406376994951893.1 381.3808106366816 414.5332953218248 234.1042402582314 163.3640095343953 2940.108510784291 1552 191590 1 -3.750178070025748 -1.853084843031851 -0 -1.158153285782753 1.678410421008806 -0.3214994933146072 -0.3697655916067006 0.1378340104969041 -6.031891277052203 -0.8524314892327487 -1.616196220224744 287 648.4160499572754 2391 1 3.064569595271148e-05
 -3.113942609745631 0.1189861570131825 -16508351.45539716 0.3925359893669116 94.81515224908235 0.0692658499385141 -22359679927636.44 83.4599462516553 23.76010878664229 2.021880667273025 8.416403826036877 3202.978576879988 4827 191659 1 4.656299788213097 0.02313257597858114 -7.166506672850193 -1.281138776429454 9.036392769080615 0.5481606895755275 -7.511505925465642 0.6143526602724307 -5.838418154164005 0.3725932219697822 8.322673275628995 290 651.1243619918823 2391 1 1.019211353008444e-05
 -12.72496822679997 8.809172167472036 -0.2843688266094376 2.442213056973723 0.1799665751966122 0.5814879571006643 -24.04672210145467 180.2829284165603 88.21971996519076 2.782588272605456 2.040664445057817 3247.691806634365 2864 191650 1 4.344581984981324 0.9303050474206591 0.3137414444301871 0.1890357457585039 8.24182686038939 -0.357289192666733 -9.934709537618893 -0.4404020280515217 6.154237998505043 -1.364369797560024 2.900094205360248 293 646.3269860744476 2391 1 -2.797991361966191e-06
 -8.07881761987932 8.983803345879977 -0.1477833561974185 56.71322772313506 0.4466740463725625 0.2750016220790499 -1387.901728664636 4586.779721236107 47386.13055544744 1.203859246932339 17.7590061038268 2980.666547329779 2280 127775 1 -4.578414251832593 0.7676722316499101 -0 -1.671369058111851 7.454953381084337 0.4607069226251794 -3.732678803627762 -0.8779585526456417 5.233170885186702 -0.8294383016027123 -4.237771312270353 296 442.9341750144958 2391 1 -8.94802278143549e-06
 -8.220896051521011 10.50031852639914 -0.1744660379144186 2193.524564277473 321.5976054422594 0.1846729560605395 -37461.92954855083 144.3375533653612 55.44224524582872 0.07107034337383095 5446468785331.353 2904.796435659013 1629 191664 1 4.662335390602927 0.1969177847576526 5.662916100772772 0.2576304617240952 -6.433178723951551 -1.893455436755906 -1.045074830756722 -0.9443022130686263 8.146266717179154 0.9665889262208114 8.934493471110642 299 650.6460068225861 2391 1 -8.376867193110607e-06
 -2.870973048815399 0.1342147838560769 -568126.0797100365 42985.9834955285 104033.0224755939 0.3244962986510501 -522.0236215953917 61.46213424336194 14.12881484844147 666.3068040315084 1248.46671820348 2967.335486594762 1221 127700 1 4.63594024087248 -1.217610252913986 -6.654489911418307 -1.159235182086498 -2.753022608682252 -1.508919481995255 -0 -0.1651166774164743 9.55105129877116 -0.9114774577637217 -8.083003885981979 302 435.7853569984436 2391 1 -4.654285460580485e-08
 -3.20459261159923 0.4019758483914854 -21.66584496312437 0.08650926716993985 3447550692.015763 0.05337283027420879 -1109188468702263 2012.14330942181 10074.9924945088 35595.06905663357 2851398.286817795 2914.393672237914 1514 127396 1 -3.412664452779127 0.1343477461960285 -6.349558543401421 -0.1880757757218632 2.832377193568437 0.9713683637718029 5.284072231623682 0.735662580282693 7.358855641539243 0.6605541589708226 -3.581670509245849 305 444.6180310249329 2391 1 -1.210797708755919e-05
 -2.858413622173058 0.296533966722737 -242.4536497349875 82090.18327808949 1457343.299761114 0.6937965053071904 -8.972923741417619 4.417565663256329 2.517218161031228 1.378352286326198 9.390630954847632 3056.876980121822 1970 191661 1 -4.622795880532296 0.5553306528771569 -7.799765271567303 -0.7391269450342106 -2.96437192429901 -0.2186094077745419 -4.329677331655972 0.1570806724975036 3.989692581244258 -0.1156899459666834 -0.1638040354702266 308 648.2699120044708 2391 1 1.269057949326681e-05
 -3.721022290486717 0.1120437018910392 -23804913.40191397 0.3488226750008483 -140.2578403881274 0.1450939989381481 -2627086.049027786 3308.051956783648 26229.61367354716 0.5165587464701198 161.9332152214399 3146.00473704584 476 191387 1 -4.673788048227288 0.9652995872948522 -2.657152221422898 0.2782151039841159 6.184753164764429 0.07067693389371588 -5.525349703431246 -0.9300364148459952 -9.263395062903903 0.1673391895600833 -7.964833796536729 311 649.7246239185333 2391 1 3.818710129859166e-06
 -3.523421009866823 0.2393417230306878 -567.8180297958794 478.775880045411 28.07207245108542 0.4930126408790203 -38.827600578038 435.2427946358711 406.1243767763384 4269.973875459135 49153.58260467384 3230.750352307089 364 127057 1 -3.65582886642083 -1.465382370528144 0.9864646321401072 0.2037139009747592 9.577242798900571 -0.3707886849787015 -0.07567232432369853 0.5106714302304107 -3.543673358044585 -0.2784367338063323 3.616124543741194 314 445.4159941673279 2391 1 -1.677482743539359e-05
 -3.095306451094344 0.4446400190937508 -24.31346215750678 2746.800991548804 1168.329131787059 0.06422163062720106 -107724591693803.4 2105.9501386299 10419.3735900497 0.07232935657093469 17677746922389.35 2917.026813400711 1238 191649 1 -4.078472772495322 -1.649819012702422 4.909057342393622 -1.452955801211132 3.624339090397902 0.8009187310967807 -0 0.06343919967143069 -6.364315099129984 0.8844458511714182 -3.665572195953022 317 655.7034530639648 2391 1 5.722436823466868e-06
 -7.152493370791353 7.149292314347071 -0.1244508787772674 0.08983981327028376 -2115078516.139256 0.2686760161426959 -4105.228452185508 76.9108562198321 17.22717472425603 19.66643597474954 0.7788762996055606 2898.976128628236 1207 127771 1 -4.577186592467069 -0.2560078531650847 9.219571864050231 -1.701137737751322 -9.216372192386185 0.8123810169698951 2.262824770177708 -0.6152979450399698 -2.428189621061413 0.9630932656230273 1.070181115068321 320 436.7718868255615 2391 1 -2.872408286514007e-06
 -3.400483283776865 0.07624732307201812 -12087577650.03396 1942.885885929041 283.1067208989199 0.0702386555442398 -6910472020993.015 3663.984415675851 33844.09701838045 7190.44368680941 97882.2065168534 2961.098495849826 1168 191643 1 4.184784302133854 -1.192626819008472 -4.914262144401345 0.3573933527387956 0.9798664157834676 -1.503929531368159 -0.7542113963689565 -1.680135996629963 -2.132450943190548 -1.232209875073908 3.830982595850098 323 649.7892179489136 2391 1 7.094623604966235e-08
 -2.883053273528727 0.2945265036152718 -58.13501175926138 52634.79087939193 434545.7937233259 0.4844047551589091 -26.9975913665188 61774.23954106375 10501953.20951049 262.7254794665017 214.6006591203898 2989.557092813453 209 188882 1 4.64665521301063 -0.7288254383155977 0.9865302107179597 -0.8064776210638058 7.444144042301284 -1.457593854206355 6.492475721572514 0.2641396866929138 -6.057166903315172 -0.7277108173680773 -1.339923698991969 326 651.1454789638519 2391 1 -3.972891350790862e-06
 -3.029613659688628 0.2475066190632329 -514.8426543073206 2.43859802442686 0.1373802246652207 0.3675192054020058 -263.3577634673352 109.8155835216687 39.03888925023197 974.789914060952 3051.704863415476 2911.312492798348 1084 191620 1 -4.642274148585872 -0.4718992456133311 5.3606611115462 0.3209908220436022 1.942974847866631 0.3212423469304992 -0.2599831523764085 -0.08311077891523945 1.062745591166244 -1.494914568875314 5.876100922677337 329 646.0468239784241 2391 1 1.040749747438529e-06
 -3.182773322512157 0.09740463658819942 -2625799303.714077 449.7437082503046 24.32904376737011 0.3364522408727739 -1424.761535319811 51.71880264625086 8.154691635516702 820.0097875045566 356.4876208073094 2928.306012957858 3089 191664 1 4.304742490574485 -0.30119886156991 -8.715011688101596 0.2489266856857645 -3.878048201500153 0.8834648652682926 -8.416795833087987 -1.94862703799636 -0.1824430528593659 0.9345134623861595 3.166188225776649 332 650.9889400005341 2391 1 2.963867159650883e-05
 -3.414469958675876 0.07279262123576166 -18475382044.32544 8520.215863102499 3075.380808343971 0.1398919534147191 -4051041.588388553 75.293244260972 19.91439481057214 2.256270999308758 5.42830679059902 2972.67516529578 2368 127765 1 3.724492670392153 -0.7952819995432137 -4.054976590183927 0.2502015075607713 -3.231222279965651 -0.4564191925750257 -8.239259123580863 -0.01695886136649176 -4.967861556532789 0.1372138102416391 2.168827541795242 335 440.3252840042114 2391 1 -7.875587992128858e-06
 -3.430827379455636 0.1068600345496774 -32260390.8079942 14054.87481991348 50958.1244934272 2.217798839775198 -0.5181161303980238 7674.182489633077 158359.5866208535 0.519253065518457 163.7561203851142 3071.009527264424 303 191578 1 -4.446810802370402 0.1055538905310062 -3.289084254744014 -1.806333779475617 0 -1.992550094800897 -4.618458675995881 -0.8791484848922471 0.9512272476993102 -1.424649394052205 5.26795347263467 338 652.4135959148407 2391 1 3.03062263740285e-06
 -9.785292378388956 9.880823257731139 -0.1998792572376867 617.349761674135 37.22570489139598 0.2263914939892345 -6678.620215069921 99.13831064567329 25.2634004293725 38949.87834056481 1171049.629264934 3064.339435915719 1289 127711 1 -4.536898540511085 0.1516380233833642 -0.1729052391216239 -0.7117206042774686 -4.381678287659117 0.06954104359923317 0.8439115355974693 0.467420119938271 0 0.06892756500876326 2.284539911510436 341 444.2849268913269 2391 1 -1.359236942289062e-05
 -70.65381807237235 72.87326638310022 -24.55482861519679 34037.71095654993 521791.161213979 7.544122510317268 -0.3286423182515221 73.16175672744897 13.67019351975943 0.1324035011955852 35407998.42358421 3026.4336108742 1751 191612 1 -4.442771603904706 0.1899624852314328 0 -0.5839339576232438 -9.109624679181776 -0.08844519267801497 -8.977321484225348 0.6895970115855539 0.8695885861955279 0.2871871386776195 5.638027681283802 344 654.8549230098724 2391 1 -1.489465527994121e-05
 -3.623839702600594 0.1656465696356294 -245549.9918396917 0.05073556318592273 3.756066646635887e+18 0.3437068789287658 -756.1612683206279 15.43087731471872 1.914940532002898 2.29644481409963 3.862995763588018 3253.441967386391 3033 191630 1 -4.527324356926155 -1.693745744450329 2.936322517389196 -1.998483726251915 1.205373165591781 -0.7135802663493607 -2.361667585262889 -0.3548824473123942 7.549639890745359 -1.74228161858376 -9.163244731856635 347 653.0594589710236 2391 1 2.437318248846757e-05
 -3.38985716379486 0.09351758604138644 -203083586.9460812 0.5501407701034364 4.236726705667595 0.09337825202712119 -4124895864.730444 1743.136301980074 6973.535418213334 2.614677700525096 2.061231891302362 3014.504487591252 2982 191659 1 4.541207450334548 -1.881672037034528 0 -0.6923221787628098 1.498780895419066 -1.932201302118879 7.705836715407283 0.4724871306804737 -0 -0.04874163575600935 0 350 660.1176650524139 2391 1 -2.668539828431353e-07
 -3.728385615610862 0.6397565041815314 -1.919938390106569 5073.131136646048 2371.284586200507 0.1549045848437308 -335620.5515776934 45.88872999256849 7.884949363854704 148.2651501103334 42.82828089556529 2923.601329314859 990 191588 1 -4.376989857673365 0.6841037631365228 4.116909161153309 -0.02394325583428273 -4.979987351605685 0.2528893751952546 -1.335995314462121 -1.491748995952046 -7.349715292090856 -0.678592908113747 0 353 650.3435549736023 2391 1 1.917319023035349e-06
 -8.21236083569449 5.080122209856726 -0.159306638919847 5.201395673044972 0.1657712858298467 1.003697957375009 -1.440999281569278 149.7642077237621 61.11387905310857 1.028639985284739 2.122280105843407 2965.366176060042 1658 127645 1 -3.987816722788688 -0.4884139288779643 -3.743246463365244 -0.8265174064637506 -4.891384900310637 -0.02842900697541674 0.5698183392231706 -1.486672747643151 -0 0.1435532365680676 -1.068734757843315 356 429.610689163208 2391 1 -2.402605253376279e-05
 -2.930133674918112 0.1358551281403553 -4147877.201063704 172.0972915318468 2.680910235454407 0.4197736003657145 -177.5108637548695 586.6042654104592 858.6353280315196 29956.29277996108 3370450.454522519 3033.690203101768 2173 191530 1 4.661630959867334 0.3697531985471088 6.202596862028092 -1.269188055364321 7.068250033383638 0.8979464785357587 -5.729298158136173 -1.758935189704619 -6.949136518174649 -1.148790689921078 4.186600990347922 359 650.2560880184174 2391 1 2.964910198101781e-05
 -3.880058657838751 0.09305258055791307 -579074249.2982305 11.90048431542256 0.2043482282885108 2716.554491493711 -2916.950315921183 3274.491498037507 23320.3654928821 0.08346207970709282 893387353265.196 2950.542702854571 2079 191664 1 -2.193459932449318 -1.913797861995953 0 -1.261897870727518 -0.6009132584172132 -1.501303001628278 3.5276137277715 -1.859540614500339 4.282071080113445 -0.9677938762941043 1.361181777022256 362 658.9998581409454 2391 1 6.79185322358238e-06
 -4.301127841793474 0.7483574764532844 -2.850567396836064 101.2715524781284 0.9565340044549967 0.05540240045776618 -1.66919889989287e+18 692.5469030590471 1041.467796758426 8881.85068305098 217387.8023420353 3109.844074909156 221 191300 1 4.562070530627573 -0.0490002812366139 7.162888506479186 -1.791159755568496 -3.515312866512994 -0.9896336057798365 0 -1.807778498162504 -7.178577010967835 -1.671259616517249 -7.193243297450918 365 651.8007669448853 2391 1 3.000098034281708e-05
 -3.128211758118303 0.1846676714374811 -9138.202097393458 0.3004780477599698 -102.9178369034605 0.04590882250003896 -1.050452712775616e+18 3201.236293039472 24378.32537381826 1.762817302794011 5.202678881259224 2851.607220556933 1403 127720 1 -4.538162536052385 -1.867544375189169 4.461323326798364 -1.990355576442476 1.217450050690216 0.07672995153061542 5.583014430440075 -0.675070411417753 3.476509061494311 -0.7001362766374353 2.927388172598123 368 440.934249162674 2391 1 -7.998510907942391e-06
 -3.287191562227913 0.1870526567758934 -15529.82964527247 0.09879012280754144 -114930480.6656441 0.3042696062820205 -1095.550415970255 16791.20142997089 616383.1876096224 1.746657744697405 6.162297247840744 3081.871678081902 4309 191664 1 4.548964237765821 -0.8304625372845962 5.346841239093932 -0.5931503906264748 -0.4175304535591229 -1.969803681730135 -0 -0.2506737888300421 -0 -1.343255213789201 -1.330023527641018 371 658.3437180519104 2391 1 -2.032420358630149e-06
 -3.764603914139212 0.07983911246614429 -5469752660.900729 10094.84650182753 9478.947229796659 0.2112514581387242 -23820.61897545823 80.35182196939138 18.06846047729297 2.672652066425008 4.030395324573963 3013.295475845904 3429 191629 1 -4.615658079379943 0.2294096416923903 7.085670571516424 0.4026749151693809 0 -1.226231718000085 -7.564943491672411 -0.6731688264887925 5.645498774547596 -0.1072788246803391 -0.7715292783511094 374 656.157243013382 2391 1 -3.353144514897528e-06
 -3.811689451488033 1.152029214914406 -0.2139589470431918 178.3432124479054 2.690799273339704 0.185868662785961 -76192.79500470056 2131.824720223655 10847.92105419764 1.162136945783525 19.26586472928141 2988.284127040265 2598 191659 1 -3.668766498841356 -1.335265757631406 -7.328749481168135 -0.4230585305088148 -2.15548102074771 -1.764185539063115 -6.056048617441185 -1.360984913743629 5.95250047623624 0.8683577793949961 6.776800484077832 377 654.8734710216522 2391 1 -1.459023701639136e-05
 -3.297977695450478 0.06357995588432883 -1472363722506.642 0.9621887984005923 1.743499858980526 0.5645383138621594 -23.47977711095354 56.15650733807308 9.264033375489891 0.07584627441586933 3183869142469.453 2986.826497740893 3447 127757 1 -4.423933220336437 -0.8441821313831213 -1.838074098111859 0.9547627615745141 6.534591118567588 -0.4558385364367012 7.072534495237287 -0.9248573145548793 8.67708310588767 0.1274030530937637 1.079842680236136 380 436.8403129577637 2391 1 2.104421156672708e-06
 -3.482763915053412 0.1207843398646075 -737970.8066505133 0.03459226710926566 9.991822157987924e+20 0.112139464460104 -25290363.45170845 63.93594802328807 13.81627470776462 1.065142546073505 26.35967782060008 3159.782685292727 3882 127776 2 4.440269635674817 0.1687379295543154 -1.960855757762899 -1.07948825232009 6.648105182805922 -1.98200994451552 -2.055439365618364 0.5705870005839433 0.127679658280798 0.2869716842632251 1.72044953951933 383 437.6417949199677 2391 1 -2.164158202252142e-05
 -3.775465095269638 0.3628415984512989 -47.45141412893711 0.0331543983113879 9.825825932757403e+20 0.2849799641403462 -517.7459953008107 132.9481841735841 49.55658604206664 2335.561107711791 9499.397682209597 2916.695539757586 734 191532 2 -3.474860390580554 -1.311351814521856 7.3151961447487 -1.615825111617384 3.697172916365397 -0.4020217768489118 -0 0.7488209217448061 -7.649821289058391 -1.6665055953184 1.282108589668635 386 645.716500043869 2391 1 -2.438088395829929e-05
 -9.27860499066391 5.283882192241729 -0.202160023848589 0.2975924472340202 562.4551432230279 0.1988657054805772 -51064.04384644309 44510.52005492584 5380809.406342235 990.7273986593823 2974.358147109966 2987.621227389993 5135 127768 1 -3.526234701516653 0.1217574498298717 2.230991481937329 -1.956058035437877 5.585569392766131 -1.914692534399298 0.987388585004326 0.2752848738923777 -7.693082713721735 -1.5504603126042 1.965478353079754 389 437.9575181007385 2391 1 9.600297697718916e-07
 -4.199332187118769 0.1608156953030682 -318155.3293777741 15209.86141388612 -3997.630759104718 0.4489438663297294 -150.0202110468921 33641.90537484382 1988010.292150775 1.138033622467712 26.37573203887978 3203.248995171593 4556 191626 1 4.509207427495779 -0.6555250459247874 5.537183396757945 -0.1093198961941298 -0.6597750479052231 -0.8035874507477612 2.16906977787603 -0.4142181012710022 -0.9370140666902191 -1.866934887648591 8.980047980640927 392 650.8341438770294 2391 1 1.853799093148637e-05
 -3.408284913957149 0.08067674006943361 -2842025942.13068 0.5768393960497564 6.712605949815023 1.95527269445842 -0.300498533373459 22350.00822530294 1166885.515140712 102.2548025315472 19.08891459554554 3158.435401405778 343 191548 1 -4.653594136374168 0.136812924388527 -5.108172820851864 0.5288718595158151 3.494595624668304 -1.470504341296742 4.298596675217857 -0.6400011105122516 -2.041425446702746 0.6142480189698407 9.249642611948401 395 655.534765958786 2391 1 -7.820591505773208e-06
 -3.3715175320742 0.4408744800510916 -7.536925093583129 0.03786582337119011 9.945791057531597e+20 2.543765157213667 -0.2789699933890173 3121.430586288825 21846.68426092149 0.08785608839514383 139274057617.2031 2920.630726142137 3661 127775 2 3.539598292642914 -1.035542732640337 9.252345436337848 -1.04876531509265 -0 -0.6938789868606934 2.310055885542704 -0.2508111330588018 -0 0.694033894007231 0 398 438.0001978874207 2391 1 -3.628543944975343e-06
 -7.136036159674735 7.154002433560889 -0.126835634017558 7006.435007739059 3133.699287539998 0.1148709527389538 -369770255.4904884 277.5873023145803 185.5866223486537 0.1880355757887451 2787329.465385943 3230.583848353326 2444 191646 1 -3.766231660021925 0.4945755840231483 6.42352037298097 0.1992569349495667 8.082920722123225 0.1413910619368819 -7.119363646136389 0.2137486884310533 8.032493118752207 -0.6763774543412994 0.06732588894528746 401 650.9240419864655 2391 1 1.546180159869281e-05
 -3.490888398219079 0.1041082318471241 -146517577.7047111 3.19664723555905 0.1001829220870737 0.08870702258714211 -98992707860.90929 211.7892968344562 107.4752467181286 0.289502111505464 28368.37438688831 2885.280972020133 1057 191656 1 3.578953858774783 0.9823414681708948 0.301358405073652 -0.7526450883876477 -0 0.9623250719980856 3.323647483535669 -1.150579392408653 8.229461078715767 -0.580525191162419 4.168165787231783 404 650.9167640209198 2391 1 1.20917913371649e-05
 -3.10615015187852 0.06082446181200524 -8811293279704.275 1.153961082427612 1.293164466942624 0.1857479792335288 -100091.696698533 144.8367460057636 52.96505069560499 4.378627134771098 1.630018713889749 2989.924192073788 4959 191640 1 -4.53202277046661 -0.1799663109257184 1.771228547316884 0.8439312724021568 -8.289893392445864 -0.1702846666132674 3.600844237190125 -1.233636880354881 -0.06087787476957018 -1.712494078411317 0.695310576919776 407 648.3054850101471 2391 1 5.028199871342661e-06
 -4.021597656862854 0.8035205864388837 -0.9430431827754692 2917.080136405107 726.6845256156759 0.06053704288923116 -7773861530851.724 26902.03092684769 1740446.387573226 0.06683618793791013 2448663650495.822 3081.064159451439 2507 191662 1 -4.600774980842575 -1.183611542395684 8.214914531035436 -0.4315980133847583 1.53116958655072 -0.2332114471335273 -4.074072435021265 0.09175113901592177 -8.269056046272746 0.5829208222222109 -3.858603637841548 410 654.0002498626709 2391 1 -2.475302760302234e-05
 -2.284810159507276 0.08950609926605844 -290472331.9826265 46549.71684883143 569349.2067887866 5.897464774176783 -0.2452023861318131 314.3797656699401 226.5888836234747 0.8959329181384471 37.76068955476499 3040.068811794441 1105 127754 1 4.563126887428339 -1.649067229632093 6.934792923151631 -1.345539003426408 -7.915369727433827 -1.908740622711908 -8.505647700212771 0.2570284441684367 -4.278181956699611 -1.723260311819645 -7.616225514782222 413 443.32728099823 2391 1 -1.006660964417373e-05
 -0.01517835541984307 1149.155117328244 201.9864329093859 0.1542369302189547 -262062.7880091593 0.3921303694667766 -125.3416415544702 8291.470314817603 183939.34905503 2.628537459895576 3.880516508561416 2901.426426822654 1519 127764 1 -3.833634334802444 0.2100461955146442 4.045834739711246 -1.834863160638399 -5.691692841607392 -0.6986238127714177 2.898388564960118 -0.4166419382027993 8.790082835962373 -1.6745615500913 9.749614042242879 416 439.1540510654449 2391 1 -9.15179174842179e-06
 -2.898115676499976 0.03404487035389308 -1.201915595328997e+17 14230.03366018419 19839.5143160738 0.2246204045352594 -3365.096424005364 37836.59404352504 2978977.364042409 1215.938884349491 3290.94766682161 2967.046586200549 2157 191663 1 4.663731321401649 0.9207591698977096 2.716601430085381 -0.6426238840910212 -3.111672814072112 0.2481880731166681 -5.259590213756383 -1.013469881810005 5.425402478652206 -0.504875805537485 -0.7910352263997664 419 653.3945860862732 2391 1 -3.665547025902205e-05
 -3.168770121850268 0.08521354749128364 -2759248188.473999 0.1026017329801868 442433901.8018652 0.1929064388664466 -83611.93419478921 269.5925143294943 179.4859246398988 0.866596848568189 8.907309879709308 2906.815108192829 2336 127750 1 4.011772345773651 0.4242612611528802 0.9911355941370639 -1.210098796380285 4.27536302665009 0.2073204320277852 8.032655843969826 -1.807950020910174 0.3526229851191931 0.6236974836680691 0 422 440.1302909851074 2391 1 4.498174743564051e-06
 -3.810364528696429 0.1108250173571241 -24652444.41937025 0.05542483852791331 4968546790206295 0.0454043688369968 -4.458645061195041e+19 267.9506656155198 222.576766205407 1.472569375541536 10.53587959220967 2971.029391731016 4147 191633 1 4.605978581602721 0.8123075967752613 -7.784128088039237 0.7016729568046727 3.1789007334774 0.1782520520736997 -6.737815152075329 -0.290051731584156 -4.059908213268328 -0.1465851402121441 8.871113365631579 425 653.0619630813599 2391 1 6.035293682964667e-06
 -3.087443537055234 0.08323798200265647 -1323020155.621253 2.584435625118386 0.1923731717841537 0.07015571460745879 -1236490826658.873 43305.92378047205 4266451.423407707 2.406446476714166 2.509221691484816 2987.096782073471 3765 127747 1 -2.828841709490181 -1.788746349716756 4.783256616789794 -0.143723617926911 -8.516441633785975 0.8338804739323571 -6.246013265481949 0.3841090078134117 7.066800699394747 -1.107248046374474 -3.289324386536914 428 436.8279309272766 2391 1 -4.753388335209528e-06
 -0.01596478014840827 30574.35571048757 140688.8744129363 0.1381778022990525 -2721925.308045175 0.2746309501417733 -3942.997042667992 28.40316169351105 4.072192059571774 1.000368397613891 41.73647857738847 3003.07051952032 14084 175688 1 -4.431212991702555 -1.715214922914444 -8.495770152108346 -1.716360287246457 -1.747167572159595 -1.679508742739436 -4.328430411613904 0.1443282239899269 -9.439699543035097 -1.501677773466087 6.432536495658009 431 598.2472598552704 2391 1 9.90207690794882e-06
 -2.774075962566662 0.1040276121087448 -11808102.43599597 9.361265058093823 0.1143246274023194 0.3107867175077962 -440.1625269563057 34297.07473638041 2552530.061849782 0.04790623464781309 2.005849902871564e+17 2963.966228787746 5062 191658 1 3.57621424073519 0.6085969980131152 -0.3509293983396584 -1.482837924878513 -0 0.4321311373735885 -3.061291597329606 -1.017555913747907 9.44194585234175 -1.996378579147395 0.1549008271485963 434 647.5812599658966 2391 1 -1.572631177836263e-05
 -3.673072023969226 0.06645564474746392 -563443008733.688 4.239410465243295 0.1407827356613444 0.8965904485199396 -6.059651609598635 57640.39340970763 6797650.040336079 0.3562297111338688 4352.799819818373 3188.516672805723 897 127757 1 4.62118790003262 -0.6695070837773702 -6.22062037983244 -1.493862893739837 -4.028799760194715 0.2830342513531421 -8.035682386286433 0.07512601330365148 -8.957660526182984 -1.378877866400488 -7.57076412460351 437 438.393317937851 2391 1 3.44626276045387e-06
 -3.542814997889667 0.1117749109260005 -23522845.90032298 117.3002277398342 1.971648380828239 0.2632834761890075 -3930.666175162178 122.3845679406994 32.4078971313178 0.1780651171148825 -794948.8074797223 2999.518129691948 1756 127738 1 4.649624334134931 -0.6524481945045748 -2.23254553767472 0.2126353020432558 4.938179017306923 0.6681226057346454 8.51213824905988 -0.1163239511107009 -9.248392845142799 -1.324767282073832 5.710479350793569 440 442.1522350311279 2391 1 5.116487636407867e-06
 -3.072513843422525 0.06862857887886824 -80312630007.03932 0.2056051516966235 -9301.555278965543 0.1241866608223132 -20387274.47397522 420.6431584158705 444.6927801915613 30978.96541938742 1944738.174610219 2950.467461291467 1011 191633 1 -4.592260961099627 -0.7222252940715883 -3.659089740135359 -1.083800937388761 -3.677243218001627 -1.440035596811402 6.134449454636566 0.8271738573891794 4.105056149367992 -0.0824346105078613 6.509803434463236 443 646.7565910816193 2391 1 -3.637318797084518e-06
 -10.29887766738294 10.08811337143256 -0.2286686010426159 102.7592882922133 0.7731796199801529 0.1705204562945699 -275232.5508650258 116.0717362518006 43.11754463677915 56.3515481782598 7.273799444640482 2974.505029373164 1416 127770 1 -4.677526172349483 -1.847370131340037 -0.8029113469651707 -0.3148690095226483 -0.06044696201197608 -0.3339173574810284 -8.799319355673548 -1.721302120173711 -7.387221338423046 -1.717008435113584 1.302755895207824 446 436.3322398662567 2391 1 1.275030168941628e-05
 -3.785555337161 0.5214035249635559 -4.377201632820155 1.063841828481864 0.3149570875546973 0.1287728745112984 -5137282.795987042 233.6993538635388 130.1212785176623 0.09850370469072296 2374103787.334495 3019.970934506578 2422 191634 1 -4.044999083640594 -0.8355022761708195 8.807920842740026 -0.3046667315060514 -7.970658041418162 -0.3588873337856349 -7.185998450575211 -0.5663932815413038 1.329073984208708 -0.2554102858191162 5.488306617919259 449 652.4241681098938 2391 1 -8.889450620228571e-06
 -3.610239028416554 0.04520419825938007 -4.403817446502692e+16 0.0607086808434639 -39524580149057.05 0.1842346774669633 -140722.5593502347 2041.246895491346 8561.223306839467 2.707463013896203 2.864587622577104 3100.573616359852 2401 191662 1 -3.907376278101558 -1.759424316925445 -4.093474207637844 0.9269076708918167 -9.158422210969034 -0.06395765102997689 3.669062891277663 -1.576388043453706 -7.841629316172702 -1.721587607572729 0 452 652.9813358783722 2391 1 5.367741426422135e-10
 -3.661483068302676 0.4200013331989287 -29.08293729907495 12.2005224104866 0.09520677139278239 1.058822896904958 -2.7455799154048 4704.410287905917 55629.31734859378 2783.914115433178 14185.82375522285 3150.169273617234 866 191605 1 4.681263448622692 0.6743721564694067 -7.374742122661271 -0.2394095595686148 1.657238237413999 -0.4307760772197869 -7.328708591200947 0.1213772492028018 9.93461702378786 -1.86381876588289 8.31451672829855 455 652.4372658729553 2391 1 2.81102154513492e-06
 -3.834963984230554 0.05821074773325188 -178453823830503.5 497.6896845538786 28.62505641612326 0.2503696660145876 -11976.28290384632 135.6820403300898 51.04509450812967 64256.10181061438 10696027.02590052 3118.785836002231 1419 191651 1 4.512887091466221 0.4710091113293355 -1.618946799980625 -0.1907438407571335 -9.158031995748013 -1.983008297979655 -5.927305642862101 -1.604429808906761 9.45703785688419 -0.5321303550468386 8.003003354479729 458 656.4738929271698 2391 1 1.534531745486345e-05
 -2.260030183005908 0.03639302288610181 -6.250182486778642e+18 0.05719458125075098 -70269172380140.55 0.09710741475131653 -553672310.016871 582.3938644129039 817.5738909836633 1.078346112234325 25.52904836156238 2888.260276618065 1980 127776 1 -4.689245712261802 -1.904953213908359 -0 0.6056407242615561 -0 0.8656287310117365 -3.32198057593576 -1.298616677019174 -3.280307506895059 -1.220916132198924 2.098858298688931 461 438.1708271503448 2391 1 -1.219476579366676e-05
 -4.091991760221202 0.3456530288651047 -78.84656755368297 0.2001950870847805 -5208.403534500116 0.2673501049970277 -2515.033502524889 1219.822178743429 2435.236882778787 0.2061200779793058 295465.0964884065 3078.771711550445 1402 127723 1 -4.548198008815262 -1.276687759638662 -1.899657063794319 -0.06834185253413949 -6.778403790811823 -0.8059416681402229 -7.455421604792116 0.4625327494229454 0 -0.9747275580688779 9.973619323130674 464 437.9496078491211 2391 1 -2.258448955357569e-06
 -3.224745104820039 0.4494858908706149 -19.59224702399068 1583.869032656726 236.7170432118651 0.1118405957118355 -887607365.128448 59.58481352703845 12.24728221980608 132.9500254792175 39.46148400549149 2834.777214290792 1861 191222 1 4.672459418670205 0.3549567395746736 -9.501799631040402 -0.5954379123243934 3.404562569144605 0.4978689947163644 -6.524516636801327 0.6284209028922385 7.990086259814321 -1.927606926898471 -3.618004451953934 467 655.6501669883728 2391 1 2.026140929547112e-05
 -3.948229416446684 0.1108973208383743 -19715768.40875247 5.272122017419274 -0.04652452389637173 0.1896001183214386 -113814.7709004419 11099.29000961345 237769.441770719 1.090490121933712 20.7337048337973 3081.151974243656 1927 191659 1 4.364524354747854 -0.05308864369057353 1.461092566160768 -1.989534886756194 3.406522647343627 -0.5083190995975535 9.636587339859307 -0.3731182747563189 -0.1058371632742747 0.4995879805693226 9.030783071181858 470 650.0313320159912 2391 1 2.935104927783728e-06
 -3.203533025488476 0.08145568006436232 -1863079736.9885 13404.78856314036 25866.34761829149 0.06636603508001702 -12918078414435.95 65.51283082743433 13.06855522233307 59.95949847815399 2.094159079118756 2987.428036616218 2588 127774 1 -4.640378424367841 -1.004512529434505 -3.102005694721846 -0.2892808049451876 8.217711827531096 0.5569986984787318 -2.016652421518781 0.6696635102060196 -6.13186505263986 -0.7456840163798155 -1.135863635293816 473 438.8482580184937 2391 1 -5.356974585597182e-06
 -3.858950947703033 0.2905260042962944 -256.3397405636903 0.03902246983811236 9.863494999392312e+20 0.3585792058260321 -309.429713970765 20417.86909521595 873049.6381029075 77740.08144827437 7389172.845411141 3084.69564198523 2518 191661 2 4.31253279630407 -0.5960285845570432 4.959884250542988 -0.9127775677871037 -1.835927568577725 -1.635220266693014 2.929466615637965 -1.129393664676413 0.1318440848428644 -0.6107616412940544 -7.944919979002481 476 649.696524143219 2391 1 1.763872199012838e-06
 -3.563236817656237 0.1098888683741635 -4866655.79812465 2.827471544374317 0.1176754695579362 0.07086001215700172 -686078900641.9292 11257.50826131771 268154.0603671535 0.5568801475649227 187.5031961935952 2980.216168227204 1150 191615 1 -4.288097507140874 -0.00423024695034882 0 -1.899380179489059 -7.347582936467647 -0.3900716642756574 -1.055313417060622 0.5604349569623642 -5.608663119392198 -0.9533298846415104 -9.487469647336519 479 650.4274759292603 2391 1 -1.335457165459639e-05
 -3.259979719192558 0.1349348306197746 -352319.7080786273 313.6900901083671 13.36277569280696 0.1327507742410359 -2594091.443663788 51.22381156573456 8.844696343130204 3705.776209664758 14210.52851446223 2798.385878821492 2667 127776 1 4.130782744274349 -1.996628487127766 -9.266953875834481 -0.7417526439508499 0 -1.432926301660701 1.759505349988917 0.4753226515045341 -7.697039630367652 0.8484969502286113 0.1531476740074114 482 440.3002309799194 2391 1 -4.80974487231447e-06
 -5.665235352498526 10.21645089001064 -0.09148955912555359 408.8158297178238 21.28247791658801 0.06308891302972158 -80860569335226.83 461.1940635853616 564.172389401182 152.8691968055611 34.1693817228745 2940.932304054953 770 191651 1 3.842427754593345 -0.8094199115907106 -8.637674816757393 0.2849022795177754 6.748364946877571 -0.1561755232896803 -9.006824102389842 0.4381275990159605 -3.28152559168029 0.9079162954115603 -5.250905053955519 485 648.3705408573151 2391 1 -1.338811851893468e-06
 -2.597496859204922 0.03490739812278792 -2.947645483594654e+20 313.367064582383 13.89050489829494 0.1752311562602342 -168794.1500575742 244.0221879224876 139.0173272114652 2.298997616625506 5.270501329494924 3030.043241882242 1676 127747 1 3.909539024258001 0.2748459060277377 -2.385202646381568 -0.4351077847532885 7.75729761969953 -0.08138355981091298 -8.242125313819244 -0.8939792305850096 7.053541766682233 0.07597353608271715 0.290671662516961 488 439.7039840221405 2391 1 -6.748302476297318e-06
 -3.305315041319325 0.09696298995338579 -288258920.9325426 2.58659347892502 0.1400825052518103 0.05328135304445345 -8.003166683438325e+16 138.0463345123964 51.5133682555079 1994.788589749118 6374.629023362899 3261.736355220334 5249 191657 1 4.685255981551573 -0.5174565730203993 -8.051614795315716 0.9532400825231653 0 -0.8305817297309712 -9.786402561672089 -1.831407155234279 8.055733006804195 -1.432046700000585 -6.195576426539367 491 647.710282087326 2391 1 7.000998589958159e-06
 -0.06281839688261348 12192.21025899127 18709.75130338942 1.282384368728548 0.7431717817865902 0.8048654841735029 -5.465834396103277 237.3445318192096 132.9926364621346 0.4480490802642054 795.9752567160867 3070.758712744294 1219 207566 1 -4.074472036543203 0.9309817250319452 6.78022314608261 -0.007315088078055317 5.486681110957488 -1.244470272598749 -7.410266401848144 -0.6686327609944929 8.177287454774985 0.3392172708358565 -0 494 712.3044259548187 2391 1 -3.630790180840343e-06
 -2.459391285562536 0.04292103622713868 -1420508463072998 12547.61510335884 28661.87348152374 0.09642848664742616 -319950448.0112085 324.5248944691154 256.1729735618924 0.03655040636114477 9.993328946626958e+20 2926.900803513738 3849 191638 2 -4.531910117255574 0.4741267636023587 6.293549594237639 -0.4000758850677233 -5.290145709591093 -1.039145221155297 -5.025888594131235 -1.53698214549847 -1.247172947948232 0.2319238918572477 3.368925871459439 497 653.0134329795837 2391 1 -2.154692860032522e-05
 -4.521451986684613 0.1605195079724423 -276332.4575788345 121.1296912217285 1.059553298631529 0.1486741592989764 -1402882.789087586 6057.610795169293 76456.9597208639 93329.28712580254 2752662.378462637 3003.348320184036 1546 191587 2 -4.358015957111874 -1.926439167677402 -6.958961432382245 -0.491714318670173 -0 0.8776689522334982 1.984431409595812 -0.8595322614233751 2.416658528299282 -0.9027070386180744 -8.593650775094259 500 655.3356790542603 2391 1 1.351699292239334e-05
 -2.9875273430357 0.1135432963480859 -6562680.481818202 0.1880769848799772 -51280.62847444589 0.08537058111331614 -26426078998.46533 159.2396424577304 59.63740906802371 244.2751635755407 33.07805821556953 3224.418530494473 3226 127775 1 4.408386391235485 -1.789373283142156 8.457868090012301 -1.696479720029179 0.4963037273885504 0.5412211451602436 1.098290558080382 -1.992762796591592 0 -1.88814028439425 0 503 436.8179650306702 2391 1 3.474712483668936e-09
 -11.63118516015026 12.20377751776865 -0.303676641540588 55.09216956059839 0.5475733497965415 0.07785125479822159 -63467930066.82897 85.4699940045893 24.71340082546218 65334.30171970694 11520016.1096919 2961.517343722093 2993 127773 1 4.408985714689317 0.08178594564635677 0.2449596933217464 -0.9921546689168244 5.173940998573679 -1.479286730551066 1.385257892515812 0.6773810188944682 0 0.4140656273002636 0.3144360403534256 506 435.0895540714264 2391 1 -1.296877336882726e-05
 -4.056966787042472 0.1880806647335003 -69126.334901336 0.2710032951869039 3375.566807130417 3.26746925857039 -0.3103226187891754 2806.924120802511 19864.78282034688 0.04725142205772704 9.915855666883844e+20 3138.471603990933 4957 191650 2 4.590452307698433 0.04500782248180978 8.534160245715681 0.5079278890160079 -0 -0.1232701929461122 3.024386540188368 -1.10224665861371 -3.881055378823349 0.470178999641055 9.492425260853967 509 652.6911499500275 2391 1 2.541913897814198e-05
 -3.492680399075893 0.3864073054161408 -12.60685652160214 0.03111497833052245 9.993041489674717e+20 0.105229764094914 -4615802.438860373 63.28772978171792 14.50763202371932 0.9355352996666575 29.4948615588299 2955.845784570721 517 127623 2 4.556774414977079 0.9689452066741561 1.072720556905224 -1.056721009615767 -5.633679383738123 -0.2464227055136892 -5.927057972311591 -1.48225670028878 -2.558561548756134 -0.1369999876137076 6.838620710931616 512 435.0858089923859 2391 1 -3.719032220666113e-05
 -4.122649321220732 0.1977776276556748 -12824.30724516667 0.05224291914702064 9.650817362505667e+16 0.6720649501726526 -16.43757393340614 546.2110467635089 647.0699965262984 1.765184394642697 7.552000482568719 3020.038756061683 1623 191647 1 4.285628590823742 0.9610091221254988 -3.91434554363309 0.6436539804784012 -0.9767492492640724 -0.1611395012992567 0.301161044783008 0.7390429064038102 -2.35005878418955 0.1903156169117901 0.3508866734040921 515 656.3020160198212 2391 1 9.551669698020388e-06
 -3.628272649034493 0.3397923303859989 -88.83823147427745 0.1898985496729408 12356.41071999352 0.07960231191808134 -123420773903.1069 764.7726011464235 1282.165407600149 87.3066636250491 12.90171969974377 2999.198865623808 5564 127768 1 -4.004676890369854 -1.444755118651853 -7.50849029027812 0.04371577082861622 -8.713541963369668 -0.4992959460684725 -0.2990073995325466 -1.10122847081287 3.521137678244858 0.5221514194866885 -6.378962249976894 518 440.1377599239349 2391 1 -1.347620452977665e-06
 -3.232477338366218 0.1174201293292882 -965441.6025603438 4419.269672651108 2792.10015334437 0.09478876796619244 -177706395.9019371 38.48368615947106 5.982069240891477 1.052702036949542 24.20294460529922 3090.973838696007 3966 127773 1 4.315437278185761 -0.5294623014536183 -5.033574196097852 0.7097789435594963 6.106971229400302 0.7852730269846351 -0.4083929487940328 -0.691259535541727 -5.206376613363554 0.2877361206968034 6.132517284395309 521 435.1709198951721 2391 1 -2.038781492981252e-05
 -8.303700525550953 8.185588042708281 -0.1550042243681694 274.752290846379 43.43801409195165 43900.49450663556 -1147919.4115813 6119.242892536485 74303.8243787987 4.621991990084048 1.323783251384926 2946.415344044609 1283 191659 1 -3.639712833889025 -1.190419093210071 8.253658269119883 -0.4539270347583972 1.456330141893734 -1.742814037931504 -9.816992065517701 0.7163697694134865 7.976233818050872 -0.6898844219375366 -9.429860502983191 524 656.2458639144897 2391 1 -4.733815961645441e-06
 -3.522072255147802 0.09349357000634909 -384374901.1051356 54.41294220618665 0.5468219345280565 0.0515695756503035 -1.860340177549523e+17 834.7895251413731 1616.697298268808 1.827834538583893 3.881661734166542 3260.192519406616 2871 191660 1 4.670950353323555 -1.720541178775844 2.611012798276593 -0.8863781283826064 -7.514525473911604 -0.5397109240906932 -2.061066222924654 0.3783928188217089 0 0.8808317366204355 4.074204559985009 527 650.5088059902191 2391 1 3.212742320259734e-06
 -10.08036346372431 9.320373571430689 -0.2256233422359125 1033.236157104233 60.71712629887821 0.1075255236354958 -201608734.2020628 16558.68227700065 685582.6610938045 0.8774330442420152 52.35140125263138 3066.199385168622 2235 191572 1 3.438461930566754 0.6923642450657201 8.708402557286959 -0.02906981957069201 -5.650638512526543 -0.3201021843636553 0 -0.8045147696661026 8.876590243957912 -1.579303105544568 8.020515036399551 530 658.7615180015564 2391 1 -2.332183270177333e-06
 -2.981656008429564 0.05047391833362896 -5.9787798502309e+16 0.4611725479567746 25.23348900857385 0.1194228330899784 -275893758.5328087 98676.08169743294 24313641.78644616 0.874315950737275 82.32464298925206 2858.732532263698 2049 191663 1 -4.532689429569159 -1.44993205547388 6.674656666834915 -0.7724625262549356 -5.344837640946345 -0.1035457452369917 -7.331099966628626 -1.080129689950983 -2.780619038338032 -1.700921838049158 -2.97964287882472 533 656.8367168903351 2391 1 2.423567977678178e-05
 -3.72434668940779 0.1887137744641668 -31457.60099217306 1048.908387581801 186.4511315383724 0.4978600399267619 -22.32252386514245 220.3724887647263 150.3326864823134 1043.987529092182 2759.781765077881 3024.2121838471 1193 127512 1 -4.616481342898291 -0.3004944680411069 -3.498868976816651 -0.7673714551164137 7.542926054806738 0.8891369838055083 1.220534450146299 -1.895606974838858 1.492850415085114 -0.8365216652945495 -1.487789593943622 536 439.5402410030365 2391 1 1.167236077413568e-05
 -3.790504006922012 0.2575628264271934 -756.4520565722263 171.4451281476013 1.389763394685186 0.4511413183300326 -107.6371579210996 23920.53179422384 1312901.456057924 1.852664877580367 7.356380129244516 3094.349686204517 2674 127773 1 4.270682782585438 -1.852652292727974 -1.910115232228456 0.4970282653544507 -5.163380417120558 -1.368682631925566 3.867870095387477 -1.641198459573565 0 0.1199676968736685 7.211911857749321 539 439.5545320510864 2391 1 -4.332076368463694e-07
 -2.722823190399832 0.03724018133912805 -3.238029843544092e+18 785.9324485081726 15.11874857671709 0.1203361476799917 -24079289.67311491 56.6166262796951 10.87766030459521 1.599925728257755 5.180290487168881 3091.844418184437 854 191641 1 4.383687347811946 0.6724535979701507 2.827906247789741 0.8123190476962669 6.624588420525817 -1.60119194950364 9.598182164027515 0.538080735158426 1.600871235112301 0.4172342855350143 1.692474009434144 542 654.5667090415955 2391 1 -1.152335445926689e-05
 -9.881807402024384 13.22440316231416 -0.2645535033047787 49843.1875072383 229598.7060384246 0.3367939237185997 -490.9793351953192 4735.278470646664 55810.44588586198 0.9223664590836016 31.7978747619701 3018.577270679564 2385 191635 1 4.091278505055921 -0.4810451066838297 -2.776457860963706 -1.950660796623267 3.566006844582804 -1.27570410701349 0 -0.1857350807475449 6.535092882252622 -1.275363926904549 -2.585347053332587 545 656.0873818397522 2391 1 6.975707280967923e-06
 -3.33690441420905 0.2223535516021273 -1575.547421271247 0.0918029220863246 -466605269.4958676 0.2148552145047542 -19670.71202926625 17921.49955649603 731860.4851297673 44949.89381104211 5920608.804308035 3097.702269761282 2188 127758 1 4.626166727730768 0.3625718291281412 -0.63935951216168 0.9234959285216644 -6.205031457642733 -0.8652392163521734 -8.814739524988134 0.9294694367751757 8.405568034132822 -0.970269004387184 -7.812616460448879 548 435.8848791122437 2391 1 -7.399439273707116e-06
 -3.452704552426205 0.2407943976497504 -1352.874247580639 0.1193758379721673 7666103.279978796 0.09170955728926269 -10371965592.0342 71.06918370865539 16.12201938528949 3.000501840890546 2.066770467769064 3010.826013792204 1776 191302 1 -2.273272670059259 0.8068674471281296 0 -1.461619298762785 -6.709625177006163 -1.304253564390418 -0 -1.385458225674002 -4.187987949543291 -1.899177759702095 4.47435082962733 551 654.5469651222229 2391 1 1.940717348222556e-06
 -3.743043716401756 0.04005865772218716 -1.132731066485298e+20 1.274215310717782 0.6749453902862371 0.1393654550865485 -12991091.37626334 5184.12676346745 61267.59097238133 37304.64418504498 1104634.047914307 2974.259856591868 2268 127764 1 -4.264880972655555 0.3905009346083976 -9.474474395388937 0.7700152203179975 8.290690562914472 -1.768639345278447 -9.558008433590924 -1.397836571182354 -7.931111891276647 -0.6909295841743441 -8.18144160540491 554 437.5010719299316 2391 1 1.194600010277064e-05
 -5.390370103963022 4.946129291286002 -0.07798614105160762 153.6335837764613 1.923337005325968 0.2410211115086475 -5407.332150378686 55103.29365883984 6967255.825174303 1.396274549199287 5.860544719598649 3053.179461673255 1338 191664 1 4.479561128804933 -1.467424775218756 4.579695140200647 -0.8039581463434295 -4.474888438022413 -1.464142704836341 1.605654911319259 -0.7084563768110907 -0.8562458947474232 -1.985965900553561 -3.736144091763198 557 649.3435111045837 2391 1 3.108596129117661e-06
 -3.344593689016962 0.2048595479279252 -4653.346575433802 81.19266782120744 0.7019574547194278 0.2348194032829586 -4353.678291120538 531.9981698616001 767.6161156031739 0.3867562020520663 1271.229644861755 3078.597570277921 3718 191656 1 -3.71245106653884 -0.6890543240671452 -0 -0.1512692503779833 0.002033423142817625 -1.30759496795015 0 0.1682305322663304 4.527925834129618 -0.3750930158600046 3.868113513458233 560 652.8260889053345 2391 1 -1.069885502150794e-05
 -2.850524590514445 0.03611157961702104 -9.097817151843956e+19 1616.607237140155 322.4347245364995 0.08845288234933606 -7491109766.044782 3705.834290691372 34144.79779378892 0.04070460913223535 6.131827036138353e+20 2996.354743919389 841 127582 1 -4.623436483755032 0.4750913124378417 -9.330380276837296 0.8017652506085065 -9.629184059388978 -1.426448238325939 2.578559008062381 0.5749074060350705 8.267736807132597 -1.983182297728952 5.321508750024508 563 441.2310659885406 2391 1 -6.006576766948317e-06


# name: injParameters
# type: matrix
# rows: 1
# columns: 11
 2.04 0.07999999999999999 3.1 1 1 0 0 0 0 0 0


