# Created by Octave 3.8.2, Sat May 30 21:13:35 2015 PDT <charlie@dicke>
# name: outString
# type: sq_string
# elements: 1
# length: 114
Slope	Lambda	Gravity	Lambda	MagneticField	Lambda	MagneticField^2	Lambda	AttractorTemp	Lambda	AttractorTempGradient
# name: op
# type: matrix
# rows: 188
# columns: 31
 -3.162512688221257 0.08289551644048133 -1625749676.70574 1834.803799545781 465.9446460671413 0.421056477421704 -157.1248943179905 176.8173698948352 88.11523401532814 0.3045631978864952 10826.57998059061 3095.771619765878 2314 127773 1 -3.759759269959271 -0.9759861722227097 -6.272242897266987 -1.795833138461846 -8.186906346513251 -0.3928829522620241 -8.207310746893972 0.07818502300560265 -4.73629465730296 0.6297757259939591 -0 2 666.7991669178009 2391 1 -1.652243231079884e-06
 -3.428778640858236 0.2848511800614823 -315.990411725941 626.703877491742 68.60241282667442 2.275561763481839 -0.3924571231361497 570.8198485051189 949.6134018391805 0.1491855993797749 11702442.44030722 3093.030209333703 1080 191664 1 -4.183182366553012 -0.2820764243402979 -9.440257956713259 0.6688019826014386 -8.563941510371166 -0.1238001798613908 -8.589674088373661 -1.952679267126383 -1.798060257863699 -0.2061750012193944 1.449851046366798 5 817.6812038421631 2391 1 -1.973004624407513e-07
 -3.268709631222342 0.1225209174662941 -2107286.298472702 0.2583888843925783 -524.6669071631208 0.1342986385132635 -8214274.148769607 78.35145401751434 14.21690967223636 71.72252658959934 -1.056467318622754 2926.125655563928 1898 191487 1 3.691081515089003 -1.525228465116373 9.243186064696946 0.177077455981709 4.893183589943938 -1.542387026882151 -6.555984768733547 -1.51909893900062 1.26959276583733 -1.610259455652154 -3.134593295880443 8 813.2275938987732 2391 1 -1.134250898193892e-06
 -6.123518397827931 6.650885087798937 -0.09602903232179523 0.0433338836759819 9.975110403501834e+20 0.7383196577117206 -4.614631779502491 43436.57580070549 4444809.957228023 4.763630164503305 1.756853343405708 2814.263094024224 605 191586 2 4.407428851953692 0.4203675075834665 0.5804839374796584 -1.301740483891314 0 -0.2121640986380359 3.102483236434957 0.2778462733380707 7.854769567594692 0.8327793245240853 -4.385215009973681 11 816.2819669246674 2391 1 1.438753690982918e-05
 -2.500956149607884 0.07386773480086237 -75108069367.76222 9419.612628266254 8013.783490767851 0.04510927003102498 -1.453787043338828e+19 24978.85744337236 1465526.402544 4076.086587654694 34964.84511142681 3211.895172673764 4635 191664 1 -4.599602477922447 -0.4200036365526821 1.595556888935797 0.4930046643748724 -9.226132057175253 -0.5497077854879002 -1.917753772664173 -0.9177758298079963 1.641806330757759 -0.5128573661635913 6.765650157269365 14 820.2722389698029 2391 1 1.820077495800056e-06
 -4.260250805186526 0.137443020232748 -687904.0710776146 3778.214510632365 1217.555886294727 0.3886595353688803 -118.5665423991469 25537.89230743996 1314777.95903786 4.422975515129308 0.1267980216586491 2793.153441732961 1028 191564 1 4.07645529208609 -0.4165092468329075 7.719913547031384 -0.8907649592952085 3.153802981857019 -0.6474044711048776 -0 -0.1181496017393205 7.810281127633615 -0.1785017776775373 -1.881758926807253 17 821.3591461181641 2391 1 -3.021175883845259e-06
 -4.557511617082961 1.173389583669806 -0.4831789817369088 257.8741408348883 9.770713659448033 0.3502585741609886 -751.810019851956 5788.662422670188 67191.58919568306 1199.66205131612 1593.291973673533 2967.276695195238 455 127652 1 -4.588412349735412 0.8255590023233861 -9.695264256388732 -1.817595826710568 -3.524398514718099 -0.8797161634472115 2.130948887093942 -0.6366953350359097 -3.092023786588269 -1.331607349293859 0.8328589769423358 20 437.7992720603943 2391 1 1.325992248871357e-05
 -3.664690922787857 0.5703757869752299 -5.607171888635953 3712.085572777106 1183.471968700853 0.3660344516342198 -347.7199242481029 878.5020697584002 1612.961416093272 3.654259983932159 0.9796849116275673 3069.381785927224 442 127422 1 4.541794778381085 -0.67180876078492 -4.071095707384502 0.004677564390888299 -0 -1.403407298895035 -9.306819735622231 -1.825762564401031 6.962094942538337 -0.8165081914355703 -9.684557575742694 23 437.4547798633575 2391 1 7.400477422191951e-06
 -8.635015290608434 8.604191976247995 -0.1714499859326007 0.04352723620492581 9.780382995669784e+20 0.46147837205429 -145.3911746252934 55.29261557606765 12.03752565002909 0.3807165511085364 3559.142645623543 3120.652902001067 1941 127698 2 4.610407342779976 -1.216850191929785 6.665292413017577 0.2659204210758954 5.375289307567721 0.1724589298042489 -5.74634369792503 -0.05774547252540606 6.616745219811958 -1.002349116987098 3.230832465935427 26 437.1446979045868 2391 1 2.309668693928738e-05
 -3.502027676226692 0.2015087686743556 -1033.732552852853 7352.228146389109 414.3773122597124 0.07549520757929101 -15053310670.95203 1346.02067357603 3930.410336432271 0.9343444289274867 31.68179097434405 3209.223229381712 329 126443 1 4.570171476862592 -0.8942635354060968 4.658317947465539 0.7606771061248843 9.104599993537521 0.6974945050314769 -2.472454043095587 -0.3456477384789727 -7.159649005276043 -0.01753228518438734 3.384814084659627 29 436.9938740730286 2391 1 -2.654540890685241e-05
 -3.558846644148788 0.1248144220742266 -1448087.709176339 32.28883564819069 0.549495104543016 1.603249215552047 -0.876256515596588 78.03851878290166 20.5456395257309 561.1313761363031 861.3689217187654 2899.998756337733 959 191100 1 -4.525042443970975 0.8245296246122003 -3.745962259813878 -0.09839186346361743 7.613569824657539 -1.058765258553969 -6.241866548879013 0.9090459532709536 -1.571952821180549 -0.368869046180043 7.080992978976672 32 649.5738441944122 2391 1 -5.824156722326116e-06
 -8.652064381009772 7.379132337728828 -0.173350950370366 9811.591497895308 18973.64696858081 2.650153625719642 -0.2213002735021405 3190.8473798783 27707.19665802753 46.20738325717323 8.095549422011652 3006.484318635914 1801 191653 1 4.111591977603132 -0.2044069690575787 -3.664044383301317 -1.619267393558664 -0.1056748624988755 -0.7405109439617288 -4.704403923041257 0.6427328693196523 -9.987556739167664 0.4505553806982151 0 35 655.657016992569 2391 1 -7.995286924822574e-06
 -2.67810523892891 0.1241702902325381 -11733365.23676325 69210.8454764318 591724.5947486969 0.1197793003588069 -101585598.9910419 45.59835706100281 7.749785992675395 86.59925999386468 14.01280254855343 3080.245643095852 903 191628 1 4.144640482065161 0.3082715905333586 -2.804860978379437 -1.403219502096618 0.5553071918169974 -1.038971731184734 -7.412532132974498 -0.8010356805204326 -5.978109181848955 -1.478498053260378 1.046386659974706 38 650.0320880413055 2391 1 1.498439298722423e-05
 -3.388809109585438 0.2115677559441692 -4617.192047683598 20209.87851683405 33468.69548971213 0.3028786820115469 -1612.301596828079 71.92226014541164 16.71986952222167 2.11127697896324 6.098598355309391 3092.919620261137 2438 127771 1 4.247743021689172 -1.721647225260372 -3.552866763322141 0.9188002685334267 4.212778812247206 -1.444192154578454 -2.470391116027341 0.5840476628480715 3.215953308337329 -0.05772097771330302 0 41 433.2787129878998 2391 1 9.588673067247475e-08
 -3.03654662990345 0.05730290258161415 -2868164275633.868 92667.51498326457 692413.5254587008 0.0494729760541171 -2.169683566330024e+16 835.9869491274056 1609.82340183841 1.43716184060206 11.01712875181618 2955.766045881488 1838 127774 2 4.685882394864733 0.8898118921370517 -8.971443376206878 -0.8089842652627688 2.030482175592096 -1.129535906142668 -9.685073044269432 0.2289990579059213 5.807221054705401 0.7628267601883616 -5.898755087616454 44 433.4251961708069 2391 1 -9.86529729202084e-06
 -3.737968872194156 0.1127635403395339 -1015376.036868926 13470.9230623719 15953.22287468507 0.0894860455520963 -915857867.462195 110.0447220941537 33.85038963360957 143.6314309363706 63.18821371704824 2913.88002338773 2151 127729 1 4.317730325569899 -0.161428395089402 6.365480942364841 -0.8859704449828349 -7.432196262154292 0.5726195233906388 9.176425504246446 -1.773196989708625 -0 -1.48295373159729 2.170925711264712 47 436.9796290397644 2391 1 -2.581651548871297e-05
 -3.317110783891223 0.2866289568690049 -301.3505122663827 24021.27622757417 27346.02148498478 0.3747906796846506 -223.9043497615449 23475.64690976501 1002064.656333123 342.8015810450334 123.3103006658632 3141.186838110355 3983 191657 1 -4.107722869396499 -1.859570993336361 4.142087639728942 0.6596151176367089 -2.761660675456684 -1.074331961016247 -7.754482048477927 -0.04596440560767693 6.166924624644182 -0.8865639137834629 -5.98946237881144 50 656.1458659172058 2391 1 -5.498893465158841e-06
 -3.669107951757419 0.4827932994279847 -18.86722818636634 1595.210537892938 146.4861309921456 0.06165554126490209 -2520589278070106 9.044942878977551 1.193218873513081 65.95680753938481 1.025277123910591 3133.073377753555 4930 127766 1 4.594170891349646 -0.1637579751693475 3.513443096404571 0.2771068746543826 2.266184839012031 -1.588491011905489 4.349780496573927 -0.977805003015475 -2.557426966885736 0.6736023906187931 3.672986335802687 53 434.0577890872955 2391 1 1.78037768884795e-05
 -3.017997604286137 0.09903228808323465 -44270179.86252251 3.044438963377817 0.1167359805410473 0.07405924568507456 -588826244713.1378 28833.75227634905 2164145.403544139 5.956000663078717 1.597604878650387 2895.807150449772 1271 127752 1 -4.617518709532467 -1.895852208865318 -5.78250150826779 -1.612393354250139 2.850697536960801 0.9753915446606221 6.032745340340114 -1.046426413382079 -8.0942574988551 0.4555429129923442 -3.143744568926137 56 435.6481039524078 2391 1 -3.103744255405399e-06
 -3.445177329669397 0.5506275065246796 -6.46670404794742 0.1151083018696083 139972356.6406676 0.07024268906522461 -10155333037651.05 65.73454195971203 14.49013332906749 43922.46361563294 7395103.694429004 2811.896868024948 1476 127775 1 4.209564309521706 0.2807565098061771 -8.814503444947235 0.469708041978329 -9.674600492804164 0.03708581644494343 2.260215490706186 0.07917865237440493 -0.3261700641961447 -1.240263450726434 0 59 434.4169120788574 2391 1 1.264682830276311e-05
 -3.283814304751129 0.08392708450836078 -643012575.5251049 920.3073538722671 67.03751181406803 0.2698610825323997 -1756.177657656642 40389.82365228264 4738091.073365249 50913.90614680883 3068297.920632315 3250.017130120849 1452 127761 1 -4.001160903302839 -0.457593040833256 5.806792086587221 -1.36791328844531 -0.3004569862769793 -1.393978382712437 4.435175508645797 -1.181158139102386 4.638762480133823 -0.4043017958968279 6.127500805769729 62 436.1452021598816 2391 1 -1.368383021094917e-05
 -3.504897407991042 0.160812082390864 -101437.0245490779 75.51092415518048 0.6214680781957299 0.3134952256279807 -1140.865636593051 52423.33190936835 6348211.756769245 8329.650072797858 98952.66416377839 2927.076627625408 485 126854 1 4.476416666960683 -0.9054751080636256 -0 0.9908089837863647 -1.035521562061325 -0.6340349736361439 -6.273949733352606 0.2118181218883457 2.29404558832521 -0.5801325953343275 -0 65 436.261626958847 2391 1 4.769117974248704e-06
 -2.805356357383117 0.2737720761899095 -329.6308021286832 771.7774538736885 36.70077100593678 0.4422872333459495 -77.32358703430754 27012.77658918241 1871223.950769418 3.12793198197412 3.915840282379389 2942.378023841045 152 112490 1 -4.464336988651227 -1.734298183791264 -4.434344497088243 -0.6565307570871495 7.301584865296896 0.7252695231314679 6.059895114109336 -0.4452553605844107 -9.459637446660242 -0.1610924407100969 9.556716872139413 68 432.8495228290558 2391 1 -3.639577276812306e-06
 -10.7117277900228 10.5638850153866 -0.2655073334211019 1.909810339634586 0.3670853537737397 0.0920373673410801 -7398570364.438388 219.3068621164492 113.3679923519702 4817.421467809721 64565.78219458913 3016.451474246631 3104 127772 1 4.02435950458258 0.02849392359855508 2.049738943139989 -1.280381518117839 -6.943512671695795 0.06311963099420478 5.350327910317858 -1.941406789408186 -7.238292591596947 0.429694112678165 9.240532526826531 71 433.6251819133759 2391 1 -2.225204335756243e-06
 -3.015303119159054 0.05599834481170725 -1415458308924237 0.2815441901659645 1903.505797834077 0.1172387292636972 -604059609.3822969 58.55154750530001 10.86278704828058 1.408191545194372 12.23480642389726 2806.453341974908 1390 175689 1 4.520169207696989 -0.2916122310920279 -8.45849294913757 0.2112026288803727 7.819451604088233 -0.7486508593992873 2.019489298942188 0.9246885681542225 -1.12929759188903 -1.867743375292648 -2.510087318160876 74 595.3766241073608 2391 1 2.298579844994895e-05
 -4.032307518457553 0.178573062753652 -47771.25249295365 0.07859172820864611 1146138501546.868 0.07296169019386523 -24908739106315.58 608.5177278795084 888.9711054978972 0.05890960819578528 1.084958775672463e+17 3054.337526802715 1049 127773 1 -3.793973462674516 -0.6006673168878045 4.029162558946171 -0.1712885299177955 1.110886654330314 -0.1582660744480933 -8.16525671935597 -0.6640784504390567 -1.005890888907375 -0.8916144160680091 0.9948520698121346 77 438.5315768718719 2391 1 1.822576805796922e-05
 -3.896095283518474 0.6631982128741989 -2.260814687921421 4.367989198236351 -0.05537182195306364 1.065045633791347 -1.683684075074275 14975.42195197412 547940.8474939133 218.4257525037953 88.7112394757054 3088.763581293191 404 127218 1 4.462095803437565 0.2543039276423347 -3.132917121474857 -0.01814294366247896 -7.944363502618209 -0.4134947083985293 -2.975408348773069 -1.408471223086366 0 -0.9985381499492876 -9.328639630085501 80 436.3487658500671 2391 1 9.081660987034849e-06
 -3.460057655424256 0.247635072360218 -1308.735754870483 10236.97420400168 13505.89014081165 0.1639145741360248 -1226060.740478875 512.4987008334972 538.0581088682326 5.148307817424485 1.373222340663566 2959.382832942981 396 127637 1 -4.696544874204749 -1.210533171655753 -3.070883146685258 0.5977096160325455 -6.772889440698799 -0.8454585776783858 0.6955981326685885 -1.801625737396111 -8.018217057233736 -1.898845038717733 1.814604656027294 83 437.4105930328369 2391 1 1.532078131949454e-05
 -3.286758089281655 0.3289758681728547 -99.37046085084529 0.5592113004844099 -1.062796627151983 0.06650877574952338 -32484022134431.21 200.8876325761138 106.1427965962835 2.213809993681298 3.087693696331767 3070.005222118324 2211 191522 1 -4.287894563596304 0.4328686301940355 4.428938180139852 -0.323739326520582 -0 -0.5624165355972099 -5.128278083666099 -0.8142820706412213 9.324041610590688 -1.23450420225484 -8.268958723669805 86 649.4223551750183 2391 1 6.210432038240134e-06
 -3.432361748970672 0.1311474645104432 -4163428.057894234 1.342999619399293 0.1194145717477238 1.317615205577932 -0.7663951453270824 47.70878733780769 7.482143726436687 830.5075627775385 670.1975787950139 3115.794233048961 618 191528 1 3.808255111568884 0.1984331003498725 -8.374199376117575 0.9312418431844058 6.139588090503013 -1.949173628722725 -6.394185210734537 -1.035974816261106 9.835471063621037 -1.973432843650158 2.473899176171609 89 651.4069111347198 2391 1 1.294041539812618e-05
 -9.353663917556295 5.346880570128351 -0.1998130867891363 0.6260043547129851 4.288305096229206 0.2580946010742854 -1182.057404561594 532.4498605537673 714.5703249665953 1.521822084826173 13.23026084460621 3110.680815160066 1360 191663 1 4.639782337537824 -1.133838134161627 -5.965846320760738 -0.845276397077055 -9.803500139384951 -0.9533334626928981 -0 -0.008291572827929822 -0 -1.559149789663783 4.556386840408944 92 652.7653841972351 2391 1 -7.072552682597562e-06
 -8.420576901264221 7.825218427334585 -0.1861302549521008 0.2205862575631704 2889.189817913815 0.5102119176525753 -21.59886747130928 74.56679245191506 17.63907269184947 6501.686791045623 125297.3893370043 2944.267540609332 1029 127775 1 -4.463780196684652 -1.31933791161412 -0 -1.473856756011667 9.31881390293845 0.2245862635163247 1.453113851242365 -1.56854556174328 -9.307156474585812 -1.311963711700732 6.182009606749706 95 436.6272511482239 2391 1 1.530201286737587e-06
 -3.683781676060534 0.05841301845953838 -40506823603400.95 3.47461568213927 0.04241668154169299 0.6292202820352939 -13.14751751612824 54777.75739510152 7052662.744011011 38961.26226007882 1284503.979951768 2962.556811802536 2664 127773 1 3.836761621809996 -0.2635841951735349 -3.984654658418857 -0.3767111412060435 -5.872088121026308 0.1515424710318367 -0.5767180711811171 -1.119468667077362 -3.09925238818257 -0.1123567553875766 -1.213320318607072 98 437.1412808895111 2391 1 7.394013204420614e-06
 -3.779535849228885 0.6015652069043391 -2.753778322863035 1.828081902331973 0.1965101559660659 0.1869417806345387 -17354.07972101993 678.2766367491487 1046.635282307478 3.890383167708076 1.54555641867626 3019.818942191072 1440 127771 1 4.328401423607716 -0.2149160774126795 7.39213995714341 -0.6870753177944779 -4.120753017341419 -0.8387646091430998 1.422954603908682 -1.880917730018986 -1.676817956280081 -0.3293184130265567 -0.8799716345165534 101 432.7749722003937 2391 1 -2.112728482692562e-05
 -3.182604377972227 0.2751010928356797 -343.840075111203 6.76752529081841 0.07227315277434342 0.1234745943909001 -14560653.5331606 71053.16579769617 11826596.4791549 18999.19380577807 541666.4746950313 2978.115689613165 958 127772 1 4.276196879251277 -1.90570220130839 -4.35832408999356 -0.6255303081710908 7.406467365224874 -0.4155924153589909 -9.929037929016776 -1.954118028646713 7.581728774953021 0.7814622657709251 -6.584069370178327 104 437.7452011108398 2391 1 -1.053202953813088e-05
 -3.471808599953227 0.1768287128371502 -9591.358930899876 197.787110398259 6.611609886524591 0.08159941751607115 -29738772723.91652 186.7562537762444 101.6034767586811 3.117689434227611 2.352966739072321 3144.149706667882 2084 127743 1 4.273385555542112 0.5316897953365638 1.87186559778144 -0.06310266199478594 -5.913575986913013 0.7987185440368568 -0 -0.8273989616577699 9.023027802452896 -0.41482699015768 5.426720267145928 107 436.3326530456543 2391 1 -1.199112650861568e-05
 -3.16836358014146 0.1908067108355027 -8381.799115502876 8084.238312180484 7593.625394702878 0.07990088603441266 -418493430741.1202 8730.72737421599 196359.2302223679 1.159593807037471 24.54936346519025 2993.414254538798 831 191255 1 -3.719247381127427 -0.202883044013884 -3.956466879873007 -1.404975391821659 -6.966293914261417 -1.974442784528442 9.065372994197221 -0.112261127020612 -7.478207921101459 -1.944001510623957 0.07750246124622473 110 649.0333158969879 2391 1 4.494884884147117e-06
 -3.817795445977102 1.364888550308499 -0.2129195183034432 25.12676772458004 0.3979137772113922 7.044633022433525 -0.1732216313966619 208.0403395577011 125.0596328481911 0.0528225090104634 3152519524433540 3038.035456052067 816 191663 1 -4.106243394703911 -1.126322664611122 -1.113858776274106 0.7887926636854283 1.030660894454254 -1.901994584155552 0 -1.846186961294888 1.738945438041672 -0.4754304451389206 -4.955635317397977 113 655.6699960231781 2391 1 -1.532281275954035e-05
 -3.192104433694334 0.04880397098117712 -1.405233173211636e+16 0.3315827027076976 83.50759728547155 0.1204735097789401 -158126984.78119 18187.32343586777 757570.8258672927 0.2248805575315277 69583.51984280607 2941.302978200263 813 111630 1 -4.32743844879684 0.657709108440077 -2.656880624983333 -1.117595868440795 -1.547714770471188 0.4008758417138773 1.305180065039136 -1.274874436208707 2.35467386577007 0.4652297671510217 9.151909092310351 116 380.3551139831543 2391 1 8.455398529688652e-06
 -3.506667993706101 0.1578330206044062 -85212.05585118335 1.460085043785721 0.3771250931360331 0.05257214965049837 -8771892599383118 91482.66407906973 16495300.42197686 230.3808629029051 43.67382237374247 3053.080406866409 891 191625 1 -4.205416049587283 -0.6401291991302758 5.812354108296232 0.5530839967026147 -9.529757998099571 0.6105731629033322 6.59940731609764 0.3878092978631641 -9.439081172737547 -1.227891811662099 0 119 654.8576090335846 2391 1 -7.572658698238212e-06
 -4.498069729219285 1.020581651447312 -0.6495495867924542 23065.75764026946 -23224.22272370077 0.114924584528742 -207783250.1418762 17344.72818764047 698725.3126024206 70592.28256898736 15847415.7665493 2969.887739539921 2960 191663 1 4.682459199982752 0.8516799740393948 2.582247191061901 -0.3542546080328925 8.394275971816736 -0.4593197298118232 -3.666752870151231 -0.1489043482433976 -0 0.2414856806431249 7.651258740158065 122 646.3031799793243 2391 1 8.842680547736498e-06
 -2.809667902335384 0.1067482740315817 -36270388.28275613 0.9047528028088654 0.7898867646207058 0.1308824206537517 -9783861.242856449 89.95018361493975 18.27391270068218 181.9518288371276 23.46181570168124 3076.474994571523 5514 191647 1 4.314340770136438 -1.036249248552251 -5.308039066005608 0.90728417617649 6.8667527595219 -1.329810332948242 -0.7673203175724721 0.3653618700100809 8.587681984037287 -0.9592119349659756 -3.090886482449642 125 650.4563970565796 2391 1 6.02110760078601e-06
 -3.548360708133111 0.6602804810837093 -2.278421294483179 10.96491980980443 0.04538585502442741 0.04501996916221647 -3.437178282803903e+19 2679.953907416713 15729.18399271879 2324.336530637843 9624.989049590768 3030.106060767509 781 191228 1 -3.842229321163907 0.2741696888302325 6.707865176338922 -1.012141207834954 3.166569510764748 -1.398116955866953 0 -1.645589995902429 6.355782417126384 -1.956876349987496 1.631451334791801 128 647.1747829914093 2391 1 4.216507254620669e-06
 -5.918654972263935 4.786028726525538 -0.102037973278436 6723.386325187285 3130.60136813235 0.06594783566886901 -70121622282404.55 70.96299083361481 14.56644528287814 2748.296778807493 17815.67226428081 3120.026803828836 332 126461 1 -4.349839232895571 -1.28452739775993 -5.441447209588936 -0.4271516204835022 -5.475871778639962 0.08672146622281701 -6.62471422850693 -0.6887727437816524 6.704854853495227 -1.305429572469441 4.317866089595318 131 436.7887599468231 2391 1 7.083404844078473e-06
 -4.628970840419687 0.4628041502095547 -19.58983577809948 1275.560577919224 69.89996564202779 0.2603582310632404 -5712.307932970429 699.0028651681334 1163.284967505678 0.04601320558174963 9.906613028854149e+20 3173.780678057001 4566 191661 2 -3.993793034326245 -1.494015930238253 1.075924960570181 -0.7010719095708708 -0.1359775021293563 -0.6283412157653121 5.377186630314656 -0.8610674090568526 -7.263692850191896 -1.51161086949797 -6.706124190999576 134 652.8335530757904 2391 1 1.718549203265717e-05
 -3.808924438012171 0.0883766506758871 -67517359.73366673 0.1054939247240318 30732147.08866937 0.08844221092188304 -1448142418.317291 3415.236690861115 25139.08130598595 1.689026121807321 5.482589757305079 3130.295528893688 2619 303457 1 -4.329391852319575 0.7948603348954326 -4.365683224650288 -1.15866557357535 -0.1980608634768735 -1.130721296691194 6.767190442003857 -0.5999705380802087 -0 0.5505005758176669 2.563960503800319 137 1032.860524892807 2391 1 -2.217309990662922e-05
 -3.567941152466207 0.2477803867768728 -934.4739418756433 7711.316718536928 1932.965310544315 0.0626292824451197 -43143784395095.79 51.21653581897821 7.309052752111669 478.35462000744 107.452757497141 3019.489140560164 2331 191663 1 -4.126061210903902 0.7467304313251848 -0.03482536102519251 0.5327299984064764 -5.270350705433984 0.8051746257806593 0 0.4406856158955352 2.835324270683496 0.6148404834084156 -5.55428379868552 140 652.0260338783264 2391 1 1.589810199622425e-06
 -10.76747354436664 9.640130222185336 -0.2411064949987227 1.357829254942874 0.6762561720432183 0.1769876957618239 -269308.1462811785 157.8361691266702 67.62122290113847 47859.35432161636 6152963.482379903 3019.900239226693 1529 191628 1 -3.887073649737828 -1.594422926428547 0.360137630646757 -0.1341274511388235 0 -1.085738064585978 -1.683851992166173 -1.596494170370636 -5.018689057927598 0.2981841400349539 2.073590452693495 143 650.114205121994 2391 1 6.615356477039136e-06
 -2.481104847822683 0.03507228719829726 -9.999965428999646e+20 801.7637384466833 37.4445013443993 0.08141942719343141 -190591546436.8019 71842.34959015244 11034080.73074174 0.1294274396953193 -97936258.8701548 3118.449403844959 1951 191628 2 4.585175733731472 0.4852025750939251 2.577803389368666 0.5673740490638326 0 -0.3256065777507455 3.098515663799772 0.02138216779750563 5.933703855861857 0.3312552773863721 -0.05767452420330788 146 648.6682159900665 2391 1 1.491105877135467e-06
 -3.349291094846994 0.0646081555521598 -593478918204.6155 0.4054180642049401 99.82956747081602 1.098003913476724 -2.375349797896319 2365.540962670917 12363.323190072 1.232259355312812 15.76611780675342 3141.496136325106 2588 191646 1 -4.617206165768771 0.4292896733579296 0 -0.8381004931594775 1.88425361442021 0.03726857084678987 -9.432118960503043 -0.3883392258388891 -3.731351365996004 -1.81211150374661 -2.92013139358904 149 652.2622671127319 2391 1 -3.595233333150721e-06
 -3.432937227547103 0.09715185335594613 -106023138.7146273 727.0601535183951 98.97530170882513 1.265025251547577 -0.9806880337369391 1357.165975740871 4494.757554239689 0.7102834915336177 89.64146956618332 3066.349140096611 466 191621 1 4.502024932796922 -1.293278863055903 7.085224233608905 -0.1271753321497738 2.304911671909667 -0.1261086263839389 1.854019179192963 -1.7898817240663 -9.642832672569751 0.9931785710197971 -0.5327635570573319 152 651.0362029075623 2391 1 -4.299157537685122e-06
 -2.638393784199697 0.04019152345638556 -5.138970833545281e+17 75859.03533366747 762206.9729089586 0.08526642589065571 -14618776349.68355 91.2730881601648 23.58526749365297 2.277930691570285 1.635204611432632 3091.133269927697 3230 127764 1 -4.160077027933627 -1.88632267970788 -6.798627438166637 0.9075369239003076 8.395435217714091 0.2394522219872477 -1.05894431208691 -0.9737504105053638 8.253501583330262 -0.8641038161058017 0.4067461188050618 155 435.1866497993469 2391 1 -6.680546857317714e-06
 -3.516479186594386 0.06477891459001156 -101575798696.6992 0.1871754020607607 18295.9053134289 0.05783481611949896 -88817953805349.83 77851.21260195694 15138431.1647235 1.660246355581572 9.310433591197222 2917.092437876415 4587 191651 1 -4.505140098057004 -1.875806043115538 3.410517447519078 0.6657456488586768 -7.25599924338281 -0.6670536082388763 1.693259559833979 -1.432388563555639 4.062729968703802 -1.008259238729227 0.4725884020000342 158 650.9508838653564 2391 1 -1.450873398270138e-05
 -12.04276552682582 14.58940930501317 -0.3667072112376634 156.0617392189155 3.032074288963781 0.634956938175719 -20.32293460097814 96560.57972163816 19621108.11876351 1.411719237677906 13.63278426274589 3067.895257364341 2002 191662 1 4.281574714380771 -0.1658376696072583 8.582360929562451 0.182505904283186 -5.497874226757503 -0.02975901415107531 -5.420826951073352 -1.987330546446242 -7.798334840277818 -0.4912258622274992 1.96127728360045 161 645.5873188972473 2391 1 2.603036901705627e-05
 -4.003931131948777 0.08112590711408445 -261970727.6252179 363.2698362783039 8.967823072433793 0.2877366660395075 -815.8374355974278 115.3624191196916 30.532084343033 0.1968957743799927 90100.71072771645 3088.135976291279 4564 191659 1 -4.453486924304526 -0.821471789169669 -5.99030858343786 -0.9192484007185344 2.269623392288367 0.06033579864449207 0 -1.692241855296608 3.356007510686489 -1.394650838122104 1.540923324803917 164 648.5928719043732 2391 1 -2.590154801904897e-05
 -3.424404098458033 0.1626054654521875 -28408.25168512116 90556.74747974421 497252.5737849969 0.209469921279636 -17641.69123996256 1093.71799831839 3128.390858513468 0.05958804212795417 122377317432199.1 2882.144716465021 2865 127656 1 3.79917867613277 -0.862555236839146 -0.793090790355186 -0.952922165219924 -8.140619537609759 0.9335067847725167 9.584696292621858 0.3637948245161082 0 -0.2669147816323996 -4.725013409188071 167 433.7400550842285 2391 1 -1.624142638327445e-05
 -2.684571213405922 0.2134928953002144 -1796.732388731135 394.3722050417759 13.27995595566929 0.06636482315268263 -3654557110772.452 885.0215261136634 1858.466378461711 0.8121171565816645 49.66604851688448 3141.180205363868 1262 127753 1 4.541006983525799 -0.9833950740612316 -0 0.1918492694295288 8.426417562939198 0.9330578466365296 -4.193641840136572 -1.986485350047225 -2.399838643465216 0.6079927374174682 -4.170648959669212 170 442.3291130065918 2391 1 -1.268735107655515e-05
 -3.621837544880521 0.1825259899855544 -17162.70602974165 4804.06379997208 1543.17846920494 0.1829479340968697 -193640.7014908122 1251.103258473051 3927.699817234534 1.771678566735854 1.358211880342859 3120.795305889982 2728 127772 1 -3.70734653409344 -1.733151608445037 -7.765871946090115 -0.08134792279129595 5.041740911429218 0.9900711071403108 4.18747155152973 -1.349461728610327 -5.183624509539207 0.3400589281061616 -0 173 437.3703989982605 2391 1 1.07000588384827e-06
 -5.103428731565373 2.051862909305532 -0.1563656958361423 3.285779503832986 0.1185569455248764 1.401750224842309 -0.8519232512771816 38.47332576540435 7.181916298823194 1.182934977554284 22.61287798376018 3105.601667679675 1996 191621 1 4.693317860549915 -1.711010534372414 -5.027056146215719 -0.1112582957048094 -0 0.3490241067366626 7.834866879314609 -0.7656786882918629 -8.595104185335101 0.1939212714092417 -6.992426120280514 176 644.3238790035248 2391 1 -2.110543001137066e-05
 -3.419657869389876 0.1958062904837662 -11211.52971197249 2.369971305439687 0.1364294060740613 0.2250842593501373 -25397.0515974423 88566.74005921029 16026929.54897451 0.05932595875175151 -1.624388712996236e+16 2999.892316114155 4827 191645 1 -4.537897569418474 -0.3620810952523303 -5.07370990033932 0.1638633489398584 1.496627815072558 0.05139512635125242 1.011929374707762 -0.009950609249982843 -6.17091850405125 -0.08334292953083813 9.480938154894945 179 649.6276531219482 2391 1 1.183033257442552e-05
 -4.397484502446473 2.84906611060719 -0.08134261511938326 3.720900593454131 0.2030025256312256 0.4177508857115824 -95.59981650321015 45.48327042642828 7.731535909360438 0.2733268893913602 34320.04200683749 3003.801870838739 2021 191659 1 -4.667959585308994 0.04474153438958291 8.903354557352319 -1.632228055480451 -0.2229101436323555 -1.000637180897959 5.399601890597975 0.7744316251932513 6.902975941307521 -1.672979033862609 -0 182 642.7787630558014 2391 1 4.049305309242793e-06
 -2.880073267087173 0.08684660021881299 -254249003.5803913 1.716576533998866 -0.06309689354208679 0.5362431423359207 -15.33137980902819 33363.36808128193 2880760.882190439 1.076553813716228 27.10130825505346 3151.56446180209 1402 127624 1 -4.520750330211741 -1.13617520796715 9.888441452286635 -0.5770982724444131 0.3645220983930275 -0.2990961041559386 3.932326648913053 0.8740422199831257 9.958663963334132 0.3129723125576587 -8.991720325631738 185 435.3653218746185 2391 1 -1.68566400589572e-05
 -3.130701236378205 0.04263108076714971 -1.263985783580848e+18 4.785569082773867 0.08448850007699865 0.1383261381466993 -4657737.627080125 93.52179286955014 24.34371819894323 1.463117121043624 10.74020173105412 3102.161799937823 2395 191649 1 4.660842725889279 0.2100712084147088 7.793409278081247 -1.732517320201061 5.309252831346434 -0.2576570880034907 -1.693962494673706 -0.9538022210747581 -4.515007099922214 -0.7802853751288588 5.563782407821179 188 641.3635711669922 2391 1 3.616657236956047e-06
 -3.468760080719508 0.1800340664880114 -22933.90400496455 4.867278294005954 0.1057456668943614 0.8775338042827709 -4.375631233786481 94.35210650003391 27.37446983721458 4.944792637830509 2.295366307691627 3080.973508220084 2450 191648 1 -4.488325217413433 -1.173716693311079 -7.45021848207228 0.707332177540402 7.030590606660658 -0.3195348176857591 4.211844308591827 -1.050889852819665 -0 -0.8300682057739781 4.768717847907887 191 654.256071805954 2391 1 -2.349638479714246e-06
 -3.358387916579689 0.0562934667914813 -5928863269516.381 86.94095982487804 1.037533988996354 0.5372649981954756 -26.03858363854592 48022.12535779895 4631771.674474964 1.515756269448893 7.281780229215673 3120.009171410336 4796 127770 1 -4.447782099762725 -0.4610343091061884 -0 -1.435670435835769 -2.032462403728145 -1.729078154936899 0 0.09812763015899013 3.59946569275184 0.02110675813135998 -7.57263022581901 194 440.1099369525909 2391 1 -8.356862474195624e-06
 -3.602890636564535 0.2961035820343831 -319.2560333807079 7.454959541131876 0.09536657717780542 0.2380324989086683 -14589.61286347448 21847.39547661405 1043325.464007944 16049.72102357574 -110256.5595362282 2965.003418666528 1664 191658 1 -3.403156497040975 -1.596907261032385 0.1718141260118942 -1.213422704424611 0.2498276446612313 -1.019131076783208 -0.8151166877322646 -1.227784423351562 -0 -0.9907020692360948 3.35501145130712 197 655.7704789638519 2391 1 1.330302623941926e-05
 -3.241051259844322 0.141124807445402 -527491.5641502823 785.1764705244746 -40.88117846014893 0.1375642991255659 -12098153.04506629 247.5559250094985 140.2904486118348 2.709702300854201 1.744630252036484 3077.300289241857 230 111728 1 -3.945668072919407 -1.243990618642899 -1.368454701934451 -1.761536849723233 -0.4954129761454169 -1.905951000539834 3.286901857004786 -1.264379652459686 -9.733776998466441 -1.022438406543439 5.063038003544777 200 385.2940521240234 2391 1 5.657644828795944e-06
 -5.155140850974285 3.25137380180979 -0.0795366660138498 0.2783341661639567 -396.2227275715813 0.07891633645432128 -384138772760.7019 3739.767364808875 34131.03430595225 146.5961215309143 57.32627630252585 3050.081515420188 511 191224 1 -4.589844431206291 0.4079514528887173 4.978319321458014 -0.653163216180829 -3.60786141728669 -1.072903516412756 0.9393314046850927 -1.452548844806932 7.968599404215077 -0.350257754958502 0 203 645.5714058876038 2391 1 2.764883825155988e-06
 -3.482029183827312 0.06135998446171274 -635024050200.7069 15696.35730967527 2080.460805909841 0.1356153071400399 -4491916.01642388 562.1595189795628 691.5677290972678 1.537882011520746 3.991993096742509 2889.286025150186 1777 127768 1 3.90676824667834 -1.760383186003908 -9.732213675403569 0.1744840068983859 -0.5643250823680415 0.7488322481345997 4.188229280457673 0.5045501998666237 1.524701432133215 0.5555661690242708 1.484832147854136 206 430.5637679100037 2391 1 -1.03125119417423e-05
 -3.193683259453292 0.1948469619121078 -3741.208287409982 539.7244127656294 9.19983409027915 0.3533433000678037 -182.7895996365006 15394.44904156844 645200.6019014857 4.046207256482798 2.595605490207551 3032.853671287003 558 191623 1 -3.740571579131712 -0.04665951589917319 4.553954589206003 0.1194584149579367 -3.178145097006032 -1.620927949055028 -6.989340413273265 -1.501941266765379 -5.977167290538822 -0.1787102366071212 0.5290819305029464 209 655.4990260601044 2391 1 -1.964396421452608e-05
 -7.697483795293112 5.407924145250242 -0.1639870667202269 4.223294530169328 0.1724920209808583 0.1450505813546366 -22699231.44919225 932.1730040504881 1995.59397414316 0.2951764118877652 30280.82903483598 3212.289350955004 2396 127703 1 -4.287475136036417 0.1397247551850284 -4.281049937220611 -0.7529146523776333 8.378917088576964 -0.9666803647073632 -1.404467035102736 -0.0009240391475051801 9.354432988011059 -1.922866385174242 8.453796012901138 212 439.059849023819 2391 1 3.235492823832551e-05
 -8.239050995848535 8.387694117125687 -0.1543828106243212 1671.348009755912 132.5037557347553 0.152586206533049 -2070671.087042292 5888.947133596364 112275.533845224 144.0621309846476 89.85781452689352 2903.52235837515 1399 127765 1 3.694598896741926 0.43796695006702 9.465299075581513 -0.3997155663669618 -1.881348380304585 0.3690879373722317 6.546279591345931 -0.9833070792099212 0.4124138339769989 0.06684962643091373 -5.355760760140572 215 431.7525880336761 2391 1 1.367749711927224e-05
 -2.518791977015222 0.1196672136245949 -7694326.628203239 287.3440559620634 6.089891466618806 0.6546353148608038 -5.284498081861976 17758.28280012077 671188.0223166257 0.1454990004148649 19511122.88707463 3156.1999711121 988 127504 1 4.249960000706574 0.9996290491606423 4.789440087894874 -0.136463315733236 -9.631324339134281 0.854777448557178 2.440191670019483 0.7841623775335496 -4.117401272766702 -0.652426360926424 -7.305521655102405 218 428.8927268981934 2391 1 3.101453615428083e-06
 -3.382548626334039 0.1367144698738874 -98931.9309759973 52201.02832003959 410369.3070463195 0.05344300175026413 -211086578495934.9 9860.839733512184 223474.8600602098 7373.176265916998 37629.18974115601 2932.078949765559 2486 191612 1 -4.326301873607146 -1.270671663604453 5.75998393424923 -1.470932095629559 -0.8463689867484137 -1.430458795638274 7.021703023240388 0.1556939838807167 -0 -0.09840611988112261 -2.803328255569319 221 640.1528258323669 2391 1 -2.561239067189203e-05
 -3.675126711490763 0.09727211580477134 -91096485.01095577 353.8028463490325 11.4844591595449 0.1279243133748532 -17391558.22741818 138.2655417937563 55.27079714741951 2.797100345190746 2.764208525071234 2907.435097881337 2055 191663 1 4.024401072943524 -1.754483399623849 -2.351821785474653 -0.6353403581871353 -0 0.2807683661037398 8.916158617242738 -0.7396036449546122 8.076268817403852 0.6300945022281178 2.333601423318018 224 656.8726282119751 2391 1 -1.106388739345782e-06
 -3.606164426187918 0.5428909137976726 -7.62024089021731 4.220585901322548 -0.09316617158248207 0.1711409491135557 -2131858.421668682 182.315662862321 78.04896849024286 1.022937139061516 39.01517381722218 3078.391790612096 1648 127723 1 -4.265239313007673 -0.7884937647958985 5.101732059710963 -1.952988763298771 6.212279268474767 -1.470618764089267 0 0.667002319564002 0 -0.9531404177667655 5.779593788929969 227 440.5755319595337 2391 1 3.052508378102595e-05
 -3.023395810622758 0.07447262071117546 -441903621.8588496 0.3515372019753845 -52.00576708606469 0.06795800151657273 -157252891892.6623 9628.871114881511 235680.5731058092 0.04406854015300973 4.400219967138646e+16 3074.710978729919 2557 127773 1 4.585278819037464 -1.546168220412405 6.1851727125352 -0.28822336039776 -4.718865278034886 -0.6112991085287351 3.210337619245281 0.7407007337136777 -7.672295269333762 -1.289596708957546 -3.271192159511595 230 443.6909120082855 2391 1 -3.114362326828693e-05
 -3.071054397842304 0.1323020332327016 -1953462.406836678 7381.886622498623 -927.1412020260649 0.07583144346226781 -2473320596672.666 66219.34337048125 10307362.57102733 236.0366742985352 54.9884057549386 3122.843493475298 1720 127755 1 -3.773456870450608 -1.236580056468168 1.179622718286313 -0.9816052627983041 7.41353343303623 -1.96023504728159 1.762031330501428 0.8767350295943164 -2.807257956934171 -0.211061496530423 6.492924965381976 233 440.7631061077118 2391 1 9.54941550083032e-06
 -5.013091920099093 3.126044343918848 -0.111235943012343 1.76412413416976 0.236028884464755 0.3460477164043731 -268.7253891070721 107.2930299537907 31.13656406326341 1.890744939044598 10.26607377764682 3001.776257728103 700 127550 1 -4.251074020298761 -0.7919534876866479 -5.355215885522142 -1.919792073577336 -7.058585571265969 0.8123262973536165 -9.273933902790084 -0.8426887648135484 8.944091955276763 0.5345471622034177 -5.454154008715552 236 430.9193968772888 2391 1 -1.312748310727509e-05
 -3.538991404538676 0.2932696439851955 -163.8855311703457 332.2434682815833 17.61648665739626 1.304865307894509 -1.203642326028357 17446.58457174478 634383.8806668344 0.737477072325165 92.65032765739639 3185.837943669394 931 191586 1 -3.811786737657508 -1.485356777829336 -7.76543330308448 -1.68588450403207 -4.104282439096921 0.1434095325678926 -3.181271811886617 -0.07842912452313659 -0 0.6555363909113234 0 239 653.7335929870605 2391 1 -1.326260965187449e-05
 -2.624637885878179 0.03862971972718352 -2.972182678389683e+18 0.0944272752158887 -482660899.4024596 0.3119321795453276 -941.7358762876146 284.4424569528783 152.326258340873 0.06887709258044232 1629174779643.47 3093.984114307153 1782 191655 1 -4.340309593482513 -0.914808607985635 -8.665985684839585 -1.225959254187308 -9.716506026648556 -0.7619755116448008 -3.220291159379491 -1.235326355114189 -1.07789359472678 -1.912274123952822 -5.547381969188697 242 651.0646300315857 2391 1 -6.639414925914419e-06
 -3.31993209252916 0.1240152194465638 -307758.9190818665 0.1374251866893656 -271851.8966015562 0.10270261430846 -20750154.08641493 10323.46818553958 280389.6540812721 13385.89387755047 597064.1969360217 2942.961915322122 1211 191627 1 4.567857716220176 -0.5748140165818922 -1.340590423598756 0.8569074379110289 5.466515891832705 -0.4467406941314396 -8.422956654939526 0.8450240697423173 -5.008992759461492 -0.1307682435008504 0.07532697197781779 245 649.7953979969025 2391 1 -2.44938062755831e-05
 -2.696690751641083 0.05867147186298124 -1449603312976.511 2.105793063766718 0.1814560041071813 0.2484509949847987 -6809.360339436124 102.4788054925455 31.528206200703 3.875845601608378 2.158310510821151 3025.644290219458 757 111772 1 -4.652706555350314 0.7491975551950243 -8.010768358074023 0.3410772573889225 5.553945700017539 0.07313646058569918 3.48511033532861 -1.619398215947736 -7.41663660887075 -1.983209287409222 -3.210587868002249 248 379.082535982132 2391 1 -6.923377512208465e-06
 -2.945026145130743 0.2210751288433743 -4275.838591542998 468.6179722008586 7.464896692027175 0.948731428448038 -1.291640859552969 13867.69167629152 440684.0665278513 98814.73684539404 12918305.50939045 3097.346623952802 2702 127774 1 -4.354349166260597 -1.940753716929565 -5.307519012274074 -0.52318421884274 -6.546945301639729 0.8068603219442974 2.191690022970992 0.1472553291959592 -3.327728681585795 0.2882567832512195 -7.325036813631421 251 432.2149419784546 2391 1 1.00950650242703e-05
 -3.371516521644746 0.199537729247686 -718.322154674721 0.1171108356815065 -907659.7506788669 0.1586562401581119 -99686.31357772647 533.9394925327546 650.8727251506301 2293.074298585294 10273.20725727982 3027.485720333545 1423 191652 1 4.590222338905541 -1.304680405667243 -4.158345412007102 0.4742052267972858 8.272074399490773 -1.65782313898858 2.192422142848351 0.5938036062525631 1.362155107077224 -1.121308806560829 6.238147542728542 254 646.7339308261871 2391 1 -3.390587515301384e-05
 -12.64945054421144 8.645376564515981 -0.2912821443666735 4.973038915824636 0.07954947225501113 0.1463151346346691 -3675170.624415678 2320.632432194464 12416.13910773996 6642.246994316725 76887.30270611541 2901.954318884964 2691 191655 1 4.265569053992734 0.0176090846172103 -6.127745906214114 -1.248785114170489 -1.243003838001493 -1.146265286265534 -3.43640755775822 -1.883598860734016 -9.90268561531483 -0.848503009233804 -4.62338115460836 257 644.327045917511 2391 1 9.842693228324338e-06
 -3.332445257606281 0.2008490812228396 -8544.768058967415 983.5289562213154 134.2692829729432 0.2174812014024241 -18749.77756776037 1325.138752462324 4983.050237566564 2659.932297424189 15401.41087053847 3186.487913499171 1308 127536 1 3.976163876905331 -0.7695949637606088 -0.5071329188568745 0.6677431620603858 -8.857592902351117 -1.124703980677945 -7.487334945221487 -1.80514800834893 -2.92867819938566 0.8741608467067974 0 260 428.5722670555115 2391 1 9.927325443301051e-06
 -3.375633744758177 0.08845963746353683 -3073833219.004583 0.3448891231791593 -89.45467205132618 0.3909970040112298 -165.5532497354185 2861.619128707194 20381.37284744714 85.2235562116345 23.8675132729172 2855.413638368894 1299 191624 1 4.364352904404036 -0.7563147627088904 -1.679014665227304 -1.697547609832875 -7.012894192746746 -1.688440166569366 -1.809886691471628 0.709387389145931 -7.654004201330142 0.1580602747831542 2.310602693831943 263 657.6554510593414 2391 1 1.075209839839629e-05
 -3.720408055807628 0.374256600804378 -36.95522403041208 37.66780714335452 0.2701174554610589 0.07814762471968782 -327807900952.7789 518.0599198466183 585.2880888772778 1.077242415041258 30.09665046744516 2884.98171872939 2644 191644 1 -4.319724258441291 -0.5953873813177184 9.230137889808301 -0.6511461038357096 -7.614949055991209 -1.728323222657639 -0 0.2775778599246168 -9.951597047086395 -1.369018198815833 -7.116300698197151 266 648.8044741153717 2391 1 1.47065445410043e-07
 -3.277296412554104 0.06566609320192832 -1136848911874.358 2.14762578942024 0.11517022657427 0.1487781085946162 -3473612.844883684 779.3358468731983 1418.573390704203 1.825905313174805 4.928417995112419 3126.365815765232 4535 127775 1 -4.272547619625825 -0.6811254889048666 9.093773466988763 -0.8976506009558509 5.051435339378813 -1.787583923887964 7.518348935619242 -1.998149639346917 -7.687097410726443 -1.255490662261167 -7.539642841339987 269 444.3666670322418 2391 1 5.190249553964425e-06
 -3.230394986509 0.1035267786012562 -48038269.62378107 2545.094557535977 -454.3855665255196 0.05200716698494783 -1.584486487598135e+17 221.9702743925631 101.8078429606695 99622.70131524686 19584743.98872707 3173.795459532491 3965 191656 2 4.574437530311534 -1.546406879751181 -6.164409567909647 0.2293659149746751 7.368507127834112 -1.499231303355309 8.483419075579548 -1.254503183273045 1.276245709724042 -1.417417923205779 0 272 649.8045959472656 2391 1 3.232852923743996e-06
 -2.580255696006704 0.1641303966055992 -120526.8455646197 1.636588967170085 0.4474553846612443 0.1229203399623502 -46715482.33252447 537.7753278639028 812.1360169047086 4111.823942960023 49603.1213738356 2903.487003644221 3644 191654 1 -3.843743886182679 -1.924538088858123 7.966995492981226 -1.480715263481276 9.337240872336547 -0.2060685523262196 -2.891901385993536 0.5201852480473899 -9.421166025652557 0.3236252302318157 6.091593005766175 275 650.6331717967987 2391 1 1.074453998029936e-05
 -3.619696735688626 0.2360094174031513 -1272.211548359363 2.638571042349178 0.1444538369655905 0.3335071675850216 -444.1597388538274 400.7236591877545 401.9779211116034 134.2253448393502 52.1680973561021 3179.095860689366 1692 191659 1 -4.245655780689978 0.2747704561076403 -4.428243240472063 -1.154001334089541 6.48765279483883 0.05390626163637301 1.742271329990869 -1.058588750849571 -4.824094483467809 0.1551783291267994 0.7674437561152612 278 651.7303619384766 2391 1 -3.200340358719806e-06
 -2.663091507110144 0.1024522788960961 -488159228.9006097 129.584864873528 5.123982941396299 0.2067650125883855 -94563.35529092065 67.413432120357 15.952608679583 0.1092750213544195 3879666131.557062 3086.349377827647 4523 191660 1 4.614221027099926 -1.840490215624497 0 -1.615033434524406 -3.121657230400595 0.6783168051128325 -7.597517789530045 -1.345266324465267 -3.028123810269642 -0.5306600948642801 -0 281 648.9843010902405 2391 1 2.366292422248841e-05
 -3.49181081623068 0.09820045474281734 -50471187.17229493 2.661728247748747 0.1309442774813541 0.1654646739537549 -209465.3375965294 2513.752952773817 13279.22160474279 0.3257390347414635 5670.59499442677 2909.165721504482 2572 127771 1 -4.460550857623292 -1.566435636207721 -5.629913987113195 -1.6937729571755 2.438380659949154 -0.1075806126171708 8.65506232095427 0.4299037152947757 -4.173472341916978 -0.837749645920014 -0 284 436.1472499370575 2391 1 -7.733051097878511e-06
 -11.48107558442553 10.26392879102642 -0.2631656271495774 681.8274201695037 183.7238317635364 7.990225407032354 -0.2525316638829831 2.279805488268179 4.442774213869493 0.07873653470005466 15680560962678.11 2929.084801887116 2399 127776 1 4.454233976560287 -1.82502136522733 -8.059097772485387 -1.964759597106256 -2.14916241188015 -0.1440630691095954 0.3738477366697515 0.1440636129933175 -5.074218672246651 0.9362817629777584 8.135073651104637 287 440.0552959442139 2391 1 1.338608844012249e-05
 -3.290575034276277 0.1599509028872947 -52067.29095747836 890.1322294387915 66.75993638615833 0.1567385424858533 -726756.1065344946 10631.14431165781 298985.4111424501 5.666042283033461 0.9258829552723346 2921.244828698288 3886 127765 1 -4.413152085140604 0.3072366562347 3.912444231786507 -1.895943924823706 -1.686054257594945 -0.8187757129149649 8.632087682658506 -0.8251836773316771 9.595041135408145 0.4032411068987347 9.19684539761686 290 435.6183309555054 2391 1 -6.805121439003181e-06
 -10.73584033718074 10.45267621782998 -0.2381108767213716 64.50278728863712 0.5613079520914563 0.05277718560895801 -1.795855511965707e+17 57.5871351778215 10.63017401879322 108.254394463819 45.51587149700299 3068.390446953054 2360 191560 1 -4.635707612736241 -1.580803324203462 -9.837465462852615 -0.4181308517050901 3.265239546328775 -1.119181030326722 -3.098351960874501 -0.5986172003080741 8.156709395011589 -1.523585916105822 -5.255818412677822 293 646.3221559524536 2391 1 7.879759246838475e-06
 -3.605745579298834 0.165752868898119 -356295.2137912282 15836.31820612844 17240.42409489539 0.05492729521954393 -1.072803183954704e+18 35310.14722270748 2868817.167442787 1.62188601081738 8.816036529666091 3258.845279418092 4176 191652 1 3.238669516208734 -1.354103858764628 9.979918404621174 0.8276122772580123 -8.303695704852396 0.8222198557538292 5.198065923229784 -1.380482633960922 -0 0.3216478711887314 7.74332338096699 296 650.1619648933411 2391 1 2.579099535061706e-05
 -3.585903042952106 0.4771497221697423 -8.851983237422985 0.1195256645125455 5511371.870805999 0.0645927429879609 -4266758193192.157 202.6926601511568 116.1380192524787 48780.63357300857 4269040.707427484 3059.224137286003 2212 191660 1 -4.472137864154209 -1.551351519676407 7.984295922703824 -1.342576462050662 -5.195061515925733 -0.4233642606451031 1.336103902071477 -0.7532224007123789 0.6681073533455462 -1.847985837156558 -9.166810491778039 299 653.1389000415802 2391 1 -1.66569474416838e-05
 -2.982029200538928 0.05566815929657617 -514601818818393.6 6.394170107144399 0.04805188685686273 0.478581396545869 -62.28784649259575 258.7534422682555 176.7251105733703 0.5865211832486373 205.5845379604044 2874.075230247156 3018 127760 1 4.617218399636674 -1.448392521357198 1.040438375065091 0.3616171179398444 6.401261713273604 -1.656005792686519 -2.023590745705862 0.2542089569276342 8.948630613428875 -0.6874410144035377 9.028051962979015 302 431.5104219913483 2391 1 1.282590160249396e-05
 -3.117767064370847 0.08730425525242223 -13835502211.45308 720.539670992274 50.24593306330591 0.43816995693189 -134.6753973648533 29338.88618256533 1732147.554361934 0.05948755953889967 1.333743506559868e+17 2925.549818814112 1658 127768 1 4.478190074959146 0.6668243629687662 -0.6282857012315066 -1.66106461601202 -0.9614607249623641 -1.009488430537948 -0 -1.588866308355215 4.13541638371338 0.5535974747894015 0 305 439.3192391395569 2391 1 2.335144944206367e-05
 -2.662799031671237 0.05111016156302121 -105238829338504 0.2767737955620849 722.3307727827797 0.1130760349123068 -74956169.76222035 7092.517766969607 97532.93465564068 1.723181646051978 9.04386794132515 2966.539026232776 4660 127736 1 -3.265709546483431 -0.850909392871495 6.211255841285715 0.09165657358121672 -0.9040747904261233 0.2806618886129604 -6.818786966444254 -0.3152591660964834 6.59729963481238 -0.586482399407636 -9.110444277257846 308 439.2900221347809 2391 1 -7.883234573973993e-06
 -3.635707915554403 0.1376986087303494 -610759.0530080638 0.07748839302281306 -39934849341.82758 0.06106102128665617 -155742552764305.6 34383.83598760208 2566136.474323018 2.751494915745183 2.765033220768604 3135.254354725043 2100 191251 1 4.521824569370086 -1.563616874810744 8.377480698625137 -1.128077281771298 8.535035615586331 0.3426473589867748 -6.344354824577583 0.173404612309771 -5.89732144478589 -1.087058672599096 7.445925427380505 311 653.0002520084381 2391 1 -3.17252639838751e-06
 -3.69010195745513 0.4222330790979208 -21.71611841285585 0.920377913361487 -0.4536629164003422 0.2257999231942172 -14682.74908415793 2221.428709953316 10457.66126184579 1.040448724608166 21.18924344712207 3051.995971851728 1416 189809 1 -4.617443512708811 -1.075604628443408 -5.756578135813626 -1.39321519406326 -0.9411839733536387 -1.254197761947712 6.611647938932148 -1.475284965321949 5.681076537508637 -0.3947985882801355 6.142186600733694 314 656.4456560611725 2391 1 -2.495983558154181e-06
 -3.288725331377398 0.2366118847890259 -1331.828074016991 81.66287173075537 1.151795274423573 0.6739784538135352 -11.32831713225744 2864.494480798556 22125.65307639402 0.9744795501145014 29.23467837149163 2930.73655042503 1332 127766 1 -4.63907078586012 -0.8544688831490639 -6.912249325159839 -1.244970107951572 9.622665242051996 -0.7958989974372878 1.726166839789313 -0.5105441433633402 5.521368208102751 -1.302025789150083 5.844671536870103 317 429.7894549369812 2391 1 6.663703543208443e-06
 -3.085090757572637 0.05556263320923653 -8416102818321.399 2.536825357285968 0.07538510749279853 0.04942694663344969 -1.243373381198628e+17 5110.099956348899 60108.46897551997 1.31090896310496 16.10889233007729 3019.798838153715 2711 191662 1 -4.057615032551275 0.08462000370512297 7.676808559761575 -0.7801196762143832 -7.930840783985797 0.5184125671235837 2.491891241332808 -0.3204538368834449 -9.123356503470506 0.9926149180141239 -8.050951713257319 320 642.9360418319702 2391 1 -7.680749540607515e-06
 -3.14392020911744 0.5687426841992606 -3.820111780026293 236.2467826706861 15.17364820554646 1.841404284922712 -0.5867621524467336 205.7659401435064 118.1839771464139 2644.763748382261 7622.72790626284 3031.462919990857 211 122246 1 3.775845338083743 -0.2684276003256043 -3.034950364045914 -0.06280514991625274 -3.315835394386212 -0.3154758987510622 5.657312677939326 0.06080559037684047 -1.276302122473277 0.8669478726159281 2.951469772492401 323 438.894905090332 2391 1 2.876467864984534e-05
 -3.228868277004296 0.06372162472651986 -64845130459.24321 1.366213262354617 0.2531727985303087 0.152989630037177 -316142.5016830259 202.6867615523135 93.33650707306384 0.9465597079095083 23.63061548931989 3065.663681882278 1311 191654 1 4.681558319773578 0.9593152195427508 -9.990818325473526 -1.947142973913894 -8.857881196378264 -1.249307165951317 -9.16860370021946 -0.5800244832357171 9.236697618077139 -0.5064598326815712 -7.48756296509548 326 650.3298990726471 2391 1 -2.027051557206342e-05
 -9.922244711263509 14.00471724916479 -0.2635959854210634 1764.641693908199 263.529683662477 0.2528048714705763 -4127.374622596096 216.4309887718325 108.3790880277798 15677.52888190622 -370274.1849290695 3274.554439037401 2321 191648 1 -4.459863266760562 0.6720587737817598 9.506571033549793 -1.383023807202159 1.120458231782082 0.2083592560674026 -0 -0.6202858241523953 2.562640509093917 -1.739353690046178 7.718572518555105 329 644.0766360759735 2391 1 -9.991487765381662e-07
 -3.394341335611494 0.09202120835380682 -786451918.2647511 1702.325574410903 -152.616798661194 0.2209335721973333 -25000.17723850673 975.9162998215355 2398.757622416103 3523.548334536225 27259.3853177646 2951.766479833234 3135 191664 1 4.675355397768879 0.7536509446705542 -2.787826258444602 -1.456648471405142 -9.108376712141792 0.7766452207223704 -4.805379381641931 -1.415668602734297 -6.618524931502061 -0.6277509181900243 9.234971645934259 332 651.3737049102783 2391 1 8.176950099525932e-06
 -3.77227474960942 0.305979915976683 -78.25019493293117 0.0344919197398955 9.988466087230207e+20 0.06053792303517115 -7928606568871.922 1365.799665466798 4414.839934311944 0.3867443032668739 825.4400870165148 3153.105984596987 1098 191633 2 4.199766354263057 -0.2430609207460286 5.510678880356776 -0.2328860363048344 5.016346407344517 -0.3560977286773852 3.723346320689455 0.2725785762399324 -0.226150904819749 0.3054173074876827 -0 335 650.4031960964203 2391 1 -2.472766827544338e-05
 -4.662197223207158 0.6944776495252885 -2.021738406648744 0.1862018101849084 36932.6829290835 0.06096283406621795 -115252473956377.7 193.4964496941551 80.80779913208026 0.1297361513138973 55177671.57803322 3010.265175839095 3820 191663 1 4.260931578203577 0.06481395780922303 -6.241748695543318 0.3507511529354974 4.354229091411074 -0.127207962774298 -0 0.0525086453549943 3.727053866092871 0.5194191319180463 -1.91906391411507 338 646.2638039588928 2391 1 -6.556723016678304e-06
 -3.515589678029077 0.2043955138421856 -2890.392645139804 43371.10350058074 214031.0357548964 0.04613848766911632 -5.00621212731419e+17 45835.25631920718 3806762.049456819 0.8568691906231864 27.55903252328509 3034.847706196379 1022 191662 1 -4.400313275129274 -1.338029846466632 -4.01333562504966 0.2534049818577913 -1.585569123068042 0.3070933539603695 0 -0.8183513086704792 -4.96182765711831 -1.230617466281127 6.156241607275852 341 654.1395938396454 2391 1 -8.614225260311949e-06
 -2.864715543458202 0.07549832381146343 -3136967638.693931 7.903366191991678 0.09703417603878503 0.4463862319330692 -58.25857374757721 136.4077157219225 47.64998745608735 0.1376105646621541 20639117.2701588 2927.820528852513 1319 191641 1 -4.62427975418333 -0.5241919151838914 -1.150769997121942 -0.9550759267567086 -6.219819942646718 -0.813144187421477 -0 -1.985520720090307 4.098692725586381 0.9468340086257454 5.924673775416322 344 656.7597639560699 2391 1 -1.28638977197694e-05
 -3.693131720614047 0.1849404837831952 -6700.428810456962 4955.010202986838 1339.421991964086 0.2299333034477723 -5927.280085231011 910.0036059065972 1872.175502881299 0.2456695418616356 15649.29159673382 3005.550173876937 929 127713 1 4.3026483368913 -1.851191850091954 -3.720232171081715 -1.284239337459955 4.074304133065051 -0.4405826398426784 8.767275897320339 -1.137672530387404 9.353762451071914 -1.09374612936382 -8.177728974059704 347 439.1571409702301 2391 1 -1.775877684468127e-05
 -9.279049727226869 10.86475400685089 -0.207679267059391 0.03810572313416611 9.678519918531868e+20 0.1382159945700445 -1149201.392738309 26484.77151782734 1551512.751421218 3.286939038944988 1.456615522874307 2912.711197614462 1200 191548 1 -3.963280450582074 -0.5848802436322069 -0 -0.2356074287599919 8.212598677811377 0.1685568428073924 5.144029161525018 -1.437606555531017 -6.874988570815667 0.5305541312945707 -3.686483911912638 350 646.8568468093872 2391 1 -1.016358043882809e-05
 -3.139437259366053 0.2364827951720586 -1689.97631610407 23.59009955504894 0.08922086300350032 0.07642536755214699 -703275660503.2651 41597.16171194927 4535804.332695152 0.09520709142252259 58409502494.53348 3002.716265260317 1415 127761 1 -4.599389334963078 0.1641831704525836 3.47307454696148 -0.7167576845260566 1.196549793439829 -0.3951889304405913 -0.2586804035077299 -0.4987022107571351 -6.70397359292518 -0.6907071540419878 9.863716886017867 353 436.8596420288086 2391 1 5.368909160642178e-06
 -3.346361055078771 0.2798607790057208 -480.9802673822573 31.161173657299 0.744850732734349 3.766100264179912 -0.4311045517132892 2560.066462947381 15348.01441870874 304.532890351649 117.7866804797903 3205.929528294677 334 188507 1 4.252928783107932 -1.041304969702424 -2.363740984093378 0.9764395946782307 1.124938276386903 0.4533815125072826 4.180651891233713 -0.9568680889125218 5.579160764702856 0.3303607660020402 -4.799070019387042 356 650.5742590427399 2391 1 2.160838652129269e-07
 -3.156439668397551 0.715981893470059 -1.566000237521701 87987.03493454559 515942.8803201458 0.2431019321239013 -8615.022462080189 263.5574242983818 190.9624655892432 3345.539637079362 27145.59578788421 3002.438255918313 2796 127771 1 4.282687464418713 -0.7763020127353952 -5.167657763405878 0.353146058747086 6.059417710898694 -0.9193865175960526 4.098700227744578 -0.4108338498176849 -4.122675131985214 -1.447518887539935 -4.692684212141654 359 441.5448081493378 2391 1 -2.414746667143879e-06
 -7.299503467063349 9.948566782764816 -0.1328175238520505 2.218993334157016 0.2969031197883347 0.06795156355329109 -31233008008125.34 79.37699176215068 18.84406906912306 0.04404143051853925 9.996060572882234e+20 2955.112183556139 1280 127700 2 -4.309280975798797 -1.263207159791652 -0.9243386716175661 -0.8240163676504082 1.410690197833906 -0.3703178712801086 -1.076384505177729 0.8273307622970556 -3.015253222362308 -0.7663956947828767 4.594759931138018 362 441.5189328193665 2391 1 1.142723283943151e-05
 -3.566069129721107 0.6476780949755184 -2.078629750041937 147.3460220383785 3.838567709272206 0.06197252787782609 -217029885722540.6 959.6201584392626 2467.498690109558 18.31407852030753 2.442140798871124 2912.257059604403 612 191221 1 -4.012110501935942 0.6304772340424649 -8.804036090271783 0.5746504045224712 -4.339980233109934 -0.4324431605783836 1.976556072942557 -0.1996483220741805 6.644594388142549 0.6333533447092594 3.34596016401867 365 648.6231310367584 2391 1 -3.729698672698017e-07
 -10.83039018400394 8.405787704751354 -0.2456217620940614 435.8559541898638 30.25929008944924 0.07835508045196042 -22438907393.24891 491.812694431859 583.5333543491004 2.645673996816288 2.501346241574895 3047.87535300707 2014 191664 1 3.478584576482714 0.1041968274195435 -6.735303282782133 -0.2420610958787731 -8.006746304486988 0.5309046778163053 6.345339228359475 -1.112346686301831 -4.750364496953495 0.8570513214322286 -4.34384831549926 368 653.5002360343933 2391 1 -1.76907724201876e-05
 -3.490052048871608 0.09100307021683998 -1286534170.011611 1.583075185372931 0.3463112879927016 0.09606286827024389 -12094738078.24049 1434.268361398034 4303.68450417793 0.08414238028805041 760410317363.2026 3184.980877283379 9092 207636 1 4.518346158707657 -1.728158856321918 -6.222585038392112 0.7246709781320764 -7.004338577835171 -0.2388366786551597 -3.425513067893531 -0.709086603305412 -2.823386352517472 0.8370900390071703 1.421398091037279 371 698.7937688827515 2391 1 1.088778705312881e-05
 -3.613205661655564 0.09684094856843369 -565237166.4738661 238.0649453016881 1.870090549958265 0.3590741064951773 -629.7172752329105 26.24914834245539 3.323366598243306 23831.46753706836 682502.3856134935 3081.028582769658 2140 127737 1 4.558678337467639 -0.7475579927416387 -0 -0.02953718006140705 -4.302250352537993 -1.353926371763953 -4.620014674698006 -1.019250759544025 -9.662201206482486 -0.4020444063332871 -2.642780014996801 374 433.912437915802 2391 1 1.196953414014875e-05
 -4.55750428465787 2.46650200425901 -0.108263819272066 992.098964450566 106.205984740086 0.1236790793443318 -20849272.62266238 82.95084289329519 21.13542526877513 194.1797786770126 51.99360945517336 3017.300266175717 1929 191643 1 4.613739660441807 -0.7735328787153329 3.946993688648503 0.9453529307332209 5.961276954778965 -0.796958275898815 -8.938058791129514 0.4616641686675074 -9.075223436748109 -1.655265486679613 6.477581602396951 377 642.6502649784088 2391 1 -3.039423071581306e-06
 -3.077618578222257 0.1573462277590698 -1053627.738631662 4949.56483332008 4397.997815812591 1.349363480564321 -2.151558087774494 13.54332425645177 1.835750743901282 79.41435571344203 3.274787188825203 3174.173569937567 1538 191591 1 -4.534622857037385 -0.9400306899894817 4.162482825495529 -1.851717493059764 -3.00193068035032 0.105386032914938 9.274741012693918 0.6503839588090115 7.129718427284303 -0.04115351095418877 0 380 650.9284498691559 2391 1 3.341739854506328e-05
 -3.274348702858316 0.09765657970459933 -486928014.5560735 203.3896958288755 7.219133094729392 2.293220388729856 -0.5168913614619135 115.633784285243 44.56031694854528 1.846382707470296 14.54068252637448 3034.777482924153 3001 127772 1 4.233656716211959 0.006148431930009132 5.410712507193638 0.3348752734810847 6.432735186342151 -0.1666417897810506 -0.7600291058951423 -0.8515189913839922 3.617474736877079 -1.294048926374202 -7.930092494438604 383 441.7684979438782 2391 1 1.499407635002329e-05
 -3.64517511339542 0.7701530937949933 -1.599809828273181 1103.612180052672 155.8539513127161 0.05983173761048483 -360983915523796.6 89.18272379256585 23.71232245474538 1.079752392526569 30.52371893045203 3229.954335203006 1767 191662 1 -4.524974315752908 -1.01757181326585 0.902436364645137 0.2474315409738597 -4.348857232486107 -1.329705278288752 3.031162230180446 -0.3244067989132855 3.974064598319847 -0.7192573526333277 -6.50543187811876 386 654.9202399253845 2391 1 -4.65726528604929e-06
 -3.288994697380218 0.1521808528257365 -235875.0299751684 590.295701264385 26.31745250062248 0.07397225424517705 -2557531471818.965 113.8864557117376 33.57719502290157 4500.096704667986 9384.783000677178 2858.265572134395 720 191581 1 -2.986835964098665 -0.9276696089033784 -8.769505317981121 -1.153829552912232 -8.102004215791679 -0.08907488179762171 -0.8524527586127499 0.1952810408203689 5.543911797462239 0.7679542911106574 3.212671691273966 389 650.143532037735 2391 1 5.295348762980449e-06
 -3.289052691656335 0.04435968781362203 -7394265798024712 8947.601590404216 6197.617199769368 0.5128582943058707 -37.64005050035076 57.42069671181545 9.543226497031265 1.198962251133808 21.28125159824569 3144.783015394794 3872 191660 1 4.236666018677807 -0.2953069120578257 3.124493209180176 -1.984417335493475 1.991806623373076 0.6400981642854346 0 -1.887177930054525 -3.751874616909198 -1.916320188631619 0 392 651.3258619308472 2391 1 -1.18950940412361e-05
 -4.345590350892651 2.942705176683134 -0.0861543932626017 0.2581736509228039 568.9857692823024 0.06090182794984737 -7395487109029.371 282.5658872544264 221.1867171493247 4.707697234731173 0.2527827168289643 3045.85581428023 750 191603 1 -4.565764627955327 -1.255037942628633 -1.700496873963699 -0.2149893338761118 5.061237926464728 -1.135480779766083 2.133363178722062 0.3680075396474618 1.985571223567645 -0.125585115049434 -4.156304335554235 395 650.5103051662445 2391 1 -2.125832680930498e-05
 -3.511694169668243 0.06115657207079066 -29981447834027.93 3572.471025079059 2237.604971844697 1.956279000839811 -0.532305401326878 242.4052596810392 142.8814616859215 0.7480680172082576 36.16103973444702 3007.000054915007 3599 127754 1 -4.078516255089058 -0.5551871984490981 -0.04870854287232262 -0.08715355735384471 -2.973269792932044 -0.4297793100169578 -9.257930218859553 -1.315851622585314 5.341781824918352 -0.6115688426556112 -6.842196295311293 398 441.8969581127167 2391 1 1.238460717544858e-05
 -7.099320877450681 8.149828510797002 -0.1338551203530696 0.03906625592445906 9.976829291529723e+20 0.05965210559567118 -394507460677369.3 12315.14481304413 367739.5227451399 2.310924548613111 2.77160465646217 3078.914508794964 2682 191643 2 4.609846307944997 -1.194247010595738 5.771971214454164 0.3968567536711336 8.716709299141673 -1.005607143966821 5.67544459048391 -0.4387768016770357 8.925708591715614 -0.3986080769591211 -7.173955285901632 401 651.1611769199371 2391 1 -1.46425464338921e-06
 -4.005620873292156 0.1224807818316993 -1561151.929531791 0.5093861330776192 -2.130732094921934 0.1773046685596987 -183119.2891128333 1059.495940555297 3084.10281385181 6.406509888443578 1.926414453353181 3140.728561694785 1148 127751 1 -4.574587741458935 -0.2680622849592726 5.391465826112992 0.9531894800256304 -1.529069924864438 -1.108924261225926 -5.133248089038879 0.9590896629436498 -0 -1.672782348540354 -3.497622650953234 404 439.5402219295502 2391 1 -1.230890690045237e-05
 -3.312257839632726 0.04399601445361268 -1.175474545105283e+17 3.726543155099068 0.08212316311480565 0.1503627570213694 -2535849.227420375 39164.61117322618 3766882.532666236 6.435619331617605 1.122942859672155 3058.522069438455 2918 127759 1 4.451754533856566 0.5652517435234281 -4.571534319229042 -0.9741780226973056 8.607656241974937 -1.627018801615803 -2.347737880457623 0.2327184646685624 3.402931896213436 -1.145268327588376 -8.249092624324032 407 437.5782389640808 2391 1 -7.055147995113704e-07
 -12.91824632583176 10.42711121409551 -0.2992607990067059 0.8951473797133264 0.5463717337534767 0.2793146451501598 -2290.716820333318 129.0636314097017 43.93595706347807 1.672455449564355 6.570524137004001 3040.844496603267 2947 191663 1 3.607468811816795 -0.8579009659592254 0 -0.2022007412359753 4.965762977906424 0.878281972684801 2.038153066943138 -1.866032530735891 0 -1.297799217903988 6.406122752632988 410 655.2156269550323 2391 1 7.144679052034192e-06
 -2.846965014195068 0.2283299458219815 -958.5298101901537 61902.37418816218 373610.4751667333 0.7119548042853746 -6.040662711467001 42.5623151752673 6.211649874519336 1.280133612394469 9.589882683753309 2938.108951418205 1626 127737 1 4.47408402019396 0.3818065707513822 6.065621365544125 -0.05206623838797422 -3.778128478215093 -0.2846001387013661 -5.919805398477711 0.60918313258159 -2.225648535486624 0.8381871859347827 5.252327504987047 413 441.5494818687439 2391 1 -1.561277926654713e-05
 -6.075528200389841 5.289099543517133 -0.09118181461636332 0.3577922553710825 162.0536686755553 0.08654409568984592 -5016430870.121854 16949.56355659833 550841.6146801695 4.924582041357047 1.129997009639314 3181.138924294346 2391 127756 1 4.586708527569728 -1.602360527699145 8.949484524082775 -1.245223954562873 5.690502460226305 -1.83314937049584 -0.6626108907067136 -1.68527672810686 6.953539918263405 -0.04324265757010975 2.601389428140886 416 439.7312099933624 2391 1 -1.414658577150144e-05
 -3.028114604592766 0.1290865444808037 -3868899.752665591 0.05420575025527219 -4.591071364364238e+16 0.2457149285041627 -9139.164988325205 132.5409919829659 43.14359017114076 0.08576484624310018 -958465977010.2784 3173.312304644086 3138 127756 1 4.356926818889757 0.7359926068959504 7.212069562410937 0.6629178675832073 -6.94981629931164 0.6723994856795832 7.253675995395087 -0.8544222936619157 -1.545649443622616 -1.076032691899599 7.459449599002088 419 438.7191379070282 2391 1 1.469124434843797e-05
 -2.966098186262359 0.1608305943792216 -117460.5567744256 100.4907833057936 0.171147369803358 0.2859824139578453 -2241.813888246163 107.4389362182155 32.18279752067851 34365.83330515797 1099720.787248773 3017.813394071081 1188 191649 1 -4.633786642308241 -1.322934918040529 -4.785278499846102 -1.300525889933782 9.04927416589115 -1.057654652118204 -9.41753060877484 -1.573592423402598 -5.737338985888138 0.6573291329502009 0 422 652.533707857132 2391 1 7.955519593883491e-06
 -43.88376035194265 128.9773045998059 -40.84900422461417 4.089780144748432 0.07703583406592369 0.1264177810539692 -15552116.7951179 30.32850672691744 4.019850396130455 0.04966722554924758 1.922977251794687e+17 2997.647749821671 2822 191652 1 4.443954204573168 -1.391586098003856 8.215055135831259 -1.306832335744369 6.4632791034637 -1.39347078682923 -7.357703095263432 0.7850098375667485 -9.699906880922743 -0.2036767333887389 2.497438979114608 425 652.3194909095764 2391 1 -9.096946730885264e-06
 -2.838165105502319 0.714265775767385 -1.5029044981287 52673.89851844936 212174.1768474097 0.1221625326765122 -153959601.1238812 72.81829258600331 14.5816597142132 0.930643650456651 54.570070943177 3065.944135787644 1096 127679 1 -3.641970690837077 -0.1370059248685403 -4.458215484553708 -0.01788069864180742 -2.475515824176179 -0.1442071506959515 1.913279895943053 0.7134556162910917 5.371772862802668 -1.306671877558525 0.4124096991067567 428 437.6302080154419 2391 1 1.96316813413803e-05
 -3.844750064009213 0.2014574568204036 -17883.47227827155 484.9813719336579 2.177654186392046 0.3310040697331648 -951.4579355916345 7663.295133077733 92301.36384170683 0.09307469713429502 189814894943.3989 3051.868112633711 2769 191621 1 -4.669958007516214 -0.574142169953352 -8.129224090779855 -0.340373888307056 -0 0.6224735043953005 5.598997822070593 -1.264642366553634 6.763131054068054 -1.163925087247714 2.223947676356391 431 653.8542160987854 2391 1 1.832102546153561e-05
 -8.954824107971126 10.76098794613016 -0.2042468633325106 2.3521625519424 0.1041309278058554 0.3293911772250586 -697.6658077158149 10841.23799597534 210324.3333857208 0.1709171435010416 1102357.108222368 2941.24500632818 1532 127763 1 -4.356975621228496 -0.6896863060150089 6.812744039205374 -0.4752895563278328 5.804591670495943 0.9944635431594628 -0 0.7254437433698091 -2.283611419875895 -1.519647529034827 -4.84224745686723 434 433.4165070056915 2391 1 -7.048298211594442e-06
 -3.090152965469041 0.188027739702116 -5665.690078321411 33.3599552775844 0.3695852016809958 1.490324924769278 -1.108825657109996 122.4773199925729 46.31247122705685 46499.69634362261 6670586.746821037 3198.02381241798 2942 127767 1 4.618949104758766 -1.175038690633381 9.98810811704635 -0.33955611312886 -5.533409274732076 0.4971749578422924 2.301847561714311 -0.05819767510916843 7.894149970425463 -0.01888431343554237 -4.212943186211767 437 440.5743489265442 2391 1 -4.820652736818362e-06
 -7.89771058111199 9.968498134198546 -0.143381566410119 59299.18719370718 410404.6050377105 0.1741466516381109 -338337.1041641235 38695.64342888385 3361796.772565157 0.3451002960748299 2327.035096401626 2957.844276068144 1017 127763 1 -4.602681369158105 0.1854269878516907 -3.990070618003204 0.161843374320556 3.078126278687696 -1.638568859270453 -8.142927789120273 -0.7186211015014088 -6.150494371218947 0.05341765656896767 -0 440 441.3390920162201 2391 1 -1.216729956410728e-06
 -3.916477735079444 1.126501752788545 -0.5944263033086263 4864.633036394959 1304.652819407556 0.3483755459669809 -635.7730011102398 140.6279783286471 55.96241472668729 0.06888892849136569 2794249203867169 2902.447885784859 936 127682 1 -4.397737243959014 -1.126487675139071 -7.060887273764662 -0.8675505983596343 -0.820221484907008 -0.4003197801534491 5.691566609475279 0.4888534778620824 6.909262114553799 -1.591716010479521 -7.251269021979537 443 435.9304900169373 2391 1 2.772539324234439e-05
 -7.094370511046496 10.93385125907364 -0.1224541105054991 1698.162819040665 435.8351291266716 1.993469270970244 -0.7031478641839896 745.2306095996931 1414.548426831725 6231.598724249179 75275.50347353052 2833.245878363366 881 191590 1 -4.691993360422384 0.8964173480182192 -6.05246428894607 -0.7391808421438091 4.662483872539641 -0.2078693314093601 6.135538986803665 -0.6693408398006504 9.735811110324692 -0.8447816291018553 -7.295755830366511 446 651.4311349391937 2391 1 2.426627140028635e-05
 -3.429892148069086 0.1586728730643867 -79599.32772324423 2.625584333348646 0.1478759536557913 0.1782239186889693 -288181.8105776086 285.1539225551307 203.0151391629826 1593.439961514933 5744.640916817415 2951.156304669457 1962 191544 1 -4.27465107329505 -0.2355455838512848 -3.265952940353154 0.9736961252945338 8.366031215775809 0.9566772531032539 -2.765755874632657 0.4298106668319601 -7.524438021527642 0.6395302687691391 -7.947464740027694 449 654.0223340988159 2391 1 3.219363568054307e-06
 -2.991727498984821 0.2519106789460039 -2226.314891467871 1.184507272453037 1.583166243089495 0.1060676697313007 -4291751051.438602 53936.44111008586 7383096.059441545 9057.983484668677 57014.48893614936 3058.141661227927 1722 127768 1 -4.273375122804334 -1.538123122836456 0 0.2106683917725433 -3.480642782521887 0.3720357393005185 -8.620442081810328 -0.04221572505022934 -0 -1.187460445012423 -3.375855511956448 452 435.616201877594 2391 1 2.617300854218633e-05
 -3.815683831143962 0.7616980653182386 -2.020519645093335 6244.422425990865 4668.590152513691 0.1163260025348347 -218323328.6948752 144.0067927605492 66.6876459641052 3.099864749509651 1.377425925806947 2843.768040317257 1572 127653 1 4.260122433942058 -1.808613212727872 -2.508180065338143 -1.057339788959098 -0.832028644438326 -1.111671378973914 5.023640037662196 -1.557682574390997 -3.267958095239085 -0.7343948654572454 -0.09715319430927671 455 441.8968620300293 2391 1 1.12760494669153e-05
 -3.156709723584535 0.1318678335243177 -1349881.475089428 1.891557782313968 0.3666321015604931 0.1101623053668643 -265856938.1541852 2049.22004392486 10794.03035599445 1.419413727898796 12.15174252433538 2833.175431601352 1719 191516 1 -4.383256609851654 -1.70613842634765 2.555336591974699 -0.2047752846054473 8.990550978581037 0.8389765369079732 -9.581458107867874 -1.037699098174811 -9.523280294456764 -0.4977193602606979 2.034254364164559 458 654.4301290512085 2391 1 6.645392614314755e-06
 -2.597398053969716 0.07878520162060747 -32911348859.71781 0.6040599647425476 9.895165839512789 1.100206464341762 -1.900241522747931 1513.167223959423 5842.780716834905 34381.02896155237 975767.7099168368 2949.17248770146 4380 127773 1 -4.386904627617185 0.0607151600154383 6.436263932386139 -1.78880502253271 0 -0.6212398978601277 5.29911761515017 -0.05262722993389529 6.335131103210375 0.684500564034396 6.727077714732442 461 443.1326508522034 2391 1 1.052830688633442e-05
 -9.275157013413358 10.61125661803784 -0.1993351211682241 0.05589663054212814 -2367445790332921 0.1402252249350878 -6351388.222168283 473.4534292879387 551.8872066149191 0.04497888789857855 2.807554846169483e+20 3042.600397323956 3638 191664 1 4.268041081176015 -0.6119913314576122 0 -0.5641251246092729 -7.983563918978621 -1.807697180741488 -8.49689196004679 0.9239065728689844 7.389284891977253 0.8957876529361504 2.188517775136155 464 654.6304478645325 2391 1 6.860287851936689e-06
 -2.729673222650492 0.07748370534498995 -1641141502.143896 1.843453924252621 0.1954787951535956 0.07472498610199019 -68699638676.41553 4078.592167581009 38587.57165010012 1016.237664731484 1818.898206411266 3037.549604661775 2045 127772 1 4.158084405953149 0.4911452728674455 -0 0.2265872809870375 -7.042694510158507 -0.5036229842100006 4.078417896938983 0.02027517010102774 -6.438882848672145 0.4007759734565091 -3.114371297825209 467 438.8147530555725 2391 1 -1.727722176945729e-05
 -9.626752685450175 8.39684172116665 -0.1967085682946907 4.388430948257666 0.09865064202834982 0.4205753562440196 -133.1174051922046 54.71162346156343 11.05287060303716 2.171441517836417 8.11994985149202 2944.566883933082 3171 191660 1 4.65221027087618 -0.2110571238808437 3.709351456221897 -1.499437169374823 4.343544662426845 -1.734065228628726 1.363253655762493 -1.538424013082988 2.911763878238769 0.9061177534562659 3.821771859633595 470 649.5682079792023 2391 1 1.156295469613772e-05
 -3.13810851158165 0.1615963278273446 -53771.71569437154 0.06756334121882747 -974898990089.2462 0.1375609882478655 -2271879.332403173 2602.15625184671 13287.48394856878 1.315664791252987 8.352051348669551 3114.327293884159 905 191640 1 3.736679425604913 0.3462972016548198 -8.004711579008104 -1.136348640329625 3.14580106432456 0.8164617197454911 -7.916092163905226 -1.887246387450345 2.925681642581262 -1.655965062921167 7.189022452132857 473 653.4921429157257 2391 1 -4.58022636214838e-06
 -3.756352049187091 0.2132397858653597 -2786.061178793858 45568.82585794412 134621.4592830479 0.1790591143294274 19596.86631480533 11139.63206815312 248258.8375738121 13907.55826543314 491672.4390871821 3091.44568589886 1035 127686 1 4.307380832164577 0.5992170413415767 7.154668851239041 -1.244153816414071 0.2840964160265669 0.6182747621731991 0.7097984052237765 -1.039181564502825 -7.404554426814576 -0.227128045637885 -8.960504957703783 476 437.946702003479 2391 1 -2.028852656685556e-06
 -3.398934335647305 0.03764255562427182 -4.348619599641018e+19 0.8039933277248226 -0.5898677466363578 0.2131199614088219 -36672.10515497755 1182.265096641966 3757.901037703549 1.442717403392418 8.933042449705772 2745.816957458047 3100 191661 1 -3.681920082766903 -0.186910206685341 3.030652102153645 -0.9937842607240155 -5.32661976221032 -0.3002408392986737 -0.9293389271863148 -0.6755383660645871 7.067894199447498 -1.506842613069192 -0.0964356189692821 479 655.3396048545837 2391 1 -1.510696127101006e-08
 -3.427451534704052 0.3987185573735173 -32.80567397542532 756.236132722612 46.6050427216663 0.1334412269554025 -1840416.463008079 51.76193844975358 9.052503282844906 3570.689728122511 21298.611546815 3125.270901598318 1071 191433 1 4.008889733218454 0.3046477589879606 7.342060801002217 -1.789992117450282 2.112917097438755 -1.816774022050518 -6.626004461541813 0.873958930539998 -8.047309286193737 -1.175430732326885 -8.007913569373759 482 647.044872045517 2391 1 -1.336046151659519e-05
 -2.887277846917775 0.08181065399036921 -937912945.4951512 0.1651556471946638 121579.0270337648 0.2016839838274733 -26474.19206939077 40.91489248814981 5.98323169515417 2.15173279376888 5.126316441790989 3080.029566271108 4575 127775 1 4.49919522353483 0.2792458036459555 -8.507451784316499 -1.308777483012552 -3.114638551918498 0.05273016871109701 1.500793117557165 0.5332239564952825 5.004896760218649 -0.6870890012179744 0 485 440.0228989124298 2391 1 -1.375389502106937e-05
 -2.759333647626352 0.2127149348844054 -1669.098447065804 1.350883902089885 0.4391373134353293 0.03729080302341067 -9.960966786704217e+20 93055.99360231093 23087933.10660701 0.2197718105693547 87391.00674090329 3135.54260059941 1404 127567 2 3.714440748417803 0.2210681138190971 -1.396062676256611 -1.485060832593054 -0 -1.896638786722193 0.2446289121752141 0.5694589312939295 -0 -1.402403565478279 9.847391839810086 488 436.2767820358276 2391 1 -1.344797349468595e-05
 -3.066793714575254 0.1074377284749613 -17066753.44605624 1.985136570396579 0.1555142707392221 0.1703784834158701 -112590.9789756595 18.84652018936023 2.84895011327178 565.1925564808193 708.6682566052082 2956.844500080623 2013 127768 1 4.355597958984267 -1.655412132252911 -5.288065775271328 0.09580630232816789 5.34337084122855 -1.007414962292103 -3.592128278367503 -0.7276824031644171 0 0.9573078513982534 6.438712775777976 491 440.3197848796844 2391 1 -3.589546398094237e-06
 -3.114084831158886 0.1979653300456153 -4471.230477248711 773.4950366687153 8.815566161062678 0.3077165270710901 -336.3853340214537 65286.80179658983 9464424.893054446 0.09282427334923109 5474191485.439553 2920.925275906943 1310 191468 1 3.322508595529992 -0.8255638651247565 -9.826374067894401 -1.038131473220108 -0.6034894279458518 -0.154493267396866 -0.7518610131542269 0.299307766706665 -6.071495959271975 -1.981664403708824 -8.684586076966635 494 657.7259058952332 2391 1 -1.249659736695379e-05
 -2.667001004274197 0.07114697831512284 -1702128939883.438 23697.46205702853 22871.74096811972 0.3160250950217517 -2263.365681799475 2523.462115726242 15308.5854461928 168.3932350731635 48.50818136462585 2833.685282459126 3910 127763 1 -4.19454269498673 -1.046506267619606 -1.346920884805245 -0.5202716463639518 -5.251028266387369 -1.294889965649975 -3.443276005596061 -1.477955872644073 7.363156021241204 0.9605203216198168 -9.664406840482178 497 437.2049520015717 2391 1 2.052583891493458e-05
 -10.64250802026348 13.49492091823575 -0.2599644268637668 256.7891640081006 -4.628573188592442 0.299471046434417 -1579.341572743269 30.76788864304601 4.468672166781812 3932.670100240351 22663.631643568 3079.244182248315 1037 191224 1 -3.904925385504625 0.4149388876515619 -4.417962030744087 0.977416839390111 -0.2097692933682493 -1.068392602359258 6.634212283699376 -1.961156502271172 -0 -0.6016907822950808 -4.347459282011024 500 649.5755240917206 2391 1 4.577184949099506e-06
 -9.268087633420551 11.09647050349378 -0.2096570576716597 20348.13747255241 99161.79927049487 6.213705505246945 -0.1933441994005707 162.4011074144526 75.63893626684327 9883.942932561018 61779.78025089387 3250.440250863375 1496 127761 1 4.607648216534492 0.286416096890175 8.186478609583867 -0.8276303382197003 0.3342410481528097 -0.1743867367112238 -1.064202261304873 -1.266009319608576 4.649515974206808 0.01395937003513618 -8.425423937256211 503 434.1453099250793 2391 1 1.074138754314113e-06
 -2.917055874835322 0.3300134097457885 -118.3115457967997 741.2879890811765 17.01250234592535 0.4839081508678358 -63.52130190649964 264.6913595062719 188.5622752085815 0.08789604413799454 270051633656.6876 2825.151200349658 2350 127733 1 3.719152142148771 -1.388026877157781 6.284765240958523 -0.1348958336309068 -7.93548087900362 -1.45829239932746 7.250759002278963 -1.846236041915216 -3.090043448915981 0.01612488564992408 6.134265981600044 506 438.4918248653412 2391 1 6.685172282880676e-06
 -4.037093246100459 0.09037202712103586 -222754189.0612965 30465.60032097229 97032.73850643255 0.03963473372539783 -9.986229425262212e+20 27928.00962988749 1738510.823025475 1.767985342140989 9.989893013018589 2909.937196718191 670 127727 2 -4.420187357328489 -1.423011133933253 0 0.9564235460273522 7.216557913344166 -1.626211292150041 1.72887829340622 0.0686280106052317 -1.816610796040549 -0.6970323549881838 5.408461913135334 509 437.9222340583801 2391 1 -6.134735624483322e-06
 -3.95500764678147 0.6689068450073489 -3.058206664125412 1028.579983371858 70.37075980728297 0.3042553441807644 -918.463227440083 1190.398551910643 3629.42801742751 2011.110822227169 11746.64746061153 3102.445927514493 343 191151 1 -3.947896330606343 0.03315078190717009 -0 0.05395473086560894 -1.593271466974751 0.2935759844344226 -5.79036570126924 0.8541085123300274 -9.074013662331042 -1.073925956343343 6.296723013609517 512 654.8127629756927 2391 1 6.908225747279933e-06
 -0.02186729951266896 1345.309044886277 265.3142497421504 4704.717659110079 1698.290006559215 0.0608709281282821 -5.584163273855873e+16 1196.704218028595 3144.655234757835 0.07458738136978499 289168685339906.5 3165.594558639004 5380 143747 1 -4.149818546387902 0.9339171002514086 3.965508331627178 0.3309987249471384 3.274589987020228 0.9948900150078757 8.361051360126046 -0.4873666174637465 -6.330636849244041 -1.939942496572273 -1.980260629100579 515 493.426609992981 2391 1 3.020154779221796e-05
 -3.026791456320739 0.1095970165914175 -21237533.56443063 0.1877513846689361 -37148.59600278339 0.231204834851443 -11508.56313132097 61.77312091298499 15.03003281039854 84.28879267513703 18.85021484953238 2991.098874132916 1477 127734 1 4.598370100585639 -1.742769915503085 7.662598538514452 -1.177672396558243 -7.345176368675947 0.1334682928199119 0.6110052419169163 0.2069981042510753 -9.844361046907093 0.2200169558568405 -0.6031323786836378 518 437.965747833252 2391 1 1.399958082053221e-06
 -4.648053616460495 1.837547530606209 -0.2001659423515513 0.8820191442783066 1.583257364225795 0.04348445115201425 -2.603523063782886e+18 22839.63418407558 956653.4867506396 0.3507057736101307 350.2173754146286 2992.106864931917 263 186796 1 4.528825225796128 -1.469453406043032 -1.748415607928152 -1.53629008330512 -3.980139894610559 -0.7615679149817502 8.922008598606773 -0.03678184164071039 -0 -1.714383346622858 5.533254807721413 521 655.4250490665436 2391 1 -1.415672975108725e-05
 0.0172780928461675 13582.12050924889 24362.62698826037 7.502636753587758 0.07401545372019788 0.07665133464973073 -41035013194.1318 21523.4513845925 1024102.621599817 0.7182830030427366 51.98917396003863 3172.617644748729 1761 127762 1 4.641461153913965 -1.767605484873595 -2.318893483325541 -0.58409412386069 -3.380003692046354 -1.5024240502349 -7.71062663843926 -0.4483553474238429 7.537420397095509 -1.224161342261542 1.945650910021786 524 441.4936909675598 2391 1 -1.681438482794774e-05
 -3.91735510192841 0.2927302559434693 -152.4044352801434 0.06654729008685925 -863179545743.4337 0.1930809876606226 -51186.37516423775 358.9727221958317 293.7404882688858 57.42561775322034 6.23764896115356 2989.055264085282 2811 191664 1 -4.694521375434086 -0.9096812576670601 -7.413121891444209 -0.5371826976629377 -6.694535496197581 -1.292691366826384 -0 -1.940588624805413 9.659440292837846 -0.6724194891427722 8.139983036183034 527 652.8897838592529 2391 1 -6.794889212390655e-06
 -0.04880758361628532 9024.268338192753 11905.52864110986 2890.007756350863 1533.909197978739 0.1999638373393059 -449958.7287963103 47293.38451920421 5697135.85065268 0.4695761450183201 1520.816201689887 3117.388125601963 783 191657 1 -4.241270961764363 -1.650550896184098 1.865897478734698 0.4130182820103525 8.604799709139648 0.1110743384041331 7.828048436671381 -0.4731291154350714 -0.4476366884937599 -0.03074486551845101 1.803652883982746 530 652.0787851810455 2391 1 3.712166174861144e-05
 -9.146601591426775 9.835502845367193 -0.1888687997473503 1514.030270343026 72.96119565221586 0.3488937230338516 -449.020105988018 568.0088078993111 682.0279679512416 0.8713141165301977 41.57068758021796 3018.219585267228 3080 127668 1 4.447829176663352 -0.153702745270941 -2.776284075694439 0.1315176409780423 1.594588990261472 -0.6273567145082506 8.893222457351307 -0.3940683877565033 0.5601272853265646 -0.2167736890908519 -0 533 435.2307920455933 2391 1 8.295605215083537e-06
 -3.372102976446632 0.07385271653405334 -18542822864.01908 440.4792575785973 -8.497412341137439 0.2739124416921498 -2148.21792574193 1303.545305560992 3713.947072258105 0.07910692207592902 627107684265.7997 3109.204584170943 4590 191664 1 -4.089196384547742 0.01343292033802827 9.656238389744212 0.04286102582496906 1.175030561462775 -1.093106077366992 -2.610696540330277 -0.004929249272642273 0.4468545850079595 0.7738368428388185 0.7760149196773094 536 650.0286660194397 2391 1 -7.231102918146734e-06
 -3.977486723481274 0.1620694431815047 -57335.90237593868 29425.49304117385 76173.18797207065 0.06830967841986914 -3694644140587.224 120.7354278356711 53.87113288666938 2.076139579514191 2.739254500238197 3082.735082605624 2060 191591 1 -3.903394728525611 -1.596941459485181 -7.882579059504035 -1.797801250396732 8.542900804866232 0.5012806617126544 1.052097277165527 0.1159240714682053 -0 0.7164044552559655 4.224831712703948 539 645.5915861129761 2391 1 -8.249193625148216e-06
 -2.687184636706833 0.1395359573285373 -952853.9922026956 26.36074022486219 0.4778836873880153 3.969518950403188 -0.2955854950873607 548.7934378467987 662.3082575933386 171.7341497581008 98.18031738190741 2888.896139339904 465 191622 1 -4.332698347453698 -1.173509620444468 6.470896692573074 -0.6781938316599065 2.232633770169572 0.1634126269269846 4.804723112664899 -0.1418410682585076 4.769945461946883 0.3145324232723641 -6.530597269999319 542 654.7153508663177 2391 1 5.952710184862907e-06
 -3.379339248653414 0.1083448243507662 -28205340.10598344 359.8597344472044 22.30106154677393 0.3263046333731585 -405.5573799792755 277.6466197421209 199.211396733399 13726.69676092319 449121.1542675817 3177.374037929228 963 191641 1 -4.685074152314395 0.3944587416734087 -7.159492001178261 0.2013136369942429 5.653659722243349 -0.4188504628470016 6.609401481831157 -0.4661950197642524 -9.7577589605377 -0.2519085859446255 -9.468471944391457 545 652.8994088172913 2391 1 1.151342456099875e-06
 -3.149126791802485 0.2056556229450001 -1590.70880506312 1.553927058495329 0.2934197661552643 0.1175403156566489 -13130629.45599446 2832.608871540437 18552.05365158362 1.674438823527469 7.150446262383247 2940.722647990721 609 191563 1 4.672363326331138 -0.2300421900695202 -4.436053016339532 -0.8466534560921373 -0 -1.069567492528447 -1.160684834363237 -0.587463079073661 -5.541797155011229 -1.194331750017852 7.378881267825388 548 645.9832830429077 2391 1 -1.608187549015207e-05
 -3.115055038848336 0.2819517351233852 -180.9595968588975 0.1936424220982305 39447.88751738389 0.05159339800495855 -5.030746617580336e+17 22989.9635227707 1559056.15217787 3.046923209734236 1.844368617550898 3079.401773473579 1210 191626 1 -4.5128490787245 -0.3094532451593803 7.266547076894156 -0.5144101841380095 1.111961302978367 -1.137920472188307 -5.912793564976718 0.07003123747645552 -9.450574168303417 -0.517305688034658 0.2755650348325025 551 652.5666069984436 2391 1 8.034696263906268e-06
 -4.770007240361078 2.396797723653196 -0.09211414807248482 2.639046205331705 0.1158553791032487 0.07195158279340294 -7375428601472.838 151.2157328327887 58.6228427264607 2090.287425291998 5368.014643372533 2963.741816071753 918 191610 1 4.590673372590019 -1.112948286708317 -1.175179822797147 -1.629564619158216 0.07174862294642059 -0.1008206352532479 0 -0.8612246330470592 6.743637820029931 -1.726198594571601 7.976378247618925 554 643.0301151275635 2391 1 1.298791912332474e-05
 -3.61606921946893 0.6663034008257748 -1.984313003432398 10146.26114142087 7053.488846475586 0.1010370133818917 -2277080818.391381 27332.09766889181 1982659.353302108 1.443797700535887 6.059040690666717 3072.261444442598 3050 191654 1 4.030432122300535 -0.09789722174923729 8.026161975763269 0.4452036846266054 4.383153576475482 -1.774260346181154 -0.5650064345995145 -0.5982515466655842 -2.428750864994874 -1.238213652139011 -0 557 656.646831035614 2391 1 8.731826223960974e-06
 -3.356050456729299 0.4526357074591575 -3.725760421568206 36.57981589995735 0.3441405977609826 0.7858221340638105 -4.696722944462429 46108.2721377471 5738973.888968696 0.09168888104375951 850719365.0850281 2934.705237356816 3024 191637 1 -4.585183837489605 -0.2115886140617178 -4.683636688005463 -0.9013564468842388 0 -0.9587207164739785 -3.507085890832857 0.6304381641012116 0.5928127684365672 -0.8785798605378083 -0 560 651.880970954895 2391 1 -4.068199556958888e-05
 -2.908772353660517 0.05654931943053003 -336195914947543.9 0.1610333189761804 -286125.4291553242 0.2657180404664551 -6422.683066826175 13.36364933008121 1.571493281224548 0.04990474077945593 -7.096834271740378e+18 3002.669252620891 3409 191664 1 4.094772240879476 0.5801250866375014 6.490942038171763 -0.9777391063815388 5.823327423167088 0.0940362115254926 -9.377016195909009 -0.2817452285620679 9.818444755360552 -0.782864139124726 0 563 613.8834810256958 2391 1 1.239705905370195e-05


# name: injParameters
# type: matrix
# rows: 1
# columns: 11
 2 10 0.2 1 1 0 0 0 0 0 0


