# Created by Octave 3.8.2, Mon May 25 19:38:44 2015 PDT <charlie@dicke>
# name: outString
# type: sq_string
# elements: 1
# length: 114
Slope	Lambda	Gravity	Lambda	MagneticField	Lambda	MagneticField^2	Lambda	AttractorTemp	Lambda	AttractorTempGradient
# name: op
# type: matrix
# rows: 188
# columns: 31
 -2.734639856158954 0.08525102725237133 -6909363802.255274 242.9544239950267 5.940650136807336 0.05160677271033426 -1.02734575723596e+18 7397.791422995931 141566.0324739584 289.007537197367 181.6120212386139 2968.928277605324 1619 191623 1 -4.37767398560688 0.2953195244822857 -5.454031962949714 0.2508166417764732 5.478133538593239 0.06406821682016429 -9.568379753935268 0.3710814850449781 -9.339453747144621 -0.8815356094758223 -0.7289081403816109 2 968.127012014389 2391 1 1.44118272759893e-05
 -3.732089803612337 0.07578526397246588 -5925535522.989962 0.0812088341311758 -10107315222.15964 0.32004092132054 -740.483654449295 44.5121125959953 7.308637199937291 1.360098736207785 16.96871265268599 3117.234393862965 2261 191592 1 -4.482559218975983 -1.441420129496441 3.626848290947394 -0.4723357476984056 -5.869922026310199 0.3993513169907564 -2.79140760426699 -1.163508898150828 4.189739327147466 -0.07697383549989213 5.422028980898612 5 812.6988761425018 2391 1 -6.477182522718442e-06
 -3.536762239908293 0.4653937246033081 -7.524678587229906 0.05496059765012976 8811993522041.678 0.2148191069642726 -5729.859261311974 559.6904920952779 687.6426331987132 46795.85622756752 4884023.995717136 3217.9030478971 2424 191604 1 4.500379413664742 -1.844343812316271 3.765779566744865 -0.3765026867313895 1.826603098317413 0.1104670682979187 -8.752954035840901 -1.803603403491863 6.128099695753425 -1.638244589908639 5.911186222404746 8 808.6148371696472 2391 1 -2.945536524128208e-05
 -3.280155926768673 0.1061672081264839 -3956480.393070894 2.352803311720279 0.1750262073091246 0.0993085914556007 -239841270.7791664 118.9640699830651 38.66310591466236 0.1129790314521241 161314208.885049 2864.662756791666 1583 191638 1 4.485222281691135 0.1264436004934968 0.6583416751037858 0.7125010618528114 -0.3311988050515886 -0.2742896050165093 9.220889626685359 -0.3733304335730478 1.691220278740698 -1.05898044424772 -5.531207139005753 11 808.7941749095917 2391 1 -1.889104181581182e-05
 -2.895853193289194 0.1311491595662392 -1047876.865979209 33630.74072849024 150203.7164647019 0.333320622516489 -468.136608773683 93.27057468389462 27.06875461645727 1810.907695840769 1433.494647968227 2884.375907412205 4792 127776 1 4.140465819032761 0.7714735579404994 -5.434617727119123 0.2566657614617926 -6.733986938137374 -0.7114259842015294 -5.660351588163268 0.9743466297230663 -0.3326728588318315 -1.56223334513379 -1.299433831029406 14 544.1935949325562 2391 1 -2.766349146133859e-06
 -6.205471687476808 6.643596938262723 -0.07898958513652457 0.68736577590277 2.068692273756951 0.1165764240989415 -266584247.3997772 13826.15428291296 434383.2986213331 0.1031899842923886 26506718578.52934 2948.725409807073 1859 127769 1 -4.690382093906498 -0.4644948976768433 0 -1.873188285015057 -0.8107577405301747 -1.175029950684094 -5.765915085042836 0.3550647769284421 7.454156412258152 0.1865206678897943 -3.036437798505768 17 447.4676809310913 2391 1 2.10615344950114e-05
 -3.607016722267085 0.09675197944874128 -3642955959.57625 1.622730848327608 0.2846391538759195 0.2249109171233049 -53257.53546719167 71.81510036108024 17.49845751025838 27863.74941886319 841479.9908617074 3208.15951311684 3336 127771 1 4.616673532486021 0.1534479615807806 8.580319922094843 0.428456835690799 -3.216215135225184 -1.462026153299687 5.269612013225495 -1.859506559217855 -9.700964665607797 -1.124192258983564 -2.849760198226456 20 433.2762739658356 2391 1 3.196280597164561e-05
 -3.135652197593715 0.07559731073432063 -10858101787.80889 20204.86121206362 19678.40056612862 0.2848190621708051 -1638.196983073748 100.8094905476293 31.33686497947579 458.2092658176442 218.17658532152 2921.377581865641 3804 127751 1 4.033780500053817 0.8928968195771918 0.792706569763439 -0.06335867019532594 -0.3239528157208031 0.329279530364289 0.08538434806131523 -0.5302745928646289 3.886483881808955 -0.9960708039121506 -9.743539608902239 23 432.6844999790192 2391 1 -2.959621005840143e-06
 -3.266538893425612 0.1187903885160005 -5131231.295417763 13.28859868339186 0.09306804782922001 0.117467981542251 -57087278.7735949 317.3544506687658 245.1919452845618 64.77751458350724 20.98897340548973 2886.190535718989 2523 127773 1 -4.450175554593873 -0.4364935391600051 -1.173414901101189 -1.881923229841699 -8.094963789920957 0.613298045011339 7.24445139839708 0.4080738464796703 8.874003648992192 -0.03570014967355477 6.76136090089942 26 434.738893032074 2391 1 1.906286854292985e-07
 -3.141019217333452 0.08154690929410316 -5159773909.960875 23105.72443287628 46540.85674939451 0.1145088908797478 -103930567.6108838 1546.025174979591 5051.529607729635 1188.477489396037 1694.115678801142 3097.182647716357 3874 191639 1 -4.592519485232309 0.2408145556357341 -0.9443122387968064 0.6294956478049194 -1.818469322129657 -0.9246880732258056 -7.404381932199241 0.9780334383872225 2.26647735989604 0.339574366144439 0.6763601653117384 29 645.0568351745605 2391 1 2.992195274021028e-06
 -3.243597106805101 0.1589087768155506 -25917.49763471767 374.4878137747953 11.96070482057513 0.04207095593277956 -4.099042564119211e+19 1521.632033265269 5215.091809492619 1051.541890448251 738.5043232061428 2959.696670499508 1057 191637 1 -3.348497449528574 0.7711566903208878 0 -1.364258351898136 -2.920323084577558 -0.1178905453202041 -0 -1.265510964943578 -4.346473178065283 0.3914016613825683 -4.684284942335462 32 646.8205571174622 2391 1 -8.053507869931444e-06
 -3.630557602956782 0.07877614994551614 -5122091176.765774 3127.329064110448 1374.519529147813 0.04163566241512946 -1.035758576591637e+20 422.5087299328776 422.4410292035302 2.080908765478837 3.833765983776662 3066.932574303962 514 191343 1 3.765725064105291 0.6953128450925856 -4.231132999253195 0.2993384544630925 1.993156194891015 -1.408274909042257 -9.260935439357096 -1.645644927710334 1.881220511727092 0.1424401678514151 8.842760859403068 35 642.477157831192 2391 1 -6.057358086494439e-06
 -3.04675866507922 0.1170470632283528 -1011768.938208076 4428.119712906226 2103.919595698728 0.06904515223696676 -244302372420.01 75589.64726235339 13060091.82559422 1.528145124909035 9.215758149328428 2913.855154453841 1808 127772 1 -4.418606103994015 -1.789866601458534 -5.833180425585441 -0.947925467746102 -1.268071788268154 0.8039508797931854 -1.617045558235605 -0.4042606192584968 5.660123373445698 0.1597941122186483 5.407378912821612 38 433.916522026062 2391 1 -2.272018172452233e-05
 -3.005949909211798 0.1189211440637696 -2141707.626938311 6.062310942454147 0.07850779867441619 0.7645367586250701 -6.214348779459432 450.1697232929646 523.2308567074825 227.9233326529876 106.8148172109472 2862.631288737475 3321 127776 1 -4.402418630472878 -1.337680488103291 -2.808697472331394 -0.5628597008538954 0.611325594279573 0.9758832137772671 -9.707262495395224 -1.721900840310964 3.025281815523737 0.5641843028979943 -4.1541839679709 41 434.5206129550934 2391 1 -7.805165531769085e-06
 -11.78944911735585 10.92433956251048 -0.2855124372722368 258.2831122288878 2.891919357748989 0.1734774088759647 -195569.5067146349 534.0398075762939 630.7028429852811 3.501618143884287 1.47331919516367 3011.169096610819 3498 127770 1 4.580959206097662 -0.05387359700888261 9.128471296669002 -1.32150157369215 -3.978851496971172 -1.804829865221341 -4.343782134092817 -0.8430076838152916 -0 -0.5582792981643792 6.860813787974521 44 436.4329080581665 2391 1 -9.381405891352061e-06
 -3.129328691091464 0.1523075646808848 -647170.4718655536 1.674480684299261 0.5793568352979278 0.05734304554277508 -5.174929574305966e+16 97925.05960773949 25192702.64710695 2.565452189267159 1.349927679754054 3013.380429939337 1791 191613 1 4.526720299480679 -0.611984691218546 6.473066457292384 -0.4448115603782767 -8.324849883514529 0.7585955337206602 1.791210541026931 -1.854277551115942 -0.5805114759933949 0.842454323658659 6.21622290365347 47 648.4168100357056 2391 1 1.796025879204633e-05
 -3.008034093128019 0.08765673051034838 -1447048866.489199 6751.956534447078 4821.999496988299 0.0832767795773405 -111361972326.2798 341.0503954531406 255.3350162577699 33.91167306662499 5.499158692247894 2910.757792450987 1529 191499 1 -4.049389779745913 -0.1386298202053267 7.213073124961888 -0.0133103474056542 2.207296126172495 -0.7386613140843696 -0.9486233006136686 -0.3221712106339538 -7.355860404931882 -1.990310724031695 1.175412625127759 50 647.2180919647217 2391 1 2.485963443403974e-06
 -3.068660140697265 0.08432322714812679 -822760600.7436262 7196.0523708016 3119.299151247055 25715.73136818362 31208.07672428014 7029.058477369387 98853.83115728662 0.2019898823666568 -135247.8243737475 2961.865335475722 196 125874 1 -3.213616834993045 -0.7593281099625457 3.528326005509649 -1.362618532316862 -9.190710353151312 -0.3788747482646544 8.772058981456127 -1.398686252561331 0.5772712410671623 0.4335484363887852 3.723711793364576 53 431.354544878006 2391 1 -7.403824274731839e-06
 -8.863111503758107 8.48303909317549 -0.1885349058811355 2.417703143741615 0.08704499052545399 0.3639077345328315 -184.3703565927923 150.776317736209 43.80905972952555 0.07284425952795372 7136634609012.065 3132.907703290307 1762 191351 1 -3.978006770878233 0.05935629717765466 -4.890250406164477 -1.025711786045047 8.944465323159099 -1.587117728843067 2.228700912392062 0.1947385851179573 -0 -0.1284156385756923 -4.039591190197179 56 646.1466331481934 2391 1 4.766355221560722e-06
 -3.038065675045012 0.1000048312056856 -352825718.3217704 77.54328080731574 3.060950536243798 5.129009267371979 -0.309662697114255 31298.23128984133 2146783.153993419 0.05257200467147745 -6.23888230737461e+17 3052.296114835757 4877 127770 1 -2.934202210976132 -1.784299857090646 -0 -0.6721842795763786 -0.08627459043297225 -0.3205616865038889 6.092790862212983 -1.935799644551522 -3.89918406384191 0.04175642587050012 -4.675225167492291 59 431.1052749156952 2391 1 1.739102197524453e-05
 -3.551704490345327 0.5868251822413287 -2.60842079264786 9189.335825644177 1002.854711457929 0.3444943787687956 -187.5952870992618 92138.01658793882 13149993.64150283 8172.047502828703 56056.41270577625 3064.547969037835 1200 127685 1 -4.551459824641618 -0.08848831727830044 -4.226445253220763 -0.9946104496399606 -9.20525380508697 0.957498396668564 7.85280089400298 0.3594696865746715 -7.095998810163021 -0.1068062148095255 -0.9405478268950445 62 435.5268929004669 2391 1 -1.22324437776202e-05
 -2.672673745908265 0.09649187405374006 -236656173.6013255 14318.26302435647 2416.820124513281 0.3583826247396706 -331.890250991687 18.3817932263885 2.420746038568164 195.0786375587294 44.84144579491772 2957.652356004065 3362 191663 1 -4.62028302095001 -1.883803153057883 3.657070072306468 -1.275770640583771 7.838563476450567 -1.597495127237389 -0 0.8112313442701433 7.662314249047769 0.3804965145035983 -6.872622473164119 65 641.3799760341644 2391 1 2.431181122415171e-06
 -3.051436240774555 0.1138333786510688 -4132417.719303586 15491.67507770233 19905.08513651641 0.481848469893379 -68.17917082493021 87691.70287800222 21285411.01250216 1.556429223549418 7.549263727696769 3059.03358701208 3257 127737 1 4.324581269754392 -1.894927228904828 3.334961761463282 0.6656760265591486 4.022318992746752 0.2391931054403304 -0 0.998014617719118 -4.604489949615166 0.9862849211971668 2.503975114348419 68 432.1180391311646 2391 1 -1.008981402802314e-05
 -8.796554595382375 9.399849964987544 -0.1751323696509867 2.02171173506671 0.1971780216603022 0.07491440342110947 -48211390558.39716 95779.25948843651 18989409.40791915 17.94191558131719 0.7695290253389473 2891.063426770748 1087 127750 1 -4.662212975170866 -1.615164889410011 7.353653378967129 -0.4937074071555472 -9.193928581054136 0.6145263627990549 8.359394537562251 0.9829532929982306 -6.288787210378622 0.01451674754616676 0.1850238115600904 71 431.0157289505005 2391 1 -1.482387902932745e-05
 -7.561888838546057 10.18953147844786 -0.1338410316613118 11.27851075190693 0.1580181182796724 3.43498007794715 -0.3154762028834014 8158.22004054828 123973.2311133184 0.8937013012715218 74.92399826716873 3161.654532135912 583 126675 1 4.538520704339007 0.9547032297200082 -3.629909957269842 -1.625372159355629 -5.634707569964503 -1.951520311650394 -8.273198250352406 -0.2260046962721827 4.205405787536787 0.1031911648263905 0.2390708745063832 74 434.8830649852753 2391 1 6.505886756440518e-06
 -3.218906027565395 0.1937789440256033 -3720.404919770061 0.08937064529276563 129293248.3877865 0.08889863602842664 -3503141683.928437 362.4020922254355 354.7109272018189 0.1193952703234269 -54221849.30722632 2794.431238326626 2575 191663 1 -4.515603676532316 -1.360121612745352 -4.750214393179687 -1.19344696254775 6.035192235888198 0.5075567178474465 7.69865169833276 0.4766822700849978 -1.171466840685253 0.6482619154711893 -1.745719286438172 77 642.4382781982422 2391 1 -1.686017533774803e-05
 -4.070802809042704 0.3216497717883152 -99.25856635090605 11682.13753793828 3852.162096251095 0.2780676468878281 -1404.776314433187 59402.62448032301 6453022.771078351 112.5832870660969 -19.49956139196544 3078.353633526195 1987 127751 1 4.641747399034132 -0.7100834622453531 -8.273480278827034 0.4976531115318323 -3.913624991100491 -0.6549604980762282 4.861521474307072 0.4153556311407689 -8.108035708609629 -0.256375466243247 -4.443664245860481 80 434.3456211090088 2391 1 -7.709711122274639e-06
 -2.35350192533862 0.09111923958589233 -142935976.7239132 12016.53899510843 31297.00239389189 1.190397044676813 -1.11244324802368 1116.058957762491 3640.593119510315 113.2026689634423 34.93500078968607 2954.412364543874 2398 191661 1 4.537373097965197 -1.197224831537326 6.148381497364876 -1.063147592538783 2.974166433114779 0.2517448287348811 2.523982790528775 -1.51171691469137 -0.2462990330476815 0.7498916068776826 7.697640787947952 83 646.8987390995026 2391 1 -1.071710873586615e-05
 -3.047040947617429 0.105917676755279 -227901576.8668608 1411.131672435685 107.0956605565901 0.1239604000088259 -182285963.4188018 143.4069095891479 50.09055953196272 14181.01747489303 423918.4137697174 3031.770596564455 4543 191656 1 -3.827384814375465 -0.2161229033822955 -7.393979132234671 0.8978667607546527 8.032200245365834 0.5814984657360744 1.931088242701363 -0.2607264398196669 2.586741763764649 0.5887761950865018 7.340655804582253 86 645.1975920200348 2391 1 2.083542190206419e-05
 -3.545543306504547 0.07983023832869776 -23916902258.85312 0.1219178469203023 4197320.46363905 0.5182357466235181 5.445984692042923 950.6396186695814 1447.992995109009 0.09921819398098192 31394948381.98736 2923.330742508823 2809 127776 1 -4.133725640060754 -0.6341617448667707 -2.658381471950266 0.4678149766501551 0 -0.9289749191509635 -2.898437790806987 -0.7895161277010532 3.463451303355517 -1.421281270127038 -9.345011565435851 89 434.0768730640411 2391 1 1.086971629941605e-05
 -2.905216398279688 0.04154691666056981 -3.7370678135946e+17 2.468083776150675 0.1794111644510829 0.1067694993942832 -447330813.791472 107.9940418389061 32.36893386038469 0.0527144238692844 5.894835977020557e+16 3119.584481406917 3834 191664 1 4.654768848330766 -0.4972293898995765 6.27199572867909 -1.82895482819354 1.980490558725955 0.1409466966313895 -0.8488947309293851 0.2796773316344376 0.1949523406783875 -1.737507537831071 -3.345308467702367 92 644.9393179416656 2391 1 -3.908566959186725e-06
 -3.129857475563643 0.1231444650801566 -2232178.180081211 5.83877231885034 0.1089426274285896 0.2282756973391067 -9014.01680708628 2637.984722992298 18139.77952903333 0.07249604575767334 4870323239623.872 3025.303457866426 3288 191655 1 -4.076429207531472 -0.3078991414861961 -1.327214937016664 0.04108100733315059 -2.717299357834718 -1.263027813996374 -0.7627335434098987 -1.739126390799351 -6.918967716393071 -0.1368450969901858 -1.540665901615518 95 641.2881991863251 2391 1 -4.251828133605037e-07
 -3.303248970568388 0.1416558734966062 -1245709.232187988 104.1583937456656 1.03598543427299 0.1019966441204288 -6421134155.147671 21374.19104129532 1017239.03733178 0.2055552793533407 1106956.953598554 3204.954388195053 1016 127748 1 -4.471725944101387 0.01580834967864943 -0.2565796613284075 0.5015688479447644 5.525184539326105 0.6532735095909561 1.230567501756539 0.5318294898669151 3.973176804199649 -1.271736019513037 8.599668908629241 98 429.9830069541931 2391 1 1.740573129617009e-05
 -3.554635606225685 0.2104996511569094 -9164.719630568192 8419.798752472467 8357.629930742174 0.2092803166150418 -79657.43338105698 590.4447752685257 836.552069479268 0.543705361635456 339.8807634212728 3324.463852419335 2957 127669 1 -4.537599528079068 -1.074720413264738 -8.412473412908769 0.6517200970803882 -3.469693019538188 -1.239030789068703 6.017308395719355 -1.720621210649982 3.635903192063073 -0.4528581243138508 0 101 433.9705860614777 2391 1 1.847555839732194e-05
 -3.277085755614852 0.1656192227589673 -38955.96075061391 264.6137475024708 9.444506920929362 0.3595609592490428 -413.3166948620903 45896.68514361315 5579290.25842728 1.617929081286557 7.441230494060617 2939.080728591087 3008 191645 1 -4.643622364915159 -0.613470984813147 7.176169554762536 -0.5089477916458228 -6.331475563946941 0.7623267491080123 -3.366577599664116 -1.654743461357694 4.901826061574504 -1.632989728763105 7.317671637397298 104 646.7960078716278 2391 1 -1.275514575118617e-06
 -4.012995050529907 0.9478786814028216 -0.5552375491655415 0.7295103795056715 2.601971717747098 0.05215192626474987 -3466802224121584 74324.92789524845 11944884.99023403 1.454183191802486 6.704856505522458 3149.275222273776 478 127708 1 4.628476096903083 0.1345449820580074 -4.342609459899304 0.005687808602528486 8.284460524771154 -0.636869428195225 7.005611500930828 -1.946011191293844 9.482961778012212 -1.412629335692133 -7.177389411679631 107 432.8887231349945 2391 1 -1.363927316766561e-05
 -9.757689592083931 6.804939396601239 -0.2047756180914209 7890.986973603722 4490.329328738628 0.1588275166622507 -496491.8245025243 49581.03366027527 5899709.639020856 1.655531313296775 5.456103365712739 2998.833130124443 2820 191613 1 4.663283290468798 0.5755148834806407 -2.48979874409244 -0.1539009117470869 4.520653007202603 0.01360615434739997 3.375563205863765 -1.354133425244637 2.83551204832916 -1.865156728778896 -8.169515671108952 110 694.8845200538635 2391 1 -4.666900392895344e-06
 -10.90551905643729 11.36881799387518 -0.2680028817292888 2.691551625703876 0.03929862463029289 0.1678639210133873 -295407.1141413513 33509.04224202138 2544413.772428247 0.04286964444629535 2.486365380761319e+19 3156.377616695618 3638 191664 1 -4.694535334761932 0.288664222558829 0.8390863989013351 -0.6851582163592553 7.762565738900115 -1.75568611683533 3.009392165696701 -1.579813465707545 8.302411478428567 -1.010047147503271 -5.633619108267778 113 649.1736710071564 2391 1 -8.113976314526083e-06
 -3.727114059606054 0.1075522648830832 -31134447.13731464 0.1268418573519259 7869394.070338161 0.04800844463318378 -1.119321266667676e+18 273.0415064049394 177.9318082604549 3853.084080407279 37464.49669026343 2976.761884439227 1707 191664 1 4.25060478248011 -1.645064315055523 -0.8537578375935913 0.9607595396328552 -1.141118889406172 -0.3739917800597778 -3.808316843300445 0.7897465269149651 8.343357931388423 -0.0890383074885613 -9.545782164542151 116 646.0449819564819 2391 1 -9.179888282861207e-07
 -2.760851443947213 0.1783049256585022 -43257.07950674387 1163.976218161205 135.2852500552965 0.140378279939502 -12171185.32054496 54.22275688095481 11.83324766786693 613.2306591227629 652.9933984215137 2879.392967193531 2985 191661 1 3.023269612397073 0.1079331113826898 -2.19450031232188 -1.534528496100267 -0.1508040022568444 -1.346642237362937 -7.924084161297339 -0.5743458542130409 2.81149356844907 -1.356844915850613 7.057363741304476 119 646.5384650230408 2391 1 1.259430832263427e-05
 -7.566039157391197 8.203485573411809 -0.1287974674336544 76799.81260552061 738480.6012889595 0.1248327504389357 -1681821.011809698 24758.28654986855 1211927.164107416 0.9523369990151118 -5.694258275329346 3029.73439605255 1504 191598 1 4.418252889582176 0.3408957163402238 2.632986163353484 -0.00061957824625394 -4.990061012973789 0.1684054374918706 5.146088416384933 -0.3893748968106125 -3.912754525487511 -0.1802374587528357 0 122 639.8126900196075 2391 1 -3.23843039094226e-05
 -3.197202235949356 0.1472984802691139 -182151.5313172973 91.85346429398463 1.429868433231896 0.0708755759665067 -5053988730283.796 65.21330594001017 15.08302532114053 272.6522711004332 166.0736964970333 3193.485573359073 2747 191627 1 -4.380199754320024 0.3763631620687518 -5.241261714602495 -0.7199119887352907 3.066207976833679 -0.5117428899855367 -1.323650447359818 0.8077993579507412 4.397182233237173 0.4370730202256006 -3.2742275182999 125 649.1266407966614 2391 1 3.594318134713778e-06
 -3.225764687377253 0.03562462032632655 -9.998334484502214e+20 1.707244295014351 0.2871765960519414 0.06158825424549482 -656365085210311.1 1940.296037958262 9903.452427350929 87.862251965441 30.21186614012437 2868.254292111157 425 127744 2 4.590040888959746 0.1545184459969309 -0.2991532436495739 -1.54938879767998 -1.582697884285764 -0.2927207696152436 -0.4916570883369227 -1.203588040494178 -9.571265768873783 -0.1822627788952592 -4.823055179519415 128 437.0606739521027 2391 1 2.90252790860655e-06
 -3.580054734468718 0.1923075294340217 -16672.94547734509 2.570934521186826 -0.02459339748173864 0.5238439608019068 -39.85347976946972 194.9411908522063 91.12650636739748 0.1694435788879556 4632773.077359122 3032.67574246595 1324 127770 1 -3.828136836277131 0.5349619749734358 5.597569186651213 -0.8771340702866617 -0 -0.827713975476275 1.982741610507825 -1.283087405804531 -6.616651672934604 -0.1127101766679175 -4.529258214115211 131 432.1674778461456 2391 1 8.104429239748109e-06
 -3.092645767825559 0.1844508107619869 -23960.70637659943 770.0667956295727 69.07007698202678 0.06960702797704293 -18191741127764.79 337.9203091052451 281.4546157540813 4123.016319122936 34125.40258162262 3116.844451585145 4445 191656 1 4.369084455429738 -1.165727485024839 8.546117335468262 0.10397559698667 1.712321157226552 0.995511733466639 8.951378274485503 0.07770394370568386 5.065744107584683 -0.0885757672875158 7.621165560410116 134 641.6469271183014 2391 1 6.131443554323122e-06
 -2.954255079736818 0.05110730817370149 -6780140052774.7 481.4869432392337 -13.61808742155928 0.06661670149152878 -675183751390.0215 2292.066268482482 14865.99333670357 11180.39817587322 484607.4242797212 3015.080721300355 1347 127768 1 -4.549609859531923 -1.035059326480249 -2.239441496357902 0.6683557716311266 -7.540567954017019 -0.04269902289478371 -1.496916360093961 -1.225571159047698 -3.271674602604715 -0.7358395781230662 -1.655966604016816 137 435.6535670757294 2391 1 -2.349429179176161e-05
 -3.841490511392583 0.2591561267929431 -746.0985195595669 88952.67294733833 -95938.13521556802 0.2297144932644708 -6380.541744062672 1765.763397294392 7224.534318309885 1.083324457506337 29.52148549019344 3088.639168512176 383 191596 2 3.858333958171916 0.2232576000024635 -1.344113418131704 -1.684822561468089 -1.327295328478249 0.8790230433863369 0.7158910299829859 -1.180571352214042 0 -0.8168372021531294 3.245217983850402 140 645.8656439781189 2391 1 -2.064937313787491e-07
 -3.317690671203582 0.05932464896313232 -3993806657108.794 18201.58717120141 12123.41296039885 0.5846123609535507 -19.10572460070733 256.5050864282157 159.298394238586 1.144184980297873 36.38227749314959 2917.440362603952 2963 191661 1 4.053711438333645 -0.2445304101075836 -0.5227479729610982 0.2145329864852465 -6.600265780945619 -1.186689932109605 -7.284173291057829 -1.932088647837987 -0.6585881420895388 -0.9833923864892835 0 143 640.814633846283 2391 1 -3.790621323461974e-06
 -3.322503875992599 0.1015657885555107 -5515158.563651199 0.2861932413684786 302.950230396433 0.2079494354308828 -5542.865698286987 53.65534317199311 9.14251391014259 58.33019919852514 2.672789819992799 2937.286004611066 1094 191653 1 -4.645626371741034 -0.5839214795698187 -0 0.01684397216832815 -1.481670871717797 -1.819415851141879 0.8737730575946756 -1.158161523454748 4.537410991783307 -1.078409205608077 -2.44811547849644 146 642.2672300338745 2391 1 -2.37285814450012e-05
 -11.53182800326454 11.29396347893893 -0.2926645072468956 1034.824222465948 90.6143875644199 0.2558089605775828 -10152.63763431634 3261.996890750732 20066.05120376366 2.661560434030717 1.745645330387625 2948.268781026196 1935 127756 1 -3.649204347742169 -1.547876961347534 7.951698558254089 -0.6317107122850434 5.759303959313756 0.001099559010319356 -3.206675128765492 -0.1682602425914706 0.9457273448113934 -0.4087328343146943 -1.522518120352579 149 433.5046079158783 2391 1 1.847123425763565e-05
 -7.539688325765768 7.976757378275367 -0.1347860738196624 939.8576151586093 21.18184305163975 0.2520967856949169 -3063.08607283245 774.0098198613348 1468.240441161068 1.6347982652522 9.491806739371929 2949.012548697111 2124 191664 1 -3.578600635027148 -1.906698745918574 -7.111997136849102 -1.712862925576259 -4.573973826312123 0.05417708300163372 -3.049031942943887 -1.195779735753806 -1.489987624140433 -1.241936487737302 6.006917538609605 152 642.6003699302673 2391 1 -1.24975244055576e-05
 -3.087346473529059 0.325489786664704 -97.06847406180763 0.07884859625885364 -216924522051.3374 0.06512236039865925 -262708336413336.1 71005.68594391466 14107823.81602601 626.4771583682731 762.23963784062 3047.887025625362 2209 191604 1 4.61224350060247 -1.94973247493028 8.57732950731325 -0.6315156396797175 -0 -0.7273423093806031 5.217470445827232 -0.4868489357582257 -4.797428860019014 0.8386808249080686 -0.7236808712467235 155 641.9375951290131 2391 1 1.24328434206498e-05
 -2.68328787438722 0.06222092317382961 -1687195058637830 0.2510142973278792 11456.26245550557 0.06757411813493736 -3890887956834272 61.34436019874533 12.77659611400945 171.452156669806 64.90527871672244 3091.7127135449 2477 127769 1 4.553404940378726 0.9501942414636542 8.189559426495572 -1.975073713623941 -0.7377630578020895 -0.807911202924263 0.4021206054232609 -0.566867496535477 9.236845454681493 0.2490092262228844 6.998633483102818 158 435.1537210941315 2391 1 4.081553826211718e-05
 -3.452690729957724 0.1601043671970849 -49862.14392111271 99762.88278522631 -312558.6703416073 0.2256076895725914 -10614.75747155853 1472.842872239868 4456.170028922504 2785.799250970182 12789.13688908743 3090.988562757852 1266 191524 2 3.95550448531336 -0.9381736816112767 2.831559232341155 -0.2440710854960262 2.4189971943864 -1.128206718498338 -0.575316900495936 0.2279562338772086 -9.456594652742286 0.01800620219623104 0.8399271302546278 161 645.7396259307861 2391 1 -1.413907217322844e-05
 -3.218155160486074 0.05314724652864682 -832396758132207.9 1.375707092518644 0.6761377391023802 0.4827026813155955 -47.29946067643964 73.93367506586333 16.89709422644677 3.57662978233448 2.090443164188154 3151.736000445483 5724 127773 1 -4.298744401240493 -0.2654318528652517 4.13745483239174 -1.468027079278715 0.2334893204707438 0.7874851963524225 0.8891469571008321 -1.486252515972939 1.030800471915119 -0.4883926526619869 6.95915496478818 164 435.1550140380859 2391 1 5.329892753655029e-06
 -2.898389459078762 0.1050965444075648 -4946687.107584999 3.583585512583035 0.1239085416348095 0.1522122051742776 -152327.3754703272 72072.14009683764 12842963.5777291 7.574982968879137 1.184305398448021 3091.388206185267 2860 127776 1 4.467133112299586 -1.484587524502865 -1.202852394641547 -0.3703266781261139 -9.009102084533936 -1.619207788772198 0.7615123476615819 -1.649985713387671 0 -0.6598106291731556 4.741793016547501 167 431.7401809692383 2391 1 -1.835051585523652e-05
 -2.408827164099294 0.1309390281149424 -305660.2504777974 7799.181921591945 8494.326385788112 0.5591289416876871 -15.17819020592477 9985.347607825966 195534.0041703048 2224.601805600375 4631.690786746409 2963.138617294033 189 126436 1 4.616821296110821 -0.4877567048111385 8.435385111159588 0.7288996060239588 -6.583649442243723 0.5481260122162297 -5.425663897565144 0.6461782179452937 -9.363473327929901 0.5627511354809931 -4.409960001664967 170 438.1176190376282 2391 1 -8.174077785748778e-06
 -8.957536764347617 8.371439270738373 -0.1639662558124114 1584.271535800483 104.531994055139 0.06215710331712634 -842134100334.9418 226.7854350889421 116.4564935778465 0.05941838769243574 16148216701691.16 3056.698302752629 3003 191664 1 3.894024959710976 -0.7518214706236037 -0.1228882370774169 0.8727059739200489 -2.724978972798971 -1.921520974141051 3.041654297907141 0.7303727080648024 -3.788245772131598 -1.98854384091263 -6.666089284301092 173 643.1610181331635 2391 1 -3.174587559027864e-05
 -3.650383105901863 0.4605227244143577 -22.45221769408517 0.04546079155687589 9.990855170628531e+20 0.1459667573465031 -22069539.56622544 5048.526940269619 61756.0646367403 1.055023112836898 40.47897680072569 3120.055131376225 1435 191662 2 -3.865023896353272 0.7201317385434418 1.491518135480915 -1.787388596336652 1.228967066986546 -0.1496534993578323 2.899195631360588 -1.622920053018922 0.09983904778063479 0.7047235165151235 9.703940801622219 176 645.3665840625763 2391 1 2.940479112729525e-05
 -2.854129979391821 0.6934255995682019 -1.632660436870397 76.86712036777267 1.248506575027539 0.03800396761237432 -9.971738278189858e+20 60985.06432987488 8807324.692714248 140.1757655320885 26.68744434099476 2832.67151020353 383 121803 2 -4.351626006417066 0.8791232980739059 -2.707238834409034 -0.4833155040095535 7.269833178967367 -0.9115712011843771 -8.174604606303145 -0.4530406963531224 8.701488087499735 -0.6133768449839883 3.70643161868967 179 429.2083959579468 2391 1 -8.60856362475113e-06
 -3.36911540573794 0.1095236858881894 -13784414.85875739 9022.017863559482 2329.735977822423 0.353111583516799 -434.2811141555449 480.6768026488739 524.4114419484443 0.4950192456435065 612.1019964897622 3125.46225230152 3838 191659 1 4.29801518247404 0.06457672647875561 0 0.1643405685740897 4.745145116870832 0.5212059094353463 7.462964914867239 -0.4162360839496886 -9.160754925585733 0.4805035204077632 8.209028878624171 182 645.144474029541 2391 1 -4.297839023246142e-06
 -3.842926870414185 0.2090213883882809 -5389.238632691734 2.832607535242988 0.1171262151456905 0.2730544201112408 -461.4188260135298 207.9678320423119 98.71545136631121 1.054975981056056 38.24173651016021 3042.659135730895 3434 127744 1 3.480764764988072 -1.32727233776035 -4.730935370467352 0.520942712878989 2.686965253581898 -1.041306577683795 5.92451213535983 -1.762361147906358 1.302248199393356 -0.3398622998339472 -5.899817059000954 185 429.6452150344849 2391 1 5.079381591309733e-06
 -3.667618517396892 0.5286723272166324 -6.730758163482364 5.487671135395097 0.1330171088608723 93.95312643311654 -4.487039623255947 136.2410362575043 46.37653013123094 0.1812837768051604 -734483.4163165925 3000.802979461986 1333 127744 1 -4.456550020189278 0.03922463649926562 -1.353424810613479 -0.618183591155625 6.214218284628401 -1.171234556711886 3.659698114294046 0.8866825063218546 8.73748292858337 0.183566832633284 -8.880528266050124 188 433.5215389728546 2391 1 -5.028515382782112e-06
 -2.884218803897773 0.1357025197155414 -302670.3415729522 3.746449250527471 0.0436626293594472 0.2228943683515403 -11647.85354650471 26.55040225966329 4.218498027952845 217.5455351577368 170.344252044307 3123.550572817783 2967 191646 1 3.324960524265196 -0.6677220693140411 -5.545780984196517 -1.265022790764678 0 -0.9751843042387929 -7.276569884241574 0.7821083759251364 8.158923017211988 -1.271291424847282 0.2805264890483157 191 646.872857093811 2391 1 -7.980948713896373e-06
 -2.468578266529221 0.2612151403505434 -265.9665929813167 898.3168687523998 69.40160961312957 0.2081605637394844 -17938.23354842298 12449.48966678584 413318.197467835 13255.85849214584 209533.0216758082 2935.198307410544 202 127772 1 4.600300193108194 -1.703655230500005 0.4200077147247949 0.7588000563319275 8.485769536826147 0.5046730030758875 -2.639628164702086 0.8565180629326776 6.439490764399408 -0.3615751633641811 -3.304945557184482 194 433.4433839321136 2391 1 -1.1694557263982e-05
 -3.178574926169059 0.08221619236845365 -63105500295.88081 24067.53698247946 47289.8806337949 0.07326687410619792 -47159831516063.09 3319.858531584695 23688.56318632379 1.309403091233573 29.33623020137319 2784.32222655615 5124 127763 1 4.628582268996136 0.4759269803495014 -7.829727196691845 -1.465317608342225 6.836308222996195 -0.09445035399728142 4.624236594676539 -1.343707949170046 -3.475726309904361 0.2912134152370763 -8.474661089007 197 428.4650428295135 2391 1 2.525433627401029e-05
 -3.263415279317844 0.4856738099681012 -8.978887794474016 0.04361914398404006 -2.76987232117847e+19 0.4370944664360221 -89.36730824001903 99.83229577794179 32.77824957368738 236.3026585513221 136.8190305875602 2948.252323576513 1720 127774 1 -4.606456227558641 -1.077980046980789 3.119057443804383 -0.3574851301073539 9.425932834015558 0.3413766859269258 4.599479576073159 -0.8383815834143693 3.049915720179764 0.2820431800264953 4.575982507627141 200 435.7594001293182 2391 1 8.645024499908571e-06
 -2.918001092207862 0.09604142529250534 -48071497.25128864 10090.80786253898 10591.01873726696 0.0492767208395416 -4.890853309591834e+16 3032.831962977144 20247.80452161157 290.5364639323519 276.4804676412605 3098.733134650711 278 126856 1 4.554875714593468 -0.8665789199949856 -6.289585041690353 -0.3879718294163617 -0 0.9228894229763078 -1.007821783118287 0.1531635249909402 -0 0.3130164718984081 -5.770323428274066 203 436.5527009963989 2391 1 -9.911305376729497e-06
 -3.204138004071989 0.340941237250709 -36.97456329499737 11904.52377939521 6343.474554254443 0.4049354414572021 -68.55914921894856 9327.413559984781 246827.5173754822 0.08337872062483871 10872796742.9621 2969.399934866051 452 126273 1 -4.045531996583639 -0.07386119841191269 -7.823101252304495 -1.125546977361735 2.575700114611763 -1.299763457914974 3.845153681890795 -1.513643530366321 1.011682694797388 -1.438211778920254 -4.362380513065236 206 431.4859888553619 2391 1 -2.710720398682558e-05
 -3.368867219555847 0.2393670606104893 -771.3442265500576 203.9613548424592 6.202644552266531 0.03808749521149631 -4.416955930204575e+20 328.7975964692854 277.7310012203893 1.142179108737682 10.96262424537542 2897.136171837293 969 191648 1 4.261354307008969 0.2374362267726102 2.652223620584607 0.5801107617563428 0 -1.938925869998765 -0.1591865530851413 0.4079039572926745 9.50302193104975 -1.273980001244543 -0 209 645.6961779594421 2391 1 -1.762160013398239e-05
 -0.09605003986690866 4371.797984284721 3215.428606574463 0.04214337745763432 9.96746067648631e+20 0.2979281453396096 -2109.990648718188 158.6553030472333 66.25934977267698 1.567138902301023 16.33758395299952 2953.94723071285 849 191610 2 3.961274526424115 0.5616552130569756 -7.684977107304869 -1.48231765529917 -0 0.95535656292249 -5.084359954698613 0.8805768461406429 7.632104764677521 -0.6973732042282297 -0.6666891381506392 212 647.1853120326996 2391 1 1.445292954049333e-05
 -3.292190334257875 0.2670565925539661 -751.9897564813741 934.0252371268443 97.82353691818611 0.5681128410988359 -35.41632339890784 43853.70716632646 3989339.452878923 1.191457811861336 5.267904404247199 3013.098013629315 227 124176 1 -4.557569122117918 -1.45878384811849 4.221277289200583 -1.15249956564961 -5.971912959648333 0.4912197977855914 7.464923741979632 -0.6693030687937558 -0 -1.90367310933005 5.862159780516592 215 431.0122880935669 2391 1 1.711664167290913e-05
 -2.963820285169332 0.06390915875230702 -1095773513398.803 8.414303214689227 0.05943408582018848 0.6192188283344477 -13.85696001716635 4351.021890002011 40317.3957990602 1.700874050659129 5.157993249177055 2871.027064770141 3714 191647 1 4.486305427633986 0.7537401768054153 -2.826852153131988 0.8986961902218247 4.636082661771986 -1.693853888441193 4.114880898762819 -0.2104662877893819 -4.112032417174068 0.7495578867036445 6.229077537138378 218 640.2091119289398 2391 1 -3.034514911726665e-07
 -2.914734134026974 0.1363812320315117 -219355.3223339565 1434.384978047033 343.0619686883143 0.3665435173745699 -143.9147407970078 53656.78532226709 7519203.411695617 9102.146641869351 228453.5830566224 2926.828724864119 3133 191664 1 4.678978354218803 -1.153292333313956 -6.16219144338393 -0.2207776764290133 5.912269854133011 0.2881294339573079 7.50113776899649 -1.162775927380584 3.163067248658585 -1.011467993020364 3.116553427133065 221 647.1155359745026 2391 1 -9.614335746969885e-06
 -3.740657454234138 0.2868567319845339 -94.85604550116949 24784.44201921002 34373.00518457236 0.1970481976765882 -9562.066869856748 3829.39446524124 22471.38429209779 0.07115492700228343 -132406163161.7662 2957.543858192528 3553 127756 1 3.496483676016676 0.5742899337347658 -7.821979598058885 -0.2876227288689321 -7.934279447724078 -0.02133683423658363 9.097931433221365 -0.7373829950992876 -2.185032545137401 -1.893856456631592 -2.018833228236409 224 436.3746140003204 2391 1 -2.94245540304532e-05
 -3.3256662221178 0.03417572485486347 -3.762702468788189e+19 2.078694837725498 0.1630802562050587 0.1562293842597881 -354045.7629015609 1209.327273245225 3373.453488038241 2.150233508477944 1.340856330901684 2933.353507818193 1869 127769 1 -4.119246998556362 -1.927870384375717 6.098496186759048 -1.082583511033723 1.310903595879559 -1.349808206067082 0.1669290180088763 -0.6186500325447959 8.115931755406635 0.4359471249676741 4.075350199809955 227 431.4366190433502 2391 1 -1.534832784187888e-05
 -3.294562367616693 0.1471930697210394 -190079.5144175706 0.2336223714693527 -1249.467967829281 0.2265992017341834 -11725.85924477308 289.7728498042248 189.7637018777106 10307.58468826716 336774.4436130828 3046.903425596417 1786 127650 1 -4.57713395659311 -0.6030444686888643 1.980299949993424 -0.6370742774985407 2.313644339030731 -1.306994128322393 4.009706510266462 0.6522872509656401 -2.60537820769799 0.5164435651199426 -6.360000026194838 230 435.247444152832 2391 1 -3.258543031680802e-06
 -3.886302945903501 0.5302569353042751 -4.357191106770552 4.663154997147673 0.06862532403750927 0.09307916369264416 -135290941.5824407 1548.394442206801 6041.431021393272 1.178261542100075 14.55913985998294 3012.540312175975 595 127595 1 4.538641989877521 -0.8530464665433781 2.393446597539997 -1.872039404032133 3.315299758015257 -0.3279722829811051 4.379847878222918 0.02315124995206693 8.669892605345087 -0.8947867098100311 0 233 436.3154668807983 2391 1 -2.94283088304405e-05
 -3.157608295936809 0.05646030982317869 -295178297773043.4 3.061009149301777 0.1149578224474841 0.04798825791671713 -9.835419506891244e+18 22384.37826502071 1249060.040634534 0.1197866789326804 -860806193.2174193 2977.005750507328 4026 191660 1 4.675092364201398 0.6926825594358207 -9.134286683808432 0.399774496431363 8.809848105613275 -0.4252503404102423 -4.82316949591604 -1.162921582511008 0.07656193825984925 -0.730478758917207 1.541632246688443 236 644.8802840709686 2391 1 1.09270899707445e-05
 -8.784224779120958 12.41929499621852 -0.217601932574904 1816.568059148297 369.4791454465654 0.3038099928170676 -1232.017800940757 542.2944093325186 662.73173118559 0.6857551528854451 106.1719490662225 2949.909640348985 3490 191661 1 3.823257869718792 0.6574110813676937 2.222264720330487 -0.7405887187715425 2.025817220035171 -1.80073469053189 -8.511005791906527 -1.301860822161228 -3.425253643470606 0.6827233146748362 -6.954282034966704 239 642.9434051513672 2391 1 7.189843845667393e-06
 -2.876854680505283 0.09392416018768514 -2435255938.322024 847.4547420372174 75.81655284225118 0.06072000912176876 -1.464117612183166e+16 1136.966138976121 3159.725319956825 135.853648630059 30.37050595747217 3009.445698527149 2189 127771 1 4.641400207589235 -1.898048104071173 5.981198379149133 0.1716822209656539 4.075040873602686 -0.2574688208325178 2.800399626063747 -0.2060039818777222 2.556476937495809 0.4429479605246676 0 242 431.9292299747467 2391 1 2.365360046562948e-05
 -3.576249965754403 0.3413228532732631 -76.03802234680683 41546.63721249814 75498.13481315244 0.3302654371684345 -535.9808907343776 82.54450461439006 18.42835557957272 359.8161659386423 169.0633983222427 3032.845478893395 489 191307 1 -4.654990316903907 -0.1851205950012443 -9.738651225533076 -1.408291133965622 -1.961432015831167 0.8777466731429041 8.767724251749627 -1.034953058363803 4.973015907745167 -0.9885143948690862 -7.006074972285091 245 645.21670794487 2391 1 -7.171403039677591e-06
 -3.214655364972041 0.06542391964262656 -9521381827751.82 8945.049669963428 5863.781340680803 0.2582118066300352 -7284.996117695229 22324.0527129634 1241623.047572556 0.1009132856878468 28934334426.72917 3228.860113610269 4324 191648 1 -4.693258357877511 0.12272303829823 -6.63125511294763 0.2471498150961366 -4.984682369840016 0.1356256859760565 7.140917501053812 0.8736272671468366 4.680005015905231 -1.361573044997046 -0 248 645.7581839561462 2391 1 1.453961811885615e-05
 -2.538852883273659 0.06736697392831338 -1421226286790.771 13595.44259243915 13569.76484665471 0.07314638605640641 -6243404461591.555 17963.93260776118 881477.148262671 2.091393406177223 5.610064182419318 3104.630602870589 1532 127772 1 -4.479054417460599 -0.4265637462821613 -6.525728326683089 -1.552052160765324 5.619779186692872 0.6625413688583395 -7.581987906075751 0.1749302765566955 -5.700022736662564 -0.6794581253221477 -3.357153829659731 251 434.250675201416 2391 1 8.975670594610885e-06
 -3.9209938223125 0.3731684033187128 -29.97922105587854 11994.19658790041 13250.43179493928 0.04507468617400927 -3.519968932364705e+17 35965.64192807589 2671917.446349282 0.06535670993909538 -10204222747608.33 2966.414999092469 1114 191661 1 4.11481309702515 0.293094141063647 -0 -1.7935764909258 8.09220315319839 -0.0565773000086054 3.691899067372887 0.8729394882042589 -9.283402606091002 -1.284695149834667 9.558339866303251 254 648.661297082901 2391 1 -1.535012188258076e-05
 -2.95541595405176 0.05089013726623951 -218422673236609.8 6958.1095833717 10578.82548990733 1.888868443658716 -0.2835536007007033 21518.88113904863 1090639.633266082 0.9889962468881013 37.06567508247157 3003.099129624178 327 190216 1 4.554460449057645 -0.3155682735818797 7.798046161866782 -1.287613739124392 9.801785215074995 0.4228197402632574 -0 -1.056696902061424 -4.982520056165932 -1.615562696692716 -8.042728843781735 257 644.1490061283112 2391 1 -7.874540412027146e-06
 -5.759683238015225 4.840889307738549 -0.08603846304394756 3417.074248184888 911.6585743186231 0.1823348328208026 -31193.54151456948 10962.58033700192 277680.1852475179 5866.09018398841 34431.09546649643 2903.042709192054 1264 127509 1 4.539634338907279 -0.3934089879492078 6.649931363244661 -0.5171240128107355 6.945463144621225 0.6878055586102567 9.919496734778587 -1.476695903176594 2.299867220026695 -0.5928184373250094 0.5265196825686846 260 430.1355628967285 2391 1 -2.650055122460491e-05
 -3.120088448863506 0.2853532575246414 -92.01727763643397 56.25601122812208 1.380390935439072 35578.8676399625 -409220.4325029003 257.8299464650288 135.8166187126598 0.03525822249930567 9.985273156231977e+20 2900.277532060189 694 127708 2 -3.979349233846024 -1.940801671548399 6.054405810794971 -0.4803846033589423 -8.642992446411817 -0.08111250613587728 0.7252319723690244 -0.2140442835898356 8.60035558384256 -1.983266737301978 9.133266565073608 263 431.5738530158997 2391 1 -2.627132754153242e-05
 -3.776938333593885 0.1153399267906574 -5039909.335731816 0.08135633072265536 8642859104.626894 0.05248228397311552 -1.534208186623445e+16 2215.680595405122 10886.18778498347 5027.078381363769 3306.744780009205 2951.901254205627 1859 127772 1 4.51810426785736 -0.226859857854409 2.09529374194371 -0.6358130943860676 -0 0.1298887357995485 -9.588095450356308 0.6132617778087459 -6.467127901374844 -1.046662856744675 -0 266 428.6946320533752 2391 1 -6.027952331586431e-06
 -3.019061396432866 0.095467420479008 -300168282.7571337 17046.76676247207 30126.46177237053 0.09754213267905178 -2673782012.066406 34531.68448903342 3263797.449575943 1.025168984245284 41.19658914224108 3166.635639944261 2279 191532 1 4.662516032282016 -0.8426376858288505 -8.628008568225935 -1.940317408526111 6.354622811592415 -0.9901571649809462 -3.166604686917347 -1.122745753243278 0 -1.775665996071694 9.132363694108323 269 645.3435971736908 2391 1 2.228607297475028e-06
 -3.067529560532491 0.4732762845613842 -4.408624233789185 17435.3214498134 51502.82261122338 0.3570714921969702 -115.9364776277507 64743.11862839758 9852559.462503042 0.8454031889788147 30.64107072049697 2936.928060883131 1219 191524 1 4.608513087456814 -0.4783380846082137 -1.115691647429786 0.9493053415618723 -8.168607648728333 0.5750273070543002 8.866400525444003 -1.394070188900351 7.826071937096685 0.2133339923576422 3.731794803096096 272 650.993558883667 2391 1 -1.40336083438343e-05
 -3.212335751997694 0.1228167357191604 -5210322.541055929 566.8714750802005 15.94871846767487 0.2564921175404035 -5743.740538383465 28.56854089611722 4.306728111791555 1.522677472477102 8.625202174253845 3009.149339354935 2296 191657 1 -4.090310769446561 -1.352359856689649 8.981294465719152 -0.6866869716696407 0 -0.4860807789318527 -5.313070039465993 -1.785839039647214 6.834454999258824 0.6379156099708476 -4.526393392803707 275 646.4951169490814 2391 1 6.624510965278446e-06
 -5.510372215139059 2.948400646866467 -0.118561307970215 1375.546628210117 90.42525874844864 0.4125615714430835 -92.22753193422078 1497.229086795083 5630.526114968157 0.7339052555498304 92.0876923566353 3131.963171998967 262 191581 1 4.444223032516391 -1.345777929658875 7.137500338706989 -1.179061300040831 -0.2409010774986191 -1.119004545194652 -8.634100926621169 0.9879287576116487 8.263481227275372 -1.460970910079146 0 278 647.6889929771423 2391 1 -1.66216782553771e-05
 -2.713667922882069 0.0897200906926718 -8498562104.478842 1127.204457657363 116.1960191652944 0.3273060822529938 -1703.960616005235 179.8624747313577 83.58828282350315 0.8450506728732456 93.09092535582994 3115.948186396475 5050 127734 1 -3.708214085849689 -1.78179515537143 6.480846345204226 -0.9544346740532461 4.377108782809746 -1.524631610498592 2.226972685568784 0.4931717808257297 -8.413436650829849 0.1424758113089526 -8.730724474741505 281 434.9209270477295 2391 1 2.678839198804986e-05
 -3.063674021139038 0.08416609050998676 -1438692051.845139 101.6375888283934 -0.3127612189153313 0.21136602588692 -25426.3288032449 210.4495232351316 114.2447271599432 7131.048521194614 91939.62887838215 3110.598498804223 820 191600 1 4.684942722027131 -1.330961044395384 -0 -1.122034093163018 4.276349628180302 -0.4710805007497809 5.512586509015906 -0.3841239039641034 9.897600774364061 0.4318430330935676 -6.914351171320851 284 642.4985930919647 2391 1 -5.742705914488822e-07
 -3.445409869481179 0.07617437471819753 -13279660238.7191 783.0105069482649 26.13641825896716 0.3100626392929832 -1078.728387606181 92581.83374375816 19134831.31299637 0.04038694413420044 -9.935764196379352e+20 3047.266403266412 2029 127661 2 -4.663080356478673 -1.832663039444849 0 -0.1748951961240533 -0.2366332863388783 -1.835499788107322 0.5053393411141789 0.1255650609521734 6.677505978976092 0.4881061951733239 2.051042990133569 287 435.1660950183868 2391 1 -4.208632372570442e-06
 -3.663539120733085 0.2414474049649456 -1905.937335913838 232.4797226432187 5.224047676395442 0.1555993362254232 -1824851.166267858 495.9811028797182 578.7955334779389 321.8410316244697 138.7034379635134 2901.774515402639 2081 191631 1 -4.640719511196203 -1.701302598111118 -7.994828790082533 -0.008439115019811531 -0.9459090660653886 0.5640289048211709 1.927502731061217 -1.289187300367201 3.802128640420071 -1.29529375184025 4.441008765039194 290 651.9164099693298 2391 1 1.053818193232567e-05
 0.7774461681693049 285.6173520395935 17.47027174677242 1251.13518743507 234.2211510570367 0.1168356696395229 -110440213.6014643 531.6178267230772 687.987102805222 1.207733340101596 17.73414414143599 3007.399683067996 2768 191654 1 4.530940654712198 0.050281814708617 -0.7219295128019194 -1.20175513514212 -0 -0.1395911375312578 -7.091637409135743 -0.6293630448619147 8.841711976159402 -1.429455626146694 8.673037774291704 293 644.7743852138519 2391 1 2.336299747498723e-06
 -4.045384448198291 0.4301871626163551 -17.15481209808292 0.4600625576873628 -8.346074815894816 0.1004038224977439 -890235427.9644552 72468.86625300502 11892990.79561927 92804.09342211671 18609519.51392808 3072.451625396574 545 191605 1 4.144275256214887 0.6387937429779238 -7.90910366331997 -0.5560408012487752 -0.436381783556623 -1.047713282292268 4.401504965304873 -1.037125272128665 -3.951871383751237 0.6063140584916308 -6.058088790793666 296 644.1949210166931 2391 1 -3.860900652816329e-06
 -3.124978174503905 0.2051440586688335 -7601.245318106655 6.681310878764858 0.2509919892524008 182.2509435415244 -12.26210062213627 889.5434909795677 2161.703439473621 77.57351495818253 17.44764886340447 2930.013412782379 565 191541 1 -4.551126759224068 0.9141173975885919 -3.67001307528471 0.7009505750667206 -7.31526636360846 0.7368313664655206 3.287190058296308 -1.21515341568673 -9.719818932858315 -1.020962495538845 9.207816264863526 299 639.8967869281769 2391 1 9.8620775479805e-06
 -9.174226176978603 8.590388400688111 -0.1932306105471986 412.0155607816162 13.89696365063313 0.4480818797839641 -81.41302915088271 3091.972046776719 23308.60301487822 1.568111518102409 11.37201258432974 2984.607282891763 4912 191662 1 -4.619103027918855 -0.5199497215302005 5.748644430194879 -1.561971480649376 -8.709735264742944 -0.2834406430087509 -6.671901862449445 -0.1422463056291195 -3.504777362747466 -1.812775323715913 -7.238854602431276 302 650.1624729633331 2391 1 3.635061534820196e-06
 -3.362238799922075 0.2725284093990334 -208.0053779787493 0.3221403590448678 110.5226282409062 0.4810910862583162 -24.26513978646508 82094.04812779432 17721364.84563746 2.428640912010748 4.546683045712818 2808.253373290195 3231 191663 1 4.390811904083938 -1.64646122424768 2.397060434958672 -0.4611361524006448 9.389698413351546 0.263719506036999 5.751813370794439 -0.3063619095076087 9.943321691963591 -0.8770602531467517 7.294872977346275 305 650.5050280094147 2391 1 -2.1263467725481e-05
 -3.317369141044501 0.06492915007157163 -6281411589813.212 0.1115031562276462 148724229.5279931 0.08047718251181044 -910787849638.7146 66.00314584328247 12.85304112876953 0.7586624972818306 112.2408461518657 3017.248966027216 5926 191661 1 4.644110633285421 -0.3333895286774737 -5.11633108301961 -0.4002391682733233 7.718547076713227 -0.5789703479054769 2.026845572841974 -1.934337142801422 9.155417098946858 0.9294387797877044 6.33075665946165 308 645.7314970493317 2391 1 1.295468667509211e-05
 -3.02609645271153 0.04249290843697717 -3.266805473139649e+18 1.6144194581665 0.4282570242629946 0.3805718372970803 -388.6215170632104 94191.03103442283 18358577.12212949 33210.34561372032 1042685.025814569 3051.655389898879 4493 191659 1 -4.037526346673358 0.4818345389334056 6.064336427330651 0.05105886628321166 -9.630728800843855 -0.3565545414650098 5.187141287277051 -0.1191047317536658 5.998698074959181 -0.3651054485522574 3.979928003221104 311 639.8843340873718 2391 1 8.811140327325942e-06
 -3.42140932054905 0.2681474000335576 -430.2202100535328 0.1132858939939871 80328329.36560471 0.179439248578579 -191906.7111243753 23745.62778198654 1179358.242065766 328.4176345735092 -52.58195444839839 3092.480231905195 5223 191647 1 4.326314190121748 0.7824396798795084 2.687614271316514 -1.514035426119778 -8.448240559608578 0.05493163613442143 2.691168351466684 -1.616857439889959 -4.704378044717728 0.6734500656860947 3.406674570461711 314 646.2735688686371 2391 1 -8.293999580593294e-07
 -3.892032311219489 0.1667258331141499 -19684.24334999673 0.06378091610511623 7719749319087.271 0.2688220752692929 -637.3394703802728 235.770559949673 141.0160770958074 8006.373808941183 81568.59740804079 2966.986670004044 499 126935 1 4.536879981181813 -1.822546366330772 8.70522803273396 -0.9391188529802399 9.299512951683383 -0.01258431958454588 -4.691359698587813 -1.152312885139368 9.804831770246112 -0.1661833624623021 -2.735978811432963 317 432.4276261329651 2391 1 -7.64599032991109e-06
 -3.204647381509407 0.07049176417719731 -2347641691527.263 1405.447987463599 155.2147842162187 0.1603951869333033 -3433356.577845397 208.7459392941365 133.1347216177042 0.8989899377540872 58.78509371094351 3078.299287051352 5629 191615 1 4.124571980438356 -1.795851766293314 -9.98522648757325 -0.4431273052651896 9.35731851629121 -0.3198288162041311 -2.177761720924336 -1.049767418231434 -1.619994903114005 -0.5577021801009883 -0.07767712935835647 320 647.8442280292511 2391 1 2.268902024759006e-05
 -3.451546114960686 0.05964652946277555 -4306457669348.663 2.112162265372033 0.2386288785303377 0.1337590044423684 -6381389.591920383 2786.049193635062 17735.8055807085 371.2044565849999 243.9361363698766 2971.44534397906 4772 191657 1 3.609299550460581 -1.012774261303011 5.850475436857222 -1.913020967402712 4.731933019731398 -0.5464352093532181 -3.144472521913498 0.6256121294905541 -5.538400906546419 -1.094604318971783 2.995584886182206 323 644.3551847934723 2391 1 -5.827028347764362e-06
 -7.758441219153993 14.45903076925947 -0.2023303391983819 6335.245647096479 4092.756413055996 0.1159343201039018 -413792594.846081 58.06994397776959 11.8315169958378 0.1566854710830842 17956531.8457175 2941.217280068689 2242 127752 1 4.612754072466194 0.8826238927183003 5.793514289989306 0.3210084138181504 7.560887324658808 -1.405492724396227 0 -0.5190621413340626 -8.040041913350054 0.4621688178413627 8.665556588798708 326 431.408714056015 2391 1 1.6964465551973e-05
 -3.237886081935237 0.1131018787546327 -36793654.67555507 56.75444800182878 0.5275044566897994 0.08746346110907399 -281678510479.962 3.390235942038874 2.576689099241883 0.9552520736445184 63.9069499436625 3018.640972068902 2236 127768 1 -4.157441241421376 -0.2898793657189822 1.182435183046096 0.7552992308447748 1.201477649400891 -0.8132787075851784 -1.641431907307755 0.1139811168097959 -4.651555060355871 0.4786319144445113 -7.78434769974799 329 434.3036189079285 2391 1 2.000837638068558e-05
 -2.894489348921972 0.08983897836201632 -204235920.4656512 2.158004724380985 0.233819874089491 0.04023055664407163 -1.640536086604364e+20 87.82992663079827 24.50206110831104 2.140974026680599 3.051012165179906 2987.255769576645 1202 191266 1 4.53528120847269 -1.5580614620303 -6.819351458737948 0.6555559671486897 9.655533456461853 -1.586733114747953 -6.706013094367889 -0.4569977268694423 1.47111055546487 -1.68207887811745 8.027385258501095 332 639.1937398910522 2391 1 -7.94383344239911e-06
 -3.248765924826138 0.08374306868907984 -57951168542.22653 2.260491662333147 0.2403843879707906 0.09775102450055556 -18503608083.7509 4504.458192093445 43575.59644324396 1112.647984616423 1867.519373170435 3127.998052107296 2398 191657 1 -4.624886841016133 -1.957406438386913 -9.797759928845014 0.005783460669511437 -0 0.8727217222192536 -1.984127665990715 -0.814813347667144 8.26310826951425 0.9606914413654799 7.970955376206057 335 655.5043089389801 2391 1 2.417543319007107e-05
 -4.291461773400979 1.673053526674749 -0.1656805290528824 149.7472459206227 1.029249534771111 0.3354506515716643 -295.8999130840796 60.09230439018809 9.803313278141964 5.515625904081261 0.2499403022553744 3080.604763185676 978 191631 1 4.521649217123901 0.7778767254516863 -0.50990541977245 -0.954580207617723 0 -0.5676988877001738 -7.977924596363293 -0.1232721568554433 4.498389500843311 -0.9633094686573633 9.143390451229967 338 643.2798690795898 2391 1 -2.682559807946663e-06
 -3.353278312447491 0.08372513253117458 -409861945.7284464 812.6303351356941 34.39838095486876 0.3369981099282635 -321.4250908967838 71.50735987332887 17.78815307198337 23772.90078842729 953162.3216239973 2929.556340433742 5547 191660 1 -4.585794905629372 -0.4237007207226693 3.843435137586054 0.6692233739607598 5.489143644754019 0.9352974575606113 2.030456703249828 -1.669280126646453 5.189093393314757 -0.806317827076697 3.825502634868724 341 641.8215010166168 2391 1 -1.661079758719674e-05
 -3.642787639368709 0.3127727359950475 -148.9065202888985 89030.82487148912 300062.579338465 0.08705450138760876 -52104747309.05879 513.4319261527222 686.0568632743036 1.577917314953097 9.518571733547455 2989.194915230281 1667 127772 1 -4.499033707260202 0.9927267384740359 -4.757016512664808 -0.3673751785499402 0.4793740015602763 -1.141511156752609 -3.191260982212372 -1.381129832135773 0.8323022036679761 0.8927053572774284 -5.50817029950011 344 435.1288650035858 2391 1 6.444439726980867e-06
 -3.202532559200197 0.06463947952916725 -1817173281314.093 0.09533431649675309 1236557179.738254 0.3344327955340741 -666.9649726266717 921.137653843913 1542.249390084066 0.6124435665226979 108.5445777674679 3108.69366006767 2836 191661 1 -4.664355968157529 -1.540152661043368 8.205957218663634 -0.2285403540149478 -0 -1.619621599427489 7.62178589668523 -0.4999025369223311 -9.141924497591164 0.2246754664489207 -2.664477686884471 347 646.969822883606 2391 1 3.697910340388636e-06
 -9.257771208305233 12.74319704964084 -0.2284816183305835 0.2141937289101635 4559.450978410768 0.2046678148848039 -18492.66968972945 59348.68422394255 10039967.62499818 120.392904440102 83.705137988819 3063.18474961641 1613 191663 1 4.578200735466741 -0.871174790427002 -2.291209811383533 -1.380395698404368 -2.345895338360057 -0.4728913865244131 -9.137845738932942 0.1301309320899517 0.4223777581538952 0.4195011039504117 0 350 648.0127940177917 2391 1 -1.731181847266511e-05
 -2.655759564375458 0.03116292228347837 -9.998768551857732e+20 4.404073172290841 0.02534079542851505 0.4004670249178523 -90.1040038048929 1647.420983416248 7520.880074584063 5547.754503789873 79580.15497094978 3049.110207199549 1873 190770 2 4.385490834052471 -0.5376944014930363 5.51452069500061 0.4456762632964261 6.978436361993855 -1.699997734977587 -6.179516390460112 -0.04761089701140359 6.972095173361121 -0.7822900840287571 5.379646326889174 353 643.992928981781 2391 1 -1.664542536263644e-05
 -3.290934089609602 0.1938961907161125 -11968.26626494903 1688.968939705898 166.6217174189182 0.1475926550222582 -3959730.491836822 104.8259867640409 34.17486816925589 0.04643483027598785 5.22552600090555e+19 2932.694636400333 697 191461 1 4.642969413607534 0.1003702517571172 5.5034065500917 -1.256382256760512 0 -0.6593695051335819 -0.01605623614369467 -1.136551462457206 -8.879747528820877 0.4450081313096206 1.642529158396631 356 645.8649110794067 2391 1 5.934270598570075e-06
 -2.945088550247553 0.09008136306981253 -74275858.71672963 4644.845657600407 2457.333847819393 0.2084077240270762 -5134.10902603245 7655.368564236692 136374.0366469232 2.64605793957762 3.072275328248199 3074.455421766592 2102 127761 1 3.269377939482662 -0.8960718785260307 6.745634630182658 0.6221358134447659 1.050334702885348 0.9074912715817942 9.515319389516961 -0.6407120487177167 -5.266555609133579 -0.1201254765859315 -3.795935997320558 359 432.1948580741882 2391 1 -2.031344494811461e-05
 -2.94492289196225 0.220280999955444 -3466.486887536871 0.1168371988193441 37989757.19444349 0.6509763590851666 -9.600772049306482 176.4641298822839 81.1147355397364 56085.6943483793 5023396.704383222 3097.21259047545 2225 127748 1 4.680437880819508 0.7462933837898396 7.405769691123663 0.1211636807288215 -0.3532481498927815 -0.3107577820562782 0.5445242911955868 -0.8893961179136918 -2.481050855388857 -0.0327271371726159 3.660065068770671 362 431.3970010280609 2391 1 1.025598988910939e-06
 -3.360560483828075 0.1233109845087038 -4936804.836294643 0.1808849476933823 -34125.65909923384 0.05206618954356029 -5.841741264904837e+16 133.5077225110659 54.25522461315669 0.1982823267012782 431499.8806625107 2923.531008646264 1162 127776 1 4.287051047058792 0.2644505275653958 1.944122113508987 -1.89070214353736 5.445464959063551 -0.7715216183780012 -7.526553172957323 0.4410696550470292 -9.110181374829612 -1.308288354371031 4.004170243352877 365 430.5979161262512 2391 1 4.153811119313291e-07
 -3.955607443971746 0.132568577590367 -865224.7064527663 0.05226189347126287 1.430089093236753e+16 0.04273713982351116 -3.315699604099534e+19 890.2494308461447 1688.858069531392 6.683436309586239 1.059294112227096 2999.721026076203 1855 127706 1 -4.496188736816778 -0.7452421121757977 6.400637344743552 -0.4887120881896126 -0.215379915234069 -0.5282740963443802 0.4619281459393085 -1.602861230945672 -2.302885362174598 -0.8934657831398809 -6.882314153895764 368 435.3613798618317 2391 1 -5.320643359530895e-06
 -6.865777026908908 3.951251679862154 -0.1574880702067309 1322.749164998071 123.2601107832991 0.06509523212529518 -12818948380571.39 29299.08356189165 1883079.414919868 0.0848495605144637 94709500268.32864 2939.975065209915 589 127508 1 -3.986229650795752 -1.027440224973089 -0.769155079245488 0.5295738969775483 -2.696781486735049 -1.08866136634664 0 -0.3530320126147189 -8.246257263627543 -0.1571476287190556 8.033862485822272 371 437.2464959621429 2391 1 -6.309419543197751e-06
 -3.165340685174332 0.1588570009177124 -80940.94939961997 99194.96089017643 4560658.097917585 6184.15181379637 -17841.67971398138 83576.35230508832 15709068.55871833 2.550461103354634 2.838926165482278 3041.251656464553 480 126825 1 -3.475053815507785 -1.964183283080104 0 -0.5505062365984807 9.019568459834041 -1.96218517494514 8.015976017921306 0.413090520544876 4.988489178169912 -0.9103558635408265 9.627435859162812 374 431.0970120429993 2391 1 1.854201128956505e-07
 -3.005927896846587 0.08216702759468873 -13393627099.01054 47391.11873747061 177500.0716254521 0.2447622234483342 -14143.80472611048 81.2013810008042 22.24166280389042 0.05346430362375791 7.720515935475754e+17 2985.600586520375 1361 191639 1 -4.000929903743597 0.1385681290748755 7.538824261494879 -1.365224684571407 5.348938048624029 -0.8586244960843601 3.605746569360006 -1.839115727494474 0 0.1260187305091507 -1.907811728195219 377 646.2432670593262 2391 1 1.228260154352435e-05
 -3.421683836531833 0.1651531036314887 -9226.78082687371 12383.75927698092 27612.24667221944 0.1091780415223705 -15705647.04877304 276.935898546421 215.1629224610159 0.5676783356145374 154.9450340598556 2899.585142199431 1400 191588 1 -3.521555281446918 -1.438856675110811 3.704119184320372 0.7565274289728978 -7.926102172230387 -0.620632414987771 -7.989387644730774 -1.52586896443938 1.330692428291051 -1.461621862383782 -4.517232136312943 380 646.8216180801392 2391 1 -2.614930401154471e-05
 -2.72525446525225 0.09971696947739526 -13805444.21382783 213.4327274852728 5.034315058664939 0.2977576136766791 -354.5025620487195 940.8316315000749 2266.164266013192 0.7394751764942853 80.99502610276215 3044.780183778142 3826 127757 1 3.141683808863676 -1.603525023890104 0.8258607144465344 -0.3264621186300811 -5.572154434522698 -0.4735388542996182 8.809355492774381 -1.564219030178244 -9.638843648007173 0.7870546920235224 8.019542744171202 383 439.0339241027832 2391 1 -1.696583433572309e-05
 -3.260173285784733 0.07747562742592563 -17645593462.13221 4.338397035771853 0.07677438508233179 0.2092985178059034 -29828.32577720437 8245.386777114813 133055.6950594729 0.0721401331890629 2532279842712.245 2883.710891616347 2567 127772 1 4.649492034116578 -1.152078129619082 5.047848588552878 -1.919640632568638 -4.027921673558992 -0.05681967038199431 0 0.6087994118352342 -7.251431124697543 -0.7573077464617493 -4.05792403478054 386 426.8887100219727 2391 1 4.743354858471092e-07
 -4.251760394332367 2.884753569540023 -0.05908905921111467 668.0132959988548 16.9243827084068 0.2904068128641176 -5178.613952120262 101.4854866782448 22.34541387633014 1.666568372915814 9.862489566935061 3030.18117368618 5317 191621 1 4.651128168346876 -0.6158619882993364 8.737250821616133 -0.05859995322156136 -0 -1.11584004206741 -3.175248601874858 0.2493421164702134 1.584509378681524 0.03273816692506682 6.082762830363793 389 640.7441980838776 2391 1 3.302708604518156e-05
 -7.671285995586586 7.138145009886959 -0.1374251306810783 0.2035171887379639 -9834.531252429959 0.1747599937313792 -138547.2218294012 90625.57508074594 18989807.56961191 0.6180708582134525 68.00734432926666 3054.14027956413 1085 127759 1 -4.37069804760202 -0.6850779771294464 8.413542016059447 -0.8060166742890527 -7.958533716820634 0.2481274456995348 4.031118492394475 -0.7866892282461837 8.157782517534926 -1.801005500041078 -4.538200606982544 392 433.87664103508 2391 1 -7.423031220243409e-06
 -2.485993469575968 0.1190903987454918 -6553107.377200936 2.738062606997847 0.2519865281507756 0.6748430448082067 -9.134545760333031 303.7393871289877 250.186709135552 1.554771778634998 7.988679539413273 2918.327624870438 1151 127587 1 -3.93239630695362 0.5540782224786396 6.815087495925694 -0.2460825529346665 -0.1586067658140817 -1.432712810159397 -4.756261750618069 -1.759620875602868 -1.260909640490163 -1.247509866831854 7.805558273055899 395 433.4359939098358 2391 1 7.876463117407095e-06
 -10.1205512733794 10.5356878145044 -0.2292043617521377 4003.991232526394 1902.612462133227 0.2041654041084084 -25793.25381160013 188.4172850247379 76.24822996545039 0.04023313039324174 5.826693423699648e+20 2976.465088765874 2571 127776 1 -4.268836821657412 -0.5551665871516791 -0 -0.6211549173173845 9.590643075826971 -0.6222423847157126 2.002065790891292 0.2368125009612636 -6.00358822614688 -1.068647318706394 -1.460631311827034 398 437.9151728153229 2391 1 -5.48763216711215e-06
 -3.442544999930761 0.2635773479978068 -424.6562162439785 29041.11472996313 59654.89061483442 0.2445759716130732 -4567.574361922769 73057.56548536918 10192736.81900319 2.602510106260294 2.31458006164112 2991.520850466977 987 191532 1 4.116402649389322 0.8249330186895305 3.641811881703284 -0.1457710056261003 -9.298592212046065 0.6718110326968132 3.574067218961777 0.95707181289076 -7.433045968624107 -0.7977676753095029 6.42672700896902 401 644.0186791419983 2391 1 -8.590551436203812e-07
 -3.112175036221345 0.2171589673069142 -2231.590117853407 3138.630671859275 646.2955971558689 0.253559781994368 -3130.260175909859 91410.32757136217 19561244.61621048 210.2196711962739 98.8272826279855 3010.030291835782 2509 191619 1 4.450763467219451 -1.981991568656548 -0 0.07726908637375374 7.236454904114682 0.4238140606175889 -8.401210759715291 -0.9518904908625023 -6.720831567212562 0.1235321947180519 -0 404 646.6748268604279 2391 1 -7.53285211251401e-06
 -3.235808669965399 0.5344422673101513 -6.629004907629587 24.7598128061526 0.1390854741769657 0.120984934226983 -72547341.13890859 3281.124603934667 22426.67688516529 270.9846645775296 100.7407065578709 3011.185754689751 908 191651 1 -4.308663623494682 0.8640689317628021 7.479995577615105 -0.03808119448714821 5.84180795497085 0.2402572644705025 -7.214869255574866 0.9914787941838181 -5.697913928039253 -1.040501799229524 2.223989603067774 407 650.312784910202 2391 1 7.830115632819395e-06
 -3.267662096737168 0.3014885780465336 -258.4981800342235 42879.60242462585 -346028.8743715692 0.7498708660624815 -8.667921583276687 5957.052279785745 88547.13076855468 0.1230691199469759 212054953.3697089 3048.373559151608 1019 190968 1 4.491553510201566 -0.3160649650220125 -8.314887200296795 -0.7481214883900629 -3.749906351976867 0.223867194270078 3.539558954194141 -1.952890101578171 -2.554173320393879 0.5187735992249597 -6.298817907051632 410 645.552549123764 2391 1 9.899913687327859e-06
 -3.384256449822078 0.05568532893781131 -268216941976346 0.09619217942842766 1169660090.621906 1.167195291219953 -1.514036077770655 10438.37543465116 249023.773073173 0.04367721605001625 9.984258063915068e+20 2925.325538156521 1251 127724 2 -3.853783463038771 -1.97496864883454 4.833526298897632 0.1921531541662418 -1.612785289839181 -1.727115413516067 7.404846418890088 -0.3556999782939734 5.934499227471949 -1.420137840323767 -1.943308564554481 413 433.0911619663239 2391 1 8.674342019850452e-06
 -8.590277472227831 12.75910738652778 -0.1945524177858297 237.3358182341548 9.703810653022211 0.8167938301570624 -1.749940120743784 4066.967509526583 45548.8097794924 495.8579205250863 680.9729416305812 2885.621182850147 1171 127727 1 -4.695842729781588 -0.1352469925988409 -0.9647746802790378 0.9458941671155618 -5.539484092618904 -0.1949569958823218 -0 -0.05630780430275448 1.714853893493436 -1.528047916376909 7.966191590575873 416 436.2892689704895 2391 1 5.152922588161863e-06
 -2.611758243088166 0.08240777923948389 -5341631695.069141 2353.964315774596 1782.674397566308 2.807503314398301 -0.4067469281656135 104.9271205124188 29.93373265516073 2402.855858145158 -947.0087448435279 3084.446403907335 738 127745 1 -4.597673836921113 -0.4138124979432884 7.798986793959992 -0.8780321709437606 5.291687230192176 -0.03890350481887415 7.501563731400488 -0.8402995129555251 7.156605436398095 -0.06787269478498288 4.858761639884083 419 431.881089925766 2391 1 2.355135652296341e-06
 -4.119755721067142 1.785000959628384 -0.1799868586670764 0.05554492897561774 -486175586118479.9 0.5679596172124241 -24.68525124334478 920.3198087458925 1874.859402533234 5061.078492978312 30492.98366878479 2913.603040847184 1615 191664 1 4.60887154103092 0.1842903200958714 -5.465534136016512 -0.9611471559739968 7.088153079951859 0.7036269013114644 -5.587351097237677 0.01543505611998204 -1.348986438840245 -1.130203540102656 6.573077683438937 422 646.4315340518951 2391 1 -3.418107409616994e-06
 -3.310652945507778 0.09226475428321283 -668797247.6375312 36.71047516524777 0.3772460403328292 0.5117374660431868 -54.64313073493604 29038.80170822501 1669816.403549937 0.9616798735548896 26.52685249999719 2921.663585851972 4436 127752 1 3.438455330961081 -1.56153487171184 9.888597464862535 -1.780630745107016 -9.702470392333451 -0.5122062149377626 -3.672772335514596 0.1111288966502091 5.563878320133406 -1.891237467980623 7.736918572205987 425 433.7975590229034 2391 1 3.103609218483388e-06
 -3.552220900964807 0.2220540799226952 -5672.555908532582 647.4488683495472 25.03527344101695 0.04305217518279154 -9.998442279927677e+20 8822.094872973779 175605.6434797931 1.25446841990831 17.79028564896945 3099.108510182499 950 127761 2 -4.183502335188503 0.9925751530986586 -2.409005769139377 -0.7464680743285133 1.675557787628821 -1.374912997333503 -8.319737045165688 -1.375617841771368 0.9776476426621761 -1.730901406337698 -5.014961634722502 428 435.1879470348358 2391 1 1.061229061612621e-05
 -3.487783719927394 0.09529257946959005 -117613045.2941693 0.4783153361665385 -6.456650469294162 0.3706222865566439 -244.3734323389594 3.892906253570725 1.654694213711784 74.54291758294734 11.82375046314913 2982.71710052431 2377 191580 1 4.385032483766145 0.4446732393252807 -7.048462462378476 -0.1011138579384543 9.238514240615054 -1.618658842490376 -1.094517129619013 -1.053263983352446 9.491239546459328 0.6467430386368633 -9.175867568298459 431 642.0230770111084 2391 1 -7.137573023592557e-06
 -2.79870311928787 0.0696526160630154 -88982400515.95909 2.184512314484919 0.1855400842047074 0.1155039626871975 -122197473.3486391 6020.755073493692 82961.25447016375 637.7869933071638 1112.450713539225 3070.760348664506 4458 191656 1 -4.404122932207931 -0.7140229140950529 -2.631987223638176 0.7608198062244562 -6.463469292584671 0.2652284134872018 3.306887601168825 -1.971403533095256 -9.557359742926211 -0.1490396125983171 -7.660971932816707 434 644.6372151374817 2391 1 -1.209926510811369e-06
 -2.688347223318791 0.07404367712149366 -35433615208.68445 151.9520057081803 2.772837330734145 0.1659947940081703 -502713.5450720245 830.3526779329802 1707.46248699114 0.8687784360449832 43.15368034502448 3136.636955593897 1284 127761 1 4.617096017504471 -0.5593545702912568 -2.226321051710328 0.8774399789332397 -6.720586539281318 0.9760723117585126 -9.488653051317677 0.3304214627803614 -1.377684031189951 -0.393339840791783 -0.1223309558470564 437 433.2580540180206 2391 1 7.872684532982535e-07
 -3.387678764148592 0.05738872689585579 -1355848195294.135 3.826598171756947 0.04877175224780996 0.07896708708402501 -34173511067.26986 79.46565997241287 19.14433250765646 1.60304493895463 7.292065136841665 3125.287038281392 7041 127769 1 -4.591648432440357 -1.998634402067346 0.4967987868908659 -1.239822004232161 -7.666743506813255 0.4593086175486265 4.462748305173506 -0.2895207652020559 2.684181574411135 0.46778656297209 5.319789145758668 440 434.1679480075836 2391 1 -1.732539069271561e-05
 -3.388598840718237 0.4550573322254465 -14.53901458760684 1.83264116343503 0.2361450393443114 0.08993535319133274 -20248940936.09127 139.3697854858513 45.9585783359484 0.2214275659267397 234227.8782142774 3022.63631167162 1449 191620 1 -4.070735654397355 -1.381889093914737 4.826692871942305 0.2077983646807167 1.96147971894331 -1.902540222151813 -1.754143087695067 0.6634480390330553 5.337252569967124 0.2773861315673316 -1.20570496564022 443 646.4830729961395 2391 1 8.238903899410891e-06
 -3.396930454961779 0.3798809912265244 -25.68799241870705 2.316898015506151 0.1603807616816094 0.2008867335743507 -18613.82810644748 61.85036008063667 11.94490404647886 0.4824607627854643 291.6361860989443 3172.830469617904 1480 191652 1 4.652618105175589 -1.08517291696443 7.366878113466012 -0.1433609396086944 -9.055352121374149 0.7308188776739462 -7.033646422414209 0.1474303610114464 -4.422657605848102 -0.8429741251192997 -2.380068331186294 446 645.2613849639893 2391 1 -2.198591982284545e-05
 -4.128439795593972 0.2381403249085248 -1515.655309216301 563.8206720560655 42.25381863450758 0.1100498927307276 -77236118.53009295 10903.31736814003 303540.8155034166 189.7789637828207 138.6015523550503 2803.846228981751 398 191416 1 4.319353603836269 -0.9202096326918872 5.862609222906602 -1.346576586829421 6.213261317854044 -1.384549589213497 -2.824008180832887 -1.540097133678048 -4.080426740139189 0.1701580016966546 3.059004913649187 449 652.5658180713654 2391 1 -5.097125232210595e-06
 -3.104203278039547 0.1242686506718325 -898145.5546723853 0.7287082650203833 0.8582663154897475 1.968799707266428 -0.2478505911684667 17177.85991429672 720910.5502136623 42.20071772991155 7.9177266289448 2875.245972380424 3991 127767 1 4.235925671179373 0.1617449171997225 6.996195849598923 0.8561145890356836 7.900808759740965 -0.5146600339205989 8.042224569015561 -1.479014547271741 -0.138796525595454 0.7098771491174043 -2.01492346888488 452 434.0322418212891 2391 1 -1.358786024242097e-05
 -9.745009445377921 9.435842218108245 -0.1950314708432417 260.7603667970811 2.721709361131117 0.3382328147909647 -367.6846748403502 3329.677371247831 20800.2568793963 0.2278927002790141 100138.4157137774 2936.014676156067 1938 127745 1 -3.884677876830152 0.718578467577109 -1.467596298305691 -1.415226208949171 4.665416530321519 0.9755510936188374 2.199674087218054 0.6973727265713827 3.574847599956285 0.2247918522394316 -8.365972208482455 455 428.5114908218384 2391 1 -1.078313738906497e-05
 -3.224621744420498 0.1879687094071358 -2969.684553279953 3052.385458053236 837.2497682983972 0.07543757868202042 -10727705558.82546 29394.94114935862 1593694.746528377 0.4484499615075868 219.4726004447115 3160.906002247471 1140 191659 1 -4.607174906129054 -1.512437373822871 -0 -0.8431169219018972 1.215507327367924 0.812572946503999 -7.462457214110934 -0.1000589929018885 2.610682075643215 0.1929285517298105 -7.176299760592034 458 646.1678371429443 2391 1 -2.775844260936805e-05
 -1.964427123547098 0.06102083698808761 -273111327292.8275 3.310750301303021 0.1233626196993707 0.1494170408277984 -1041853.314849147 34689.82970951353 2879291.630313695 11737.45094163517 385039.103090223 3163.227461487966 281 190230 1 -3.186389706163335 0.6111609097395622 -6.355043658227888 -1.09489038641488 7.1620341176908 -1.163119382744057 7.267729127175425 0.7829579090548147 5.56517775939842 -1.88512842102337 2.795944012654141 461 643.7448649406433 2391 1 -9.884698382435454e-06
 -11.30115484082571 10.16978314940307 -0.2457826468068122 0.2528412082919216 1217.469739846982 0.1560753314182753 -3598504.280129306 181.5027318986571 66.06764003442471 1.490426122123212 10.76726772890697 3074.808220601616 1354 127772 1 -4.65495384140891 -0.6653385290065597 0 -0.7827277634468661 -6.957919289329925 -1.531709872825313 -0 -1.521496897715253 0 0.6748327104250347 -1.663868680485074 464 438.7320039272308 2391 1 3.097156843141957e-05
 -2.934350545503466 0.06998067389334704 -36515614266.66565 7.209868089473737 0.02016734970960334 0.1077441859694254 -101147464.392016 308.0416484100808 221.3752035309743 1.019955660806712 8.239558758801111 2998.109120643122 2759 191573 1 -4.445430818969249 -1.060883348716333 -8.819884363497623 -0.1175129911066738 0 -0.6069883020458766 -7.170749328496912 -1.669404590434139 5.392350098930089 0.8042208391832482 -3.961952527129769 467 642.1698400974274 2391 1 -4.594689153891801e-06
 -3.271489480226917 0.04984364801772837 -22105626737935.9 3045.988781922871 995.2246652987491 0.09682368306171332 -464781899.5922182 33.97156888581014 5.101429905486873 0.04307475514818376 2.883105405966682e+18 3043.610891348936 4617 191661 1 4.420752073776982 -0.2709223173623609 -0.04534208551481855 0.2703961892834709 -6.384210931826047 -1.743926451771511 9.716946689265235 -0.9142476377388996 7.320868819609711 0.6536794220795956 -3.588388323059211 470 650.142217874527 2391 1 -2.095905442360209e-05
 -3.549345857178656 0.1257518277763363 -5154789.588282822 0.1946187369799228 -22262.87187729735 0.3024183738573762 -1730.988505964582 4550.873677299099 40887.47994711675 0.5953483663714367 230.0801265191339 3047.080942623996 2966 191660 1 -4.536673831515625 0.9886543946229661 -0.933872546201874 -0.5276037018307029 -1.709444721990638 -0.08685140741692447 4.878752414339154 0.09118915284568403 4.318485813988992 -0.1877051797861648 -9.97598251869813 473 641.8292679786682 2391 1 1.345275821655607e-05
 -9.149504064832019 10.37490320663363 -0.2143634677934861 1767.494424842149 272.7940322638698 0.07839168227574744 -70449322006.97629 240.5017363631022 193.3943661015562 53669.22294092398 8658333.987354832 3116.120192556145 2349 127755 1 -4.697416347628764 -1.570541628657584 -1.704593737992366 -1.763903632982759 2.543115276999217 -0.8362123495289024 0 -0.9346907469051544 -2.175022420353321 -0.09093812880261613 -4.492117117205827 476 431.418065071106 2391 1 -7.897848312922962e-06
 -4.022123009147036 0.3848031822787797 -71.0053282976655 1.029189975970471 -1.426003896402348 0.2498744640279466 -10364.0340082056 5313.304253073561 67453.61732287891 1.968133858615208 6.014164334950861 3033.334954750828 786 191540 1 -4.680128325134035 -0.5002745174981414 -3.193144935909067 0.2050793576087404 -4.940945279961994 0.3052602720441411 0.4263126355367035 -1.77426674011843 6.265268560576677 -1.098113388831067 3.777668288078507 479 650.5280799865723 2391 1 1.983157143752616e-05
 -3.112943217141342 0.1052994366465514 -9315341.069652349 4.00371572553905 0.03864887638055899 0.1745932903799613 -94137.59641354509 220.140653478152 101.9648231789963 4994.779799458831 35765.2047953319 2898.685324888585 2498 127772 1 -3.842595877974684 0.2453725336515085 -3.325834167036709 -1.80026198000236 7.256167752220042 0.8609902110021808 -7.94415905312346 0.3051784242436896 -0 -0.8725807121167284 9.720352996836155 482 438.5340731143951 2391 1 -1.346660724988316e-05
 -7.713543432447555 6.56381867515455 -0.139767801854449 25508.55310485454 295593.3795201614 5.420180913464927 -0.3065160179281353 22774.58272683682 1188532.446001442 871.6264274845355 1221.487202745452 3130.002499244145 274 190304 1 4.364892010970788 -1.555553165890435 -6.040905192772327 -0.9909592076157638 -0.3343179966701024 -1.567604265700814 -9.476892868492042 -0.01694239168618511 -7.598009785284379 0.1837544638793105 2.386014599040862 485 653.0903809070587 2391 1 -1.303842926310191e-05
 -3.732589906257437 0.03474401499093983 -9.995422992457535e+20 78.32430744365814 0.7909033850359962 0.3895103473698779 -204.1377782864084 208.5059249409457 113.7605959460483 1.353546046083576 6.048956747378849 2978.792526270018 1738 191650 2 3.786869325930391 0.7296586806305959 5.922755894176688 -1.145079451304346 -9.822758590997809 -1.478613711727569 -7.233049897978962 -1.396207783683427 9.121088941094644 -1.729648171148004 -9.343302329500162 488 641.0164389610291 2391 1 -2.678430547550894e-06
 -3.353622182993954 0.09146831615531592 -320094724.5236679 0.1429012855747158 1340670.207355537 0.2034076218320132 -49373.38893760079 6702.66957495185 96582.71558803318 0.5889302452180921 346.3136297649464 2890.38888016707 11253 207620 1 -4.309500461860587 0.08720895998223938 7.513258027480136 0.8672865790374584 -1.415672320466726 -1.852405346608895 6.721538028700753 -0.8766031296502819 -4.855547671525501 0.9599081093069408 0 491 704.8073949813843 2391 1 -2.559862699128758e-06
 -2.905837956294308 0.05693587638394277 -20600000973348.69 0.06538952300685931 -5318106533754.353 0.1514426124954942 -628284.125049515 130.1648384255188 40.45836604267195 0.03966881334811816 9.973582874005125e+20 3005.162969825923 721 127640 2 -4.289736054982936 -0.3276329877544315 4.886534047107512 -0.4355306950212743 -7.347709210318426 -1.76227575178174 9.551047872474644 -0.6163980927428323 -1.615852372999403 -1.71210222853727 -3.621719608037537 494 434.1053199768066 2391 1 -1.422034248969694e-06
 -3.474403604685051 0.1392138375083424 -156291.2795001843 4.473364362912118 0.02324105466682476 0.177608289231699 -69200.58731455157 170.6749721842802 65.03251182227625 2.848816280654672 2.821422612131113 3069.811130054906 3806 127765 1 -4.42819546683539 0.6889858974242054 -4.338529560682529 -1.471294236822033 -1.173232685174925 -1.318071279138723 -6.824812250803069 -1.939125251841217 -7.344031809599928 -1.52458659579429 9.936114057039056 497 436.3258318901062 2391 1 -1.751830335980062e-05
 0.006833479115581255 19746.39603971972 64987.05693895675 12.30524314065592 0.09413121189261757 0.0445749958271437 -9.251525294129508e+18 117.5504665200155 38.46185150101692 1.121170009011334 27.58803658187729 3030.886452843049 278 187678 1 4.539205737237411 0.03218422850177217 -0.7207779941916139 -0.5371981308341764 1.203409472737677 -0.2273624526244102 -7.753200825035549 -1.761436598692542 9.105585556544098 -1.176858206837068 -0.4319223260435643 500 647.3411359786987 2391 1 -5.130722319623488e-06
 -2.824325465165189 0.03313121441510865 -9.971062601557481e+20 1038.617121423825 239.3927493699893 0.0523344410439237 -8806035031952929 1440.121122034006 5314.082920904163 40.4067731656441 2.021285187335632 2962.747960510054 622 127732 2 -4.576755484856082 -0.1739253956537912 -3.497800520327348 0.2573202452308738 1.144993606442965 0.2730488001695379 -5.586688349935481 -0.07768406320945512 -5.541996100787044 0.4063762216655026 -7.551134445959786 503 437.7880480289459 2391 1 -8.443290905745175e-06
 -3.166525905307608 0.04256686489913551 -9.9963014497113e+20 2.8921204513419 0.2232784900374343 0.0927290326805565 -331121660865.6277 24808.76852440905 1325633.5031834 0.4945845994493957 1035.963824320904 3091.060633900449 1670 191641 2 -4.478060289790986 0.1865755720494966 8.523020794396329 -0.9700886641378608 0.9986222243903602 -1.922616252473132 -3.164371985802849 -0.6301647036877576 0.8576277706383704 -1.357036771306257 2.711112928112561 506 645.7955589294434 2391 1 3.677484532981635e-05
 -5.032008092914737 2.841734942010778 -0.1189493349041892 0.1867596871774369 40939.05055804117 0.0719798600387561 -11093852257622.04 286.5417166001518 167.8504125942945 1.421674498494172 8.095392545171869 2977.354892031214 1903 127773 1 -4.436653024313003 0.8008211701589483 0.1117432267456442 -0.3123007761454915 -0 -1.646133887537192 8.665468081315019 0.7908869117214659 -0 -1.56491883546711 5.681090045122813 509 439.0914130210876 2391 1 9.785712612184136e-06
 -3.397879958115701 0.2131593410598499 -4894.610767752561 8756.931847346639 9685.739198132971 3.001193742301245 -0.1481905109654081 3223.812070329749 25234.18095719114 577.702315404298 1044.323518822242 3194.183554589316 219 123231 1 4.354430425431937 0.5891120933951792 -9.271944136521819 0.8857677703159714 4.687034598738314 0.2886489721604923 -3.906584807140549 0.285930536644063 2.854207749237249 -0.9379038938352027 -6.037057202271312 512 438.732549905777 2391 1 -2.899797277699429e-06
 -3.70017939816596 0.1588074049856368 -261840.6516172127 90591.60814471815 -53333.3728580195 0.1625988000982271 -831863.996095443 6314.817364807851 89929.44009762134 0.04455460818156431 9.987046221436946e+20 3036.07681728172 466 190465 2 4.424012551724106 0.2552971776426917 3.299627880817127 0.331936874288957 8.091658050159102 -1.237061893470387 3.910024194597136 0.3401751671902673 -3.087994433431218 0.2877941921728393 5.027531375753798 515 646.1657500267029 2391 1 1.164434024100936e-05
 -3.551233327004031 0.2594691109936801 -688.2059770872352 203.7393679479368 18.7581159577274 280.0844219215312 -34.73011746584121 6.325617395001644 1.163211760006069 1.232270913576499 11.26618431675448 3057.983046098133 384 127769 1 -4.308614816011436 0.5393880044728845 9.292149694510574 0.2276685360421195 -5.528597975998037 0.9989635667279293 -9.063280246174262 -0.8926307636949202 -4.371021859214769 0.3034696815338735 9.817340245920587 518 440.306116104126 2391 1 -7.848614726044267e-06
 -2.434390908748007 0.06377848092637456 -425771425492.4123 0.4753911514742041 -5.746144098712231 0.1185172632488832 -56890335.13136619 154.4794112322028 64.64257784862554 0.2303096200192738 -75082.90321548167 2960.438105496699 1573 191664 1 4.257700161836422 0.9064112190534264 2.712401907844265 -0.9399089741646449 0 -1.939508627577952 0.2630727859538311 0.6085979179629905 0 -1.697843206288479 1.305872795980629 521 650.1365809440613 2391 1 -4.207223206854664e-06
 -10.09309039588564 9.465981376635696 -0.2273698222808298 1.931774443393424 0.2761884299438194 0.3330625345413716 -168.8445731388786 4915.190482855804 54714.8180530633 4156.815811217865 -10558.05783912712 2946.728102257191 1209 191664 1 -3.706759061588206 0.6567756750261258 4.076400213007522 0.9302059401255653 -4.258647324772891 -1.540994785231157 8.399411387787302 -0.8283026964525479 2.173403813956978 0.4510307430506346 -6.308185470147661 524 650.4423608779907 2391 1 3.531639388862362e-06
 -3.17404379619601 0.1118073542648175 -16941859.62782836 0.04474140718173145 4.046680452250574e+18 0.2777036830262105 -2674.321679666044 7050.951528980549 125488.6776170681 2.135276141698843 5.719790360125306 2901.690148714044 4298 191528 1 4.248229577329592 -1.613511027741218 1.850043517365693 -0.6145818919129988 2.731445081344609 -0.9982850998792197 -2.532223284544425 -0.687854979779023 -8.575854525628412 -1.757057532168792 -5.73506097476609 527 648.0335071086884 2391 1 3.734666195550131e-07
 -2.819550871146883 0.0792595805593429 -10477190363.76058 1591.107565673976 401.7272385233583 0.4925562691331913 -53.70286166626976 5.552535406566927 1.507575250540047 16.94623711626237 0.8164048554861504 2982.302478573388 2301 127772 1 4.277928900506356 -0.5040917526069135 3.854541597408391 0.1912569160324628 -1.784512377290544 0.1787346329877764 -8.687463309726585 -1.072105231702682 -7.364844538068279 0.377808701258099 -0.5445746346645315 530 435.0551381111145 2391 1 2.014451993345056e-06
 -8.160414992122679 5.338841339844508 -0.1478718458773386 0.04011129560132982 -8.983393558267526e+20 0.1362175088323264 -14107764.71587503 1301.397459217953 4493.064587333922 0.3347931211033668 8021.001817335499 3081.162515354677 507 111699 2 4.218889280444166 0.9424467541941235 -4.136320444120768 -1.91224845101994 7.113643361377715 0.1954239260327974 4.584963339042144 -0.6716254941194855 -9.780090515580635 -1.610523949451732 0 533 380.813346862793 2391 1 8.233404746863303e-06
 -6.941870284571158 4.620229880787993 -0.140746114723794 24722.79842509292 57630.61951961514 0.1784149533349628 -388648.3507906514 45546.39881564142 4241346.56148646 0.6440533666731408 130.8144496275536 2932.832027496359 2699 191652 1 -3.92473723717442 -1.835541398931811 -5.46302858030941 -1.04697934177006 0.3352790329728714 0.1110289003329261 -9.85385305367164 -0.2798613775551351 -5.098358245050144 -1.325217028965377 -3.467352117549786 536 645.184846162796 2391 1 1.12764578526647e-05
 -3.008147227298368 0.08661110241235424 -1832535146.900827 1.074921944761332 0.6325498382627185 0.2248197161348154 -15776.87088835052 13.65580305349207 1.557299742895417 0.1351763192506124 101493563.1545655 3063.152017182787 3606 191650 1 4.575621221545433 -0.3901595858898493 3.493347532884423 0.4055722074008576 8.411608029142123 0.6423756170225547 -5.893269114534091 -0.5324999385530242 -0 -1.747585165666578 7.592045249557405 539 649.4733490943909 2391 1 2.213475743818805e-06
 -3.455617983849868 0.1224845178290317 -2557997.235717883 0.037673202518421 9.984940798221979e+20 0.2534864224147781 -3316.816456301598 9.731975527261181 1.545888477342549 14896.99999609595 236583.2773465663 2913.331637678503 903 127035 2 4.644439349438448 0.7152919539257576 -0 -0.443169095550938 -1.759116146871657 -1.292364016898935 -9.780000020229703 0.4237039330006418 3.167637073274317 0.2409711462792248 -1.922597566735595 542 431.3222019672394 2391 1 -9.250803959310012e-06
 -2.6938879450155 0.3425947112454116 -10.24311615561869 526.2825179015807 26.43561827583251 0.1676196936938413 -181057.4046408334 60.77446922120248 11.62520391940955 1.454652540579376 2.297589936185783 3090.196548360989 1345 191576 1 -4.576422845393653 0.4898965910601234 6.657973023853346 0.5675778395042927 9.461739562077156 -0.2363915257945415 -7.897759049638022 0.5439596568549994 7.53255196572101 -0.6257998327025636 2.793356127564634 545 639.4254081249237 2391 1 -1.431116721605932e-05
 -3.500814832147514 0.3015195037762385 -274.7837323070499 1266.482395306948 196.0604448745511 0.6179172000673789 -21.74337935857472 12351.42932613466 343732.5111374506 11725.19273502994 65756.45607273873 3022.82809768884 1651 127767 1 3.381805792892009 -0.9574535558574979 -0.3143734326870735 -1.343897214214316 -2.43632469770277 -0.9608069929410172 1.576458900930891 -1.554876535448073 7.910433043786096 0.9129358136452188 -1.560562333400394 548 427.1488471031189 2391 1 6.330903838378628e-06
 -3.000388162915354 0.06729212020510519 -1222966281312.832 1.712986826578925 0.2485492761657831 0.2248232142546146 -32978.64746198175 423.026717275876 436.6688706186866 0.5158339861617828 550.3951850200654 2841.186563553672 1611 127775 1 3.629748691496157 -1.294728002111825 3.508066464290727 -1.363727228521176 0 -1.698574186979373 8.513916922359153 0.08986057329878473 -1.493409787630189 -0.4179161828695044 1.499828329753823 551 434.5010430812836 2391 1 1.627266592128887e-05
 -3.246568019611357 0.05702965326948391 -138345807686062.4 0.1655393832000552 324292.8743786853 0.3366098881225917 -705.9760523300671 265.1195866359596 187.1353359516787 1.234617931628272 11.93109465923146 2784.86316265595 5024 191655 1 4.253869730013779 -0.5133510740990488 0 -1.178134464092955 -0 -1.637422205957343 7.096257966492766 -1.855379900258353 -4.761714229424044 -0.4289169638844328 -5.275338948298067 554 646.6461689472198 2391 1 9.440711747995052e-06
 -3.753958828186735 0.08846160167641716 -2561323113.011741 0.2452568593832126 -1493.823913920577 0.2077054936419197 -25170.30312005843 135.8893619073716 50.01192759992325 1.771184599965146 10.39052733116623 2812.87117167544 4081 127776 1 4.39358943274267 0.7785771421948264 0.6640468959130406 -0.3138837771342065 6.493550982584059 -0.9665316125706997 -4.98758981037782 -0.7128696318837831 0 -0.6272919226188067 1.521714097075887 557 431.6853108406067 2391 1 9.359245435982694e-06
 -2.679938747184154 0.2460695594108391 -1140.263443618227 2721.061073846108 -46.38698838869016 0.04660024387776851 -1.24943961034407e+19 40808.56722440179 4124501.190328209 1405.685577131103 2534.0782326373 3149.497356938055 1071 207613 1 3.958316584511871 0.8338980743138777 5.738091390787131 -1.512917836211567 3.758530532121314 -0.370459233195735 -7.216149992270431 -0.4300897180269923 -0.3662563523383882 0.9860795911570217 -6.937389943111532 560 640.7383749485016 2391 1 6.871103861019736e-06
 -8.739920234789368 7.833069946666432 -0.1787293647997742 1345.921396865863 113.6139442567346 0.05908696256025078 -136335107183705.2 52.74339297639455 10.2224402017616 119.9422579641842 35.53392873891339 3012.017833377417 2346 127751 1 -4.278619740129908 -0.6766836949895465 2.015377625460384 -0.317802945104928 -1.761207317502241 -0.5987971561884936 -5.70210092500337 0.3737551882871175 0.1580976834549976 0.3579561963159006 -2.529633168338207 563 395.6913278102875 2391 1 -6.639447114798684e-06


# name: injParameters
# type: matrix
# rows: 1
# columns: 11
 2.01 0.03999999999999999 2 1 1 0 0 0 0 0 0


