# Created by Octave 3.8.2, Mon May 25 20:49:03 2015 PDT <charlie@dicke>
# name: outString
# type: sq_string
# elements: 1
# length: 114
Slope	Lambda	Gravity	Lambda	MagneticField	Lambda	MagneticField^2	Lambda	AttractorTemp	Lambda	AttractorTempGradient
# name: om
# type: matrix
# rows: 187
# columns: 31
 -9.971693388463523 0.07821118614651081 -109766732364.3589 2.532934493965425 0.1223848534917492 0.09333195434356202 -33819440150.77332 46093.61162835958 5317412.689538371 235.6875707166157 112.6462728354147 3047.816275302037 5042 191652 1 4.259969966317509 -1.450220154098115 -0 -0.9452104683907409 -5.205929647672921 -0.690711346242745 -1.681967066350489 0.8427373227747599 3.629174425798213 -1.537775875577124 -3.769722038940731 3 917.4992189407349 2391 -1 1.571082538946521e-05
 -9.990681035392321 0.09739933194215437 -17348336.33714569 0.09492965267916571 -73489924.22194494 0.2554196468585556 -1806.212747702516 108.575679554507 34.57110490554804 0.1219571726564609 35122834.33490628 3093.557083457439 1563 191589 1 -3.836248727433746 0.4418087514375504 0.7056483849181658 -0.1515752734563182 1.807716786277424 -0.1194543751927668 0 -0.2683674316338953 -7.816590668717042 -1.478068658950051 -9.730564791944207 6 807.7679030895233 2391 -1 -2.029257863282338e-05
 -10.91490166774117 0.1323667205191952 -1059221.815793958 180.4032956317758 3.914680509429066 0.3901752053288448 -214.0798952984685 114.9938943750811 29.52338672901134 4955.376571079163 -22281.38552820432 2967.25068640617 4686 191620 1 4.602697574477861 -1.67757940774615 8.63106709276234 0.756197646639114 9.607805177501922 -1.438152468618978 0.4611633982131131 -0.7081754659643957 -4.381380185826544 -1.524272803049061 7.921809387534875 9 809.7552628517151 2391 -1 -8.421412346413817e-06
 -9.213057626417635 0.08249529736258716 -21868863967.03777 34406.49300527796 71344.39246822795 0.1090820525776037 -928956609.5083565 58.3024385684991 10.22811637929844 3.581479088611858 1.684440794826446 3328.744613673072 2402 191629 1 -3.00216072844538 -1.067173482368731 -5.158283828560653 -1.571983092213454 0.5980054682815217 -1.458950610398634 -5.82217819016466 -0.3811700980312036 9.814015883853481 0.4800342595306026 1.502260046794249 12 809.5153980255127 2391 -1 1.246743449024208e-05
 -10.25547789773713 0.09358049289093988 -387486655.6247191 0.1695338663657292 74686.12771389843 0.05260384806325705 -5.629498912082837e+16 32.12657786685909 5.400084296205077 46304.73743811572 5376205.530261235 3117.847930688222 1968 191624 1 -4.191204969040452 0.820778735547282 4.927746134043207 0.8938160047244965 -7.769468034895699 -0.3719786113549671 8.954894697365503 -1.167639599527193 -0 -1.615849526208521 0 15 808.8247961997986 2391 -1 -4.726372149507694e-07
 -10.0108362775761 0.08752639208715041 -51086928177.80548 80027.58609394236 678684.1110001853 0.1082156730118035 -6123213576.693921 205.6448329508449 119.7236545016634 0.1863104654591531 8709639.277456306 3026.197961018058 3200 191663 1 4.67002574754861 -1.322680674602554 5.039159567589081 0.125153378463938 5.777752724543564 -1.724712989156888 6.652155959287938 0.8523582764185544 0 -1.944574089549974 4.836319512525373 18 779.8963348865509 2391 -1 3.222680503519456e-05
 -10.09266200631227 0.06531938679925089 -7912288484316.48 117.2640392455182 8.721955072276208 819.2050000117972 -386.9604228005218 279.8198917569692 232.2432084336304 10912.08376441059 343977.0054910706 2968.183692201545 1614 127754 1 3.934164956453107 -1.210165199070776 5.477591386624971 -1.414908028940466 7.676656922449997 0.8087956548573239 -6.60283973868097 0.2989512372041969 0 0.9616659640874223 4.654129463587752 21 431.5933499336243 2391 -1 1.251396910872057e-05
 -9.863029510356357 0.06739357078429928 -207514653672.6279 0.05614734243697732 932525806015129.4 0.2157393499691848 -12910.44287840419 102.5047277089223 28.65012205372633 0.2590288490232762 15628.42026310769 3133.16155747707 2785 191661 1 -3.818152098029707 0.402751147385338 3.188830197685008 -1.208192179513766 0 0.463696420760888 4.796191731952693 -0.06293426384169457 5.018363304717746 -0.4173657295094531 -2.925086852937919 24 643.9610691070557 2391 -1 -6.255541890020421e-06
 -10.454598105267 0.06740179945601789 -138115803287.1349 2.416561204743219 0.1307998816658895 0.08314924636153068 -60622681639.11622 95.43758654477513 29.22571700915931 543.9200455656315 959.44492465806 3194.07662020532 2756 191649 1 -4.612250286377265 -1.282470858095926 -0.4982271021419606 0.7384115671634719 -0.7858332947510407 -1.252622982431848 0 -1.514723681818723 -2.805928250977614 -0.6228693358698116 -0.05088011684591365 27 640.6248681545258 2391 -1 -8.561266031451181e-06
 -9.876296008437649 0.07205305153524899 -31491423627.03142 1.429153902267468 0.5207799785944061 0.05220417080837053 -1.373722999361762e+16 401.8073043755762 489.8264972754432 3.28207759037262 2.774011574336264 3058.32640607247 2093 191646 1 -4.493032392895024 -0.2045203931007773 0.9376537943143548 -0.7212387032160059 -0 -0.2968300197711412 2.828297136354668 0.6927370804880719 -2.326902830933646 -0.8262187952238813 0 30 641.2621748447418 2391 -1 -8.975144458169317e-06
 -10.07239696993148 0.05626493597101187 -17875899305584.19 7039.385012457197 3763.621679222811 0.2223411140902624 -12870.44799817928 123.687198860188 54.27736897088226 61.02753739326338 6.430726717499978 3368.704082453589 5271 191661 1 -4.559438596115033 -1.320025543457639 4.187425439143069 -1.875341332598305 8.936610149360394 -1.940384360084501 -7.802083537424092 -0.661046263203346 -9.65728717654375 0.4924624996422655 9.850404214296738 33 639.7397859096527 2391 -1 -8.416345112975161e-06
 -10.12322299531176 0.06927085770721245 -186511227492.2405 1.568628562504656 0.1685909319025782 0.05593212733541256 -3100454281347599 20.39366455183624 2.882214818249687 706.3352528230358 1165.890103602217 3057.161627995769 5104 191654 1 3.645817463009246 -1.167602960726057 -4.659615456246464 -0.7387591230437183 -7.58214239338886 0.3491883093700574 4.871395483787772 -0.02007575323018522 -9.867274703625245 0.1656233905879443 -9.728987488356895 36 642.838819026947 2391 -1 -2.833848245628307e-06
 -9.958988279107237 0.1005749094141558 -157638616.7067046 3849.474935100146 2519.349436787074 0.6773086895529454 -10.55432345988616 1130.430095154783 3241.047104748657 39645.57637247423 1401365.734711044 3032.920883819522 479 191661 1 -4.458968932926693 0.6442207440219447 2.541912790910524 -0.8915644471020485 -0 -0.7234945801938464 3.487111898468251 0.1955192047337597 6.990860702292081 -0.9866261518649564 7.716198890376269 39 645.9375371932983 2391 -1 2.758263993733993e-06
 -10.08590805222099 0.08179465233858843 -2051384733.034236 0.1341586608989716 1736600.21127503 0.1724349676459008 -302831.7335828446 434.0817146671324 520.937736528326 0.6471627342582613 12.93966977204843 3031.085674520279 3236 127759 1 -3.887594382088269 -0.8010659252513772 -0.3182998367312244 -0.376294912678155 -7.162909934212147 -1.78961560136031 0.8173599367219548 -0.7200772741736365 0.4829494815163491 0.8285783861453631 6.709209179461689 42 429.6368010044098 2391 -1 -9.260284053627997e-06
 -10.32599183939882 0.1554387132370478 -209548.3783473764 0.101786706861903 -128874440.3524969 0.2313434426574582 -20410.21782206377 45.87244083129482 7.605996029372487 0.1230880885094229 247610664.5955356 3228.035442168967 3846 127769 1 -4.345064194788947 -1.752582763899931 7.574064045976668 0.8215867203559926 -3.526819356641024 0.3683166873909385 9.864046537445976 -1.645582831322898 -0.2320590843884842 -1.627501245316337 -4.128488397665535 45 437.4802150726318 2391 -1 -2.962517540964056e-07
 -10.07256804210704 0.09875977269967721 -758860908.4018805 9.471706312048147 0.05473406331060108 0.1672416291357837 -1594263.520250849 99215.50223655326 27288283.389308 1.097680075260141 43.51404696142103 2915.182773772917 1786 191646 1 -4.675974952070937 -1.387133445406628 8.341301809656798 -1.458352948454727 -0.08864272355187008 -1.835554000458211 5.195519408095725 -1.948937349491195 -0.7085584089954167 0.07471562214028002 8.212825911099078 48 644.7295320034027 2391 -1 1.668658210178248e-05
 -10.20851089215922 0.09686891476891829 -478715608.7599151 0.1412249893345295 735532.0335907105 0.2040809182582869 -90773.3363315902 2608.778283325108 13487.73801958022 5555.509151223389 20577.9368342831 3082.946764218886 1941 127550 1 -4.600715533997795 -1.104292781887965 5.020447537100027 0.04917220820864716 9.863505240363899 -0.02291852415252031 -9.532354821341308 -0.3432429474033123 8.882178672581981 0.2964397115518773 4.994675211854966 51 431.2353310585022 2391 -1 8.753864295918523e-06
 -10.02972541974851 0.08328700991345513 -12035801699.1398 2.173125467245246 0.06281985569918229 0.05654349057726458 -1.211463833822257e+16 239.8631889196373 123.1777529569871 1.579136324453325 3.147471598018675 3094.124142447874 3279 191655 1 -4.695285662472344 0.00923937660080962 -9.78965642461503 -1.30452145860952 8.965774670037417 0.1407615599724341 0.6768504796082535 0.04039233137557428 -8.201823250265145 -0.9689355223414911 5.282447552976805 54 646.7005279064178 2391 -1 6.639486327655985e-06
 -10.69786196568429 0.07751511679560401 -123300628553.9747 308.3070740764649 0.6418343317002762 0.4586355862544467 -75.00134304493417 1427.307737189768 3696.423379494017 0.3517882579737096 2991.481453759554 3024.435340785235 1413 191657 1 -4.496333030571015 -1.685505897595577 5.540003761799631 -1.003188321997817 -0.8308915363497844 -0.7882261951052172 0.9001067000002863 -1.865111224309141 0.9556385408115098 0.8510799157123343 4.488631043364248 57 641.0551900863647 2391 -1 1.564767831853939e-05
 -10.67349536939572 0.09400486538930908 -203671980.1003712 378.0722296174895 16.08382258279227 0.04981674732010836 -9.805602033752686e+16 282.6970085427474 184.5202923685965 669.7636035787156 389.7723873719801 2930.303496930118 6501 207636 1 4.446325694508269 -0.4442006090716291 -7.215133209307497 -0.06924675111220328 6.312154310973796 -0.8885892099750761 -2.561405084734562 0.6382755922843417 0 -0.9555561992827838 -5.795397910407793 60 698.2036271095276 2391 -1 -6.245342716356177e-06
 -9.582797203597741 0.08819587076930167 -107056138.806822 13722.14626390667 32746.33800724931 1.052151947325612 -2.768939533453875 128.3606303329826 40.96328653476147 0.8745474014374258 48.77258933243554 2931.96167851847 4846 191656 1 -4.580562522737236 -0.4142356381340715 -5.210572856180001 0.2723753587025594 -4.766106863851861 0.6113263008413461 -6.106971537319156 -1.949726520338492 8.245476254916614 -1.371281660029066 -2.425120583961312 63 641.3817760944366 2391 -1 -2.067400895089165e-05
 -10.39134705611854 0.09284244024579083 -116185378.6603899 0.1015483565569704 109749560.6512829 0.04764923714162816 -9.875252821443162e+16 44.96160194727035 7.010716742385116 0.04463339082096104 2.884423727019305e+18 3142.273583173826 4400 127769 1 4.694039413753224 -0.125752708162251 -0 -1.220821959470185 -0 -1.422229160846857 8.845326962607018 -1.592852302174614 -3.224937144258841 0.653311346546721 -7.497157957870435 66 434.7837119102478 2391 -1 -1.390070046047985e-05
 -10.12578925393634 0.1179906170335404 -103698229.4362703 13634.21032935144 22192.46499535129 0.06276636651359474 -1.198556602550973e+16 3432.852378451884 25811.97598219859 0.066571158506922 -3833529572482247 3108.873996389613 3540 191657 1 -3.973476359200161 -1.287271208849978 -0 -0.9977285530450128 -2.41494967201914 -0.691746662025114 4.443622601246256 -0.7790823382693608 -0.3808801522396177 -0.4217840188828159 -8.234767390559194 69 647.083732843399 2391 -1 2.690167004908941e-05
 -9.722639791078675 0.09978387180134153 -256050077.4772115 3695.993071275975 1595.994363715528 0.286846358155201 -3107.457440728285 1050.012880850441 3078.545636510193 11441.27424770562 186331.2474170389 3189.538267694011 2638 191649 1 3.622960374428233 -0.773337925546743 -2.448308684440085 -1.212914761931245 -9.628614052002328 -1.620172200751117 -7.731166211459147 -0.2206378671728508 -1.924917687954694 -1.312427107128776 4.479523321388211 72 641.4969930648804 2391 -1 5.462246055539181e-06
 -10.32517228328882 0.1384782283493326 -2671877.26776137 955.2405101136178 33.0154860802577 0.1819358309916002 -378151.168049135 70.17659241985019 17.54748470640281 0.1647593434677733 -7394373.18897863 3022.469743661938 1915 191659 1 -4.112665901053834 0.8303062109721253 -0 0.8217789650961933 0 -1.647860344509947 7.032589728930798 -0.9598632827272972 9.901248458803433 -1.308551584812376 -5.655976424511895 75 646.7638111114502 2391 -1 2.093809522630729e-05
 0.004106766863719076 71436.88185246948 2506531.784855845 5930.276183553091 6718.484394871167 0.05140225880077826 -1.449452042673787e+18 488.9622710246094 605.6013374217963 0.9385444029918134 71.50558747261196 3257.364843647311 3494 223607 1 -4.127130913083667 0.7426881671744798 7.74467952837289 0.2986456106866857 5.609055358392065 -0.7351801175808816 -6.784845224841902 0.8538309344989417 -2.067037577428438 0.6354224726880203 -0.7906167588861939 78 753.5963819026947 2391 -1 1.179341851621464e-05
 -9.891638545632684 0.06412735808233573 -1649540899785.646 2.185228149983512 0.1638866168671897 0.08613185098453903 -47616928253.8018 93.71191923710461 27.8466539698672 42.96058566573898 6.306566294666379 3048.949861387682 944 191553 1 4.220761031538653 -0.3414305586087991 -2.892698682491912 0.4591254161288441 5.073811208819478 0.5835783358702851 6.748631536717149 0.4792935657480494 0.5376074547961904 0.398076856336532 2.073012313051238 81 648.5367639064789 2391 -1 1.55019302602403e-08
 -0.3179283720362832 6405.651356616471 20199.53378685416 2.10206758772565 0.292911349924219 0.07082916682079643 -739501800403.9827 2549.468292182006 15596.73541993239 1.29870301723543 14.05572845015816 3225.387460222338 1327 191663 1 4.464587523237455 -0.9991353502180615 3.517672286865819 0.9287692599543917 -4.126445484437352 0.1158796623970954 -2.181897596686249 -1.397687802391869 -5.953897956951534 -0.362060026309031 -1.868168829293205 84 646.9678890705109 2391 -1 -1.159610731135206e-05
 -9.773005450296269 0.0657084476495792 -368092338917.1848 7850.571286944402 6010.405354336324 0.1010737643487184 -764831567.9612085 82.85416721124541 24.11436780777754 18322.12944382989 603214.2530101128 3099.218492712384 5157 191635 1 4.331543838280203 0.5481713731216802 9.459039566986771 -1.847708269614182 8.904951280050417 -0.3898216617898829 -7.28802702826847 -1.951446229051149 3.247599221139914 0.809391735139132 -9.302779514293604 87 641.6803929805756 2391 -1 -6.099451451197477e-06
 -9.989138436047337 0.07659671632094185 -5198147552.649213 16519.54477130083 17910.57209015322 0.2333754034584692 -10371.64782266015 52066.3686635116 6165307.849442591 299.0878494172421 223.9107701415359 3011.516569881466 5744 191655 1 3.574348849614292 -0.8057544972950694 3.462860001616104 0.7313112969017164 0 -0.1124290728638302 2.564734427469478 0.8528570327892644 9.115945014627458 0.9562026506913375 0 90 643.4250421524048 2391 -1 -1.005134741380797e-05
 -9.821401630787618 0.07398212408679045 -769834111.1102349 4730.783136812344 1337.966862945431 0.05061104138552567 -408229558912758.3 4866.970321186905 52184.19276697702 0.1566779380826239 -934644.1685462761 3102.667826706743 1668 191600 1 -3.212759254659506 -1.875295956668609 -1.905161951818899 -1.481098505578856 4.343149069761497 0.5995431000901053 -5.41545515939467 0.7544515908035918 8.418557628085948 0.8117647790783402 -3.254137675259254 93 645.5782070159912 2391 -1 -3.183427857266783e-05
 -10.84093723864398 0.1107944059966022 -17873321.82855955 1.217484568599598 0.3960490605020337 0.1563577793366563 -1092744.199887426 62.61599686613377 12.00479891918216 0.07008545135585728 12443241657847.17 3066.20183424683 2985 127754 1 4.511121774011857 -0.2871600012639801 6.990513496118812 -1.267451622566025 -7.795964463107154 0.7590871876413496 -9.629907629295662 0.08308464069159213 2.618213296620276 -1.443502231639602 -3.876465547364665 96 434.0243699550629 2391 -1 -5.522146800938475e-06
 -10.33949869408057 0.09685128035790458 -491224062.2429537 0.105126584743572 -172214804.8588187 0.08156550724704617 -227289244808.804 57784.5805252094 8253830.603688636 0.05266526833744658 3.734192964909702e+17 3110.1536160646 2448 191663 1 4.314978542541843 0.9392878759067038 2.535789035350806 -1.841750738613658 -6.194352757711124 -1.839014063888094 -6.6002140935865 -0.08008706650921217 8.508412133517311 -0.9927625840092597 -2.805038703971895 99 645.7287459373474 2391 -1 6.636569243758624e-06
 -10.63041313550916 0.0423686126769849 -6.998054271223101e+17 1098.516335051353 394.6154261357782 48432.18674281776 -1124962.321383312 98096.05084595796 20147553.27893568 0.2750984827429596 20439.87254200767 3032.117921737797 4944 191648 2 -4.621575603881129 0.1413562161181678 -0.6661456531267929 -1.117295215504409 7.787978732609307 -1.316001585871136 -1.727753388270915 0.4052366013305178 -9.23952196801768 -0.02608279836551122 -6.62364219314246 102 641.7376389503479 2391 -1 -1.024519423855465e-06
 -10.03959168446568 0.1212310756196089 -8030480.994580657 63643.71374959082 88918.04212151059 0.6953231060913044 -13.83423464855069 46245.14908836771 5203562.506288872 0.4895007331574646 392.07250041138 3107.858679089849 555 191039 1 -4.164419514778589 -0.4325652207293178 -0 -0.4373675247722169 6.01748437758303 0.581480071414787 -3.313169808469663 -1.738397883975647 1.92096441643503 -0.08988017449144173 8.447541903250432 105 649.2006809711456 2391 -1 5.552510331483774e-06
 -10.13026840844225 0.06320873885128771 -294745054912.0306 323.4404556980764 7.359553991777426 0.3272717483095732 -786.5536158167914 388.6619179288772 324.0649679578316 1.66125503179957 7.249979569768009 3022.00608655143 2196 191661 1 -4.682770151933608 -0.6999390380329854 9.211486812793421 0.5748475616833479 5.511249090936431 0.08378787586210598 6.579255372145941 -1.320287074946274 5.073330810324319 -0.7887235210990955 -8.762415493416917 108 767.8551299571991 2391 -1 -1.289257028439935e-05
 -10.92797767374861 0.05983122731192315 -4178519154655.392 11047.00068518719 10241.27988834444 0.4226185513022284 -121.9788948907233 2027.050821279375 10011.53007551282 1.331567950010488 7.75541524687305 3141.750119630531 4787 127768 1 4.621680119319176 -1.683708939662838 -8.970554063943421 -0.04855890539563037 -2.814821435923812 -1.88508776061189 -1.723738061662259 0.2421865319488594 7.680666374735448 -0.950815424798316 7.920211309697164 111 433.0261688232422 2391 -1 -7.202993449397184e-06
 -9.925108398459551 0.1041894401811524 -15540218.96853781 0.3088923285296071 138.5927846061874 0.09827558911299045 -467738090.6455746 78272.48741700433 15703512.48807459 948.8866904693174 3466.006563466315 3178.074497037753 1262 191637 1 4.054391311510897 -1.739520155962046 -0 -1.812131674608947 1.748266236591102 -0.6495473743952429 3.700506547507755 -0.865005072356487 0 -1.228420180712023 -0.3919624736915921 114 648.0340418815613 2391 -1 -1.410049743437722e-05
 -10.3725199731662 0.1055448649895653 -95236175.4372436 46145.76699515076 57584.96071529089 0.2917078021130147 -1620.589678043124 79.51753441700325 19.16025664498344 0.1154798648860506 333483977.5794052 3298.856556455536 4151 207632 1 -4.665818360356058 -0.06816366887719827 4.825527464736064 -0.6343533968380939 -0.6384425212068248 0.6005294102982353 -9.82395935452624 0.5693686026229323 -0 -0.3206340528458433 -1.197586707728017 117 691.5175559520721 2391 -1 1.112466110061244e-05
 -10.22268042410333 0.06954171436128949 -299111704623.1462 0.2531488271640571 871.2136891757485 0.3256989581792066 -879.8248961315544 80.91304265250859 23.32260494894496 4117.630900131 24212.02949175409 2945.204745758444 2103 191661 1 -4.399729326423177 -0.2997680957845956 8.469679140208475 0.698906063858364 1.520771213562719 -1.141649636853794 3.144469753673057 -0.8702009065689698 -8.23403907730772 0.2249423285231602 -4.867571531492738 120 643.2488720417023 2391 -1 2.235725178502336e-06
 -9.884179315924113 0.06245381388975407 -1338879421245.527 0.05637645661372742 622993402021891.2 0.1352083857686171 -5774102.199660082 77940.95692588539 14141109.91113946 1631.834195748755 5104.673929268783 2960.451893620739 1787 191663 1 -4.405120654454198 0.8096947662789558 0 -0.5786723310262456 -4.78177991201134 0.8154297877485326 2.553795519432019 0.2010588217268756 3.55907639542384 -1.690880019577433 0 123 640.1068859100342 2391 -1 -6.709946028724456e-06
 -10.08325114902957 0.08010713799121845 -45592637881.38454 15979.736389603 5601.870400841589 0.2234412047242802 -34200.88803412394 382.36654516843 261.4428430368233 353.9702492871172 -96.48868140689689 3031.393560154509 4958 191664 1 3.520148647068271 -0.09798846518511976 -7.020419316737732 -0.6539273574406047 0 -1.489610859459408 -2.844516109842783 -0.8249419066860515 2.755962953261943 -1.518709265685193 -9.052612782770574 126 644.71293592453 2391 -1 1.304289436473888e-05
 -9.773188638556086 0.09693898751222593 -158743110.5603807 8469.770776089146 3880.067516546829 0.2183734459267757 -22097.11090394961 56989.57918394524 6691684.5831529 1.237096735209359 9.779650578078899 3092.969043292578 608 127739 1 -3.824675049312786 0.2276053321037818 0.7485527057310346 0.7793895039309122 -5.339195721816047 -0.476185638634794 7.201933689893739 -1.36190840987734 -1.142062991986491 0.6873631316294482 -8.122576394577553 129 430.5088798999786 2391 -1 -4.629435740557623e-06
 -10.30184359826184 0.09809074306687811 -208681984.8315071 1.78296013287618 0.2210198179054746 0.06425691305603048 -89679867077927.7 193.8308592529993 110.3192769602251 0.05417459402288952 -4.623911644327124e+16 2887.097720253188 5049 191664 1 -4.658616684136764 0.9328941596583133 0.6967079994982521 -0.08053034431239324 9.131190570445415 -1.651173661567355 3.645160121765367 0.5903267682102689 -2.87449639153624 -1.870609663146777 0.2145835275639634 132 640.2894651889801 2391 -1 1.267797821658591e-07
 -9.625820096744826 0.1140685145835362 -47504798.26727671 8.861601763127322 0.1119395341044746 0.09035204568329665 -99328062414.02979 359.2152203514777 358.1573244638653 110.5852498189511 35.16261797787921 3032.484255147174 2486 191601 1 4.625808353406193 -1.700895659293648 5.458640423745204 0.3369828878762666 -0.3433604506419048 -1.312331917460094 1.662216714983518 -0.8548492924476037 -9.886347278147548 0.5688873221899708 -1.160514881355131 135 644.3809390068054 2391 -1 1.563494311411749e-05
 -10.17136196139732 0.1066567829007663 -95735022.3251064 0.2496495287049281 2999.540062466112 0.1677381146724505 -472305.4292013821 283.9995686772942 181.367705919333 0.05608007948120887 -2.51237765603606e+16 2986.141833121385 1615 191660 1 4.487050018140947 0.8141710850536543 7.774348885079577 -1.681583588537055 -1.411680776407154 -1.407644981431773 0 0.8301698488304314 -4.082801212433375 -0.9196307800625743 -0 138 644.918398141861 2391 -1 7.450344264724681e-06
 -10.21119207345511 0.05033820801984636 -1392287388728091 39.07602882071271 0.4403773777813931 0.1153025264840047 -131420024.0334979 8720.320023686509 177625.8239375874 0.1128431951973819 347909538.1719333 2922.105619066571 3593 191664 1 -3.461736287767841 -1.959773798969757 1.992977392452004 -0.9192385262184413 -6.833248248381557 0.9008447998773077 7.532551968484842 -0.8297489402632223 -0.7473352692339477 -0.444994297992201 -9.171851933061332 141 646.6884870529175 2391 -1 -1.555084361179464e-06
 -9.48966942747848 0.08008974895687856 -122999104243.5848 0.1705599131887092 676660.5411991365 0.1854560280165268 -202034.3237977287 41438.7640575563 4331000.568562698 11.80600405052753 -0.6345824777464418 3138.218514003536 1783 191662 1 4.22111441518161 -0.4420443517934798 -6.296637943450769 0.4451207072550676 -9.089116051803643 -1.380738157567186 -0.610509579330119 0.7061749337947822 0 0.8036637662419679 -0 144 645.5564098358154 2391 -1 2.070312751791144e-05
 -10.20741539405365 0.1247636028536353 -25437988.08621785 335.6584631061505 9.852676606639118 253.5584478148081 -11.93696855103114 63384.65076799852 10343322.23268263 2671.865951862136 26296.72609753513 3150.656200960779 4697 191647 1 -2.180331848891547 -1.283782615084389 -6.12453152322585 -1.605775825345574 5.123226317187251 0.3135465482934223 -7.239910304034463 -0.9890620736907163 4.422076416421232 -1.771064103553318 -4.838562480020771 147 647.3548908233643 2391 -1 2.315192078482114e-05
 -10.23333295147586 0.1234825159004078 -4064233.293723185 4.709085436112761 0.0970085583397057 1.103780885949107 -2.312654200926954 50.00536454509331 8.675328803501648 0.9464187676164036 39.70053072189845 3089.148157138035 1575 191579 1 4.399680416288542 0.9298804154499306 9.994349950218888 -0.8290292730597546 -7.269045580427917 -0.3309982125937516 -6.363030324191477 0.798847395400291 9.825407474986289 0.1844571234938081 2.074185294209237 150 642.9857239723206 2391 -1 -2.722012188267793e-06
 -10.39541442743361 0.06113114737769802 -81400422832.97038 18.70497767921123 0.2130451069696472 2.246105219897158 -0.5009862016244394 111.3631558094026 39.05146430389717 72888.10242413513 10295525.03975001 3062.863132242726 4927 191661 1 -3.968312925342812 -0.4987066824727107 -9.78851562013851 -0.07512016190264781 -7.494255894190957 -0.4547084576704031 0.1115550398943892 -1.920327465363105 5.469403102086902 0.9717098847396315 4.278369132691076 153 648.1318809986115 2391 -1 -2.701469171785139e-05
 -9.596306917022025 0.05661178883556054 -117107578273350.4 96.58013826399943 1.313237373769655 0.05911435328919572 -2941521005112206 494.3261804447106 666.2014514610664 1.082975411812888 43.09410407730606 3066.455742663628 1198 191542 1 -4.561828726694682 -0.9406942020339315 -2.799829256457722 -0.8307705041117872 6.173084028177478 -0.1230925795297964 0 0.6331242663691055 -3.572649487250803 -1.467246196095426 5.099750738166327 156 643.7369909286499 2391 -1 6.625538346482091e-06
 -10.22328593444452 0.06409784873053594 -586025604359.0376 33322.84640666052 169211.826863362 0.07058572199731301 -1668387625361.909 197.0581879655485 106.5524100615902 0.151979556239467 -2862347.731871144 3151.283203051193 3201 191637 1 -4.559930128394068 -0.5952703318736514 -8.390549756051248 -0.3398513745199008 -1.118561548502103 -0.5872504420668561 -1.721743754028898 -1.503975140993718 4.012892003869624 -1.211353220768176 -0 159 644.3919551372528 2391 -1 -6.836672058070115e-06
 -1.43695201610215 454.6596815450688 84.38115916580195 495.7720248796475 26.58154497995077 0.2559294757087485 -5504.48892644976 22013.38759511225 1387652.856265344 2.823451573181307 2.496277924882988 3227.733487063755 2812 191656 1 -4.557647392413552 -0.5182555806383675 -4.373557588801991 -1.015910704963868 -6.781867016858451 -1.592453479634082 8.276071749802265 0.1342013777367059 2.827320088693451 -1.667410490211244 -6.748865062064286 162 643.6819040775299 2391 -1 -2.180659333245106e-06
 -9.958624690253767 0.1041455076241906 -18078845.6741707 640.0539039632984 79.21785107281498 0.09918995138219448 -712658890.506732 10531.62709351143 303826.3648134645 65962.48848266386 15705696.79239255 3057.975227554712 2103 191637 1 -3.465499095488805 -0.9149586728154331 -0 -0.3126337047667747 9.184859433956415 0.05652449817094139 5.155065081012475 -0.365409974680281 -4.174021377196343 -1.32804239607063 -1.954698553579228 165 641.2927820682526 2391 -1 -1.051112323369753e-05
 -10.25482949007549 0.06717384720698906 -440946440454.5953 1.423875479015167 0.4041752525765672 0.4387120774945525 -142.0544930744415 87.82006669086175 28.11338138292765 11136.05120415114 282491.0627148759 3046.322156831721 5429 191664 1 -4.57681663472111 -0.8103502676541883 0.1826186586107639 0.04338204039598682 8.225660783287367 -1.182614671514303 5.735546552480707 -0.8515509209825112 0 0.8148047140876589 1.423680658435354 168 643.6734449863434 2391 -1 -1.676687658386483e-06
 -10.44158630325359 0.3260789406977794 -66.27124467348537 0.8579438944430889 1.195073867676204 0.242465905570872 -1909.590980315346 7592.470067850588 146103.5895694962 9.328395866687508 1.289870954698367 3056.753852356162 1351 127771 1 3.968928294371038 -0.2007269602770716 -8.792350520414397 0.61403612742349 -0 0.2053302038386828 0.8865159382560335 -0.6054060927250111 6.443766832187796 -1.775773735548452 -0.839127537512999 171 431.3070211410522 2391 -1 -2.83900931378827e-05
 -9.795613140229701 0.09788436201994102 -128539489.030347 17889.15586286525 64996.22241625458 0.4922915110101017 -38.27426450501401 48.44450693650326 9.635313313331871 0.4193076223720244 1592.201158938256 2988.162916005822 2895 191654 1 -4.402560353692903 -0.6965521499029261 -1.28846943932221 0.3861732819384378 -8.243489939198485 -0.5000617087842781 -5.166801227326381 -0.07826968068606814 -6.370824597178854 -0.1221919872399839 4.900957781740784 174 643.7779898643494 2391 -1 -1.562586436675259e-06
 -10.91515879510154 0.09058840651030779 -872192100.2520468 0.5016367984460973 11.14469637222442 0.2960168567485547 -1741.977379307802 988.1571608822849 2234.609049343818 7736.150866460565 51433.26254738633 3086.213711194667 5060 191593 1 -4.547258824683913 -1.555877320379614 -8.48771775974531 -0.9389538919362348 -9.16423249529115 -0.3712777457700964 -1.682372296972078 -0.1308437465796981 -0.6359760406874768 -0.3311419359879029 -2.002558675176828 177 645.175961971283 2391 -1 -1.441554427703581e-06
 -10.94099700484923 0.082367510201137 -2736937883.022661 549.5404946169825 25.04789530605159 0.4526886175906105 -84.18859291870979 2480.91810237782 12313.78341269599 542.3830901232515 -451.0482499060637 3003.372291394324 4082 191646 1 3.513287450810955 -0.5141529141290739 2.994224189366355 0.3482534032929285 1.116176873920761 -1.198751995672523 5.557328841011855 0.3253354106231416 1.708162276099319 0.047425743987453 7.834044241935043 180 641.4758539199829 2391 -1 -5.81404985219935e-06
 -9.92079151294889 0.1396258349548285 -248116.3419706682 0.1302686079582494 -3706672.396545163 0.239406904712316 -7210.656671320868 114.148806663006 38.89314989296565 582.4140671518711 928.6916672033959 2951.073696135401 1242 191638 1 4.166783976644234 -0.2633082381840061 0.9630743631785563 -0.09792951522646297 -8.160393304323136 -1.184527454150801 -6.968402447230974 -0.8069395033690094 3.791134052249561 -1.229792243355042 -1.58377949955446 183 646.8631250858307 2391 -1 -1.016353964968981e-05
 -10.34785403629851 0.08325511135683887 -4156428971.201477 149.0375030754811 2.881603438874442 0.1275118197901308 -18826387.78532518 73282.81123047677 12004557.81456007 1.1139900148286 5.140867482896002 3051.459803449115 5022 191659 1 -4.632234943927076 -1.28930247377574 -0 -1.966559073164285 -8.356445422864288 -1.42644192213322 8.290182705879435 -1.060328194545 1.291549542622489 0.8983386941341318 -2.12382252887465 186 646.1069529056549 2391 -1 -1.072657441315949e-06
 -10.52087150395056 0.09887416771594126 -344953158.8575474 342.7743377526612 5.171315391115675 0.07267043146940001 -11130443768273.66 745.3829409983315 1085.066661742755 0.909422393930189 33.76812167209756 3103.865764079898 4915 191663 1 4.604018596244277 0.7965978113525254 -3.564807805632235 -1.352563413253732 -3.719400820785993 -1.231760820192438 -9.980299082209983 0.4390361698370535 0.4594790764518502 0.9841026577180529 -1.50461821234209 189 647.1467669010162 2391 -1 7.680158891481547e-06
 -10.35015133465068 0.1014912126585047 -286411066.2533051 0.2606265188893778 1862.676725315836 0.2608474018375556 -9354.57563323033 12662.08209482451 381976.7041776592 1.256123124853902 20.06997114759509 3053.761961520513 3326 127729 1 3.681680218063503 -0.3733307769454273 2.521095445321423 -0.9720849289715492 9.489461808510914 0.38978259184828 -0 -1.839058677733409 -1.072293821694497 -1.46104060628915 9.432075573114176 192 428.1959829330444 2391 -1 1.149628373268672e-05
 -10.12932883619041 0.07482077634692187 -14724041472.59416 1.009261354691004 1.319926758105028 0.06311429608405826 -41287233425181.89 89.91176267089729 30.95373122277954 74284.22719073665 15053101.38926037 3105.408702122549 2223 191659 1 -4.328457020043943 0.3828772093389041 -1.587205663886542 -1.861154485206191 6.816445967202143 -1.946481930390147 3.107820267041906 0.1500017521353029 8.231534333112071 -1.127001880547582 -2.951676638201199 195 651.6730589866638 2391 -1 -7.04271812821042e-06
 -10.40814693110324 0.1035379429295178 -54482913.34535958 0.06883480553786153 -2068795644596.481 0.3000619811075103 -1099.010522963147 13583.03150275508 468426.4739215933 64396.94725701133 1202034.991033712 3165.463754464536 2268 191648 2 -4.535531113128501 -0.249356901934247 2.527578574648348 -1.709078175142672 -2.801308688419756 -0.139756595852095 -8.616330400279933 -0.3468533016380348 -9.535419426183832 0.2049164370071627 -5.281147129512785 198 646.676894903183 2391 -1 4.340786903035818e-07
 -10.0768682724227 0.04800294737691032 -9980648658232760 961.6907726485861 71.21137321073552 0.2704724381261927 -4071.143855015326 96323.66689621018 22911143.34633358 36.12936410196914 4.72124533854667 2882.183692197799 930 127745 1 -3.882809794066411 -0.5981434275906858 -4.959479917684546 -1.210644742650834 -3.026074025975995 -0.7420520845439071 -3.531221389704835 -0.9798452776852447 -3.056992283365023 -0.09961365631451807 0 201 429.6843550205231 2391 -1 4.474274378040862e-07
 -10.19848751381314 0.05603954724200749 -24993678308401.24 1306.843587007475 361.2840019290941 1.274492200843933 -1.668331050265859 264.4439099289368 173.5508011337812 196.1633598831356 74.5995593812726 3183.436423180367 4606 191658 1 4.01086628892747 -1.213910102535055 -8.139457361976605 0.5436712227551173 6.097602402132537 -0.984212037649951 -8.394730346326593 0.2470391204024666 -3.810713034743126 -0.8183318086979101 1.060541120184696 204 646.3099238872528 2391 -1 -5.23330293047125e-06
 -9.924292665800669 0.06739583027777275 -9920924854.1248 0.05095332495757196 -94740003041492.64 0.1521673801066563 -31006.10275857489 9803.444880693418 214095.193873621 11522.17952344244 310083.4484177506 3032.080393730505 1133 127738 1 4.454789199809277 0.1053511699010734 -9.991120502778443 0.9573376076994098 -9.991890257939566 -0.4453870170276719 6.971731750257465 0.9959319832465381 2.525680961219782 -0.7286079301750705 1.678212527438855 207 433.9115149974823 2391 -1 -2.735236398558954e-05
 -10.11148707629032 0.1090527122531399 -41959321.82200977 339.7640463354988 21.74610898985754 0.3685246598506816 -376.39420538028 27.74611742404825 3.641975568605669 157.6778875650291 21.88760296761461 3026.417652826538 2310 191611 1 4.466192212536979 0.6726316520664524 -1.811964620727824 0.5731896563394536 5.591915948270707 0.2326521216272592 -0.08312097994278123 -1.135753133858915 7.430015455852866 0.7312335869665407 4.262041244276483 210 644.6597559452057 2391 -1 5.608175868507369e-06
 -10.46405591044595 0.06273226408160731 -694998569165.6818 0.1859524920286634 20104.14721527076 0.1075183862597922 -152259007.8279129 768.5321497370039 1427.096570790391 2089.272228855767 11863.89918309742 3022.142376209176 3216 191657 1 4.292715210343304 -0.2903363299100033 6.906709310068306 -0.6379235572255046 -9.932948905551347 0.1790205972635669 6.081595973885946 0.67302904832 -8.582846076338177 -1.973524535557234 -5.385393661741094 213 649.4821059703827 2391 -1 -8.995193979774417e-06
 -9.453703391837617 0.09995603363344296 -57852722.89021973 58723.8585173808 202557.6705161973 0.9456650513829569 -2.007105416440046 5712.812079643638 81564.98516046567 26.12417414615198 2.391851584867176 2972.074034212041 503 173553 1 -4.64203690340717 0.3917118363552774 -4.402977649628419 -1.521852708487316 3.1347241831328 0.7792379510787248 9.61344934700479 0.06259580624074125 1.568066109260802 -1.98138297296516 5.30814335983561 216 590.8422720432281 2391 -1 -9.450679146814886e-06
 -10.44089874822754 0.1181179677576587 -7798703.405353529 27038.72501770288 45365.69535766966 0.08314797282892442 -83013296429.4928 31838.87402828866 2762611.940113953 771.1941683897923 1270.759110077885 3243.584130137921 3201 127768 1 3.144625788259922 0.1756681330118668 8.327514972612141 0.8131113980865208 3.48896042544672 -1.145537567427939 1.10128053480425 -1.370238647998614 -6.567680473283886 0.5124259614295164 5.948036933492238 219 434.4324059486389 2391 -1 -8.153673656368669e-07
 -9.83604788933993 0.1027401170815558 -74221693.2884776 5422.231353471783 2324.781614320489 0.2215761142267153 -21515.96054217019 81.17024081776546 17.0774041048711 89.16793166825013 4.832133662469804 3139.10556281983 2332 191656 1 -4.539840177892005 -1.027846339917287 3.002467343664272 0.3143732465343451 8.143163006011001 -1.66519612246921 -7.74736849523115 -0.1159926492194678 -6.547450136594547 0.295871284869884 8.38701720777232 222 642.5374648571014 2391 -1 1.411428416683832e-06
 -10.10330332844792 0.0905080560635293 -1563282779.450588 487.8817101833992 21.33608594532309 0.3412386222222173 -582.1933074717923 69016.82587482053 12376738.48235051 1.397697435990631 9.370484172301859 3068.842110652486 4767 191663 1 4.688715294284377 0.8215608898606055 -1.426227802452409 -0.1112966610814308 7.286656966180256 0.9240167284494394 -0 0.6655821753136442 1.860244456665555 0.4940311561513111 4.969408734027883 225 641.3405661582947 2391 -1 4.228501324346919e-06
 -9.902042307600068 0.03486215494490191 -3.011882118097595e+19 356.0273462645366 12.64209959077299 0.1280445764965754 -5856329.529181101 49.28454298076452 8.244947401002996 3.070801742443988 1.98337020928631 2934.62846864909 2044 191651 1 -3.636486773463065 0.8449203565111993 -9.158207397547587 0.1515642865062414 4.387414080777999 -0.9825835232640969 -0.3534610064448698 0.653966935917917 -7.496987941491678 0.8643014772635746 -5.435278203344906 228 642.801441192627 2391 -1 -1.439849445327749e-05
 -10.2443033286532 0.04597715426896805 -848341214675804.1 1163.6680151546 57.38434592963625 0.2252010793287928 -9608.488318971864 95.54099702893478 27.36446378137959 0.1243135960300175 40182136.50999115 2910.891196303734 3068 191643 1 -4.103824065921319 -1.431991493649613 0.8811346223304852 -0.6084170776948747 3.924249265818586 -0.4766034248802909 -3.868662486635169 -0.2306450241910038 3.07453332147489 0.7920511145276379 2.064997357559828 231 646.5600790977478 2391 -1 -1.742588958782478e-05
 -10.33762071744796 0.08612753846867875 -1224678657.988798 1.9865893776028 0.09381916262539253 0.2325998164276825 -9239.743785517865 34012.39639238301 2296669.06212932 0.05182446844044537 1.137782551986797e+17 3051.784282000933 4499 207634 1 -4.661555880442668 0.1726436874460311 0 -1.605984697510803 0.1145972064150058 -0.6565731439094931 -9.38358558986719 -0.4222411815184595 2.143497908011125 -0.07640325570708842 -7.900257377609149 234 698.5482761859894 2391 -1 -4.349282229601711e-06
 -10.19537803888058 0.08821777153232579 -1163662057.568828 11.08929479178451 0.06963308146313602 0.2222182323673793 -13439.8028195574 20414.61448738083 749695.0815926797 0.5526753511311497 183.8180293608861 2787.939185449305 2689 191661 1 -4.566569377724093 -0.4646281604780383 -8.993900856319215 0.3735488721087762 6.99132037163103 0.2934362098756385 7.907886174992415 -0.2689704359632037 -3.123673997830788 -0.2780464297139265 9.044871338988886 237 645.7813079357147 2391 -1 -2.01599640402548e-06
 -9.488725635680719 0.08035123013641268 -19659014222.54854 0.1124598300465726 130618256.8322357 0.1058753804756017 -650907854.5530742 44622.64671123221 5080129.752060325 0.9848587321933006 14.41001826320687 3122.504419016546 377 191476 1 -4.646854904420067 0.5644417072441255 -6.261491516548231 -1.553745916256236 -6.46711833240517 0.3263449827109772 2.858672737347101 -1.637490186408936 8.432450063344705 0.1060014219073584 -3.443039741138421 240 643.4717469215393 2391 -1 4.753111436707287e-06
 -9.678085028191777 0.08073372515353719 -8290526749.165565 0.03941278278178983 9.991447289314181e+20 0.4891748862063984 -69.92803475294804 208.3469368684427 132.6522537932515 1.589353105784868 15.0693260446038 3239.551864931474 770 127738 2 4.334815043348253 -0.6933230888324999 -8.158303425714559 -1.252612198085052 -6.515475726772287 -0.05094594597690707 -0.1451166862377828 0.09055002162101644 -0 -0.4489684973095853 -1.655568497947423 243 433.9697799682617 2391 -1 4.017994553955133e-07
 -10.09081799104886 0.08170188787511351 -597779167.6704175 70037.9353336882 464866.723931437 0.4414064403209152 -78.64720353529204 6314.462989389343 97022.35197792205 2.255674779086621 4.823245292316081 2921.126377594923 466 111748 1 -3.844702894268054 -1.532201564669475 1.172264928131732 0.8521134906266714 -6.216080676112568 0.07631795543026595 4.585930455123558 0.4730510756769175 -3.02871744929144 -0.1107536601183199 1.792773301553902 246 377.6285579204559 2391 -1 -2.014690591872984e-05
 -0.0003511639747647449 51938.54710169401 1416919.13858073 20141.99565423351 103894.8028479338 1.479745498690339 -2.071731409352961 1650.248073662522 6087.1317024622 0.154771521638764 13010139.501719 3274.183152376516 12031 255551 1 4.484844802769443 -1.602741451913327 4.819965593121933 -1.60630716392853 9.99846832581273 -0.1436967870697181 8.773171831491979 0.6800256542320957 -5.516507225702395 -0.01872532976250163 -5.02166980448431 249 870.7447690963745 2391 -1 7.393991690918043e-06
 -9.673354346311454 0.07292166140972503 -51726162558.1874 0.234191400976727 -3397.793317937859 0.2850096417488315 -2241.514357161735 102.1663042457507 28.00102487147587 1.230652429786687 -8.704069073496893 3301.607342982697 1564 191659 1 -4.160683488909965 -1.119144239667336 9.522178420488675 -0.8244826260446594 0.6379686373911881 0.3209979463616816 -6.309066706082638 -1.891432017668549 7.967061521680552 -1.229545466578935 -2.296826103781207 252 642.9705979824066 2391 -1 -1.979128460035836e-06
 -9.798915891089424 0.07967681428732812 -594689348.3081613 131.0734932958738 1.768022544779665 0.07089923096027585 -269678094003.0694 75940.07894965915 16905900.28012196 66362.81924443207 3783071.877024847 3314.644166348005 3626 191649 1 -4.684579732876426 -1.289921948441647 2.78409255157341 -1.789919194331659 5.663312596510538 -0.8338631026811418 7.308163364748546 0.4464277874247888 4.974667228497189 -1.415309090734973 -3.007842280948356 255 642.4570100307465 2391 -1 -2.264351489873142e-05
 -10.07070944899059 0.05362726353801398 -1713858574277526 490.8372248210975 23.260764652829 0.1264535045410352 -73000224.20894064 87.36756415886073 24.99392897158868 114.8120278047484 20.17542120873602 3134.919260533081 1173 191637 1 4.295478608192033 -0.5215600463376902 -5.857833332503046 0.45132664649734 -4.83895433453671 -0.007419645942115478 -3.655796583506004 -1.484098939357905 -2.274164925042796 -0.2477879711357263 -0.8550031933458033 258 646.3004570007324 2391 -1 9.082170491219508e-06
 -10.20260723994341 0.05040493734340402 -911866900865748.1 1.347280871240261 0.8230668456051492 0.112758577610323 -173494929.9904493 86.700951136615 25.5462805148671 1.441118325355228 3.98669709345613 3108.455236766446 4908 191661 1 4.22849494365569 -0.2692889664753917 4.059310412552571 0.1935413493744118 -7.181304841067522 -1.425615687743424 2.489294981783535 -0.4580960483184225 -0.8816819951816646 0.6342949093002299 -1.843754988132321 261 644.2697410583496 2391 -1 -2.340256259370259e-06
 -9.832231920002144 0.0600784217449391 -40490837814604.3 195.0445267881974 4.515328732359035 0.2369752507819537 -15555.47845983632 25332.22604722784 1274805.241549091 6448.10102190713 -46028.11386771689 3117.992903848638 4034 191655 1 4.238733845153224 -1.400129149810267 9.974961240551913 0.3655740817233765 -9.394022315684746 -1.054387156142066 3.760755381115001 -1.946251609368965 -7.399678392949557 -0.6380784381156044 -3.30385237386194 264 645.1227869987488 2391 -1 9.263165681071526e-06
 -10.05197283434222 0.0766499599102017 -23101937373.74157 0.04624109636993515 4.916208401988926e+17 0.4533249026871811 -70.13813711771016 324.5502733930567 272.979520359294 7807.667113544212 63150.31899228493 3216.942330581653 1574 191491 1 3.868330245290717 -1.142234581113167 3.340662811104022 0.3003273648204016 7.635623482955364 0.8950191959280267 -7.857066703771901 0.3304968899692646 0.425289254926378 -1.60553140813616 -4.712356127033899 267 647.4087100028992 2391 -1 -2.279932572267679e-06
 -10.17576595809225 0.1053452134362093 -6460106.249633002 3922.601353915925 3035.824767729244 0.5195818112872105 -35.45314087037803 293.8837391114654 204.6807947530654 1.422432982484712 6.80940016569239 2925.299216214323 1980 127684 1 -4.499365015685973 0.09467160442209453 -7.497474696110915 -0.6345557559016841 -9.053480335234307 0.7214090486191198 6.419949999301915 0.1727196667460511 -9.833113807384414 -1.005748011762554 -7.17104085531744 270 433.5698690414429 2391 -1 -1.980234286070186e-05
 -11.22535550221023 0.2088287671132693 -1335.316571415573 0.03189615661212379 9.989366226348837e+20 0.1896567228013091 -28351.27274719414 10790.44678440818 289962.1895828879 2039.413606246903 7327.602774061002 3118.776360752808 378 127593 2 4.643288882883534 -1.341642293792678 2.74561226733836 -1.145942765305616 -6.539733299549371 -1.448829436757881 9.419036987841558 -0.3632898635711168 -8.440542107894398 0.6541911326621753 5.428408136414395 273 434.8683750629425 2391 -1 -3.478435672902108e-05
 -9.49174411038369 0.06257419451117122 -471420718651.9039 263.6274252479859 5.116035335876139 0.3910273270669195 -175.7489384656621 350.2558530214146 360.2895264991736 0.04496752023448469 5.517132821756559e+18 3048.041281278377 3927 191664 1 -3.885911083529823 -0.3299504296559218 -7.267043601811539 0.09388629795366786 6.460085953693543 -0.5992200758157145 0 0.2118751448647664 7.035735964977004 -0.2036299229838932 -0.5415412025302344 276 648.1057510375977 2391 -1 -1.170387149018441e-05
 -10.45910161524723 0.07439078493254925 -432216042337.4525 1583.912369445388 156.7473241143994 0.1079535817977994 -2048428182.98093 1423.613820826098 4866.038301630904 320.1505134166097 252.3534648505618 3185.190838601554 3021 191634 1 4.44358842593175 -0.3226648531339107 5.38937789124527 -1.464683522611923 8.267796540403685 -1.642196657081646 -5.300335335394871 -0.9054839976619817 8.86547561082288 -1.599477650110598 -4.879547722417084 279 646.9440939426422 2391 -1 1.703482116397911e-05
 -10.10653467938073 0.06190078001120787 -184200218002473.2 190.6647442441226 3.106869031487148 0.0736095090381446 -51967628318513.88 4337.730384850624 50899.54077532408 0.3554339226135969 5953.352797667242 3107.591643922157 1149 127761 1 3.715827099848261 0.6449292983687771 -2.715962770046731 -0.6432723639856057 -1.084929729830293 0.1237718877423068 -0.4970190662408038 -1.636300637683887 3.652888788300524 -0.04035343590341434 -2.100769740505858 282 430.0187721252441 2391 -1 2.438790551344642e-05
 -9.85467632242514 0.1068737061777879 -89878204.6862787 4.145185834548576 0.08151166943428988 0.414019323728387 -267.8302889644741 48.63801785638626 8.531139126955487 3503.592822356447 15138.41534330464 3120.467880060244 4272 191656 1 4.584869914582481 0.3145883734009472 3.047451916255144 -1.152045393729711 0.7755731512303092 -1.148569540450945 4.012021534181384 -1.903517811428553 -3.269095479663607 -1.59862750856623 -0 285 645.0746858119965 2391 -1 8.070004598133051e-06
 -9.509491255341278 0.06711472294730168 -80210435965.54657 60.96395363565736 0.7670602628503408 0.1395015541444595 -1947627.311228031 17920.75554147579 745298.4753426302 0.9695181738899833 21.04648177245054 2939.618134165677 164 122866 1 -2.710297091015746 -0.8920373149397776 -7.714875429945288 -0.5284464083870617 3.851406187818925 -1.357549281764413 -5.876625025716255 -1.861254344202189 4.80197984278522 0.7814490178761542 7.143097455979316 288 432.0219559669495 2391 -1 -1.40131406962802e-05
 -10.48262537011284 0.09789324691157954 -293551496.6747818 0.3266252461308883 -120.4304074306416 0.2220516882202679 -24016.37361984329 309.4364458757194 233.7860273964218 10723.21638967401 189375.7779192303 3161.992462723601 4590 191658 1 4.062809443832835 0.7080480967849856 -3.343463427474902 -0.993456612802504 0.03728576311619225 0.280426451983014 -4.772076834630198 -1.565382717135169 6.905197522621138 -0.8630544248747052 -8.683575372983572 291 650.6905679702759 2391 -1 4.314310856379337e-06
 -10.40489208255245 0.1162589660041102 -37374736.96184503 338.944596844268 34.08655734422608 1.718635729900626 -0.9280360870379992 2089.355141386918 10602.2399612006 228.0817885175818 148.8269862242675 3230.174988098958 2874 191623 1 -4.507865479911494 -0.7999907128382553 0.5134056832546303 -1.872460949860391 -9.746397710959922 0.3270277473221297 -6.006132679966574 -1.09086402945667 -5.033920088969735 0.4899146026505984 -2.448928672892896 294 642.5696020126343 2391 -1 1.150645123155199e-05
 -10.1191511622565 0.06511954280797023 -277215086837.4392 2.438708125914036 0.08900278776013618 0.213465205535049 -25759.60564085597 29564.12113441313 2032669.911931247 0.06085697352906726 266426667328443.5 3015.157472930449 810 127769 1 3.662939617126124 0.7779388801260052 5.366432053195912 0.1514314692001263 9.044726745743271 0.8923620437487614 -1.910656120596952 -0.4423158182823874 1.130177117698859 -0.9233645759050306 -0 297 433.8367240428925 2391 -1 -8.415699003341271e-06
 -18.65694934411618 11.878200128212 -0.29888229247603 0.3348006256981582 286.0023001885014 0.1956523923724035 -95724.37808784176 790.1306381426951 1532.29509551882 0.607659342770158 167.9844711458417 2978.769454868027 2561 191617 1 4.504810793027842 -0.2650547054857118 -6.634556304437456 -1.336171652660579 -6.682190668927645 -1.802063511372033 -5.605287614249497 -1.948196289378795 2.600251148862001 -0.2731098733635733 0 300 639.2647500038147 2391 -1 8.520420837774013e-06
 -10.23578926400586 0.1046313036833791 -42162134.28029158 2839.48796927259 641.0845283997295 0.2718322756603339 -1970.938415932269 70.21400687554433 14.02301236198418 1.683977164792337 2.327045838180476 3120.641582793906 1215 191437 1 -4.371533289445633 -0.7115514037784472 -0.1498324141763603 -0.1259769477415258 3.199411502197671 -1.408968091422343 -3.244461935179147 -1.337312125142107 0.2857153793036407 -1.298674328041406 -1.047540967990557 303 645.7244460582733 2391 -1 -4.640118371101475e-06
 -10.03333695458076 0.110392237282632 -36807612.22158168 29113.41078318054 110802.5786773918 0.1060239473348353 -733097989.4553635 1746.031685223827 8731.178680051615 46628.74971282671 2565320.975007299 3038.168116574806 918 191646 1 4.528885627462159 -0.004482723938481934 0.1508451236956692 -0.09034777291163731 8.52775831400699 0.9366715624701674 -7.966762002022751 0.1084025551269025 -9.052492952412608 -0.3627313449817465 -4.002238738168602 306 646.7986309528351 2391 -1 2.924772944028456e-06
 -9.992868562023929 0.09015115268638549 -7125528873.280486 166.427258509944 3.262752118156776 0.129170245015703 -94307068.97723867 246.7101305507104 167.7498164392794 6523.909959276225 127096.6598449576 2913.92094608369 5276 191661 1 4.563263102458798 -0.9011949142972622 6.365403399316014 -1.541080049361491 1.716174665408159 -0.1094892262412017 1.60287278021332 -1.452192974850653 8.761328204017437 -0.6193292297042836 -6.335970768377912 309 651.8029339313507 2391 -1 1.881248580475789e-05
 -10.12431844709189 0.06078600460697296 -25008009285983.57 467.6467807593115 10.56239984887068 0.2728080296093309 -4779.968489048438 98.58801026410966 27.23999969876642 5.77815635661428 1.212721679313183 3144.399552173946 1555 191564 1 4.12343553224292 -1.667577017587861 3.493966852468773 -0.7876469319406496 9.359363210536211 -0.9437512836436577 9.461430115048008 -0.8155168945078257 9.201681621556077 0.903622491489652 -9.460698474434407 312 646.7608170509338 2391 -1 8.636011030306432e-06
 -10.56584942337207 0.07149137334281198 -187531439253.9769 3596.892704976765 975.9506762133225 0.05433186769670959 -2.589654261459606e+16 3290.934994228063 28718.23212701686 0.5774707115900393 200.7922976130798 3023.230152287985 6529 191664 1 4.350422744305805 -1.733759614097838 -6.840946424281444 -0.002500931603009416 2.099568493768386 0.161335683440321 -0.9266556596948781 -1.197119192572966 3.815005083384261 -0.4290340130858397 -6.834266234500064 315 642.3473970890045 2391 -1 2.248628502728835e-06
 -9.837347673235957 0.1541120998331861 -85737.88250812457 386.1944317958589 10.93141141137196 0.3767822392019252 -191.2124930130926 20.86190220632749 3.10366173062839 201.0512359389077 -6.980661063677585 2969.648564674139 953 191445 1 4.368119647948443 0.3301331453224562 -9.634022273962193 -0.9231963792646845 5.60359674099739 0.5379195657192239 -0.5697178832360885 -1.201526838122062 0.9160277326643054 -0.3985992182817082 1.345471449670218 318 639.9923667907715 2391 -1 -6.645937354993371e-06
 -9.62939639850538 0.1026508889262645 -110904892.2732327 934.4143776398067 103.4905979818796 0.2115197956435589 -37243.20704067388 307.6811894641219 248.5394065397981 71.1780615509557 6.736944839851928 3129.278296776778 3479 191620 1 4.571430249401716 -0.2193791080891794 -3.585117171072626 0.6134341252049174 8.549039757266145 0.8708344129247569 -2.00788664765217 -1.888726542531872 6.840669108125532 -0.2588841117098548 2.846292442580093 321 647.629515171051 2391 -1 1.238939248297067e-06
 -9.791241917037427 0.0650787923281472 -3458332260069.298 92410.64677337087 265483.8779136987 0.05351518396822842 -9.890588380905389e+16 757.6447084898091 1361.100964476935 62455.62569703408 5958724.839244781 3071.518481607962 1567 191662 2 3.814397471680679 0.5152995973919396 9.249919157622989 -1.558810465675554 7.121154155473189 -0.1275868188355248 4.799434850126908 -1.145035264993684 4.27085660816452 0.4555821196526004 5.348414804322238 324 642.9596378803253 2391 -1 7.227554978589975e-06
 -9.716411626202961 0.148570478343388 -313755.7489850728 3131.556457339138 1420.658128786712 0.5472593321941824 -22.98676892485912 55278.44754456833 8382014.475050097 0.8862956963164657 41.22556958114955 3051.682020059178 1266 191660 1 4.507809361030826 -1.796881365490609 0 0.14628745018434 -0.5929433698020015 -0.6576097604856752 3.85310566013903 -0.981617802025136 4.906847153473741 -1.630613071541148 -3.797754478539871 327 647.6109669208527 2391 -1 8.81779616336964e-06
 -10.02149320473556 0.09436654673592063 -610878736.3686692 816.3602284844529 87.812257498143 0.05247254921405021 -1.248283901986666e+17 1665.270388067501 7115.190767278564 83.59341940728579 12.11571672840352 3148.474758143571 6045 191663 1 4.258867287036955 -0.6540277890357684 -6.400110761885093 -1.806353817544731 -8.439669998485043 0.5855077633007193 -5.191101002852159 -0.6912011439324397 9.75184579548241 -0.4237075828481824 3.177682297424425 330 644.0184240341187 2391 -1 5.041714323291497e-06
 -10.32313261885328 0.07873596310450846 -69477788476.90283 0.2713464450434133 1142.781039563195 0.04729694211321333 -3.97295644640399e+19 1406.054900336218 4820.240792402753 2371.137676886775 19014.55228513129 3181.173063461169 3965 191656 1 -3.340650396044327 0.7406299418392273 6.448818457897148 0.5561146051360373 -9.088065878646745 0.6322275911579851 -7.431496755910118 -1.453727162719737 0 -0.8967412072600265 -6.769832149872393 333 649.4869530200958 2391 -1 1.271955617706131e-05
 -9.955472245219529 0.1054930041919179 -301379526.0350845 1492.706537847214 78.70825441738697 0.120399546991361 -336410976.3297846 86.93648562272675 27.84921161367226 0.063157889512861 1.598352315990785e+16 3351.55691423116 2934 191622 1 4.483615378129119 -0.1692681460289212 -0 -0.1583721430016301 -5.158877526971914 -0.09067702632412633 -5.040930699358 -0.8360527261266633 4.305605982028704 -1.817866499124541 -7.858867227517667 336 645.8044259548187 2391 -1 2.039439076870149e-05
 -10.13555550975645 0.1743727395463594 -72625.61087075068 681.7372656989536 49.40885819028982 0.1020221131693231 -3892444194.245019 179.8222389471098 100.4565056046436 52395.53771561396 6623383.172915295 2953.984771000069 2421 191590 1 4.693161266714116 -1.32310180418129 9.924462751875911 0.6925572235567236 -5.603899241148371 -1.792829841814619 -9.334387688391875 -0.2887708073111828 6.397733768848908 -0.5296755985278843 3.001183106201267 339 638.9726209640503 2391 -1 1.442417352766378e-05
 -10.49735768932214 0.05670604144416585 -4901307801576.563 14931.78404760771 103302.4583302669 59640.01887131416 -2250760.109972739 10646.23339726158 245938.5848543173 0.9966730742384162 37.96131796776479 3022.311214360483 825 191512 1 -4.144893565053566 -1.378159818883436 -1.624009996145138 0.836659438795746 -4.507872835447595 -0.6773186058770309 -6.35821060161323 0.429229696503783 -6.904250592516595 -0.4861521049993965 7.229289260030722 342 648.7007219791412 2391 -1 -1.271873417861177e-05
 -10.66211180964081 0.06420825610635891 -9410366947721.674 240.3767346514665 2.791043155672514 0.4687319652981428 -56.67920726229547 137.2650900196331 46.19450336762932 0.1010077993187045 8257365466.087004 3116.09288384508 4474 191658 1 -4.545177813310774 0.9272294068392197 0 -0.9569539494145118 -3.498399396453792 0.7205417122534286 6.901944031730459 -0.8531601602102254 2.335564414489425 0.4019071039511667 7.211065126912429 345 647.2612249851227 2391 -1 1.149856873794677e-05
 -10.07110212823177 0.08261909554977066 -1243697370.700695 2065.031569639766 796.8548818508013 1.165895387521357 -1.126060537348325 6545.036562734444 103586.1023310223 235.1507306356834 96.07226367879281 3051.372672463791 3346 191657 1 -4.037500065686534 -1.951928720857774 -2.54246388518821 0.4865414659294854 0 0.3880760899662503 -4.687999767709575 0.1250236058749685 3.640919206976386 -1.14449037862703 -4.352474089747094 348 650.7921130657196 2391 -1 -1.365902363925976e-05
 -10.28601756682199 0.08326245395740625 -920030580.2075733 4115.990899547139 2037.09395227534 0.2287867006472474 -6631.908347465751 1637.291013840399 7184.200953206401 1328.433974913741 3577.23801866602 3223.954585747986 1369 191630 1 3.359350149630614 -0.9406670252490397 -9.831821481555458 -0.5340046531390934 7.080049223053958 -1.299219409290334 -0 -1.478631812486705 -6.484617595181857 0.8938637032220251 0 351 648.3203060626984 2391 -1 -1.3978860750392e-05
 -9.658224906458646 0.08206168598417277 -751058955.4620479 6.369275678287626 0.03921074409868179 0.1387273714644753 -1820342.280587402 75.72432448163411 20.25988865845985 748.7459475244108 1511.30726400449 3064.542579368849 6197 191650 1 4.440829766304747 -1.902054862917836 3.001617439544241 -1.352098491467157 7.578395018510358 -0.5214996364658715 2.092704217940297 -0.8634834321863663 -7.625793631050785 0.02883569438240927 4.911017135269888 354 643.5600011348724 2391 -1 -1.780176005300456e-05
 -10.40076259907366 0.09933144362131001 -130737995.1205283 1378.776071190903 -29.47246228717875 0.2240434979939489 -24047.4842101065 160.2187706506471 61.8938758707942 1.666864679299271 7.178960487990155 3259.515840633428 802 191451 1 -3.67989144708922 0.2132373895661632 -3.836635318139279 0.6673272142140756 0.412552132833758 -0.6915791992910663 6.220788084268418 -0.6124629773888923 -2.219373302228227 0.8326260733689108 -0 357 645.9594700336456 2391 -1 6.087417809340136e-08
 -9.810993168906775 0.04250762511036851 -2.216670162959042e+18 101.4815633713728 1.516768338962931 0.96483191823655 -4.081913136700303 133.0769406047041 51.69512638688278 57153.9508480083 7679246.585950811 3126.925450515625 2959 127776 1 3.346546771339708 0.6990273957224362 8.725963424515285 -1.935503192097701 4.502275057949463 -1.868846190260128 -8.752159732587465 -1.938620709674669 0.5324091484127798 0.389751176246329 6.121917217612696 360 433.5973830223083 2391 -1 5.068124269562982e-06
 -9.875442684925893 0.06098391651999689 -6371846101334.17 63314.52139164413 565279.6036970587 0.07228574275002204 -3570414790077.44 216.5259667440194 127.7018823790321 1.486091646147396 8.270477622927197 3100.409683635683 3939 191638 1 -3.846909458466311 -1.025435688604305 5.558810848388117 0.874448381556975 8.04123886384728 -1.466028879280421 1.298937074193689 -1.333848205319885 -1.664647672296027 0.216045821759439 -2.767660428334442 363 646.8685619831085 2391 -1 -3.868851809205839e-07
 -9.486778121177487 0.0652103170056353 -196340345811.4202 3.099908549568855 0.1466722051112783 0.1030894929903526 -372900898.0388278 652.6838925997129 1022.6679894796 0.03879561336875271 9.994827318619672e+20 3332.989657791229 2517 191581 2 -4.235747594534862 -1.670258593989322 -8.967440318262309 -0.007401597232707535 9.435872677813483 0.7575015982445907 -2.69952793555861 -1.693895536723459 9.778330639573161 -1.411961261517901 -4.029781222230209 366 641.0594301223755 2391 -1 -1.172221997497089e-05
 -9.782464660957004 0.08827236896695094 -2565571046.013156 893.7136970729023 42.98521810365122 0.3868334917789711 -268.6774204306735 2546.875706514207 13869.06443256781 227.5451502693329 35.54307691842617 3297.918410773741 4427 191660 1 -4.113953542827272 0.631267354806758 -0 -1.522494161141359 3.513385566440018 -0.2447420299299879 -0.04298257636659075 -1.930302477511263 -1.64028493831621 -0.8199068426364668 -8.85411403030648 369 641.8978269100189 2391 -1 6.222163974630787e-06
 -10.44338850159801 0.08857276864537951 -818651488.6407294 1.902568558145358 0.1095888708824962 0.615577071809017 -27.73360179754535 30310.31103051376 2227288.671176726 1.424647747734273 15.54430020405561 3052.893050789984 1582 191643 1 -3.755688718595658 -1.372244354430713 -0 -1.391344954878108 -9.641565325098112 0.5319232898174664 5.556594535655021 -1.385110944343706 1.754841636955012 -0.3282762281441371 -2.066891654947208 372 642.3427221775055 2391 -1 -1.203053204826977e-06
 -10.35529113147187 0.1540044029209109 -271986.918193142 0.04742146582117129 4.284436768476098e+18 0.1320847080572537 -28958617.8505136 27520.66708687312 1845204.542952845 1513.001410587557 1658.014742345496 3102.939963121038 3295 191656 1 4.543152694208834 -1.372663354644175 -0.623137389456482 -0.3168727676717645 6.00511723255097 -1.872621449814647 -7.087980872166726 0.03334085281901978 -1.449406546060317 -0.7061767439582258 -7.779451944349297 375 647.295578956604 2391 -1 9.234765586232021e-06
 -0.03360355334959398 797.8573567469045 340.7278499511995 20298.9535785844 22295.60712711983 0.2989649952495205 -1526.78578013789 22970.04546599135 1308839.538939926 0.1599688011057706 5162179.526237686 3151.784986611866 500 191554 1 -3.74394829204689 -0.5149706893305055 -1.283772871346931 -1.85850296851988 5.991389002037079 0.4832708558370764 -5.043208996492356 0.9213726366430262 -4.035454671162998 0.5373387857933487 -6.267466827356307 378 642.4555680751801 2391 -1 1.678661012470207e-06
 -10.27804373594017 0.06764757368287388 -153683094075.2992 785.0428779984968 23.55444634504666 0.3077980317123579 -960.9771489856344 51.3758433606596 11.32280280074377 1.622823862097668 12.29599904057965 3010.339501737623 2201 191661 1 3.45815319746559 0.4810587936070347 -2.146191778518329 0.3063859319312354 -7.059642423812383 0.5721796348713326 2.577434936159622 -0.2903833833293108 -4.267331838578328 0.5363316829649598 5.086430638145541 381 643.8228261470795 2391 -1 -4.583952393540521e-06
 -10.08280054890437 0.0587045469398005 -187287015129681.8 7195.067755489924 5758.744294816087 0.08977696121606123 -74462837797.89806 4184.433896584744 40273.95583545078 2.914551527723785 2.629152004856623 3122.803221694875 2662 191661 1 -4.2061557249629 -0.1231652144763604 -6.567356636565602 -0.1841172804388372 1.792720747736346 -0.7268925265644981 2.088241413608577 0.9298234616931609 -5.154319839275228 0.6145463573137144 7.706583630338589 384 651.7658109664917 2391 -1 1.381961700970194e-05
 -10.47447808402717 0.1075162203284602 -45868722.76792169 73548.19283813413 309898.8345634059 0.2307261395471836 -15163.1206443075 55725.67384231673 7538102.920086167 6767.934513997746 44682.82023314956 3248.397258055099 709 191652 1 -4.661580339281306 -1.954564008833136 -3.227063471696737 -0.7576589726359089 2.975186265586061 -1.069888708831868 -8.312267835001631 -0.1430342099355588 0.5547139914423953 -0.457034046560418 0.2241687680591786 387 649.4695250988007 2391 -1 3.398934727331428e-06
 -10.02116770007859 0.06363367226900868 -5021810490161.765 4.038786685698521 0.09117360319319977 0.3313111318228571 -818.3403627014673 97565.59057705714 21091235.16369308 17658.38031103577 634107.1960815204 3044.919034650741 1087 191600 1 -4.690507727463931 0.6603691147252775 -3.0705278856488 0.1006805023974149 -4.818078539414325 -0.9986734800549328 0.4679396941513727 -0.4341842685608093 -9.268057358818215 -1.056734731319988 9.715249975947817 390 650.0478818416595 2391 -1 3.889075451846452e-06
 -9.697780243955426 0.08172139357072636 -8510479637.707499 56.0854702190953 0.432333113510113 0.4062729662381636 -165.7168096686859 192.2235233051778 115.8689245168303 21250.92581835157 688464.8409821354 3124.788538142371 8261 207633 1 -4.160311059402953 0.8002277469487931 8.014037234312461 -0.67073980569221 3.845047561917508 -1.069801951486383 2.8512951711786 -1.044285171139472 -0.8281480208328258 0.1233450874324128 4.075608480703441 393 698.4926488399506 2391 -1 6.18112929446637e-07
 -9.744650535822123 0.05496662736004977 -51083919407902.84 354.9044372152458 21.02967927550556 0.3769007587831813 -224.4029891242199 139.1824390390515 54.0849240166143 0.9344934221080284 45.15225961439268 3050.688526064955 2524 127761 1 -3.691728636013415 0.9591500171028517 -3.928415619592015 -1.658607027181938 2.076757300911706 -0.8368710123595253 -4.662527396843329 -0.4534884522734047 -5.534094934885753 -0.005445727081278702 -9.190086236089853 396 434.1999599933624 2391 -1 -5.196364771227146e-06
 -9.483752022246097 0.0421315223868432 -1.270322220551783e+16 149.4675221623122 3.581450961505402 0.04643896282962599 -1.68858533731128e+17 4.38735201476968 1.788022893107635 0.2806422995373815 10722.19024814815 3077.709267773798 2315 191651 1 4.340411519389777 -0.7594229816905643 -8.324118273430177 -1.484804465706512 -2.812138902960382 -1.763100602709894 -3.346306834593687 -0.8905101444157335 7.002324379497866 -1.778971958773249 7.926487616542191 399 641.2489500045776 2391 -1 -1.805175491980851e-05
 -10.31132996701289 0.06110448482771334 -17802370084076.23 1147.72890720331 208.2128560460062 0.8144272390477371 -5.67154472824678 31.23492370878731 4.173210108402185 1.233186247072368 17.73593059790002 3012.821578711457 1386 127589 1 4.377915569379273 -0.9726969612265428 -7.397438917207991 0.09948994529765319 7.201612121260462 -0.578771356623295 8.824790938487581 -0.5513813905592135 -1.722684727086049 -0.8080147318858906 2.902179838948655 402 430.6209869384766 2391 -1 5.263649989495977e-06
 -10.48332229017411 0.0543168131493393 -27513366281445.43 213.9110253189146 5.310650215425658 0.05223566467995679 -1.416285890135683e+16 45996.81029633513 6307603.801962471 114.7074580724367 38.51009211413435 3222.699662614587 1517 303339 1 4.310181959190038 0.3605675844701359 -6.655806862807513 -1.171104112452615 -0.5172439979496621 -0.8972725572395106 0 0.4056391857139952 -8.715699488932206 0.4284961829663816 -4.224695763442646 405 1018.03591299057 2391 -1 -8.835953946915343e-06
 -9.83362432447694 0.08935753517486157 -99996373.38107206 10791.07127546931 10198.86490688804 0.4019211583229245 -108.3450158916592 118.5870269678812 38.75965177422001 0.03710995670547207 -9.986700759130693e+20 2984.485790527769 2030 191661 2 4.559716661296507 0.2153666567448358 7.63274435429458 0.2751957191675966 -9.440984070845431 -0.4714427460553088 0 0.8431012498351089 -5.25020887813465 -1.759573667241591 8.699647973668078 408 651.4879429340363 2391 -1 -1.997675673247062e-05
 -10.21115604831776 0.06567242486325713 -624404752148.9432 346.4883281506372 -4.20588729024292 0.04702162081878839 -2.891589314367518e+18 42691.85646368574 3146877.724057379 2.132806181136353 0.6180894965321504 3042.902460297609 2598 191634 1 4.641577708352195 -0.07334373956062025 1.468026092093601 -0.5387054815691972 0 -1.38016104765365 -0.1420735929821468 -1.948860849713159 2.066531604656551 -1.447875988906361 6.484694981662038 411 643.1748261451721 2391 -1 -2.324666123842434e-06
 -10.29658638651271 0.08976586310444018 -3059368636.554866 2.465160525155146 0.08112546001139223 0.1868648557356309 -299373.2870349372 15764.0460636148 527710.7951989394 1.828440050898888 8.669274869272305 3030.822181795563 526 127767 1 -2.974153116291504 -0.9542781077243188 -9.454623317566217 0.9887180162568581 0 0.516900327798286 -4.357741730226741 -0.1356360978445013 -9.210408992962607 0.5331574196053652 5.564141370003711 414 436.6213099956512 2391 -1 1.1613313970393e-05
 -10.0791087174028 0.1045552540788763 -16204991.52025202 3051.837505392723 295.5421689430335 0.2245343105877596 -12602.43028138489 1619.78857865147 5856.274167523061 2.358780243204014 4.677846823265098 3146.547035707586 1575 127645 1 -4.663927989413628 0.9963413729093977 -7.240971258524009 0.5045674569542493 7.011345432361662 0.8063406502848149 5.342621917961457 0.1722820118659958 3.098143922620719 -1.905117762499479 -4.282848023071552 417 437.5059449672699 2391 -1 -1.472495771244687e-05
 -10.13592972372309 0.1015212981950185 -12390922.86329107 2197.924761699123 479.3971190754124 0.2963220826939858 -874.3344973745872 361.7626824038874 319.0551641616758 21.54037135378866 1.347884389820263 3029.886478038276 1963 191609 1 -3.963987207004132 0.1372421933137678 7.310672281411415 -0.06217124832059186 -6.602008362435889 0.4663652124399054 6.155549660802711 -1.507480488089627 -4.15685204497118 -0.2003063167561816 6.166906633368579 420 644.0479881763458 2391 -1 -2.204698046260152e-05
 -10.02620030966196 0.08706348597755936 -799109741.5366579 152.0764568288856 3.441400251722694 0.3126184744449589 -972.4143537666973 32.38496311958931 5.512327727656179 2.506436605917663 4.244898208995927 2966.592558968398 1474 191664 1 4.065928636897114 -0.4964946357370508 7.892839563136512 0.2971252400072885 1.898459345875716 0.8949058411123429 0 -1.584003870143991 7.637335970403919 -1.252971470567864 -0 423 651.6085119247437 2391 -1 -6.288023389453503e-06
 -9.879666511859051 0.0644627079374087 -165494486810.6955 1410.334527350216 42.57083056138061 0.08031957531626055 -43300481564.02015 5445.529379332018 66114.15117040717 59739.61613537645 6271332.604492015 3048.399684918198 765 191477 1 -4.145648978815519 0.06222387666626704 -9.089860127042469 0.4422221962563712 -3.865010876557069 0.6628108420255394 0.5518007313676119 0.7886581253962555 5.030458407856978 -0.5229471297640771 -9.410440980213961 426 644.7361130714417 2391 -1 -1.41062528375742e-05
 -10.02425917853522 0.07805116576297536 -64758702638.7766 160.2855003848273 4.193486166718199 0.08952068836952778 -49810433144.0518 41.22293990105614 7.514440502568791 3.483240698213023 2.548812508000936 3056.109881230563 2080 191630 1 -4.112200831626233 0.9671135431339777 7.006347871952645 -1.52298953490927 -9.122955501150546 -0.7735426256237306 3.198119615906696 -0.4961312866579188 6.288894275578316 -1.181448118985988 -8.646670098849027 429 649.6613130569458 2391 -1 1.012784864709232e-05
 -10.30306567550716 0.09112412343990224 -621227560.2503731 0.5748379504388317 10.74028170794787 0.4600148144542558 -71.28055741793511 70479.11878500001 10849967.06277478 2.451108558964601 2.723584459194046 3220.221929199412 3011 191657 1 -4.144388340143459 -0.7254606645384643 -8.339436283113546 -0.123112211105898 0 0.586372530580574 3.003287218689919 -0.9858397648074728 8.752229976500184 -0.1577025946669677 1.9371373024917 432 649.4583671092987 2391 -1 -6.794257700668201e-07
 -9.80305159771971 0.08652382827159845 -14102744370.70472 2.63482175327536 0.1797779270584713 0.661488735896623 -20.73629887716161 56733.92329134498 8039409.412240859 0.9619399237123984 56.17982860062837 2995.652368733618 4712 191655 1 2.120819175943554 -0.8786171451010922 4.923984233251222 0.6674676497463654 1.087205656051572 -1.664800958963755 -1.982449032430251 0.1540505083317392 -2.361156576680645 -0.9578453863839087 -7.937706641439172 435 643.2127408981323 2391 -1 1.552253077330031e-05
 -10.20850348674122 0.08050179599325374 -77295647401.91608 1674.039819042495 223.6549936520011 0.06432187008724213 -1554296028999055 424.4291700666255 443.0157076114305 209.6043404781859 42.06025387315648 3100.820805436129 971 191659 1 -4.533381690252296 -0.8303301161830392 -1.800913460153653 -0.6527761036871063 -2.770178890983769 0.09505766927759395 3.907526162071194 -0.1349355987030982 4.191001831511461 -0.02816749516768716 5.16344467747373 438 643.2336978912354 2391 -1 1.852489269044505e-05
 -10.14876436146551 0.06328845771362508 -1054598213942.601 85.63516017573416 1.06643348554103 0.3198401515495376 -753.2075897073968 80957.88897519583 16392231.11763525 5.19055464914464 0.604331179295183 3091.397680436209 4693 191662 1 4.570359249205878 -1.61654166158675 9.558860820931942 -0.01929241438498063 3.174191722683434 -0.1338347950452689 5.290221563310822 -0.8966835398147808 -7.596156034033283 -0.5766989411731602 2.743430989990341 441 640.82266497612 2391 -1 -5.250381194834513e-06
 -10.42029827212782 0.105057516770694 -139186001.7230082 22605.68557500672 45091.23133686041 0.06865527067522743 -31439865008170.84 342.3109720945668 244.7758555745888 34.98005929605257 4.047437507994784 3078.533652637852 4272 191660 1 4.464363278182494 0.1724077847094243 -9.39140625479255 -1.069815522342617 0.8785520591815468 -0.484721890166802 -2.997071066246005 -1.429969652562034 8.20971715838262 0.296706628952653 -2.715550198392722 444 645.5856609344482 2391 -1 9.598005662183438e-06
 -9.777382275905497 0.04881960252659585 -3.473698739535037e+16 17639.67274136385 29817.09320100646 0.05501773614068862 -7.560726938276283e+16 104.003353968229 29.18360711433725 0.290860405925498 9330.195117572299 3105.771006254576 2254 191633 1 4.073583993452744 -1.503513581480933 -3.434506770538948 -0.78720967735757 8.526761393288824 -1.113968181140478 -7.384139680603147 0.2351010312071122 9.729295094044014 -0.9111821273411129 9.301050455128415 447 648.0409450531006 2391 -1 1.007546120307689e-05
 -10.46453782090404 0.07035578926625835 -854910187972.9706 574.0226175900044 52.21830156346797 0.3443936649812609 -701.2951334533677 1628.222112189809 7128.314996545796 391.6368663997399 -21.06174667694866 3083.299955206062 1513 191528 1 3.992381994285391 -1.847242159867683 4.605356826377395 -0.9709393704209681 7.331833786260145 0.4430556025733256 -9.671351168003332 -0.6755134161262148 9.385869140291689 -1.545136602406439 8.83407179601242 450 648.0022690296173 2391 -1 1.21424335559068e-05
 -9.86745847022161 0.2304956250812256 -1790.631322011693 1.058911776690809 0.4454807925692856 0.2904290809554209 -1883.85523538064 17245.81140984262 718657.0157690586 1.700575605934347 7.08517138512584 3187.189557399262 379 127431 1 4.571856157992648 -1.334121144053365 -6.386968971284718 -1.428010606841298 -0 -1.109625360753729 9.058700463956569 -0.6055615397110836 1.825904114996554 -0.02633328279627816 -7.130188657860879 453 435.1816020011902 2391 -1 -7.940422884278341e-06
 -9.220235136001584 0.07094097575576068 -39965777093.87946 3452.438172250956 1013.291457067405 0.2919213144757751 -1839.433818631144 72805.7699539262 13704807.97657176 0.1189997755976847 161906071.2684355 3064.267865663136 2804 191660 1 4.407148897798043 -1.627782140848103 -5.36506273578136 -1.792217292756586 2.791906032647948 -0.900525823143508 5.521274591493857 0.2372243385242912 7.409599365148122 -1.062371219669791 -8.22678815616503 456 653.3731799125671 2391 -1 -7.441751701649988e-06
 -10.05600269386824 0.07860627101695714 -15712733326.35715 0.2469066688435164 -919.6543136115492 0.06527167633140865 -54961192345704.13 1024.429521619679 2613.346590733854 1.263509180642003 18.67642094734695 3301.302224499128 3859 191612 1 -4.609911377500809 -1.101818374230667 -6.454947482107006 -1.249358910403129 1.118250429974372 -1.560780924123949 4.629003342705298 0.2585789301650742 5.650396212573624 0.9739197473750378 -4.383172381121283 459 647.1616888046265 2391 -1 -1.642512166086332e-07
 -10.6688541261213 0.08801938653076329 -11847909458.01814 0.06694823115456312 -63589056029596.7 0.07364100006937212 -24636842647485.27 267.1922995206318 173.4627080379403 2870.928053700256 -6766.932607273059 3188.806117250108 4035 191650 1 -4.435693615216691 0.7101444258908876 9.835133918083898 -0.9120007870316726 -4.67519226418661 -1.170960965528699 -6.366420313280088 -1.65796297102422 -0.9037354350608329 0.7391123644026409 -7.063179570658242 462 646.9663391113281 2391 -1 1.728447412912371e-05
 -9.743699723768147 0.08189770880217551 -22072355006.54069 1.374858152652767 0.6112044238050997 0.5619226105542013 -36.21565317131084 425.0658586792105 420.4349780868582 262.4051260742499 159.7668700364617 3066.066430434027 2149 191656 1 -4.478842900024331 -0.6889281081441432 9.883918998093431 -0.2176766912925743 5.599104309126446 -1.948706269264852 -7.281974560298554 0.505800265556271 1.910457651032716 -1.31936986831828 -7.563701974549774 465 647.9442279338837 2391 -1 9.838915695077497e-06
 -9.761734697024274 0.07242213197183821 -183249599513.5631 213.781829007934 8.489526418263294 0.2980843003130357 -1976.236306864573 149.4132764542369 63.0819933891856 808.187480824931 769.8421638706757 3275.303180623604 2737 191663 1 -4.690743141136072 -0.7520716293420566 -6.582276497558677 -0.09577771809262453 3.369012160423574 -0.9009805074225374 8.914022178515287 -0.5830986368264854 -1.005963058930173 -1.130911761186052 3.839028720511055 468 646.7306778430939 2391 -1 4.84528424691022e-06
 -10.06734912783576 0.07004257809467662 -791572862968.6495 551.8338699226325 20.34132757101119 0.3077847428671719 -1744.514548135142 113.0999958097898 32.96513623944148 0.07441440493479895 15455476087203.45 3219.002168645499 2584 191642 1 4.078332668995136 -0.09337975644620755 2.399349122343336 0.4051301910444635 -0.5944876983576775 -0.6741494952951782 -9.729290196443657 -0.907812316511535 5.964411384471583 -1.54369125896063 -3.555757773247697 471 645.2776851654053 2391 -1 8.221346335244556e-06
 -10.36280232214772 0.07202984723631202 -1534722211765.647 5.114777673909253 0.06795406745649157 0.111628481705387 -993328915.1822095 2374.642603155637 12626.11074482415 79.46444867252964 16.30534917215846 3062.724593072285 2725 191653 1 -4.110397878404865 0.4037112608382225 6.993033572095005 0.01906788430713832 2.474245343675605 -0.2856422284633914 5.126331929250779 0.8655588700574253 -1.122372322066416 -0.5264043610052909 -4.464734206772991 474 655.3711559772491 2391 -1 2.04510283494213e-05
 -9.745642329864964 0.06762479662808078 -92915547850.70757 15341.76914108206 18242.37824963711 0.3205693389989996 -900.9441119965109 5.914326163323481 1.401951223459592 0.04378077008694507 3.668909904623169e+19 3192.912506886606 4656 191663 1 4.267747774954932 0.861658569367334 -6.31570939475311 0.1727269077391069 5.852168497728912 -0.2511965985145546 0.7817209928894626 0.7710005056440927 1.092187537652979 0.9989586114680948 -6.017112183963024 477 643.0445168018341 2391 -1 -7.458880306025389e-06
 -10.09379805115522 0.09795903536676341 -146908403.6184825 418.182889892347 49.83095946817313 1.807072110957324 -0.9953708894336386 50283.5249013229 5673713.222006355 0.1027956140826972 -1984725226.897751 2844.718284672538 2704 191663 1 -4.551590912275829 -1.323996097573582 -1.261993260084402 -0.4649141534281558 9.179723467026042 -0.5904842912612249 -1.36037405009859 -1.891287846431181 3.547877737567294 -0.7475573344822752 -9.378808874408904 480 650.3578989505768 2391 -1 -5.668657047489026e-06
 -10.06404761816442 0.07542187246194466 -1506393008.189215 46088.00801915002 319124.8279704716 0.1434409620605368 -1188969.295022689 42.07540915884596 7.814248913978128 1.034960153278758 27.54363484532255 3111.134712099516 1136 191581 1 3.71277203614369 0.7287763668295262 6.932718361186879 -0.9318735116527161 9.994551713615245 0.2702574098195134 0 -1.188753767222426 8.242481448503085 0.5162896363822681 6.922722358849175 483 643.1079540252686 2391 -1 -2.286907675604093e-05
 -9.743290022677789 0.0618004914156513 -1797156847307.334 1546.35400684292 203.2259058937945 0.2408519230813641 -9906.453148597824 9390.521483017992 147246.1686681834 1.201084006206306 19.21357080666258 3255.041593330365 5159 127768 1 3.768833505360993 0.540951181951693 9.235263488766275 -1.246388794766573 -4.921175243313189 0.768751827102192 4.97582669252939 -0.02344768135265522 1.602121944378157 -1.506747532653041 -8.505678525972041 486 428.7600419521332 2391 -1 -3.543409397474075e-06
 -9.975322313617221 0.07720155790447943 -35781664150.71838 2.821853963811149 0.09493076476186821 0.5463259220837011 -40.96137004177042 92.00608109065868 20.90183345487848 989.6621507166345 -1847.516020716784 3131.75305511188 4112 191640 1 4.058868018796884 -1.093842977965607 -0.9872558430510283 -0.6195460775006847 0 -1.200847159317365 0.8225529225729842 -0.7425635280965271 5.694161268956506 -1.192134763402805 0 489 646.5798780918121 2391 -1 2.764044980574452e-06
 -10.5366800747919 0.09215033146257604 -847190495.5021721 41224.95877876363 187615.4906666717 0.245759681894585 -10234.44275110233 4332.284870718783 47941.16455929484 68.09650485169321 17.37643370948044 3134.654684190237 214 174982 1 4.338651336817918 -1.631749159577724 -8.271919906022951 -1.725014960970899 -9.846773657688436 -1.742060863037433 -1.895277047653105 -1.043393254293824 2.168946463544459 -1.932806425842862 8.007992123240838 492 594.8845191001892 2391 -1 5.78105521336305e-07
 -9.723619153659468 0.06787528282325245 -104555080632.3381 1605.970248145598 285.0116824984872 0.3707491262658728 -318.4532983052321 35.38269227167549 5.247074578140319 0.7896483654292873 52.97509762302034 2965.311480242353 2251 191646 1 4.602972539398298 -1.635667888053577 -0 0.7757190167473125 9.401958828138296 -1.523552689371788 -5.049181919227959 -1.665585299827817 1.690066705683292 -1.319289904172384 7.806038712031834 495 649.3374638557434 2391 -1 -8.972653654063319e-06
 -10.95233672766746 0.1120085458097416 -74823990.2758887 0.09043421620912395 21745042581.85489 0.05191515341747991 -1.316979640577933e+18 44.61094014424692 8.362297227194409 0.7649879394537564 106.8324518024035 2988.905300907091 2743 191662 1 -4.551772925502451 -1.242390094740449 1.404062619269014 -0.3267338352168974 -9.108775597617321 0.2967959328097439 -4.893494869678841 0.6196345322376784 -3.408399207917832 -1.308803254293807 -2.075806072115529 498 649.366466999054 2391 -1 1.51433389446766e-05
 -10.12295351432329 0.1036343730317598 -32225267.79555939 5225.143442777357 4902.595706225172 0.05304735592018259 -5037555881238307 83622.19154959801 18564425.8028222 4.999419915135753 1.540481937312778 2966.076527005888 3939 191664 1 4.509730705743861 -1.469175020963783 -4.560712574512824 -1.592890264950054 -9.517880222009376 0.9992805801902929 8.610004025387287 -0.4838736655207407 -2.523535527767681 -0.3176139995614724 1.695784040555707 501 643.7258729934692 2391 -1 -1.073498444924404e-05
 -9.840072068703567 0.0842550139147777 -6213351302.557005 503.3945191367489 26.49172409850696 0.06257614202552771 -300862396455702.3 2863.468377391507 22242.59933552199 0.1788036256819006 1088900.490321798 3165.077403180411 5818 191663 1 -4.567179261307948 0.2581894928841705 6.732486985045248 0.5312747851519326 -1.896553265030108 -0.9545527133038165 8.036589919261079 0.6615668883312646 7.07400315409773 0.2086791946751392 2.161756067153846 504 648.6744129657745 2391 -1 5.061720767838256e-06
 -10.10825159066725 0.1472570337318428 -436026.9304716995 162.3203283633499 2.377422716164918 0.3290559525969473 -697.1362563222586 98.56072948733946 31.46287920567228 1.034191409107501 16.09868668769523 2998.741243215575 981 191605 1 4.538267191603314 -0.6524208562223706 -2.552851300155912 -0.1229960752559158 4.96222379993505 -0.2748324092235883 6.599285458698827 -1.834954572760445 4.645555858883601 0.3421842189768531 -6.425197467875901 507 647.0283949375153 2391 -1 2.163584797615696e-06
 -9.937760868183375 0.065505544008459 -1361587146291.827 5745.602599534826 5153.722465840197 1.946517546585486 -0.6783387738547286 940.6942827410672 2059.428968564602 119.2491488766012 8.366140991030115 3192.736508903352 4050 191657 1 4.414456358034469 0.1231305796652684 8.568862527103192 -0.8115037181864118 -1.441405975959086 -0.7082329157481864 9.578204200327235 -1.724985158292467 -0 -1.097666594554167 7.145598408702 510 648.4014639854431 2391 -1 1.176612349598575e-06
 -9.888953048268176 0.1165971784858739 -18083970.18551022 7015.15040842938 2474.72746379924 0.3345175838704097 -562.1155843633696 60438.04200902102 10430622.61658251 3.017697731033067 4.525807469378133 3013.651876312999 1657 303449 1 -4.695862747846021 0.5878312296539043 -8.589062542617324 -1.086477812310449 -3.639995441115995 0.2596020429116433 -7.847112670502261 -0.8974098944045599 1.799478683844885 -1.508558679773194 6.53985985823485 513 1022.555768013 2391 -1 7.314045750888656e-06
 -10.14158489514064 0.1520520573741625 -428982.3536849982 2.702456260599075 0.08189498396984515 0.07422299136539215 -11516572368872.96 2163.866297171106 11660.1093272267 2.457205186949617 4.151936745825077 3228.468869774872 1596 191647 1 -4.494207543410311 -0.004250565188019833 1.133421469385172 0.1055690480171263 4.817315065125999 -1.925056558529463 -8.322583826345793 0.3589792656613593 -6.310462399682319 -0.465911103266567 2.016522379800604 516 641.6894819736481 2391 -1 1.297747336083467e-05
 -9.609367346096667 0.09082098451625445 -2051622893.216314 335.5426457073314 6.48473009221318 0.3020053457141785 -1623.18562009618 153.9515871128119 44.91449824475733 0.4031332181966162 -703.5563584920039 3101.185244837318 1933 191660 1 4.372390506178685 -0.515334784729049 6.03029484767628 -1.405346284615236 -9.519049864333374 0.4532776624893846 9.365008135395602 0.2539548381836884 1.186972885203035 -0.0681868255895806 -9.062537158559607 519 651.2927520275116 2391 -1 8.027414387327476e-06
 -9.241325243141718 0.0713191358327359 -59506045064.07422 7223.641267095298 7900.976665367431 0.3806034732042609 -181.5457060754427 8736.734747624194 209413.1491674715 1.765597764491381 5.70797044249456 2957.60013243817 5377 191664 1 4.533473991665958 -0.1715606114989026 -7.23320966598545 0.3457451538305384 0.4305484855182842 -1.263206033820785 9.566619378241844 -1.655486056023732 2.452707704554419 0.902585790218505 6.194614142526051 522 651.0422070026398 2391 -1 -5.526261267847474e-06
 -9.834968528210648 0.03822189209537998 -4.969100763899549e+18 10377.39484731557 14486.15889951137 0.3934198147339933 -229.4037190723932 2093.68166451498 12561.27240247879 447.9326968510173 1002.484909179159 3104.634799721362 1971 127681 1 3.678766859383953 -0.3301241357309462 -4.968330353553385 -1.316496026931047 -2.929562537188888 -0.410734308275047 -0.09798669963124418 -1.120760694799774 -3.286488468621399 -0.6546585240014338 9.076468870233739 525 431.9053800106049 2391 -1 -9.170362216605795e-06
 -10.17535225886018 0.06604503432396225 -19703246690207.84 0.04408377271915474 9.997427669234659e+20 0.05270971174449191 -1.999458402951666e+18 334.4758692973582 311.8063255159212 1.362326742659591 11.65056191278494 3152.08437399736 3399 127771 2 3.726324875731601 0.6755434704719963 -6.39446728333917 -1.047570621962426 3.441842025071855 -1.161426575005954 -3.946530815545813 -0.5671097580545936 -9.919063932708946 0.6881577200153366 -6.338052570469067 528 435.8755080699921 2391 -1 1.889714906894879e-05
 -10.15241607750442 0.07281635572937074 -100529766372.5694 60312.79862253754 68456.26752678024 0.06710126564232374 -12893355827880.08 1960.503841151487 9361.972977484724 1.957446563342474 3.768083437036931 3058.517126573191 3288 191640 1 4.615240900159639 0.4726534914291882 0.6722175451931864 0.4249709050552837 -6.034436240427887 0.6981734434943299 -1.461297259683576 -1.936480432285488 -3.510311926477365 -1.741272481386607 -7.762380332186614 531 645.5227839946747 2391 -1 -4.691714062697789e-07
 -10.296518872481 0.09471931012565928 -302949567.631103 1.255190264356436 1.087662415787898 0.4853004437792635 -60.52488909189842 4919.646633103705 52136.19495489536 0.08037284740690674 685605450099.5902 3113.689962761978 3422 191656 1 -4.648243905054906 -0.7936627089752655 0 -1.575852601769232 -0 0.3534873358707471 -0.7717061037227344 -1.483285129473281 7.526879596675744 0.5056706401069109 -5.523125559088509 534 636.6082530021667 2391 -1 -1.254762983568569e-06
 -9.640335894424718 0.07721354974359854 -57943507934.99638 2706.120347863234 863.5975859682736 0.09980363337630239 -7129173142.879357 1220.203436934311 4440.841047775637 2.553124966028263 3.809085586030634 3168.024900262215 548 191204 1 4.633655836071946 0.1313543311256478 5.980891089516354 0.3752382615281014 -5.501717051757189 0.09382326543059874 -8.10225266882215 -1.671331763975934 -0 0.828351440141569 -0 537 649.1296820640564 2391 -1 9.436371202833243e-06
 -10.05425184604488 0.04858634622406873 -156761190579595.5 2.910986216066415 0.08182504178345654 0.3838117821193595 -168.6951468396647 237.8387895486904 129.7218573927499 0.03686147443649576 9.972178563325871e+20 3122.269745954914 5005 191660 2 4.60041477825868 -1.064624059939685 -4.230126596912029 0.3809881987550945 -2.599711967502389 -1.311753419353936 -5.796374484904867 -1.42098681899504 3.686075204339613 0.3033578035804401 -7.981134121892884 540 649.3035979270935 2391 -1 -1.954187914877208e-05
 -10.98088107446628 0.4140157410392584 -28.89722383572306 1.786586346985362 0.2866098659712631 0.1071921052696725 -892905576.7880404 512.5811670824078 618.7964557344138 702.6548560332037 1120.27161209138 2867.163977880969 1773 191654 1 4.534166880284159 -0.9766140302038346 -0 0.05719071293390821 6.505368973409891 -1.031342020536798 -0 0.1929178692484412 -8.657592980733014 0.5985736874062759 -8.677240681334409 543 648.5152380466461 2391 -1 7.434057064661295e-06
 -9.820171424347915 0.1010335652656373 -412157551.1852204 2.709928868885372 0.154746588318691 0.05141610648339288 -2.2259713683158e+18 497.0118020464462 722.2414516664403 445.3602861917711 477.0603158857087 3092.884403377511 5450 191663 1 4.458178334639531 0.9649915982807791 2.450332417068124 -0.2938862885320752 -3.075293490579358 -1.888200728157315 0.8256261100206093 0.5483158913040764 -4.966513992226702 -1.374514350064301 0.999517439791429 546 647.3812391757965 2391 -1 1.560254186745012e-05
 -10.32375287783324 0.1172621728611985 -4822486.585524417 0.0393416725090313 9.996806427210119e+20 0.05814413120330734 -866835129828729.2 40130.20417794902 3705101.877587914 0.06479317899421203 119462430250530.7 3187.538758518742 3339 191653 2 -4.120466640828785 -0.01407472917305164 9.047804353185544 -0.0372209663724732 8.771948676971817 -0.1898303567344408 0 0.2578076332065296 6.6378818322425 -0.004364900135017879 4.812592211539146 549 645.5011029243469 2391 -1 -4.149676392185191e-06
 -10.25098282052076 0.1659313869721687 -166566.4367458724 3316.257215265372 1245.225774081335 0.5763623448927769 -31.54280888357527 62511.37867462774 8558064.512757547 95.30269333527532 19.71604768155067 3010.331684383483 1290 191649 1 4.456447686515995 -1.206066443853234 0.4079832182216365 -1.130616140516594 -9.292842975831073 -1.332904548933653 2.066356393382262 0.7737964352429674 3.71416487905648 0.5044780456990998 5.665752793143829 552 610.474925994873 2391 -1 2.114933945074278e-05
 -10.03971128378063 0.132383264420159 -1049501.658771576 833.5898867501074 29.27500652094266 0.05131457956939748 -1.003303762152757e+17 56.49427871500615 9.682746085125757 0.3485150809745144 1949.195828824298 3167.27001410065 2238 191643 1 4.440013217981764 -0.1257106691233716 9.73342705026305 -1.869737255905935 -5.621181285667788 0.1052254432868684 -2.45642808495575 -0.8058147670094762 5.663027638850249 -1.700480056967778 -8.493158122771336 555 590.5989611148834 2391 -1 -1.245285292418391e-06
 -10.55853020312039 0.07738593751068464 -8193352717.082732 1.272781307841852 0.246794556664997 0.2210296442891734 -14551.03363851262 3103.309170065779 17243.06735005885 0.3365803430299215 -127.6550969702312 3154.541594816917 8575 319437 1 -3.987443387806034 0.4365384350426131 -3.241416060132815 0.3111963289844311 -7.497476255703232 -1.6385929744782 -2.000229276540956 -0.838495847108037 -9.919318764224425 -0.2210222575216418 0.3186230099608052 558 972.4912219047546 2391 -1 -5.897479090530464e-06
 -10.13041714143288 0.09774371282803559 -38433001.97553211 344.8095911988001 18.25125569362528 0.3461187362194014 -377.9321289207705 22.30295595391645 2.646968851253199 5.290530854570714 0.525268080615149 3101.560242856351 450 190770 1 -4.692042602408836 0.173028605367691 -5.073279833803171 0.1149601852719932 7.140780414553825 0.7220690024080612 4.179790821163078 -1.749564227752725 -6.194871249992405 -1.914445636706312 -0.4294044246968385 561 584.5800590515137 2391 -1 -1.450220342780036e-05


# name: injParameters
# type: matrix
# rows: 1
# columns: 11
 2 10 0.2 1 1 0 0 0 0 0 0


