# Created by Octave 3.8.2, Wed Jun 03 22:03:42 2015 PDT <charlie@dicke>
# name: outString
# type: sq_string
# elements: 1
# length: 114
Slope	Lambda	Gravity	Lambda	MagneticField	Lambda	MagneticField^2	Lambda	AttractorTemp	Lambda	AttractorTempGradient
# name: op
# type: matrix
# rows: 188
# columns: 31
 -0.1555576850462873 1306.932392440231 294.4699264579654 0.03959540628666789 -9.987703507949181e+20 0.9567791389143131 -1.624130479233582 68.19364949850797 15.48562403631524 3.292299876886305 2.235199621174585 2981.182487965488 1963 191663 2 4.257253972131887 -1.925702911789476 6.087214544395735 -0.1602959091392791 -7.305392715867374 -0.7187855047345568 -1.177703959669516 -1.876565198869007 4.949809582524143 0.3299976180121593 -0.5052908173373045 2 982.8919019699097 2391 1 8.813672087576817e-07
 -7.955973333929617 5.605375535025115 -0.1513707947679808 395.9203512220952 20.93557870554102 0.3755928859319329 -232.7048778316072 3645.645469867245 31208.62605260133 0.982957030568716 -18.6762120310396 3002.391015945619 1050 127774 1 4.237674179709145 -1.103862655651715 -5.707205180331473 -1.466597204574024 -9.473584035277231 -1.091975572021669 0.4383106511032695 -0.04811886095444256 2.428668889066891 -0.7733793290224016 -7.302945914330516 5 554.0423099994659 2391 1 6.49295991871405e-06
 -3.478978824152885 0.0476541013774134 -5.68870863117229e+16 6675.805573234154 9034.60476979042 0.9447858794883177 -5.008564123368716 3935.435478082328 41033.60048158941 102.2381561807119 35.79286201094973 2874.470409135611 940 191545 1 4.287775570766486 -1.85059295217093 4.757460022260532 -1.988113212925995 -0 -1.479782002666683 0 0.7487701440390855 -8.035675824566068 0.8141339275679838 -3.382880149442637 8 825.6595611572266 2391 1 1.018440228292194e-05
 -2.83012026612226 0.0483977994241625 -5217531682968386 82.57204014607014 1.066852817127633 0.06404792575124107 -66364205350040.18 20711.60197176401 1005816.219511028 3.781531021581631 0.5659523694668803 2981.28521579667 2864 191657 1 -3.438946923001729 -1.722784954063999 -1.000277146068081 0.8148316713010622 5.020476034000308 0.2071430865305617 6.498673406350961 -1.177726395420704 4.678792461204242 -1.545566599506881 2.640166311936182 11 816.0752079486847 2391 1 6.843853879595349e-08
 -4.001665619500364 0.5076831332300107 -7.633563549642596 97.28082504231202 2.581499241885556 2.081852241490791 -0.8215460668214474 139.4918467699565 62.17334349158152 0.9865283507119762 29.04945168682413 2857.338331182504 969 191658 1 3.940237292640926 -0.05403289601291398 -4.795102473383488 -1.125659025208866 -3.212656962382438 0.5176772497497844 -5.550301280233626 -0.2772820828572486 0 -1.510037727623266 -9.453981536340235 14 814.0270249843597 2391 1 -9.643099941310833e-06
 -8.852790450555219 10.08512358652595 -0.1803074913670275 582.512323406364 20.33683093400942 0.4899906880236274 -62.23779976045159 72447.2659843625 10581536.45728771 1.491411175858499 11.29393242645575 3111.237232064097 3130 191613 1 4.301728394669804 0.8035247324481967 -3.975287147094713 -0.9298966839514984 8.845893094626707 0.1327175849077467 -6.204054215340526 -0.2259530832278092 6.174081310644259 -0.1603428779599323 -6.04111387055069 17 812.4191651344299 2391 1 1.871653472695482e-05
 -3.137287771918581 0.5002082413357005 -8.211561647253829 0.174037499049125 57833.82970581116 0.6903662506907655 -7.278688103051574 279.002042418939 231.7280453586931 2.42491237278 2.931362560666527 2961.77863236732 1296 127764 1 4.643783897193049 -1.695483306638035 6.110380759702982 -1.307248879727243 8.968720533888218 -1.943604865443017 3.071795286461961 -1.694820065149729 -5.252025811608072 0.3974084242053597 3.908907913739001 20 432.0943541526794 2391 1 -2.262237131986839e-06
 -3.916949612758483 0.6287556694481381 -4.959906128406386 0.1843583394069919 -85412.15089799564 0.04566307297725326 -3.27234012880866e+20 2965.146198726423 21774.16825442416 120.7851008250572 29.38678347856008 3227.398727374669 4994 127770 1 4.473490257441155 -0.5717574849853184 -5.726663044907699 -0.3669459033395928 -9.903397356540193 -1.581537786822876 -2.202188403912355 -0.8737864825308428 9.299504839310314 -1.255343259871966 -9.087855563861654 23 435.6913139820099 2391 1 1.818173552203905e-05
 -3.76208990276906 0.06925172317092311 -1662449103576.064 0.05813240082465154 -1718502929871048 0.8355542708547582 -7.168758310337114 145.2538551954084 42.13005421377623 0.04618486531020158 9.996106959175884e+20 2870.594952871018 3668 191634 2 -4.593045794899743 -1.753455201267066 -8.325920936743737 0.9418457517659857 -1.671801910008289 0.6419651095369828 -9.607797115968751 0.03308745497851267 0 0.7242058976474812 5.34932587946871 26 655.5900869369507 2391 1 1.834983222086585e-05
 -3.371658196873919 0.1166267811407743 -19478425.34581382 48674.23860044498 311465.5015557109 1.059746622494671 -1.276892841055143 29581.11242311579 2320307.682190171 0.1867389196176866 3188564.233830379 3092.774350927681 2192 127775 1 -4.524855485777277 0.2895595931141761 -2.513291034030084 -0.9777636808120311 -4.281283381089044 -1.730333670171792 4.684148922752558 -1.960317494842454 -7.120654827610821 -1.754765468441654 6.516589256591893 29 436.8985278606415 2391 1 1.447375986975785e-05
 -3.457801654312108 1.316224925335058 -0.2554693021113733 34.06727117740729 0.5051794665891375 2.492225333613475 -0.2368225196838188 29447.07771216739 2216935.164884661 1.689392065657948 3.835998608910408 3040.23018466335 289 190206 1 -3.998775933298976 -1.700818395941315 -3.64448585445611 -0.4976281760866641 7.713717588515262 -1.020973669834644 -5.654423017547973 0.192187660098575 -5.858070930004319 -0.01210241403089008 -8.248349780032463 32 652.8385689258575 2391 1 -3.1699079837882e-06
 -3.181091661130046 0.3141433521118645 -137.9398987975211 270.9683225859635 6.340443906301467 0.07713176420186962 -7376865656030.492 29643.84811823273 2199144.647014515 0.5502050177081171 537.3820194092496 3086.258530449727 3714 191664 1 -4.424926786553504 -1.190137636047937 0.7420492278277857 0.5761651683173716 -0.4224462938116353 -0.4340287358452244 -1.465705916554916 -1.850164562981465 -0.4138691790270776 0.6636884205256526 -0 35 652.6353991031647 2391 1 2.0761893062647e-05
 -2.577517262575863 0.4675728440288421 -3.605593355629053 5306.206398889591 -947.4997366434725 0.04041381338981442 -3.241138647788045e+20 4191.733909980158 39249.59295612429 0.05839785661709512 1987938234770370 3174.441512964842 1718 191597 1 4.556113218666064 -1.500854729924301 -4.931199446205455 -0.620463013749192 5.825529949034379 -0.1852688761547121 -6.355304595637504 0.085810593105728 -7.39566830366803 -0.3339482596040897 -0 38 645.1081430912018 2391 1 -6.784888016794947e-06
 -4.010467808059119 0.2679527850029239 -1442.38425891903 0.09610778853384405 12050005562.3349 0.1885389085512809 -228987.7841840253 824.6884884825304 1305.802927083176 13047.7623294974 189919.1046618969 2951.830833453672 1971 127767 1 -4.536488441622441 0.4593073205267246 -4.206040951129233 -0.9770817343630362 0 -1.977103381479039 7.810725500448642 -0.6751437274532943 -4.7436202129672 0.3780568840360505 -2.014498346835349 41 429.9576878547668 2391 1 2.418639122625056e-05
 -3.209260450810672 0.2132854375550224 -1833.315228617518 257.5354058502427 7.278291103352311 0.4022280117365438 -125.7907525475555 148.6365461473687 57.27637084631103 0.1096690513812683 414391258.0313436 3162.453402420447 1855 127671 1 4.368694629606128 0.4194112759370822 3.416365572766892 0.5716344590428939 -7.921583006015176 -1.978295432984149 5.454907685780005 0.6278276952151631 0 -0.2489117941332832 7.829032180268523 44 438.0081849098206 2391 1 -1.361143431400384e-05
 -3.392917422765852 0.172986652706279 -61835.55477443668 4.264751621239194 0.06875928419790761 0.3373042121168267 -438.1633403691849 2580.004445634948 14897.54933642706 0.4945000306544781 432.8215509149411 2963.422328749283 4663 303176 1 3.844339132250673 0.4764512906477512 -8.297389460954713 0.6633727945419543 1.265633068877653 -1.882803267551528 0.8103079308871437 -1.165127241063101 -9.206190162984083 0.1655503552047257 -0 47 1036.385031938553 2391 1 1.474086018776952e-05
 -3.734189726798391 0.1032330506498184 -29781822.46385242 2205.380303484098 549.7619464216456 1.331619142952293 -0.9920806340266051 989.4069144092759 2648.383043755941 1.268492124639475 25.59298024554305 3172.285875108542 184 186132 1 -4.697809918291936 -0.03033557455010438 -2.940081568699648 -1.88653164902959 -5.635700165894105 -1.992641674258013 -2.785148033443122 -0.04379005434828363 -2.087380885683866 -0.1349690118961515 -5.426834079081812 50 644.9529900550842 2391 1 -5.766921639942181e-06
 -3.281985957048369 0.1370495216244424 -2691784.875677537 0.3299787602109243 424.3838737808517 3488.69358324172 277.6855548127128 47377.59736609743 5488577.331498724 37648.24217506837 1530641.998448511 3086.756215961892 2307 191663 1 -4.271067568021804 0.287886594302238 5.240251676212826 -1.697449833936759 -3.454747780630484 0.4524133319200119 -5.016995440150943 -0.3856966508508277 7.483781768756495 -1.853562920486337 -0.8637113304906858 53 643.9642570018768 2391 1 1.859031028309058e-05
 -3.401803076259676 0.03502288473407233 -9.994866680480778e+20 762.7828431095406 33.61244939835468 0.2866720047688689 -2542.305313209785 55724.92345044076 8006410.020812047 1.112828420422417 29.73100512962412 3157.582905561558 1399 191652 2 3.978679120408471 -1.497752927679352 -7.218721380232877 -1.560723440978331 5.347639884745894 0.450471278690868 -2.910281187332282 -0.3613669752921069 7.508575259147307 0.3078253227959551 -2.951040946678111 56 650.5211079120636 2391 1 8.29021605363758e-07
 -4.201098803679727 0.3759644943416662 -42.00290957157462 0.1792119363718801 -9857.319926314405 0.12446563140363 -17868141.86957508 1037.777986061299 2503.934678426057 3.239175135350052 2.214350680912725 2884.093604519276 1216 127687 1 -4.16567551685552 -1.711925917719647 -6.377083526540215 -1.411672186264368 9.005452962930541 -0.8795566030045254 1.699183002930184 -0.2552056694583041 -9.384435030130192 -0.9840078421138774 0 59 433.1356010437012 2391 1 -7.362705476075504e-06
 -3.614737011355234 0.1398748409884999 -331610.2265769287 665.6165065480269 39.92748064683064 0.08695418663991646 -6564324900.945719 97.25721117948528 25.75219515117191 118.1357078986055 43.50070178120441 3190.721423276776 3647 127751 1 -4.046891943850871 0.706460440177989 4.358761057682465 8.135895440243741e-05 -4.460227202939429 -0.7566548291878741 0 -1.657375738894382 0.4157038217103386 -1.573607043176584 2.800207995976244 62 439.7080910205841 2391 1 -1.307568534592625e-05
 -4.455864933295157 12.12453808098685 -0.04860315957970994 51.89609712335549 0.338921231263237 0.4729808922807268 -38.5589612571524 81.90185864207891 19.14660996918549 427.12238463542 164.1859894638556 2912.890387674629 470 175504 1 -4.174754188049581 -1.151854830675931 5.949474075763193 0.8321288821173649 -0 -1.085755378272697 6.922867974884634 -0.07839989406569091 2.989974196255569 -1.409432237878999 -3.115035946774194 65 593.4400169849396 2391 1 -1.000163371341617e-05
 -2.789552839914158 0.1243604907391538 -4457598.23545706 2.055926901241914 0.1855912561880781 0.3102506902147515 -480.1317431973209 154.0106821603555 72.23007710481409 12945.62594344907 280257.0584137769 2952.582424922864 10805 207636 1 -4.307848121716201 -1.37071681736197 6.256027178773449 -1.220397090219365 3.746165976347986 -0.741991571495519 8.993009825499694 -1.782666745981281 -0 0.5260918736745501 9.067107104912226 68 707.0997428894043 2391 1 3.101681556103234e-06
 -3.215130343501179 0.1045109701062918 -64351417.43158093 0.1357388128793783 6011889.138407896 0.1122971117792246 -206527003.5182394 87916.84529032916 18260055.14698083 1.353747757493587 17.11619602650582 3125.801798581325 4571 191664 1 -4.661628545356585 -1.048650864379684 8.306077758607868 0.1503745815939767 -1.907673230225775 -1.273273598878025 0.7322630541372241 -0.638053413354192 -7.036906767644862 -1.298104651514051 -6.323220129403238 71 645.7484710216522 2391 1 4.072998880071019e-06
 -3.266166084294817 0.1319999284851698 -575912.1700239414 7174.413624580096 8443.827735143039 1.405927021384105 -0.2254605512124125 863.3272230012118 1710.513996725997 13011.05944881332 -75830.55226196862 2944.621751095631 234 191227 1 -4.087584518862167 -1.711287227142829 -0.2257246805817426 -0.9859220552147274 1.994195206474435 -0.8025729763175464 -8.541439490448488 0.3523283225472537 -8.057166031077401 -0.4413628612238591 5.948768399533217 74 653.9369480609894 2391 1 -5.781294427672384e-06
 -3.327260468200594 0.05471408802509129 -6187975244867.634 249.4114514270787 -3.796184223385292 0.03816721820657151 -2.467721758249712e+20 6283.838922220779 95824.58995418099 33167.45663190223 2423210.353378962 3024.310174764646 4191 127771 1 -4.397142563765223 -0.5313865543258398 -0 -1.857441488578866 -2.186381852850928 -0.9309756978052022 0 -1.684023984647389 -4.11840138315164 -0.8848510559235034 -9.565220956400607 77 434.6098158359528 2391 1 -1.70457113532995e-05
 -3.146591640279776 0.04055161862791012 -1.731728192397199e+17 0.08208160786880905 -4807081848.19762 0.0957290566655656 -1444776062.448922 44255.70276847945 4263160.1275476 30525.68402342567 -615143.4558482108 3039.932624781247 3672 191660 1 3.674055203107002 -0.5191136145674911 2.408087655657738 -0.5909497324925557 -7.593653274375892 -1.160889704830272 2.938703254668837 -1.026465139607094 3.689614914363148 -0.9471471519335193 0.04894029670384104 80 651.4463531970978 2391 1 -1.089115850000347e-05
 -3.584779519191308 0.184201698754889 -14067.27490434044 0.2740522759974285 -76.91458762460233 0.2502333285074355 -3373.157668527281 148.5533523276132 62.10283889502905 1699.733010426743 7362.877768491705 3241.790153987502 2677 127775 1 -3.690644894899304 -1.589294552127877 1.351884940598981 -1.476874429457218 -5.56115043221275 -0.2109439200051258 -2.186624640360217 -0.5133883785850708 -0.6589729823223966 -1.773373195827912 -0.3780714674941619 83 430.8877129554749 2391 1 -2.597586332218335e-06
 -3.36103645392551 0.08881115085864147 -263474842.7630155 0.6828723747227322 2.871400653308131 0.3306041381775528 -296.4447906742775 247.0787630252716 148.8750808670094 0.8009239328881216 101.4883209703357 3035.427068636088 1722 191629 1 -4.498556936162636 -0.2879184930748684 2.031919927939847 -0.541267447301534 -1.263736289379868 0.9002383549096118 -9.435748152109188 -1.43320850175726 3.561881458257103 -0.5582855628305294 -8.493845001210776 86 651.2201778888702 2391 1 -1.216946527759797e-05
 -3.762160319876224 0.1058656326775208 -48462451.99334834 89.29022470451889 0.2558067083208223 0.3088976713380391 -854.6346165520591 65.81881858066575 15.26054726745525 90555.25642715202 14363962.62257597 3054.910190389285 3256 127753 1 -4.347955741927763 -0.9374540943764726 4.101734443180765 0.4005388555559985 -6.081552009090252 -0.9317869895672288 -9.066063048966058 -0.7512891845034648 -7.124530770388107 0.2732134626275338 -6.246991033866808 89 437.7583918571472 2391 1 4.512575609551028e-06
 -3.83220270594736 0.5121462334698567 -0.7915672371464221 1.252073559519756 0.1884887966846708 0.2073083943310628 -18105.97314759736 50110.46830342849 6799004.001318539 0.7658352117359027 43.82878775055649 2901.766883181752 341 124859 1 4.513937569376663 -1.677402130487019 7.453007875543449 -1.80049298756835 -5.554082978280122 -1.195201751526129 -9.225021360521506 -0.71176340347506 -7.473085453344643 -0.4449049487480767 0.3541159067635897 92 438.4904940128326 2391 1 -1.219694180190811e-05
 -11.92594640526963 8.199540781180016 -0.2500254010167712 42233.81479913728 126474.1344558432 0.2681464410355921 -1257.359846948301 8048.586553146734 128197.9479516689 0.8324974336638833 43.39035563517845 3096.490052154381 1143 175679 1 -4.691913129682666 -0.3384353385200676 4.78655693735838 -0.1940339989809994 1.531721557737431 -0.4410033372907876 -0 0.7546942842227278 -9.720010844972139 -0.1938474634434986 9.846471854601205 95 595.4726679325104 2391 1 -8.903094964643611e-06
 -3.723933542319538 0.07475739542366669 -222454060908.2835 35.93440196564738 1.190150102489794 403.214611339506 -113.6891621931624 12.27736025569939 1.310519250355807 1.008890964845968 16.21026934651576 3080.730085851503 1008 191434 1 -4.672403810912266 0.6455564361429289 -9.86703288093212 0.04320326911221525 -4.711644503646556 -0.782083042606871 -0.7574751052858604 -0.6005327662525861 1.795852503526364 0.6808993403928678 5.518633811038475 98 647.1576199531555 2391 1 1.388503459158357e-05
 -3.409056588081509 0.0584807270833435 -2479425000988.688 0.3173857613264184 -171.4056563671386 0.7742252191699557 -8.56036849436123 1949.11825918258 9872.287637456755 2.370824110993105 5.072297232848472 3044.706124899643 2952 127754 1 4.682285878005909 0.524118051538502 -2.201481626967453 -1.176236131444137 9.880622033398819 0.8540579564256423 -5.172698489128351 0.05952841325599188 -5.272768541591575 -1.357402299395073 -7.383094398906451 101 432.293869972229 2391 1 -8.843181159901521e-06
 -2.989944664522671 0.04335213042276533 -1.417826402657481e+16 0.04382538744272 -1.28810838257066e+18 0.03977182790951894 -1.870028796713755e+20 14376.21778454831 519877.5431217208 0.4259582102029631 911.7841792256487 2838.725989143041 1733 127746 1 4.366678901707791 -1.757970368665422 -1.563849462625092 -1.314108377164521 9.493774698169547 0.02562442807538016 -1.401844093060711 -0.03442867586186082 4.471440770164914 -0.9716780647678904 -9.629224062811309 104 438.1860320568085 2391 1 -1.154142692669914e-05
 -3.421360924695252 0.4073833480084177 -12.41699920262315 0.03694859795323874 9.925625668841646e+20 0.7050323258879485 -7.988836627228695 4966.664616206483 62293.43319690949 19889.14662581539 836880.3641103326 2842.038041415771 2216 127706 2 -4.586594574652964 0.9083618164144607 4.986813845661498 -1.826283474502148 -4.124735347096339 -0.9620171932900874 -4.385869951081214 -0.2000986199420822 6.720285223320506 -1.844558024378029 0 107 435.8659229278564 2391 1 -9.790866288423863e-06
 -3.264407750982706 0.0831341956645994 -3841891088.949197 0.06838053816934164 -4919423526503.477 0.2766325744834428 -1915.363267105235 88.47815141351987 23.03836184671781 29056.62332190947 613334.7662942476 3198.626276386369 3343 127776 1 -4.158921843549048 -0.05749349208419918 -7.927914455713495 -1.390062531513799 3.432674471131963 0.3535758100659389 -0.4791334852245459 -0.2637924625998425 -0.6446354269186836 -1.252492588115624 -1.940851729025858 110 438.8381290435791 2391 1 2.699096198140245e-06
 -2.517060152338611 0.03302119303476703 -6.939559913840058e+20 4045.103074964927 358.3137072171357 0.2528925591515581 -3982.412848549679 11083.22597681816 317503.6373880829 0.1224183130032747 68928529.67604226 3002.433672749149 1451 191657 1 2.787613520313605 0.08011556668724835 3.096988410998562 0.4350994955736525 6.461796415559708 -0.8351685545334764 0.710064528659812 -1.205976269418949 -5.559813910062307 -1.250060353479101 6.879056121845454 113 647.2057800292969 2391 1 -1.178245107524674e-05
 -3.133601843172275 0.0747322871713996 -28596421303.73858 61247.57275002502 254083.9860240106 0.2786430933521558 -2138.581944327213 5227.612744198195 49988.89211189795 0.7710390069407211 47.16084138267887 3148.844964775165 2371 191608 1 -2.574491115215226 -1.51296069680644 3.48322636629062 0.6626344575383887 7.240086676075157 -1.795466716931487 3.408351420515249 -0.869774981914853 0.3787734501517788 -0.5964146001358923 -6.640896121486991 116 656.4960441589355 2391 1 -1.304650159866926e-06
 -3.375389468051145 0.09945498293328152 -100123620.9793174 4.516154835897984 0.06524227620260664 0.2148753906440745 -23125.42205277044 215.6725604663322 110.751162257585 555.4005904240686 1243.10017255878 3048.424695292308 3287 191655 1 4.527444425174101 -0.5087638647041945 -4.816976454241313 0.1838724910759479 -3.173698838055715 -1.190610766322679 -4.301413159429119 -1.937133546803476 -5.911283624749014 -1.480024450525192 0.2297249994929143 119 651.2452521324158 2391 1 5.869365375770705e-06
 -4.817509604953744 0.8108357763259287 -1.802440123298154 1682.233523051709 274.4099794584034 0.2288582596737687 -10064.99964876756 1243.383242975927 3091.946883944426 106.4283015305402 11.87566025521586 2783.689955487534 1611 127691 1 4.614993882306967 -0.3227809152073746 -0 -1.428132663930466 -0 -1.413665406485785 4.879575362183383 -0.4281128636236833 -1.920534852255764 0.5196551871827535 -5.13283424434919 122 436.6694190502167 2391 1 -1.055952363579681e-06
 -4.520290930908082 1.175397939621927 -0.4785832678043955 0.2131696964880828 -9475.936431334221 0.2496572899477359 -5928.192664177237 70.4126809655337 13.17193685345215 1.130243912590875 22.16617729747093 3003.274720484291 2943 191650 1 -3.969717273048965 0.9257486280753016 6.567422429275187 0.4600701552561457 -0 0.9071761027992302 8.363073400357234 -0.6072292640875477 2.660247240022637 0.7578967351474875 -2.300612316771422 125 652.7693128585815 2391 1 6.792910102787462e-06
 -7.386227933133883 8.327811733461637 -0.1260072026483816 144.0974045939406 7.589357438659623 1507.441187368788 -616.8769822132703 53968.91271020501 7385590.25891674 2.398325991096895 2.451994769531878 2918.044532846899 1283 127572 1 3.797709932079048 -0.2174138001789636 6.605814071093997 -0.04655440782363666 8.291597637174203 -1.433064831180856 9.346491086917062 -1.991778070240454 -8.732922758908524 0.04295341891360004 1.229524755228081 128 440.5986428260803 2391 1 -2.489150192048447e-05
 -3.145988145440003 0.07987321390673537 -6688592583.053414 0.07871543901850452 -52374858978.10045 0.05226352762020357 -5.370199078890532e+16 333.4646888509499 259.2052995792595 1004.385301567137 1529.593718676262 3185.724841711679 1104 127746 1 2.626751032882613 -0.4376001457879948 7.893429927737209 0.6397533848672246 1.728965059400357 -1.45713275487453 9.601045964336091 -1.078749571205794 7.331354705609224 -0.5108404862164662 1.063438144561979 131 435.835440158844 2391 1 1.87451655008013e-06
 -3.692909884512632 0.0766251373233159 -111142658335.2733 659.0879131390857 30.72859542643314 0.1636091841669176 -1208754.772341454 9024.299887013511 167195.6203590444 0.05700325783103552 4.976076943919762e+16 3228.041980190517 3679 191656 1 -4.283072985226328 -0.3741520389678374 -6.205173224004076 -1.317431199923945 2.44410694560738 -1.56963959492512 9.939723982848799 0.5818932063741236 8.967719445390021 -0.9815461980822553 -6.700358524238747 134 650.7393610477448 2391 1 1.262249507522105e-05
 -7.789153268409529 8.276155814550064 -0.1339290974969747 0.4095358090407067 47.49327763354721 0.1765033442548503 -208409.8763578834 65.8037037261208 15.16340968281851 0.2020025404777691 67467.97961380341 2863.895955714517 2639 127772 1 -4.425655357781033 -1.80659891619014 4.030313492136374 -0.9444707841802185 4.954249566495722 -1.492534629453315 7.689341586250588 0.8245539968842834 8.29091699674024 -0.8331090906502023 -0.4164778979565149 137 436.3303501605988 2391 1 -2.446157386856905e-06
 -13.86377246596663 9.930045660130888 -0.3115606894532525 0.2666557045529918 -928.1541912918663 0.2511349577488181 -3221.716418296311 2753.537090899161 17871.93794148553 25800.28392284904 808380.6418427072 2984.376516260194 3909 127775 1 4.482252998040367 0.3905602787969874 9.606071686962276 -0.1883190847746156 -4.719856238639685 -0.01306135994463273 8.940767196489396 0.9000459539258134 -0 0.5314025931414496 -4.334995533035509 140 435.7927029132843 2391 1 -5.11921693165423e-06
 -3.122516170818525 0.03357993928892545 -9.991948964838931e+20 4251.042099559441 466.2152937665941 0.2331963602747494 -9656.896453634208 926.9052747545092 1928.573048410026 0.1530849013206575 14416840.8807864 3033.077836829017 1271 191630 2 4.135282369027419 0.558696436265703 -2.427154522399023 0.4885782235168343 -8.211201859813784 -1.949462704155994 -1.581645958254001 0.834203681040921 4.991693938393445 -0.7850332054807742 -7.254570517587139 143 651.9810521602631 2391 1 -3.679700891084868e-06
 -3.019477655906822 0.0923363778711056 -682990681.512746 0.3612435164968991 -84.49872917299261 0.07562640946478762 -3187537075778.576 29702.31337420769 2441949.014453514 3.705668166394047 1.855820933591773 3038.588632046649 4039 127767 1 -4.536984460409593 -1.312186615117369 7.804257011096656 -0.1183687943754626 1.877656108995359 0.746664367308183 -5.826532174763909 -1.759876579641297 0 0.07968903523418808 0.6057140347396923 146 437.7101938724518 2391 1 7.04858393852147e-06
 -3.601604361754073 0.4820893242842271 -6.574463872293657 0.03954663729410003 8.78799803427543e+19 0.1979460235081873 -32352.63338116852 31.50336716363707 4.638206815874652 1.759302188497228 7.214064776269528 2978.257179700775 2506 191635 1 -4.615745040870118 -0.8630135785951616 -0 -0.8003991620237372 7.839655524485989 -1.941047298464018 3.395341582426527 -1.302534109754095 -8.232144665337026 -1.066794350415767 2.267097593882371 149 647.1681640148163 2391 1 -1.124626139021669e-05
 -9.63125335419346 10.72630573667347 -0.2191180202173917 169.9998093511931 2.769836981160798 0.09682999226401737 -293659877.2917433 6.643349342842933 1.427935937744735 0.4112676813561012 1097.802575291808 3086.491689348738 2319 127769 1 4.31366388507566 -1.879081405853314 2.400560728820749 0.5082453271299552 -1.014376566768657 -0.1212684955613162 0.382171154302263 -1.371309452589887 5.363032770697032 -0.0061263119352262 -5.330611710774682 152 434.6689960956573 2391 1 -1.392246452739955e-05
 -3.937629474222303 0.4144728793029854 -36.72049201809808 154.629539494227 3.683794006691434 0.3230576726307908 -822.1684689704655 32.66193226592482 4.204866107443279 0.2223452372545955 -64321.65360420535 3098.604216973132 1490 127742 1 -4.448701038807752 -1.628832863366267 9.398265056832411 0.5410144513769932 5.964006663063758 -1.986246094269154 5.984820056941752 -0.5393718970522858 -1.994891773560873 -1.584365741145428 5.148373247270923 155 435.055135011673 2391 1 1.247950790163132e-05
 -3.438362370789225 0.5012349773933747 -10.26738021781336 2171.48167298213 961.8458474130323 8.085583758196023 -0.03111672493351833 4408.618637938887 39853.66446852422 0.1482220008029268 30697646.83306517 2900.607104257191 2785 191659 1 -4.614866049022784 0.3819647075263712 9.714792175523243 -0.9223982990582905 -9.431174272060463 -1.543558908958131 2.813994275450512 0.1603287671345041 -2.162294144772179 -0.1039145953133165 -5.038942821986269 158 646.3387970924377 2391 1 8.850216633802695e-06
 -2.720833813637854 0.04920824696043866 -1024735424518.332 3215.687904662022 259.9372241526309 0.08943041161344691 -322136949.0537472 76.44108604184186 19.94986354501819 8.493299648834899 1.040991282388474 3162.534750407497 1636 191567 1 -3.92004523125145 -1.843560192988357 -5.010413054607904 -0.2608582799986419 9.996238257570676 -0.9251358877342986 -7.067581836268999 0.9507563666331693 -7.519539482501894 -0.5168581181866845 4.922971175899202 161 648.5135319232941 2391 1 -3.735364851530981e-05
 -2.591843276143631 0.07006519804897833 -209353714143.3057 5.249645182181983 0.09941131782932396 0.09113680770717934 -12203154744.27887 68.31599111142177 16.83218202542307 24292.51800390906 1388447.731111142 3018.659095028594 2078 127771 1 -3.802911602641723 0.4995319401547603 3.755858130264059 -0.8646280218609714 -0.02796575801988821 -1.496248586984733 8.270868490688335 0.2584550890173958 6.003492986520269 -0.7170010675961969 5.373047354159334 164 440.8801009654999 2391 1 3.803129504324187e-06
 -4.097006121175653 0.2751455433702476 -486.142015063689 1185.363808605823 164.481538710169 0.1217642941906803 -20870443.12963109 102.0329377772785 25.21934904920459 758.643140345068 1097.029614901949 2969.672325770459 3082 191626 1 3.947842065397239 -0.729611827018072 8.699121838902499 -1.855293638382818 -0.09778378479599947 -0.4843797560058105 -5.185386760093697 -1.611618292062104 -6.316903063174741 0.3671370338993407 2.225981150572511 167 645.3040280342102 2391 1 -1.699379670061364e-06
 -3.466838923568506 0.1572263602821105 -171928.3374776369 27292.96068082555 88855.95152483051 0.5875866027809367 -38.4137696365262 24658.22486918654 1385319.736345105 480.6212079622252 630.1813172630115 2962.514753385518 1800 127765 1 4.548000329693947 -0.5922761491479243 8.980834307457233 0.8560457473429572 -7.528946205983731 0.9188838995845492 9.967353543773676 -1.000099872033851 -7.016243260682314 -1.05059862482516 -7.018692143884895 170 433.0595030784607 2391 1 1.301670725670881e-05
 -3.235418555940333 0.1204109545006197 -634175.2392616543 2.543057168348372 0.0858648065174583 0.3014151700040877 -558.7065392150847 94.62866869261218 28.70490353837622 58330.69930416839 9221874.406056726 3128.148551644173 4593 191649 1 4.291065071179373 -0.5884097672311714 -8.605590078389726 -1.967531526540854 0.7670458862974137 -1.550719252698785 8.588908388346852 -1.88978433309535 6.979375767127088 0.2365349354394395 0.7675086896091736 173 656.0525889396667 2391 1 -2.069044904414233e-05
 -3.077626350306388 0.07373421016922681 -38743773755.68295 0.210693491959626 -5653.061191480861 0.0469981760381866 -3.936650276985097e+18 17964.68947391148 800878.2134380343 4013.558585602842 25769.43866800037 3040.529150648055 456 190834 1 -3.768967082651364 0.2038300240860589 -9.62730550702439 -1.358486844942453 -5.333434546663182 -0.638197985966932 2.924440916013079 0.9299233861514962 4.702433724677339 -1.805126644977713 4.505899067814949 176 656.3939089775085 2391 1 4.809636898857411e-07
 -3.341837294763529 0.1322364616512739 -7205934.062805689 0.7404343403741531 9.343302719355863 0.0867553518737918 -410488392398.3885 945.6711826854826 2761.773581520077 1.724775895872648 11.1638850599825 3007.877813964449 5144 191641 1 -4.375088252109161 -0.2276590507778469 -6.566732105992301 -1.383461815588225 -3.542541879502826 0.2600248075508604 -4.426164174451711 0.7009608505375579 -2.921891911963917 0.1579749670425321 6.821179757172804 179 652.6192908287048 2391 1 2.252478599074176e-05
 0.0852700269868566 16907.89373885398 44919.16650783105 10564.33362067072 4480.789772415628 0.2393811187068465 -5114.530284736647 28557.48635480741 2333927.2876007 0.04057357347878215 9.967141917331366e+20 3060.794211532148 623 191613 2 -4.276697228348119 -1.738430316325183 9.800562939562512 -0.7895146938639614 -9.756135038508443 -1.67008720619598 7.368433955419079 0.5709911695134755 1.283989949279862 0.4224218353312836 -7.084164081085966 182 649.6436569690704 2391 1 -4.988971190243873e-06
 -3.130711432868537 0.07668361955009587 -10469794330.03172 3.424304023250879 0.08703514321592652 0.125557049727485 -9742068.947368825 12522.45658290255 295981.9546478887 0.6855525200379518 125.3912629173005 3069.037363262193 2703 191636 1 4.62605652867019 0.8503689515918261 2.507792314169319 -1.158437307744357 1.131164031005922 -1.385684907395332 -0 -1.246740052741403 7.422849719062317 -1.635658234706463 7.907820946286838 185 653.6793670654297 2391 1 -5.136460774419684e-06
 -3.627736557843004 0.1910830327114276 -21427.03096468752 3.173099478870047 0.1571437692288014 0.05665052204112891 -1.262224887234529e+16 14.15201726532188 1.990463488025464 0.5572303462795091 492.8489452543935 3083.367013993747 887 191491 1 -3.131841401580013 0.9486856167896386 6.930734023924536 0.8214541788524219 -2.581377677992056 0.2601735707355219 2.330150745009978 -1.12922627968574 -0.1097473081009479 -0.9027240809811001 0 188 653.0737080574036 2391 1 9.078326517959577e-06
 -3.753339182850629 0.1776226284290174 -16027.01786336774 135.1267987580162 1.717573290315226 0.3421395538739048 -352.799657013262 2852.08910297289 14843.37853344775 0.3341630034203719 1688.222018567045 3231.299008901108 2659 127772 1 4.485960884384935 0.9053942406057439 -2.045400849389859 0.4542631162074464 4.337140789199581 -0.7965762788969259 -0 -0.3338712358129525 -4.370804186716899 0.247929597802722 -9.117030920571711 191 439.2582240104675 2391 1 -3.00852005039072e-06
 -6.436734849273725 8.386977727865395 -0.09337103013182088 68.34488983064072 1.087820749160414 0.2784047733104905 -959.1142502196317 16739.92898131716 749050.7700463966 2.878495457019913 2.013218270619796 2968.215809748307 376 127720 1 4.527803001037345 -0.3440901125461898 -7.907703353420832 0.6804647655927889 -2.493519858342681 -0.5716655081899074 8.262385870524231 -0.6174025389687792 0 -0.7397927075384754 3.450098268504971 194 432.5514221191406 2391 1 -1.106726277329449e-05
 -4.335229017687337 0.8107961885032529 -1.783338295828355 653.5704541185659 12.00785604998502 0.06829529251567876 -154116878578031 77.30660561683078 17.179924608492 0.04679250900246688 9.991737717752096e+20 3091.76391317632 708 191356 2 -4.568181788243836 -0.5150764786941311 0 -0.7267248980977863 0 -1.736484115522233 -6.873550315925887 -0.8616668035326462 -8.096162398279724 -1.23698764108746 -1.562216692728489 197 647.1380479335785 2391 1 2.243480233523251e-05
 -2.644280209189759 0.04181103689970989 -1163299141517799 59913.27168073075 232496.7733036109 0.04104774921724802 -1.346247790711117e+18 74.94499479844274 19.87927455789892 4.221599064725269 2.328898320282634 3065.622573502138 1276 127561 1 -4.578499367733141 0.6602131143405234 9.113572904566713 -0.4836160554712059 -5.836191263352831 -1.945020443193521 5.688523311954523 -0.5374768055450403 5.748025771835362 -0.4173674640587102 9.662195938779762 200 435.5788071155548 2391 1 -2.518662373531217e-05
 -9.199537651582512 12.679736736355 -0.2361491830466143 11456.41160464191 20305.44020400583 0.07449941160102073 -5640423986565.498 9909.640664397833 238810.9333426963 1.551015690859648 13.50905870679203 3247.36400500738 1946 127717 1 -4.248459189240157 0.8232023573448907 -0 -0.3772210112753989 1.589113718151954 -1.878941726872744 -6.628848309117509 -0.6675563606249373 5.752894106580476 0.5397544959809992 4.956701713082786 203 437.0521280765533 2391 1 1.680479907113796e-05
 -2.777739715252201 0.1189672750659215 -14237101.00625675 23.0931645064419 0.218736800285238 0.0502136731409223 -5.62566164059922e+18 7996.980537920674 179355.4995668227 2.105373654557215 3.094373113784487 3116.045086929313 1729 127772 1 4.634381267498967 -0.6733204355584803 0 -0.05910749452192924 -4.0726121563769 -1.121157462469487 -8.626651039651701 -0.3003150379798827 -7.40287326231638 -1.039490348208514 7.986653869894385 206 439.0954210758209 2391 1 1.499216506268862e-05
 -3.681824213334083 2.021918858427989 -0.03175919781552942 0.3815574797723078 48.17746371588778 0.2614666513723236 -2839.789911198156 20.55909344923435 2.538652031989086 111.94745541527 17.27148673787656 3069.744305207243 1066 127613 1 4.524878425248813 0.2820257070651095 0.9025222262985313 -1.538985716958607 0 -1.515853996546006 -1.698746959975651 0.2157102940875476 8.903543686646444 0.6924832556309855 -3.376695961618928 209 437.797739982605 2391 1 5.088561781136986e-06
 -7.72000556412175 8.776026811611207 -0.1353277947626489 0.05885933772146962 3494519141322.801 0.2233285116641873 -4011.709005688612 15452.96527374407 632819.3086468553 2.403439709398925 3.726878824581564 2888.288493907139 1837 127770 1 -4.431355678695539 -1.850024048670821 1.121045337459847 -0.16397133882748 -0 0.1106273553798092 8.114521801586966 0.4047394476147241 9.358796861345503 -1.480463085298942 0 212 437.7052550315857 2391 1 -2.655869400395382e-05
 -2.813248904160009 0.2176744440790424 -2688.466954540605 3.603594947135399 0.07861898188792728 0.08237686419786139 -57755930770.75175 28846.68095810332 1821580.020734348 1364.67414216565 3557.007349487374 3149.401743367532 4809 191655 1 -3.928309889754416 -0.9379556921862182 -2.324537453634469 -1.459106809601565 2.696176293082071 -0.6160331606168779 -1.833259843321656 0.762195346904066 9.043624475389922 -0.1740990041122785 1.307294495660099 215 648.7754690647125 2391 1 -2.994120625597813e-06
 -3.604634880516592 0.1494818352341312 -105688.7867944075 0.03761815307976714 9.902779525211049e+20 0.3314416989337965 -448.2248880725153 10798.68025868888 267408.112849141 80365.23021653327 6184741.923410362 3038.654206444023 1025 191626 2 3.732005591872031 -1.094832069814542 -2.271892988694739 -0.5984997063361011 6.335558807295331 0.3432559682832811 -9.434565819372523 -0.8614137092970582 5.919190857078481 -1.241917583248482 -8.820405592296837 218 654.4538249969482 2391 1 -7.963690053528741e-06
 -3.423550299715376 0.1149962865314413 -405783.2460716868 0.2084179406073291 2107.235856034713 0.07152873753938273 -46488499176.0052 10521.04172541871 281421.9971643405 4.915859499344946 0.9544415369042284 3027.835131011982 831 191655 1 -4.634915650509633 -0.7336466548153213 -3.603882304117091 -1.273614314570567 9.993087184211156 0.05827604675893337 6.668198523917409 -1.810591738438668 -9.072635703024616 -0.1926548249960396 -0.25338169486096 221 654.7009308338165 2391 1 -3.252295731159929e-05
 -3.825283973894423 0.05378237174109499 -2313634057285828 4471.983928617155 2837.324067595701 0.4647181763096321 -95.08673771212138 3038.484186681514 18434.74417850856 66822.03125337293 13788111.55936598 3181.531307384311 563 191433 1 -4.389999217200568 -1.942202489261337 6.11734339716371 -0.205489195732917 3.872049052477249 -1.969266682999012 4.295150857423752 0.3887954652690926 4.140825303381684 -1.616928823872023 -4.742798257805116 224 646.7452659606934 2391 1 1.548591668979392e-05
 -7.540069179421584 5.01343795805517 -0.1450157249653651 0.1235693653402167 18951114.01345828 0.2224909202440822 -11689.18483088985 2384.040314241871 14276.06739656812 18556.63707920841 668723.895915437 2899.818603787649 2771 127749 1 4.582176610364725 -1.620280817319101 5.419579236583506 -0.9346323585510854 9.118941129827906 -0.794454240295786 -0.1271923662405845 -0.09149031550315812 5.225465570607779 0.4215712434456571 -1.309579441090209 227 434.658401966095 2391 1 2.002391973225458e-06
 -2.902263805022275 0.4059881901148552 -26.81936452271257 113.0726641467097 1.566191719934398 0.04677593300813435 -1.274333131981768e+18 8400.257230846664 148808.7630087485 1368.615230195088 3353.333304675016 2920.285965513941 1192 191499 1 -4.148778020488334 -1.908668146484378 -0 0.06875116545841652 -5.305759920463189 -0.7583440138001247 0.7246161837455567 -1.211946118651994 -3.131211897162195 -1.051465302573257 0 230 652.1386168003082 2391 1 -5.475833059921994e-07
 -3.643026248191071 0.2554845723343058 -829.8157604174122 0.3731884028685984 229.098283676332 0.09756562151941682 -8901158429.371809 33313.31623797418 2535096.478206248 238.7174858308088 106.2467801691715 2889.980663974063 1497 127770 1 -2.832855851555402 0.07141239770476733 0 -0.7174745546317239 5.110171866980591 -1.62666963062507 6.369614045556284 -0.5562937319125583 0.736865793558688 0.7843517982899266 4.711397952249626 233 433.8699109554291 2391 1 1.296026469895218e-05
 -8.175237996345821 9.050278034636783 -0.1548714157039904 6.558663026034762 0.06282436566289809 0.1174270836577142 -107005428.556317 14163.01211315633 531280.4591281042 3374.327170288184 38931.44029578554 3122.084395795265 1616 191583 1 4.124293882786018 0.8894139085390682 -5.019246160875535 -0.7873183795429401 -5.303425494777089 -0.1830731684103971 -6.757362137019083 -1.28271293171257 -6.993115068625854 -0.9257837110763294 -9.359644106336903 236 651.7072110176086 2391 1 3.369755836836716e-06
 -3.38006414627948 0.0548852173355542 -350863239392544.2 18309.96189360512 133309.8826112365 2.419184638930122 -0.6837261503879297 36758.49971528214 2693543.15730527 0.1971578963809963 304884.2303712515 2854.586806836463 2203 127761 1 -4.349817305265658 0.2814586785539434 -5.927287044893972 0.9418417154693843 9.983002650332971 -1.065027604659291 -8.31153118537379 0.3327143547324448 -1.971396374373668 -0.665066407528955 -0 239 439.9844858646393 2391 1 7.816158668521577e-06
 -3.272232661787887 0.1205811577561124 -7570731.541071989 0.2038777175049133 -16264.88530293512 0.2151029415206075 -31031.12022834413 51.08101084742574 9.637992956642519 0.04682964693903864 7.215395986541131e+19 3056.036123950016 2613 191633 1 4.16740520759267 -0.5119625634608669 -0.02966342656402432 0.2866114234534312 -7.186640439435401 -1.089403199711371 5.881800820637434 0.8960820678207897 -5.577470679403396 -0.5607316839327714 -9.935245317604105 242 653.4728789329529 2391 1 7.914345382986201e-06
 -6.539962874901067 10.45041277498193 -0.1171112411331279 3202.100073791892 1952.172646092293 0.3669296329266061 -104.9804525154308 344.0949199870955 346.1285119286701 508.3793002210465 918.0845687343511 3024.71350836694 818 191649 1 4.630196035589951 -1.144248065405177 0.6235152664391337 -1.396987191425406 -0 0.2975247825213727 4.142373963652337 0.2953188627313503 -2.289698449737148 -1.122011281874198 4.02478456417936 245 654.7357938289642 2391 1 -1.882288141990973e-05
 -3.478459617478231 0.108036735867802 -3142853.9559434 0.1865994122873192 9043.931912912129 0.6366948773099814 -13.20863039197075 829.8005937390407 1575.512217010983 0.04161325161002637 8.723177255851292e+17 3091.376097697566 1144 127536 1 -4.598507232948938 0.6198405173725172 -8.506780843820213 -1.347250769733831 4.316369009375842 0.3710573639685868 3.532416636989669 -1.209879566870614 2.560305518141477 -0.7422874857970285 -8.301380011250615 248 441.1062018871307 2391 1 -2.275368455238717e-05
 -3.418061113485391 0.07408511521907786 -11911229247.85715 22.63251790166003 0.1610554006767657 0.04760209671798293 -3.910324321104141e+17 134.3283654884037 44.50044992565206 191.412030794105 53.90533282821803 3077.598647379371 701 127486 1 3.876829291451264 -0.8677372858858927 -5.772845943941077 -0.444555451252878 8.069992338526978 -1.039287936472137 -8.324298466895376 -1.633601765670824 -9.816333357955898 -1.815961476818279 4.520113591656517 251 435.8835029602051 2391 1 -8.136060229602142e-06
 -12.18284721944329 21.73200770381843 -0.5311175728850532 3.530554460887465 0.07667934691937475 0.0638319087385987 -27933045559037.68 11093.58159016413 287505.3641475155 38910.60526670148 1277991.00867835 3079.262562412144 455 191657 1 -4.540117645360176 -1.641572153344424 2.930542175849928 -0.8337731619504565 -0.3965363589584729 0.09195341353355328 -2.368038624741845 -1.7651757998894 8.216075646571603 -1.70470954091055 -2.930099649352555 254 657.1219320297241 2391 1 -5.464810362056223e-06
 -3.137611324153856 0.0919137556951117 -40013306.06933014 426.0307670250547 16.09072091453729 0.05214702200683662 -564952304074926.5 532.5177382847874 616.0577694977328 719.1082703881742 646.4930778711431 3128.161149337298 2080 127763 1 4.518500863304843 0.7322530667398999 -5.80522979863813 0.4215384891414712 -3.695633764610888 -1.426842090660299 -8.175807954943386 -1.745617378503313 -5.601907643443615 -1.275681841615341 7.091137037900427 257 435.1778130531311 2391 1 -2.168918543443359e-05
 -10.24726333590427 7.653454993483971 -0.2213472647510095 2.473184752810548 0.0309904687639674 0.07070831997116601 -60613812702910.01 3579.668642070851 35193.55057197947 0.6520581501896272 285.6262594812554 3119.670678878425 1805 191579 1 -4.527428655299506 -0.5755059740493937 -3.136338492280677 0.8112964605385886 -0.3555940796890873 -1.154790243654312 0.4373254530441821 -0.265656908843809 2.991317652588423 0.6211608146379124 6.797297315018196 260 656.6363961696625 2391 1 1.696422107501763e-05
 -3.691416326595717 0.1736315030027021 -49736.32714440153 326.3627682290152 12.13441050081399 0.1419612960395303 -4273558.217299329 88.36897253109223 24.69493676330612 71.10048380673119 16.08287361952093 3125.147057980859 3653 191575 1 4.608644612079003 -0.9156731898735284 -4.202278145922152 -0.5802669782095666 -0 0.5969043781082846 -9.084284279194625 -1.217811940570163 -3.098789603873445 -1.716050152497911 -4.981603843164702 263 650.1869511604309 2391 1 3.467150693695394e-06
 -0.8127817843436393 926.9090905061469 107.6222286724739 0.06333119733146972 9558920526201.393 0.1967636940158961 -39922.9194927533 64457.64760391902 10252323.00079226 0.9347513319773031 45.24884931899107 2893.694892162915 1341 191650 1 -4.50870903457941 0.4515961676924411 4.402226192026732 -1.234948659757153 -0.1958354017684947 -1.224420335786986 3.133974033015151 0.6784608592821768 -0.4451045547704413 -1.742974093066761 -2.374083132984553 266 656.4229960441589 2391 1 -1.043996991922106e-05
 -3.161201803476918 0.1643392611658158 -74699.32580290687 6728.036302502416 7774.195840110442 1.835846214079624 -0.8470407140937426 3757.108489547175 24867.91264505153 3358.833815393963 14531.33533353584 3138.497703881268 2298 191643 1 -2.872916265250502 -0.4914272062418021 0 0.3826156699420089 -4.862149681096739 -1.591961870892103 9.551760808959378 -1.822680012224714 7.796875282846022 0.642288186483329 2.387034324008569 269 653.5708129405975 2391 1 5.935806195713845e-06
 -3.20831862090055 0.1566616325731225 -234637.3123721546 23.58979594985158 0.3470207622715038 7.030806894877378 -0.1584559347490208 256.248754941755 187.6636297638181 4.542224813323444 1.884816180456749 2907.205426783075 1618 191631 1 4.384103524538363 -0.9132862430668567 -2.196062437801733 -0.4454605678682402 4.474073906471966 -0.3429582021037643 7.325030877871184 -1.377925482847052 -4.784979314131305 0.8947724548297065 0.7941403841958312 272 653.9625499248505 2391 1 9.524647833960632e-06
 -5.647210601212114 2.816015928078043 -0.1513822372063566 5.835168305523921 0.01780496902348291 0.3323901873798942 -835.9683959285247 37.65113273730278 6.828415805335236 325.7737841701598 335.7866116929166 3044.815158429706 1303 127722 1 4.168261175436051 0.7264488001876774 -0.9387087382414503 -1.581453013571779 6.23604271127854 -1.408113522162201 0 -1.703794426969451 5.414061463663985 -0.1259504727776504 -0.5120438354348131 275 438.3441228866577 2391 1 1.110111359542908e-05
 -3.723389906458165 0.1258517918655816 -673087.1967942612 174.9107531462652 5.943038931543944 1.956364418927236 -0.1932152258015036 79.91530439038009 19.8489552113017 0.7396978460988065 125.5778591296485 2912.634151239066 873 127774 1 -3.847623396780111 -0.4361912483734631 9.631016842927421 -0.1931572479916835 0.5132098223668486 -0.9173930339044301 -4.084625675725644 -1.97268902078054 6.093073581698745 0.4506897436467669 1.546297533177138 278 435.5487110614777 2391 1 -1.206764673593534e-05
 -3.168900444328252 0.3348929263551259 -34.53439120884612 298.1343371141668 9.504661726163189 0.1049451269961317 -241120841.7356628 456.8702231601434 467.0018079556469 4.267360159214616 0.9104538055715911 3001.671676029833 1560 127722 1 4.223977076781874 0.806389958327729 0 -1.076281548143732 4.655342437526889 -1.915186464750822 4.251063150533347 -0.5478827197680936 -2.043777004735353 -0.9694311125065944 -5.534645750033463 281 439.6217908859253 2391 1 -7.110903534605041e-06
 -4.109827703412288 0.115255604923245 -2930216.394283811 319.1727262611589 12.83783733551286 0.3526819050819783 -289.7145507820543 127.956270131437 47.67104072102023 3.25351127877436 4.042548298689102 2861.058276913532 1514 127230 1 -3.786905513146761 -0.06208275934814814 -3.931891862009193 -1.11433858325672 9.842688105038482 -0.7175824781403648 -5.868302346205785 -0.1406480231587564 -6.760193332145022 0.09008061321161343 0.1080921808546411 284 435.9128818511963 2391 1 -1.264187393023812e-05
 -3.588980057030023 0.3537968187070308 -70.26557148435032 0.2036754309984586 10086.11699173115 0.04109999029197627 -3.302963299886495e+20 905.3526626861775 1914.051441171562 511.6433722343241 379.1014580015299 3090.308293804798 1792 191633 1 -4.605052811555026 0.00218437355748687 0 -1.784889719359796 -0 -1.111314583440927 -0.2207170207029829 0.8736988993507997 -2.03220278091887 -0.850322501001755 7.600138075809236 287 655.7052738666534 2391 1 -3.690668681392373e-06
 -4.06566523000101 0.6451224183748421 -4.296771519813556 0.04746955109623464 -9.990000085781208e+20 0.2053566398740068 -284947.9879165661 458.9225532583345 404.7177383068362 45493.20880577379 1897923.43040787 3146.466118455603 1590 191635 2 4.552989863993915 0.9388712325129891 -0 -1.619307250105341 9.977578386863133 -1.086423694300084 -6.660078003734073 -0.1418978503246553 -9.769805542303818 -1.315643176963032 2.852221048348203 290 657.2182641029358 2391 1 3.785539983568119e-05
 -2.918442623536639 0.3036387460467515 -221.110192437918 2.03302459597026 0.1985119961909624 0.08893422385293573 -29121585340.4682 32381.07765537557 2487807.434081807 1481.40402892865 4970.19726232836 3197.60926056982 1196 127563 1 -4.553452013263157 0.2953007336737756 -2.749794856108589 -0.6758283738979554 0 -1.31071511746914 -3.808556143136698 -0.8984679384076522 8.104293164021154 -0.3263733153795716 4.93877783216027 293 441.5795981884003 2391 1 6.623640539439459e-06
 -3.772973684440608 0.1166714261267435 -2566906.784675187 910.6240348027719 128.6309295273728 0.886382524982183 -3.214382134830542 224.5813938523126 122.3026119088102 577.4733415674239 757.3408495369026 2895.92494589222 532 191564 1 -4.694674608064597 -0.8062207303542372 0.6402215641704521 -0.6661687898437361 4.51269705339421 -1.149576946447641 9.504055526232495 0.7887122782007401 1.504113533641963 0.88471945902455 -5.936775566303371 296 647.3229219913483 2391 1 -9.909130958066539e-06
 -3.524502191237141 0.2390146291224632 -708.0737542581463 0.1431603026454456 -245542.397547447 0.3235473124595361 -434.202672012455 880.4044026043093 1718.837979947117 0.180722442197808 521064.4460077911 2798.844326619464 1501 191618 1 -4.333603441371803 -0.183904430406809 -0.8521504134398348 -1.83181078399146 -6.455557520537507 -0.7554058424161854 0.9481795737788383 0.5185535193283743 -3.965348259199886 0.5205258878823438 0.4592016831195473 299 649.306657075882 2391 1 -1.384118041746922e-05
 -4.017316893704455 0.06262810240609269 -2456217472311.381 1.763902298288226 0.2347382680917033 0.6251029104985748 -14.6570931948089 58.55859144039366 10.53869488705413 0.393823308511266 986.3083180929455 3109.132079720547 2643 191652 1 -4.064125292606816 -0.8892658603805383 7.947679907506059 0.1818664795358646 -8.702690284498537 -0.5526885502906191 -3.712941785599534 -0.6418890975460387 1.789392714338219 0.737969518189189 0 302 650.2797520160675 2391 1 9.092276122753661e-07
 -3.037878530860618 0.06055713601780809 -18214145080777.22 0.359713715041815 -30.6302061963024 0.3567910002906266 -563.30981539427 66.76475480381873 13.42504670891018 28.38998892646615 4.665285930875921 3052.308964715533 4777 127756 1 3.040481602070167 -1.647193762621677 1.220721904470734 -0.9119125636718497 -4.179552338132936 -1.641556915800446 -8.246930924343328 -1.822137481837451 -9.334683193369033 0.3875435036159081 9.144860361522067 305 437.4223020076752 2391 1 8.27099498853604e-06
 -3.621560170384947 0.1222892977073694 -7369390.68847805 3730.669337672172 904.214570759841 0.1152117725636967 -206281351.5893973 80.0607029883702 15.48117104963733 75.70423641789574 -4.168587487401756 2964.014185889753 3587 127742 1 -4.666787354723216 -0.3548299724234374 -2.75558139416299 0.7243453566578926 -8.923651767749384 -1.210651009964981 0 -1.862223658718877 -9.3206245350815 -1.562366228787557 -0.8846532954262072 308 437.7874670028687 2391 1 8.506621240445515e-06
 -2.742592947172846 0.04599844302082588 -173869937120703.9 3.357321891878111 0.0583384204508551 0.06435262406251399 -1218577619983.573 661.3491040392533 1148.590630156673 1.27946342754518 11.93434782021231 3277.088962631674 959 127603 1 -4.664354153582478 0.7467416676453178 -4.867671303753509 -1.74343411967272 -3.151546590068881 0.8504310790234899 -1.757654833752899 -0.2445865422012589 -5.891819462268018 0.6553444207865606 2.479404675935655 311 434.7214260101318 2391 1 -2.278260255865976e-05
 -3.780870270151719 0.09396013668890972 -379880598.0266794 5.812715779906568 0.0450396720617711 0.3533505628273171 -411.1942243730583 12982.53166624859 344077.018877194 1.414197169187106 11.23015813275216 3084.083902022902 1891 191609 1 -4.151052741003789 -1.860128174943953 9.555523717540423 -1.016161830693939 -7.344467048566388 -1.074551986855375 -2.027348787216951 -0.4661580886977409 -1.981642544413878 -1.156480339166589 -8.664494660589979 314 656.3870401382446 2391 1 2.243080373337317e-06
 -3.183056100368312 0.3400339704537657 -100.7976005628978 5944.815730691166 5999.393263133485 1.254301577000775 -1.973461899405039 64.85642878228565 14.60625998044993 193.4224461820969 40.93512541387827 3122.068564720152 375 127709 1 4.59886695301246 -1.33332754868148 2.019992135854149 0.2265100835749778 -5.278537489032301 -0.2718221484422472 -8.975186000242523 -0.2965735582024518 -3.886840652622112 0.09480060644102248 1.562775270397779 317 439.2843580245972 2391 1 1.150357761549327e-05
 -15.67069215641106 1033.086059876116 -747.3572760052382 230.8944708731437 10.38163332530996 0.1179075832595149 -73242095.27458674 9687.728968557991 213381.1476598968 0.1016851281030941 5009283354.463881 3104.583365231824 3527 191655 1 -4.341046389168187 -1.078168663520154 -6.405752656648435 -1.231968394264545 -2.175829456847646 0.3313205526283243 -0 -0.3783894099735168 -9.016427673802506 -0.1052824636286385 0 320 644.3370990753174 2391 1 2.531338160010319e-06
 -3.586542560390372 0.6040610727479325 -4.013026108012021 675.0541327018925 23.85284883026771 0.1179534276433757 -331094859.632021 2863.875077837707 18453.4610168275 671.6916250983036 1761.204633067555 2929.289995756388 2551 191652 1 3.502993469911605 -0.5238325001789441 -4.390937110208512 -0.5827739297802585 -6.046220314835491 -1.627755724446208 -4.447379974819083 0.660779470958988 4.317722462915152 -1.281326014258185 4.537896906928514 323 650.9028789997101 2391 1 1.626574422058325e-05
 -3.197104515732896 0.08138614983254785 -58759659212.93118 5992.850680809403 3727.313624236945 0.07727125679156933 -12484647368904.09 118.1893309251765 33.46106550489602 0.913013139953601 64.9546771520704 3174.800898807563 1219 127719 1 3.284853504036049 -1.874928506963442 -7.985933821127132 0.8977354756156082 0.5012995716577091 -1.597243461206503 6.203070634373981 -1.274653487112394 -0.8425791599328001 0.7803730680369529 4.106781556434922 326 440.5279061794281 2391 1 2.290539083542715e-05
 -3.201974940719723 0.07603212601416973 -27247288732.20481 2.229848453015074 0.3541416113513793 0.7401827037629031 -10.66185581579312 3262.084773072938 19910.96430347436 0.7733203179347077 110.3051667316758 2975.557947454377 1600 191645 1 4.577507370415561 -1.290781173411643 5.757493864115424 0.8841087377512906 -0 -0.8807129246046852 -4.283145872365729 0.2827918663789508 -5.499448976085698 0.3577080687286522 4.151131734085003 329 656.2483260631561 2391 1 1.87691855547265e-06
 -12.23729410579077 10.22989714941335 -0.3022206027840705 1.131783578449961 1.063326001334112 0.06235128201789428 -1.248162663823979e+16 3221.958895835351 22914.36291084794 5137.376804804363 22144.51562613545 3192.991327393706 1571 191643 1 4.539803253327715 0.8216594632838428 6.248820325866699 -1.792667618475011 -8.243301394433832 0.2510458333845698 2.176713369050734 0.6797346837772542 -0.2094380925405033 -0.6816938522468378 1.289930342849518 332 648.2098519802094 2391 1 3.024009768293392e-05
 -3.853439350182764 0.2689171073427744 -219.8433798184248 0.06950003981018674 -42048947860.99062 0.2623006741711167 -2595.394729613255 21583.59344418679 1064596.802720988 0.06461773513142896 5188792267037.021 3030.942731211339 2791 127771 1 -4.676419643037756 -0.4403417661150302 -4.998765327900973 0.9448483088602124 -0.6179574244841231 -0.6202326346370457 -0.5203448316700268 0.9765418457408853 1.053299940124692 0.9914193108850967 -2.286512758442158 335 433.0519020557404 2391 1 -1.834508824475069e-05
 -3.265471628056784 0.3566390170155341 -68.19846805550893 61676.37224525868 694748.8702936864 2.569918497777419 -0.17074100261136 7988.918126662462 140962.1941657284 1.167662349137686 5.519855320146371 3067.80308028565 335 182599 1 4.387766186055337 0.7051944332753415 -0.1965475341058887 -0.1889241664979595 7.874538029866464 -1.248500030213282 -9.168597770537216 -1.054665571548139 5.186391820942038 0.08207697748646313 9.790733808093707 338 650.3294901847839 2391 1 -3.574586639597097e-06
 -3.275887844739518 0.09593147461102494 -364148667.5740694 0.1662107190104353 -141516.1287880456 0.07819337612424368 -315427255419.2223 6108.543249190085 89300.83855569975 41607.82805470238 1196924.214353116 2991.136302522457 2134 127718 1 -4.314726787476799 -1.042815344489878 7.102747036448937 -1.224265574590769 -4.733819053954265 -1.72204395898344 0.6021201620069729 0.9476974840138532 -7.227226169129107 -1.635359005073663 3.340756467009778 341 436.0616691112518 2391 1 6.488552331512667e-06
 -8.835942860908986 6.495453238731758 -0.174967652409003 21476.61784551463 158969.5231592075 8.277149517162899 -0.2136212006956556 6079.733665865045 94063.74922314253 394.0510282017617 159.1953282525179 3159.708710896111 6713 127773 1 4.389682373385617 -0.2359487001312548 -8.362605617078525 -1.719224104561262 -0.4762204706153752 0.9028135531289561 7.940118451588983 -1.146704100510853 -1.014500330978544 -0.0753390298107233 -2.849796631109263 344 438.76979804039 2391 1 -1.068246463987338e-05
 -4.242848282170026 0.2512719437825459 -1455.059085740664 70181.45634029849 222713.7987174817 0.2356100382097734 -19872.65509824589 58.03858413762254 11.44776206995842 748.9083326928306 1409.116142004467 2974.565725345739 1350 127726 1 4.495072159395226 -0.6760490079563191 2.587794075379836 0.8731934377168287 -5.584868825339501 0.05382447314173258 -3.554177976253432 0.747460466457877 3.260004312487145 -1.446707421679934 4.243799452380165 347 443.0218260288239 2391 1 1.058212929548049e-05
 -3.133756107285697 0.1507568482877283 -304512.6447202555 513.057910954923 22.5781006113256 0.2692597075762826 -5051.72835734737 8164.755949286355 162372.0816113089 140.5321189581821 38.83538050513316 2879.336935945452 1272 191568 1 4.190534489996043 0.7322290887191117 -0 -1.001577668660268 9.652647118685676 -0.01553426197403777 2.953948446762726 -1.683022784008696 1.604236846166224 -1.610521594027547 -2.800868490792909 350 649.442361831665 2391 1 1.29957568760493e-05
 -10.96078259465828 12.88961973563828 -0.2748495435662506 56164.59677255817 494832.4323958192 0.08933501918664194 -2715939585.918032 107.3927204558834 34.3313385912916 4.237975489367331 1.786586707357915 2825.254013183898 1413 191640 1 -3.845874602785502 -1.683962074433209 -3.220271034872604 -1.371536547726639 2.562809410114637 -1.698743764194043 -3.207575208557716 -1.269248670514572 3.0121805517852 -0.1533055548050833 0.03459178690967546 353 651.5598909854889 2391 1 -1.411968175193403e-05
 -3.465656196394216 0.1360077397187339 -663757.4721453644 2.794061016841417 0.0750550197564986 0.09342037741563988 -19812967302.01416 68483.78636821696 9507562.134761699 78292.28260860956 11188734.8636207 3117.533975059036 454 191625 1 -4.472196094815947 -1.50051999099036 -9.290520635968567 0.9624330411731039 -8.831518607963901 -1.580861614530045 -1.151172815007324 -0.7526821979706959 6.154846986667453 0.501147575567753 -3.402745170378337 356 647.9442899227142 2391 1 5.208330095874152e-06
 -4.121550225746348 0.1337333976310703 -382070.3674376645 52.68226940261403 0.6458838145864358 0.1162721331208755 -33018812.77089221 3991.68423308602 43292.54774689632 3.62454177560099 1.607389052664832 3036.295706151802 6927 191660 1 4.344581302810482 -1.498246229603156 3.661640631293954 -0.1690819771788893 -6.138764044630649 -0.605693328656141 4.763748461136302 -0.7270901493597002 -5.001770387687679 -0.27565342066009 -7.932588016230746 359 651.7501759529114 2391 1 -1.238266206495015e-05
 -4.021338039345725 0.1859159851793735 -24245.78037783137 0.04026820696249232 9.972081959943136e+20 0.05253167923811843 -1.896261717989224e+17 90814.22453496701 17376017.03157943 1.388801813736322 11.7433443289463 3020.185787980406 1607 127639 2 -3.772815702643639 0.3554274982192291 -4.239465775993669 -0.5582865983998717 9.15221472735127 -1.617192709867417 -1.980577489356671 -1.582929728375377 -9.063644108895152 -1.916113673402909 9.246246243717533 362 434.9336318969727 2391 1 6.875759244053567e-06
 -3.516133871920657 0.2214139944846494 -4239.834813052828 0.2823506104885776 -581.7123245872533 0.1178228673589707 -219879267.0016128 3183.398187834772 20244.05999390872 1.782601232014272 5.326385171784088 2978.468880839219 639 191664 1 4.46317482873408 -1.173868149634135 -4.838930452432275 -1.510046990588108 6.288666241535799 -1.672103705799357 -3.840136139136035 -1.872632134063258 2.668422217757422 0.7794367269759919 4.904716024628994 365 651.1526319980621 2391 1 1.3368100541126e-05
 -2.823843202497301 0.06488775279053335 -47183323371.92246 0.2186596116416011 -1616.871289820046 0.1950841884172814 -28309.16796588933 119.6556914825954 44.75386647427371 210.2373547561266 149.6509148752371 3066.304605562284 5751 127773 1 -3.871729792159992 0.5771892294743037 5.408703018520681 -1.831547755299099 -9.929267900000372 0.4197030088824669 -9.458351209931797 -0.3529872254092004 1.862539723315802 -0.8817885164064689 1.586755456638041 368 439.1359648704529 2391 1 -1.942700457034004e-05
 -7.111460035696763 11.17119166111949 -0.136441397305168 22983.51008588477 32205.86697980998 0.2482529230663571 -2165.28606961665 413.7588231179862 428.2213452581342 2.107663676308131 1.676467736073445 3027.717716858477 1291 191659 1 -4.248031266687468 -0.4784792515567499 1.121377427685994 -1.857349671467052 8.382991239472098 -0.6770463650944203 -3.097479728684548 -0.2914366548141895 4.030909059817009 -1.618008988517944 -7.028746971212891 371 650.9497911930084 2391 1 -2.099200116375817e-05
 -3.395731523090641 0.06500133988877251 -493850201967.9604 462.3870424605688 12.31552542473043 0.1483193155887715 -1883778.947123311 35.10758042235037 5.779729101105546 0.7911127539733221 56.07661849989852 3069.222563559783 2172 191524 1 3.997519005687136 -0.5251645788753364 -3.098848432606734 -1.718939440495848 2.036509971465716 -0.8552254912998549 5.695764728065337 0.9632418640402202 -2.987519143165055 0.2857954116317272 -1.741780515674057 374 653.9913680553436 2391 1 -5.411097261546739e-06
 -3.167561772087014 0.3074537355432225 -166.8733891687735 2.393181430649058 0.2110160441552674 0.05201513692158118 -2.148215052896172e+17 659.1780061664804 1043.16022799261 536.346379882136 320.2201418400089 3025.615640046156 826 191652 1 2.760438810958048 -0.6941257517359558 8.898574483361504 0.5946834643105481 -7.597208200525197 0.05279141394309622 -0.5198637553333576 -1.213004072958533 -7.32719427368253 0.3544538535069446 8.861234734309749 377 653.8829669952393 2391 1 6.559025751974083e-06
 -3.383716845240891 0.1268782318239301 -2771990.037539056 3.648284899848328 0.1824438111125609 1.258118015402832 -1.469607449320368 60.00879414656997 10.40216165823075 20176.7849857106 621288.8621126374 2823.150656154644 2160 127756 1 -4.482028214234688 -0.7717463360453793 8.685139339243102 -1.166666184673417 6.051204913108733 -0.6036491898615566 2.126265805223873 -0.3481623932654472 7.112017105634861 -0.8978560955834034 -4.422623787075137 380 439.2566640377045 2391 1 5.461397028402189e-06
 -2.970060185512851 0.05543348040406343 -2117350747522.288 0.05988148387835265 7694272289360.007 0.3585918270630846 -149.6730884695948 101.3623713646443 33.2583455572403 2.139780390459209 6.42515825550823 3004.677754852451 3617 127756 1 4.653632860869007 0.06029109126148575 8.598855140907398 -1.961653729849058 2.146243533955318 -1.174740597149912 6.963509038499979 -0.1098692853719143 0 -0.457077737641038 2.912661907490754 383 432.2052791118622 2391 1 -1.952902915023296e-05
 -12.11001906129401 12.47686255812171 -0.3286679025436268 0.2754935506536342 -238.1203346087969 0.2053320736145704 -27181.20821830248 625.5660563673928 1062.437298621728 14880.71857502861 340228.019358111 2951.821239727432 2309 191660 1 4.676602079786089 0.02182169639747135 2.207367651465836 -0.6858797522282867 4.302278018212998 -1.238630125574586 5.678489005039689 -1.425434803242008 2.517539363043322 -1.508445314164741 3.505899860084157 386 653.8542840480804 2391 1 -2.205421609897428e-06
 -8.338575548170347 7.89966510489969 -0.1381780851196812 6602.692588897275 11299.72947723651 2.259070497975792 -0.4590607887424329 7474.07955430487 115625.3999723971 0.255543078687143 6068.060198493755 3009.123254704757 923 191594 1 -4.249907510867834 -1.272261322661036 -4.268529278680247 -0.789435818031306 -4.200869447667283 -0.06450800980844652 0.4675632857580068 -1.11476958603018 8.424839804048602 0.9825474986567935 6.191484069888084 389 650.0658309459686 2391 1 -3.561650341238869e-05
 -3.659999772776416 0.8316353349957061 -0.5915394000812363 2.018092575101269 0.1785851892508552 0.08228935879979321 -19137791157.58422 133.7004971814238 53.54827315311187 2.719102299427072 5.05661799016359 2924.362794562723 1245 191659 1 4.686081809025355 -1.51389280362126 -7.129315197003526 -0.1128137033859851 -5.546735696009875 0.5669449859595934 0.5498600903093118 0.6830880031258784 4.868908079255464 0.2812240032800845 -9.137148595480266 392 648.5214219093323 2391 1 -9.781369282637208e-06
 -10.36936746615294 11.05495711341201 -0.2499013016596702 3.136149586386841 0.09912124332312577 0.07251634673124942 -15535168678550.13 94943.67585313457 22418202.85381621 327.7337881165995 131.3573075042078 3003.591972112052 2359 127739 1 4.324500739740024 0.6085014192383253 -6.840890353070125 -1.713514010629905 5.754217718820629 -1.784353070625006 6.632137128948975 -1.932680685988044 2.942946579001666 -1.535877923361603 -2.326766833160854 395 435.125669002533 2391 1 1.938391022396455e-05
 -3.392755719099743 0.2052165340891281 -1195.547511783575 3.314569125845588 0.1271877526965188 0.7357438240715791 -8.798780062626131 135.4528441981112 50.49021709197368 24092.15987030851 1864354.467089681 2828.066987992316 590 191662 1 -4.156484232801395 -1.133055998159729 -0 -1.23369447929317 1.894687989390718 -1.123481409396653 6.163483922716221 -0.796519443340209 -2.581624901784021 -0.8752947708387966 9.684217310836038 398 651.1447968482971 2391 1 -2.789839881784731e-05
 -2.956891879971293 0.03212620310580833 -4.550362438946369e+20 1262.238110928187 281.3338552090562 0.4404185426419523 -70.67872565726661 82.30980186036176 19.19362180873038 0.5746776559976752 109.1411248358492 2918.592192194834 2813 191587 1 -4.591853421647382 -0.3125829869405284 -3.084569599962646 -1.403285549106464 -2.030042739651572 0.0120799016294568 -6.771133025941173 -1.543621582348402 7.62954007079952 -1.263047873790224 6.889777324257279 401 654.6740739345551 2391 1 -1.504581152846099e-05
 -4.316460705416644 0.3368609839734295 -75.56307869654677 0.283936649007125 896.5499087211231 0.2650993394025652 -2458.669417252661 42.89049578669972 7.204263961400154 1.277075349233319 19.0753329693984 3059.934982887462 410 127570 1 4.589668450659411 0.3196332438063857 5.830051458036671 -1.459800867796639 -0.3544762225843616 -1.622888787173824 2.337405965642593 -1.233421077359573 0.3411075288764462 -0.3630763110591637 -0 404 435.8376190662384 2391 1 -4.90548210406569e-06
 -2.841135228095903 0.1035493168496792 -28897123.64526644 1722.95611674368 257.3821409076084 0.05377618324619122 -7106402719717470 27.7292638762915 4.103623407890745 460.5254137017126 517.5199599763322 2903.902872693626 4340 191655 1 4.304935170222185 0.4259318363951334 -0.5836288942763463 -0.2405699972399846 -4.245089156199779 -1.322670749154218 6.360799679851267 -1.487617075784915 -1.61197547995785 0.6286786867147613 0.674143957415553 407 653.0976600646973 2391 1 -4.4622339954434e-06
 -3.223165642842633 0.06945204765500851 -37820436178.70069 0.03820533280397556 9.961937611500597e+20 0.196607564015302 -50222.35926170927 462.0704008521505 513.6305540204709 1.772153123397868 4.180108424858436 3211.165673861236 5084 191657 2 -4.329555032541227 -1.922432938349994 -2.132587009470424 -0.04737752912404148 -0.8405674966421239 0.6682078669772893 1.222564511763292 -1.67902336183496 -5.984615536346258 0.2651606406450297 1.718098285954238 410 652.7012329101562 2391 1 -7.456789020125202e-06
 -2.715092186787642 0.05538683127279022 -5027142000585759 1829.158793094238 489.6047608813666 0.06425227843495292 -2415504659069226 5.839815295915983 1.448228854721434 3372.437103361035 21892.36236572734 2978.118987216564 1329 191638 1 4.633414139456688 -1.250313273415172 -7.901453636488881 -1.501203916162957 5.957519382285179 -1.489886481014349 5.022382085910249 -1.394084648358489 -1.504002957501128 -1.73832341948872 -7.018659700680143 413 648.9766449928284 2391 1 2.342518313163161e-05
 -3.596286222123469 0.1275673713685168 -2057592.649582721 119.5676980704422 2.17990024503699 0.7008206566830028 -11.56835506981409 92.60397753256973 25.29751127551063 1.21657687351528 15.71697702162775 3178.053144490113 573 127759 1 3.94882114575239 0.4353982065699702 1.364605746027299 -0.2953929269822435 0.6590595092185616 -1.305999732266844 5.850763032482067 -0.1005680765362645 -1.83820714802073 0.2720126119257093 8.697717938398105 416 432.6797008514404 2391 1 3.972660885018567e-06
 -3.168962566913593 0.1739859473489667 -7185.710913248161 0.03316474695373355 9.986381070284744e+20 1.049880001309083 -1.551110780156904 187.4692108005254 89.89370765720051 2937.899510990398 16506.11563714392 2824.619568702486 802 191560 2 3.514670126680981 -1.453703157300626 9.48191274638579 -1.373114189349456 0 0.6339143990991566 6.828310941051407 -0.1843548210780002 8.07339904937432 -1.757398834230471 3.02030145401223 419 654.4545698165894 2391 1 -2.486121837476678e-05
 -8.431383074044369 9.528563334106108 -0.1816607225072739 939.0675517950384 41.46649669281218 0.04730403548603732 -2.530650663757595e+20 606.8937608507614 992.7900222952198 17588.45689992729 643937.4184718665 3059.153542962455 1697 191633 1 -4.407475906968703 0.5963855637536453 -3.342464259672506 -0.4584686711590847 -7.726285970922733 -0.2105101289059146 2.982091573783158 -1.618522257075702 -9.230470568930972 -0.1660928634103778 -5.857446613505632 422 649.3340129852295 2391 1 2.287110516910072e-05
 -3.563419691878852 0.1052590166868101 -10545648.15059993 7.862300069486601 0.06693462060493906 0.8366354464740011 -3.031216352151837 99966.4938673563 21806045.88721878 1.434793320029279 10.34046453876118 3034.864566833642 1420 126949 2 -4.098656075023141 0.234645277618247 -0.7050997650940576 0.0520347888823154 -0.8809558339899892 -1.833458157026593 7.919417581136331 0.2170610584655859 -0.4303078078192941 0.1272989777451814 3.236400328176135 425 438.7211861610413 2391 1 -1.606462358710039e-05
 -7.29560434993503 7.934673837700822 -0.1219515102315925 37.70899499303199 0.1887474954782596 0.6508031038535655 -14.82358165373629 1046.432411081926 1964.716211575829 42202.74389507066 -2562191.632915245 3089.705769266179 1418 191633 1 4.59792480323825 -0.664590398753794 5.37834064794832 -0.0633084457178779 -6.72939281558518 -1.483120914230432 -9.924860028373912 -1.575306147081093 2.950312893778609 -1.316975970480144 -7.18827559614823 428 652.4673948287964 2391 1 -4.559847921402558e-06
 -3.389511207092018 0.05418933100973704 -951232408061424 13161.51944668384 7729.341763344481 0.09836029082201597 -3858274157.712857 4621.090562539722 42436.36764934209 0.05803829048322159 -1.437155891358324e+16 3037.739916118459 1208 127776 1 -4.671464296253548 0.3252318394249323 6.810919147495655 -1.150222659082311 0.843127755989157 0.5516605388200793 3.05956186437779 -1.058485945617427 -7.832449385718748 -1.684168880498754 -0.2825058340485347 431 435.1144649982452 2391 1 9.852372516229677e-06
 -3.299625878079407 0.07318696775789374 -359942912857.6612 0.08868169812750079 -16016534706.24188 0.2317396920634701 -32506.41683931865 90.46585963263016 21.4619000497491 0.3929480808284443 1947.633606461727 3081.327164102865 5410 191662 1 4.607033673503012 -0.4110893111931713 3.515906758022687 -1.924437445680308 -9.076890072554992 -0.1384147051967339 9.417120816852481 -0.6891517807864869 -5.452891082282029 -1.43393619060792 -6.388689593728483 434 651.5544650554657 2391 1 1.636267926891546e-05
 -3.265762521221416 0.3558343688803698 -54.50655050248815 0.04457405755388508 -1.946645094379353e+18 0.1303761616204064 -7091512.867966009 52.59295611250132 9.646849769541832 34939.73733860784 1298639.694047868 3046.436011814998 2374 127776 1 -3.501490531818702 -1.797023987486353 5.857832938472014 -1.768714218298545 -1.13424983674795 -1.593391445024048 1.503568982618948 -0.1941493115148392 -5.255373416192116 -1.711604648011371 9.098253416492646 437 434.9467740058899 2391 1 -3.4872041855522e-06
 -3.139294043972118 0.1643089447628208 -39047.17736949542 0.3306924067273217 -142.4536608862436 0.128190805571308 -10415088.60027348 56.90459004980695 10.15003493396397 1.243327854837985 16.03371423642251 2895.726994953823 2747 191646 1 -4.277801443024136 -0.538798193470714 4.689800416977617 -0.7300339457900176 -0.06687082852707649 -1.492895863201937 7.032418155045473 -0.5370515804388525 9.446916750887308 -1.083178681172408 3.499322254072703 440 647.532418012619 2391 1 -8.046107858543835e-06
 -3.212024197862574 0.09952986407495018 -115813600.7345777 5341.100107440316 1873.220984238284 0.06865938190979112 -16017377868981.1 473.96564881466 493.2362990570479 228.3115306922161 44.36364001498097 2975.872545258126 3908 127769 1 4.241032654646562 -1.584117382163818 8.311714185850017 0.9879329734313496 -1.22305149197242 -1.579341948291324 0 0.9837315338647952 -0 -0.7690725247366181 -5.707684736447741 443 435.3417859077454 2391 1 3.57496296648477e-06
 -3.180982628932828 0.05256105622842781 -7746220916750197 0.1695970447941785 97909.08922172645 0.08021316091577338 -761460877933.2703 3305.747704230967 23546.80327623988 0.06326501069669425 5645460857852509 3094.832573552446 1924 127622 1 -4.477699725106852 -1.594797322115352 4.211959950636748 -1.859995972417471 9.8966173020735 -1.471845116687989 -0.4545825519112423 0.1026539703846901 -2.173628721622876 -1.13517149342853 -0 446 437.8084599971771 2391 1 1.574464446491274e-05
 -3.373837929233582 0.07277320017940954 -5892593068.293599 0.08556208195947658 794526901.7883428 0.05035659484830104 -8176759877821088 119.5388632768591 44.96657165534791 1.113832195001503 15.2224911749977 3262.84343252428 3357 127738 1 4.061020754864474 -0.6005997708705726 -9.396373689793251 0.9511622331070919 -1.812942531067406 0.409025209154421 0 0.4761539880630479 9.379305562969858 -0.8320786698252017 -0 449 434.1331758499146 2391 1 -1.437875796611188e-05
 -3.537019233522361 0.1130989644204201 -38483335.79350723 4184.832468837723 817.9973363015411 0.04936694279780057 -7.192643731382419e+18 429.2796882769275 459.0664581959027 0.07402290158573178 46870965911386.8 2866.592376443043 2030 127761 1 4.035465824009629 -0.5122808852173898 7.13049586706447 -1.85859833077476 0 -0.109048241272947 0.2314708418229725 -1.327072087608405 -3.615255716633842 -1.626146865895429 -8.176233944848544 452 437.3598940372467 2391 1 1.576850239081738e-05
 -3.743529101978873 0.1403851126047204 -195268.6792293967 308.0081380521547 10.94179850988204 6.210166177515781 -0.06901072226354803 23644.08558713312 1268616.82948413 1.030896437765762 28.85141408624227 3054.498017717842 161 114850 1 4.669390948268362 -1.360117306923114 1.882399076163089 -1.103051325241232 0 0.3767271429664193 6.870921694420298 -1.834134480897324 4.59878116200635 0.2512392884642968 3.170352666516141 455 431.702437877655 2391 1 -1.344862701005658e-05
 -4.4304329584114 0.9293151287240796 -1.233808211891053 1.003356668611087 0.5453475818005826 0.2019472219216682 -68800.07688454872 91.67896591835145 23.35313714130455 5560.38961863046 -16325.0799552198 2918.301009472185 2981 191662 1 4.269993361669438 -0.7601554595664384 6.607818826661459 0.3022374127392329 -0 -1.754968966633805 7.56724676534953 -1.417354899822184 4.457724694515803 -1.640887265499714 3.44750388570813 458 651.5437090396881 2391 1 6.48073208664416e-06
 -3.888592935780442 0.2167592008290435 -3660.830789123343 328.9812023536505 18.04860970866363 0.3693337043514415 -318.4164651582892 57.3610230009207 11.73981430884598 40862.09888005425 1060916.351118331 2938.619220216582 741 191581 1 4.441333008900723 -0.7453292884498577 -2.336490897178435 -0.2126163722957131 -3.973573682367538 0.2750609949047855 0 -1.35995763108306 3.36805409991894 -0.3396810002086745 -7.46015181382041 461 652.7617127895355 2391 1 -1.405093382575157e-06
 -3.26832991540637 0.1855723546446001 -20210.46746556291 6.524323460209744 0.1099258858857114 0.284472507087046 -3146.495689372745 7150.614876801359 119865.526424807 48.8823630607959 7.40800775583155 2996.18718949326 1889 191313 1 -4.640955620163814 0.3713239664128575 1.283639706557881 -1.546907110026814 -4.811868396449597 0.2941080507552404 -1.996098840654135 -0.4255588254014687 -9.4885961740138 -0.8843842856701656 0 464 653.6747529506683 2391 1 1.407560546610189e-05
 -3.347100101803144 0.1312377543756586 -588145.3177290674 0.04042184451136995 4.986325975440699e+19 0.4094032371364971 -107.0317372124475 79325.98828549462 14609815.1757904 0.106389122000971 814008986.9215637 3039.396593691899 3255 127776 1 -4.596377800357417 -0.7896518937953259 -4.334107780988803 -1.355515219427148 4.260250878560223 0.2382710672486294 1.244818523289964 -1.991364130460811 2.577942807839339 -1.839729509392564 8.986557145144547 467 441.0624899864197 2391 1 -1.036855911881256e-05
 -3.230120364385853 0.200935676386862 -4380.481721385002 0.04596133039911021 -1.113090746512127e+18 0.1669169171321064 -64761.31371744526 547.6673820417356 641.8350446631473 0.7372868793764576 78.36781057038324 2903.849927051054 776 127755 1 4.424329831021646 -0.7763732297245634 -7.523516248017344 0.5791647210992634 9.455436949569066 0.05021012905201337 4.435898952670629 0.3378832856792822 0 0.02438182900523511 -1.999705271797844 470 435.9739849567413 2391 1 -3.710543915086916e-08
 -3.548054302114072 0.2858669817979758 -336.7214247468278 735.6020824286431 82.71804868668541 0.1217203656097872 -131319946.4760269 5085.196623118506 57918.56892860213 0.1977687709747449 -617549.1905148161 3289.971762807104 2196 127760 1 4.240272910521695 0.6277560349126472 2.154994500650053 -1.759265535964512 -0.5775403344746373 -1.392713953516241 -0.2734291576139221 -1.750150472945458 5.629108700289304 -1.132238519310039 0.03288593167571152 473 440.2217960357666 2391 1 1.203794669964775e-05
 -3.136741251028151 0.2868606834197625 -152.9432989895251 3.751660848780635 0.110048980968681 0.1008072679243218 -198311559.6956161 78018.21156773424 14343758.81959183 0.3107934275304383 4482.31480553139 3181.870092736486 1132 191571 1 4.111467810670812 -0.6232518067221964 5.38908904607124 -1.696111031563789 1.091424167520398 -0.3311168472540711 2.3980539575859 0.394628190448392 -7.359573735384091 0.8610109973457316 -5.805639079371501 476 653.8675169944763 2391 1 -1.54569150339239e-05
 -3.24385502928619 0.5714322321635971 -4.981247513661136 2435.446007973497 995.0617558956799 1.306972298260638 -0.9874340022106655 133.7468102525357 50.64002061388217 3528.198342752354 36788.66829873638 2935.580329420944 1299 191405 1 -4.532155767607773 0.9781267370398323 0.6157774502069007 -0.3480375670320424 0 -1.697107447699152 1.132069781585598 -1.919003698918172 3.77789621316171 -0.6753304250994745 7.729762096711044 479 652.6742668151855 2391 1 1.450001273944043e-06
 -3.303831155363981 0.1032551706941937 -9742633.036712375 1.748346156956118 0.3333514091673236 0.3880094819770247 -156.0842231474637 484.6812781698079 435.6723675623505 0.04985946591449734 2.176754933791125e+16 2844.90646780997 3295 127773 1 -4.65649266448643 0.1844116577589471 5.349818140451077 -1.686071597113324 -9.853211431425498 0.03723607562904709 -0 0.2928962443240053 -1.474800760195135 -0.3946724851928849 0.5050061998012341 482 439.7931518554688 2391 1 -1.624216850035617e-05
 -3.699267134937529 0.2888754081747203 -98.14985556498351 35706.55368398204 137281.4649077076 0.1020777700170213 -37947426.50701286 1150.806522729816 3357.976703626021 0.06750239962515833 1203915258366.969 3229.006664530904 2588 191586 1 -4.284442853608841 -1.111724524357943 -5.092020867395831 -1.740431249714587 -0.05639918295413349 -1.056588505943695 1.841610544941447 -0.02119593771543297 -0.5378870885269902 0.8666271057109176 -4.318111079235031 485 651.4726321697235 2391 1 -2.989729997730056e-05
 -3.324031987939126 0.1983896639935157 -5421.117389360981 520.4517400394894 31.1787664964285 0.2112623643087962 -10605.9926078363 176.4047421540955 94.69431839408458 10179.46916385631 244391.6947231595 3011.341975767175 2511 127684 1 4.158680946533365 -0.102044537309216 -5.688845072380605 -0.4432846500477421 -1.275082669920425 -1.024764674968242 -5.870105182321341 -0.1101643063249851 -0.6024590180741214 0.9714257313435528 -1.855392231557998 488 436.4328010082245 2391 1 -5.41251242208755e-06
 -3.393622677953763 0.1515508385591857 -328202.6369796118 0.04793706138683648 -8.018818074423338e+17 0.1848341385207449 -148548.2721741035 82270.95818752449 14070479.74814355 68.64836530593784 3.009118227244923 2989.59932025025 3740 191651 1 4.140426872463777 -0.02662691106642527 -8.578120293802183 -1.331415452274643 1.079194980628738 -1.949273333035331 -2.388834437166178 0.1884325618662923 -4.215936454301032 -1.796018763041498 -1.574427122176641 491 652.971333026886 2391 1 4.240367861520381e-06
 -9.814040834178808 9.427129575140134 -0.2132694892392102 0.04148150911500393 9.975118311252982e+20 0.2037410989694412 -63248.84631386209 12257.72711327881 261378.3840563759 0.2060503620229778 549839.6926462589 3151.894591266253 1482 191532 2 -3.655597986785874 -0.7758989551343003 9.196614779402656 -0.0279304222670485 2.044852277067983 -0.8726349315700759 0.429103766858228 -1.62085087166738 -1.309158585419083 0.008151383488777428 2.465210926177056 494 650.7383408546448 2391 1 5.596539766395348e-06
 -3.173895149133182 0.04090132816484587 -1.049860177111874e+19 0.7671344510253659 2.315450586398486 0.1272299286928555 -18975284.73185754 22256.95502993485 793313.6193090705 83905.99194916555 7898265.815396171 2991.917859100194 718 191593 1 -4.258266135333945 -1.239843280349204 -7.697927224139436 -1.825334053259352 7.836371012368314 -1.264919797865192 -8.656382016309941 -1.969672748119248 -2.233308103944613 -0.927501870216175 5.81323083696211 497 649.9961829185486 2391 1 9.235116263621689e-06
 -3.571330688729454 0.1377175828617233 -5166605.856654186 21.6675249692735 0.3419129085505005 6.22119549625479 -0.2077288531513357 70.61503274387188 14.69572702449515 6644.26055066074 50850.73181796956 2948.253292435092 2328 191639 1 -4.426183218903384 0.4753733710429357 -0.6540552529625785 0.6360064501262075 -1.225015439019778 -1.197360738908219 3.769534774641754 -1.960068613905738 4.724116707439114 -0.7088118809353769 5.407544273347646 500 654.0175218582153 2391 1 2.715829753200691e-05
 -3.732782379038059 0.1468292662028734 -174291.6613889199 0.07760267063095157 395861093369.9729 0.06157371747112332 -918515326192144.8 25354.98428381228 1506358.138566717 0.1177961539302324 654430691.8362833 2880.338226317945 2313 127690 1 2.440629151839449 0.7139636532090043 -3.531238993998643 -1.651062494289091 7.598559514492527 0.7473619410373229 -0 0.05073539963315627 -0 -0.8567444752034117 -3.714897831280868 503 437.0166971683502 2391 1 7.855271775905265e-06
 -4.209849238205963 0.6654797611588744 -2.352347231085355 0.3471887269823314 -17.69558723739413 0.1933380321972149 -29044.53184748486 31469.23324336939 1835245.414836517 0.05348836518750182 5985359367957460 3165.525429443079 1030 191533 1 -3.882543352437423 0.8165170386712308 1.054228189839236 -0.9686290519067198 -9.38029186397576 -1.304414638762571 -7.367005882707891 -1.865108509737224 -2.583631928893745 0.8984533492296833 -1.906677189149799 506 651.5499198436737 2391 1 -1.505953542344217e-05
 -3.982952859441178 0.3244439515805992 -188.681065388471 0.1068913401230924 270358992.6454371 0.05358268679275588 -1.191482462843934e+17 692.6806008892789 1107.734885467195 1.041491891076137 38.54119299905558 3006.021964461876 1081 191627 1 4.061856104758519 -1.415148886893757 0 0.8326296062278655 9.934194916331302 -0.9001340438648313 9.207108672054638 -1.859128690476755 7.042145152707945 -0.1384368265879337 -6.124481230833719 509 650.1169340610504 2391 1 8.48479300307294e-06
 -6.482717262558661 13.79986937832282 -0.1508819907129206 5.627797940262006 0.1084725815155764 0.776211732606782 -7.374252615014553 485.5392614811414 536.0448204869546 0.6960818599246233 93.81031017035694 3073.139943405025 1553 127748 1 2.38322509921478 -1.420874924319558 8.755760603101459 -1.921420219623013 -2.922505820927299 -0.5955510674159372 -4.775691309969623 -0.3325361853631766 8.433386787195927 -1.483172257324077 -8.651665140718881 512 436.6886270046234 2391 1 2.129829218548234e-05
 -3.368575835726597 0.04916209174500108 -2321505128301603 247.2509469772639 -4.708190555340186 0.08139684605763084 -101268599847.9979 4018.116324142982 38218.09102272311 4.134252430695068 1.357027497325906 3055.672781623914 3578 191660 1 3.615743386358415 -0.615882282932203 -0 0.9557423624572507 9.3246457453359 -1.229409235171468 0.07958872693293761 -0.03967938254636486 4.401394719808881 -1.986390861988176 -4.532978576012271 515 651.5601401329041 2391 1 -6.468834513131413e-07
 -3.431688306823546 0.1276716941652138 -753173.8536435789 0.1532854584026794 -288860.9054246551 0.1032565393774798 -383718757.4783939 2925.876474116357 18934.09001922301 4.800975982835923 0.942748060531988 2968.404344142644 2744 127765 1 -3.996249104907496 -0.003071554978372902 9.953740003185757 0.7102470743091414 0.5669277695247299 -1.430205491413748 -0.9357391109877389 -0.4219124362073705 -8.625736900045421 0.587236188209824 7.904608634500773 518 440.6150939464569 2391 1 -6.126421311489388e-06
 -3.028332420141903 0.1259770653675654 -7402275.081336927 0.1067126733906757 -249356854.1312064 0.291040669696013 -2047.241253005663 5810.092809967227 72570.30486197557 1.023096999069407 19.72952966713171 2931.464696321947 2635 127724 1 4.588836506245805 0.1252452083656763 -2.155021084056937 -0.6520551287002441 6.328422049761411 -0.3720782137038885 -6.763339822874679 0.5593141743515838 -0.62556589253031 -1.178394735442053 7.520498962651109 521 436.8852980136871 2391 1 1.765109041350431e-05
 -3.177935552785964 0.1030563063706874 -75015361.45596965 1028.348152796036 93.67162237717105 0.2506604120932209 -3632.471006793586 85.0529680337423 22.17031648098156 0.4934145283465048 384.7308727638195 2985.218467998535 2177 191650 1 -3.607639067965182 -1.519264827130693 1.99149993348227 -1.33021930945633 0 -1.754889600738951 -8.985983438381986 -0.6296416469350508 0 -1.356996472472832 1.750458870988983 524 652.9956338405609 2391 1 3.331825904543026e-06
 -2.950457215870254 0.1883353163498759 -16998.06992366291 10.59172843642947 0.07163237486020706 0.05443153571530617 -1.524454040041737e+16 137.6891323235918 61.87336727823784 0.5386835309973715 346.6089616791634 3131.360787348596 2450 191657 1 4.329599013060745 -1.507742836313263 -2.723024380430511 -0.3128124698176045 2.109345907908273 -0.4515129351571581 -8.533668580572662 -0.1953862105630204 8.089279284581721 -0.313048950666663 3.516066864303173 527 646.8047258853912 2391 1 -4.606211611833153e-08
 -4.299624077118468 1.266639155566778 -0.3756210769911361 2.32241472989825 0.0754687848979589 0.3423411486405979 -220.1838608676903 254.1906464803564 132.8816382534096 44268.2438513086 1186188.457408997 2936.681560483673 270 173325 1 4.559250603041638 -1.476696266604341 9.950584123758132 -0.2053173994994886 0 -0.157411914429817 9.20646639400405 -0.4613194078342673 -1.636303224836839 -0.6784144527184983 -1.413914668081961 530 589.9804818630219 2391 1 -1.681225641129861e-05
 -3.738041833908624 0.0917987942561076 -337783905.4623592 1177.256333912438 197.6114107755543 0.3774836909910718 -258.091491174202 1703.181200433808 7185.793518225346 155.9051609237858 28.7889361268153 2990.163846994315 2525 127764 1 -4.697714428851664 -1.264400631324124 -2.356613770305939 -1.734456411923813 6.537971022634467 -0.2610379273893476 7.831726935660935 -1.14834881615587 -5.675187640647697 -0.820535782097947 -7.884720083657708 533 440.9923529624939 2391 1 -6.150429150337258e-06
 -3.210148531415314 0.07695239969591011 -86676783648.77094 0.08709305420524663 31450746962.94075 0.3083001954202152 -1476.644907495756 853.7479672319286 1388.74736608463 36768.95948507629 -474199.7612583289 3029.029745207801 2342 191644 1 -4.479052895778975 0.0255297106037169 8.117020289927227 -1.104910602826443 -1.256295429207291 -1.219769369881442 -4.372932165372831 0.005527296216802942 8.517038357246836 -0.1194794085797835 -5.742195923295459 536 653.0567531585693 2391 1 1.424616328768726e-05
 -3.061276459696501 0.07400096938553152 -78481907802.81924 169.8317924020038 3.337987789844644 0.1230825192409029 -37880337.87484553 1453.893941807837 5229.595768384439 0.1660171467541697 3530186.99777788 3001.449301773224 3368 127776 1 -4.27672807350482 0.6427347668656669 5.720996303678907 -0.1947577265634993 -4.066963413451072 -1.239837407871962 0 -1.52982411981939 4.33067048181416 -0.3492478561944106 -7.605894719872605 539 433.6330680847168 2391 1 6.97479183273793e-06
 -3.629928013939011 0.1121313164867202 -8790609.974876165 0.4739950145855658 -2.913725173929962 0.6944573145560894 -9.172641097108784 17001.51621303208 651758.0768784526 0.1489814131248027 4721083.274965874 3062.534906271268 1430 127720 1 4.615557469723723 -1.474389832084491 -1.722487149511475 -1.903091878666539 -0 0.06035991813594018 -5.124519616301304 0.4608040609338858 0.9464564365685466 0.6575057148737171 -9.656751734409191 542 435.4347620010376 2391 1 -6.671972155580803e-06
 -3.169241701358941 0.08660417820584972 -926662148.9361954 368.541315567037 9.01348868124933 0.305982517043107 -911.0298594692368 59.48286907212235 13.10589170546038 1.972380027266387 2.657077140029634 3108.751699835762 4651 127774 1 -4.622805636175401 0.4046159893560172 -1.650125253842701 0.4700378409104062 9.372645671120003 0.5640103586651448 9.74792618297181 -0.7244669461136457 -7.377065019495488 -0.3918663390298604 1.696162593327787 545 439.0316078662872 2391 1 -5.648440885211987e-06
 -3.795403074897644 0.77868133305664 -0.7747429075430537 0.1217316444189294 47036128.68205028 0.7223382684143315 -11.62650969765832 158.852996973855 70.40991004209194 1.891464523274875 7.763710820887233 3086.759445740461 1380 127609 1 4.534275819448125 0.3314338931906615 -1.813336286271065 0.4724694586138662 -3.934400904232778 -0.3320461819040342 -5.104226309450851 0.7743132428276023 -1.704344220683837 -1.862970071614974 0.2709748114471751 548 435.2792301177979 2391 1 6.133822891897473e-06
 -3.542542602647359 0.1021543301549749 -27907596.08385392 0.9910907591220687 0.6637285399074991 0.1585918619940171 -541075.9940333636 1873.132638949247 7191.124466335976 0.1282178663942612 31321117.46609763 3025.420803041854 1220 127772 1 4.389807636010587 0.6772049857868572 2.590293759386638 -1.268083029298531 0.3033970708714833 0.7479551460249527 -0.3364834110064607 0.007496929291420424 9.496403539545234 0.8559794670442686 3.319091145507271 551 439.0988988876343 2391 1 -5.116126736864203e-06
 -4.114267853218651 0.5030749105741648 -14.55969364077206 4068.050767669566 956.9727838997039 0.1395129697664379 -20990590.2489016 48177.30186147067 5090275.846486726 0.09396985483582919 -122890821533.8384 3168.062214135513 579 127690 1 -4.553073094955733 0.2505006594110029 -7.413518412419474 -0.4061912900778388 -0.3070537635074198 0.7986412409834935 -0 0.570252017516744 8.388602349942499 0.5177927091479919 6.659410003761704 554 438.1964151859283 2391 1 1.698382139235741e-05
 -4.396237752201194 0.9279270536919725 -1.07718979020142 0.1624764892744723 263082.7717507337 0.09778700785871262 -2895045246.589791 262.8553067405731 156.0481774610819 226.7697150958914 158.1074071111933 3097.822248541964 2959 191660 1 4.510904213780723 0.2389975161425517 -9.49796550305428 -0.1112850706110713 -1.586167437447952 0.2946331873897411 -8.654719056201053 -0.007128708150721843 -5.344535700156846 0.04298944113457501 9.661653372347251 557 652.2598469257355 2391 1 4.150241749973632e-06
 -3.674272162623687 0.1496397737292165 -385373.7214868529 24654.89004448179 47576.55717008441 0.3628579351989559 -397.3822861279581 1199.556596757943 3492.130328607427 2.221563358405476 3.519315440863274 3013.785970264208 5616 303420 1 -4.594735239484026 0.08842182714891457 8.698434737405561 0.2878328846715967 -4.702769080222915 -0.7056627891036049 -9.745155624692195 -1.759167649275575 1.973802006270292 -1.618697788116918 -1.398527943445671 560 1024.364072084427 2391 1 9.838019774825645e-06
 -0.006364343609823803 42937.01781596489 301599.4666103455 50872.06080167995 217828.3607473458 0.167835980933306 -626024.0692785346 13479.31671659503 357540.5422552368 4.50404078600222 1.148209227410565 2976.666780661895 221 207239 1 -3.946673198133587 -1.402974529091507 7.671632493077094 -0.03001567840625798 0 -1.767073147599655 9.260844920179231 -0.9370001289637555 1.736764167604545 0.3912342104303281 -1.406307454617437 563 711.3124470710754 2391 1 1.378698684516385e-05


# name: injParameters
# type: matrix
# rows: 1
# columns: 11
 2.02 3 0.3 1 1 0 0 0 0 0 0


