# Created by Octave 3.8.2, Mon May 25 20:49:03 2015 PDT <charlie@dicke>
# name: outString
# type: sq_string
# elements: 1
# length: 114
Slope	Lambda	Gravity	Lambda	MagneticField	Lambda	MagneticField^2	Lambda	AttractorTemp	Lambda	AttractorTempGradient
# name: op
# type: matrix
# rows: 188
# columns: 31
 -3.005871886251742 0.2238870430603971 -3143.74460994332 652.0846099288559 42.48456821253494 0.06860429270700774 -39510218523263.9 236.6626834743219 145.9004712750011 3819.47299325378 14234.60286759633 2931.388118881555 601 127770 1 3.781602482211293 -1.157437018501776 2.218223320811426 0.7699469353613426 7.927711248885196 -0.7013953371879209 -9.676238280040094 -1.133247796350826 6.618712840313247 -0.9602738598922009 -0 2 652.7917771339417 2391 1 1.216879075916345e-05
 -3.413718936552801 0.2981897813761412 -147.596097293358 64040.06205049974 283058.7384535316 0.09194729707690602 -3924614293.239457 64860.0136770251 10433588.14884633 5.335478844131683 0.4633011092101459 3042.544822593743 1500 127761 1 -4.615647560446471 0.5429832909125163 5.655807490826128 -1.054047906705706 0 0.9234561260588507 -0 -0.7916532964286471 1.926728317437555 -0.1904931963910262 -0 5 544.181312084198 2391 1 8.652056389758403e-07
 -3.188026318852657 0.06180176183890176 -2270466905958.098 8908.122670254861 6543.913472875218 0.1272359985461701 -25052740.81540237 116.1233861411563 37.70544935555759 2.045611007328456 7.560853017573689 2852.338243239587 615 127633 1 4.214789918585667 -0.7166047483092592 8.441630159558695 -0.5911129884796331 -8.073948894436535 0.4769886174626716 -2.676479915139391 0.9269854071135826 -0.3369539037791611 -0.6478737470112108 -5.173041873908124 8 544.142322063446 2391 1 6.438823338459565e-07
 -3.43854854474323 0.1345560238950966 -1198759.675693157 0.2021817065806417 -11176.25396039441 0.2398120623623923 -7323.206704209493 389.7763760071331 365.6623030082509 1.555963201495059 3.205730818047904 2943.183739558965 1230 127761 1 4.594361389335639 0.7798961750477407 -0 -1.931012926736098 4.850502750361191 -1.736423807081336 -1.308281019005134 -0.4264408092225889 -7.320315310611818 0.2493034772793754 -9.532063733352331 11 542.4525890350342 2391 1 3.656201696591019e-06
 -3.367476424047913 0.04678182621224906 -1.342092386151502e+16 4.728857925604773 0.06999090365846269 0.07811693631795678 -403671831138.2075 241.6325144019574 157.2488133365001 104.1103220973347 15.04238576366646 3033.426926051841 4665 127768 1 4.317586631797763 -1.795265190116552 0 -1.637167759745508 -7.934808990343901 0.8002139680503015 7.071764336976623 0.802865049505745 4.031269805364555 -1.998369745173037 -0 14 545.2491087913513 2391 1 -1.921191739943374e-06
 -4.70813348529477 0.4856837192586468 -4.620622259999201 9684.364571464448 43329.08040272858 7.887535354329608 -0.3460456363382918 52750.77011351417 5310951.12825904 1.176486302862611 11.61123001167495 3091.698749433077 212 180209 1 -3.968504114145402 0.6333561143411064 6.636425173501836 -0.9915274614506648 0.8343608651939909 0.003933090522998377 -1.376534363947192 0.3266001410419195 -1.559524875283172 0.57437395833667 7.115607359257528 17 808.6370730400085 2391 1 -1.477787676396104e-05
 -3.408808855434589 0.06473541274213783 -46973045984.52164 0.04344984206650376 1.419724352164061e+17 0.3058438841575103 -352.534112769973 20388.77884332989 847148.4834775766 1155.509186316271 1465.987887595591 3080.547212926728 236 111685 1 -4.458029709112626 0.6063585394180735 4.479155305567134 0.9812283279147564 -3.84861263705243 -1.981621368346818 -7.280818725031711 0.8281447400789679 -0.4072479752427589 -0.8686123409688431 4.90361553953645 20 380.8414378166199 2391 1 -1.570775641876174e-05
 -3.049568250072656 0.09161015246152936 -418146158.1385913 0.1146934017567736 -42183044.72855599 0.3807732728591474 -378.6591013802394 87035.74870793501 16502331.38946605 0.07315901458227093 -7524090112268.128 3010.01490710434 3010 191663 1 -4.638812014815624 -1.7937084870172 5.815381230898644 -0.009657606014000559 4.233951251340955 -0.4731563734784849 0.8315242274019448 -0.1326793362335126 -0 -1.578323243466692 1.1176315126173 23 644.4714319705963 2391 1 3.007553284769566e-06
 -3.225611269530979 0.1170519397101476 -4363289.520407845 0.04368184575942367 -6.402558688665918e+18 0.0601715991656034 -489169175864017.4 552.2680350993506 714.4268046818603 50371.23695976564 8305095.578280474 3138.580201686366 1402 191663 1 -4.539105291400266 0.6220006220328367 0.7568982080316564 0.381528279352696 -0 0.6406274560367629 0.9565107097886685 -0.8012220448075915 -4.89281241338013 -0.8100107746961811 8.530250416745659 26 639.616142988205 2391 1 -1.486358327865353e-06
 -3.499812200718356 0.161881643915203 -491242.3282707161 3.257044833650956 0.05620648674920693 0.7025820051482792 -11.9645505025028 45062.74029742824 4580794.408028648 0.8732938533744327 90.59741844795491 3115.585823598921 4750 127773 1 4.556260107866301 -0.7035787825172655 -9.973390511429725 -1.364180016135363 7.928136849269611 -1.737935357152204 -7.433915066445367 -1.775391314904938 -9.551867357858038 -0.05612537710470457 -7.095066430299648 29 432.7037048339844 2391 1 2.988082555156417e-05
 -3.594835252285732 0.2016974872504133 -9381.776531590865 0.2692664488207372 -287.184439140847 0.141503149639806 -8988607.808294659 93.44422873415907 21.96269267799877 0.06696499555205197 650815157140565.2 3079.378883626516 3060 191664 1 3.945690117256861 -0.85791488669354 -3.266201229824276 0.7066270005194535 -8.580444268795507 -1.786923435719975 5.490852397645032 -1.847864561654099 -8.350756625880202 -1.241738612100922 4.766737777392387 32 649.7109749317169 2391 1 1.120683346163706e-05
 -3.531748231206362 0.3201541512357775 -122.6241343828057 0.4350387500787663 35.22370035236983 1.067477381769602 -1.184429788599433 75452.14382702411 11475694.91492234 33540.49695811488 -306745.0092646058 2950.494939839036 1703 191605 1 3.775225314196502 -1.814221659440731 -4.415918679453799 0.213209343728761 0 0.6940720467245484 -0 -1.394212591527375 -5.103625430232994 -0.7596552713674454 -7.547144518966592 35 637.1863071918488 2391 1 1.01546722100206e-05
 -3.785655291676779 0.1007634336161267 -129057524.2536902 2.429475701724011 -0.08475939798582839 0.2286862671484491 -17886.10600539097 6192.473134562353 69918.86766809293 1.304684886652758 10.37528329050453 2961.227347932592 1846 127768 1 -4.292288583264047 -1.027579182011177 1.621554382033587 0.03062685595233637 7.192721073559371 0.4831065907479877 2.912265336982916 -1.200642297263014 0 -1.836316914326234 7.93842739663291 38 427.2895638942719 2391 1 5.447456800362201e-06
 -3.335383686426761 0.8594959833054644 -0.7509665423607839 9170.46912576945 11909.33620899386 0.2617302826885147 -1021.158106440762 252.2168690919061 141.4600796643311 1.993474262641525 1.320468504905076 3166.582114142582 593 191640 1 4.06453030541044 0.05839933820462755 -8.590001306932553 -1.509129716524074 1.517796687145143 -1.242930686958834 -0.3743591189607098 -0.9443419675729556 4.545768871011451 0.9609683375348226 -8.592009731319061 41 643.3501579761505 2391 1 -1.515795649677967e-05
 -2.467668096634013 0.0575289611825137 -10792409503448.9 4.107103172606266 0.1004853924250563 0.07142634609145637 -2431560073044.051 67910.93094046827 11773574.68020647 1362.930942487717 4163.551181099248 3020.796880715235 2618 191633 1 3.790666683260492 -0.9179014926501585 1.692431544661796 -0.9033743622723103 3.470534662981713 -1.302190348941149 8.318044099250844 -0.7849724170610433 -1.333322437562975 -0.9302761594718936 1.864420696948511 44 643.8747107982635 2391 1 -1.988403111001264e-06
 -3.516010785803735 0.1781707089844339 -25308.45898678641 8.315780019551516 0.08242832527780461 0.2985711190756878 -468.8160149421804 2822.132493089766 19368.27078250745 3251.095627282325 19526.21638431319 2938.339922081369 2777 127738 1 4.628729147165764 -1.127925008678043 5.911377171190797 0.4574496299320563 -7.803428487069102 -1.293695119947978 1.883864483015041 -1.651629965958303 -0 0.4203960106656641 -8.394456606916341 47 433.5605058670044 2391 1 -8.603200758726504e-06
 -4.701256527311203 3.800765834647432 -0.069511177431629 1.810812690819293 -0.1665193451208047 0.0455862285942575 -1.268761402954089e+17 138.8549044088842 54.11580386241326 1.95593359482792 5.749975241312519 3181.873637194753 849 190855 1 -4.438765585316212 -0.8179940587044321 4.520640119566174 0.5890963080559155 -0.2467152785400644 -0.05155327067080508 -0.5247950788086686 -1.081382668936175 -0.09810507419516279 -0.1599149917903136 7.833787070905009 50 638.2535841464996 2391 1 -1.868970879922597e-05
 -7.970503170944049 12.44540700735099 -0.1786341610332739 0.1214988588069128 16437160.86157877 0.06303743831942785 -37936686591382.66 306.1968162036838 272.7250032877744 66610.87477353383 14413038.54327958 2938.065114781567 3412 191649 1 4.680866366130437 -1.725106065291175 9.316495213362913 -0.1026519256898926 8.012071726536536 -1.910058026946096 7.817338006879696 0.3135058230630605 9.334665829537952 0.6573744771241889 0.5273220247239099 53 645.0740010738373 2391 1 -4.317053667778098e-06
 -2.86303429132312 0.2237417400041599 -1842.940522902142 2.322598722266548 0.2647454874797105 0.04754892270759464 -6.445243534728708e+17 2866.167475654106 16894.23959528271 14263.79733682153 -252243.7119673204 3190.086222995895 622 191519 1 -4.182658110774584 0.7258998274628676 9.427844618287867 -0.05574540241774348 -8.441518297937128 -0.4537048398180845 -2.8952746534745 -0.2954232756941045 4.989353682654898 -1.539052451166104 2.510574508648305 56 643.8799691200256 2391 1 -3.591288396356602e-06
 -2.813868545536431 0.05322968686672344 -495787784688156.4 1.905446381753817 0.2102201604809687 0.1625891030789919 -987890.2980527419 98124.77427630129 21380977.8629725 0.08135711132286591 318492756095.1759 3105.005145631221 3365 191644 1 4.386525714255143 -1.263388566242499 3.090311316001784 0.9720934738814662 -2.067665305461379 -0.5593932784550759 0 -1.175271502336162 -3.252062720013357 -1.948646486954176 -6.091672060557441 59 644.5978679656982 2391 1 5.218942206677675e-06
 -2.644659302753914 0.1039891247803244 -13355646.9418737 1828.858615072133 476.2485512706193 0.06588779722138224 -8115798504292.493 29382.17899216307 2049997.55667377 13595.37929432951 216448.7843794337 3028.057178148452 3296 191650 1 3.858272499570425 0.6970696529637599 6.99550824948756 -1.748981611729966 0.6713359656899636 0.9396307565938269 -2.793024462998233 -0.9874384768295776 -4.914231404702242 -0.1577306807793057 -1.463123611490141 62 645.9149839878082 2391 1 -9.83082526702081e-06
 -0.0665044466997731 8970.39883767533 10063.8001499011 2.319227108453587 0.1422548912392164 0.3729439578620102 -225.7064073826748 16439.71519153408 505123.0720889823 0.0381820118972215 -9.998221356555688e+20 3123.904979677797 2030 207590 2 -3.70515782980562 -1.457145729148238 2.329005535834391 -0.4271936224191943 7.747321701909486 -1.790010749394608 -7.844622406018686 -1.951321923672988 7.604115272049759 0.05068623185270928 -0.9295804431630521 65 699.7151839733124 2391 1 -1.253424911745874e-05
 -0.8077213907036221 58476.67689966383 305390.7019368334 3.408544228529318 0.06803475680526415 0.1892324249913206 -69139.37596854601 589.9893167942719 798.1757397010145 0.09941442193102214 5519158723.816279 3140.833602674606 397 191046 1 3.039811776290792 0.7878433035060541 -6.004511339407387 -1.388887601313057 8.138496128879229 -1.363430843658952 -7.409410539582613 0.02748502268387213 -7.253379906256002 -0.8104732827213565 9.617956606706398 68 649.115415096283 2391 1 -9.0154407591609e-06
 -3.626311037412682 0.436079711463535 -22.44271530982633 6.331605887361296 -0.04406767478950493 0.05200440581096524 -4.63489289833972e+17 722.3830405904774 1356.442537228539 3.250418643736159 1.306704510145741 3019.947390431487 1392 191642 1 4.634387673533357 0.6209914118320095 -9.724554587741546 -1.043456755125159 9.680291153866726 0.04592502441425416 -3.939462495787054 -0.2994175428437256 -0 -0.6223148238544756 -2.491658037554912 71 643.5170788764954 2391 1 1.246615499736876e-05
 -3.18394113387287 0.03667758494433064 -1.181307458117076e+19 37121.29128451657 69964.1739536575 0.1879087283929462 -56004.13635576986 1822.677365802178 6382.166040499753 0.197572471201486 279891.2053406922 2941.313710217592 524 111568 1 4.38250182894712 0.9107664589704071 2.498003499662532 0.544288932062277 -3.269255672885535 -1.939839677061379 -7.524073104247275 0.5996623831456764 6.056015298201981 -0.3096070898128129 -1.969241366825822 74 383.125629901886 2391 1 -6.668591529682241e-06
 -2.911438872860145 0.1971900134351765 -14218.68622084462 530.3850655109794 36.36224735565401 0.3170069419529437 -749.3688437306807 2523.441106222606 14815.97327556645 3316.675340917574 17238.7728411408 2937.98983312205 1282 127769 1 -4.181856484142696 -0.3545313582061205 9.114256004492507 -1.5213817179798 -0 -0.662201089467497 0 0.3439680829326459 8.633759934871026 -1.301521321100951 0.5422253346337547 77 433.0336449146271 2391 1 7.109532815218766e-06
 -3.856969381376002 0.1090212577727349 -22617177.44857311 2296.818301903642 202.2542768559973 0.4347362275618769 -89.91482079464427 1597.396375165096 5583.870558488029 0.6587643465455296 168.6770089362771 2945.98776163006 2152 191647 1 -4.609445022053691 -0.5708795993926303 -9.921786093018676 -0.8418958061871908 -1.840971149436875 0.02460522361196781 -0.968265940120467 0.6682616962263256 -3.50033027587007 0.9986381941816971 -3.432265439820994 80 643.5940570831299 2391 1 4.437388256485535e-06
 -3.111315912118405 0.3077732231672788 -87.25737828505493 0.5913889793084128 6.536633535237428 0.3381344575811283 -450.7571750800316 3713.314448082775 33033.67631476453 0.06247166081252157 647708857316167.5 3022.017310517712 4932 191664 1 4.431651846335599 -1.675934185626543 6.754833261631424 -0.1340663330336351 -0 -0.3954621333595867 0 0.6922214489306596 -6.598597012541006 0.05483943140676303 5.819142882402141 83 643.9410631656647 2391 1 -1.630607422272433e-06
 -2.91665478076526 0.08199775730876653 -35277138517.41708 0.04174691427245567 9.598422343103467e+20 0.4602408165685204 -132.5793073486197 68864.05860977489 8407321.766970299 1.568262142997169 4.390893041596746 2869.414224817096 1844 191653 2 -4.619112781072929 -0.1544492939333129 -9.348916889586143 0.4828825041407833 5.774577455143724 -1.24022756233983 7.633923413259664 -0.6987837642860404 -9.551992473220446 -0.3290799089658636 4.66719100829209 86 641.0277619361877 2391 1 1.671281773709765e-05
 -2.884691576337861 0.07951607005721699 -1732629904.858999 236.607968444829 2.456158942448305 0.2371037701990043 -5326.517833002103 32094.07537894709 2250633.110351553 0.2476185086442852 24431.93543528094 2899.842081107615 4046 191660 1 -4.678131895534564 -1.439990053337606 6.394481926107151 -0.8553826419963553 8.498474943346746 -1.997076061811404 3.454612952255648 0.612110662375434 -2.254799587961788 0.3560465528878022 -0 89 643.9304571151733 2391 1 -7.275735609049374e-06
 -3.357340451248899 0.1937068304888661 -5552.164658875021 10.32177402668315 0.0361226643485953 0.2685198214874594 -3643.615384472334 3995.223706792828 41574.78358583735 0.05423454724376992 1423292525097617 3126.23823258712 1041 127767 1 -4.677754642932608 0.2465160029415334 -0.4320119290915541 -1.211368204264532 0 -1.47942740169341 5.032229000023689 -0.4756396885388892 -6.336406071496609 0.08015685530718739 0 92 430.8272528648376 2391 1 -6.893734445390043e-06
 -3.51578208923141 0.08491187913159987 -5449325234.055485 2.094059600368613 0.3468107203377443 0.08676622351551833 -58397457275.30831 63261.36333422721 9221855.966136303 0.1771032098952126 -605673.6927515812 2888.66734827576 370 191582 1 4.649917175959712 -1.135907731492241 0 -0.9417222959518234 -1.145480087322067 -1.481532775150136 6.385660713428177 0.5508650342428845 -4.216800703617615 0.01761692869843269 -9.08940076350761 95 643.9824180603027 2391 1 8.796002772092948e-06
 -3.6488263673079 0.1530380087709286 -95575.97105801302 20225.79312940429 17856.01742691774 0.2408537448967854 -8162.944243889324 180.7614643263327 84.00150684622693 719.1619178381767 931.2307780482976 3038.844605398822 341 191651 1 4.326932125553525 -0.2024797076518112 1.10008152038292 -1.698612407825554 3.775292638726693 0.6596410835920059 9.657266696631954 -0.5289349914681818 -9.564991474435985 0.3281055547438338 5.457933802072607 98 644.5405371189117 2391 1 -7.513947783335082e-06
 -3.797684936214742 0.1256750237812814 -2406252.468399033 6.801489045341631 0.09258119489962362 0.5265095854722049 -43.48669171050405 68.77122720049374 16.64548621465686 47.01053081478672 6.550479054079696 3087.874977594472 2935 191549 1 -3.82640222764859 0.6822424201029422 -7.097545372834432 -0.5026741570520912 1.735473143460731 -1.189345356914663 1.041432351389609 -0.1761625735712843 -3.740480912056689 -0.9586659790974261 -0 101 643.0395789146423 2391 1 -1.017688820143475e-07
 -3.308349240628274 0.1875339758593503 -6994.475006059323 53012.60716945762 290526.4397196273 0.2130035502416598 -17275.4218747974 108.2999738830225 38.28302085338105 3540.833640489863 16139.96563164329 3060.333123850771 1061 191595 1 -3.815807447596224 -1.479156441900038 -6.849327601027341 -1.533164922222227 1.29516827662054 -0.8753950620794626 2.609337534574956 -1.887112051341244 4.674513882631493 0.1124037441411865 -6.989154087271078 104 640.3706510066986 2391 1 -9.283717611245738e-06
 -3.292360275689905 0.07092672079871361 -6064872448664.441 881.9613066444286 131.1821340828315 1.783538189878527 -0.5734737763443515 136.7874087853544 52.1518353785524 1.693850972758913 7.516965663649026 2955.650953692278 4596 191662 1 4.484656389139252 0.9456870039210656 -3.548058185545533 -0.2130324103132066 0.6378463173608653 -1.709174654499285 -8.104699198827166 -0.09141537050271789 0 -0.5773999033153059 -9.589400866927743 107 652.5599548816681 2391 1 3.157350323644316e-05
 -3.305357446850554 0.1083745212782701 -3827706.530956836 0.3307354505842539 91.24772827335103 0.2468391809102098 -2853.909106105411 1755.4218313202 7094.816219752776 291.999807418023 110.8680465692641 3002.154543579359 3953 191664 1 -4.556702808816972 0.6612772437495424 -0.2201933232220146 -1.48721944326503 0.7344929187393978 -1.048682259009905 7.797961552339082 -0.8052961650993531 1.751352018916092 -1.718584731201766 6.505464856723853 110 642.3100361824036 2391 1 -1.949862417890187e-05
 -3.372328570615235 0.2593919370648616 -657.3053780341265 1.004310885413221 0.8044403783461851 0.07139213265633317 -2614324821684.196 120.3677475445658 34.72316142456685 4618.742412414619 -13542.62292708222 3167.944308538751 1566 303390 1 -4.015632114466174 -1.787653921013179 -1.337277704545849 0.9896443552359151 -0.802588569748182 -1.189187417696869 -0.189329493850801 -0.6298505577084352 -4.086247096534775 -0.003807821258998751 9.726605378466845 113 1012.197833061218 2391 1 3.587644585479535e-06
 -3.420763244388815 0.09309596676229404 -4193284782.247536 7634.772587474346 8972.47200179967 0.2174306443615614 -65458.21603269003 118.0121267928871 35.79785513309701 0.1368365454919285 253109392.619511 3028.543893242149 4407 191662 1 4.308951020016313 -0.3697170473879279 -2.728571667899322 0.06642817031339775 -1.066672488322439 -1.819105311714381 -4.889000755842829 -1.534171603658804 7.433055970037897 -0.2926628571183212 -4.996985989861655 116 642.9681010246277 2391 1 2.392246437423368e-05
 -3.039621529603365 0.105116860462748 -18112965.28433223 1.500390332737745 -0.08589856649498806 0.2605905337406033 -5288.475531812467 361.4070781399242 301.1895849824538 1.073805169406794 29.83318322964095 3206.372908117114 3685 127773 1 -4.173927839122324 -1.490605113810357 1.31461144701695 -0.8199608182858622 -4.363851340761901 0.1805254282263231 0 0.6150027281033026 -9.311678914550502 0.7492388177808373 -1.622291853955095 119 433.9447209835052 2391 1 -4.703087674365131e-07
 -12.45871330334288 8.950262525231198 -0.2859260051133179 0.3225693426332477 226.1542523522247 0.2154224511904522 -8539.242593995019 300.7383935408777 261.4011732524667 3492.096737061905 46849.5166050348 2958.129066585173 1739 191660 1 -4.687215230772821 -0.1254788833639706 -1.744181253063852 -0.2940073391735361 -2.382335502134927 -0.3107468005574594 -4.941633444268527 -0.1832526934857519 9.092387207116747 -1.231309696959508 -0 122 646.8586421012878 2391 1 -1.266435601565338e-05
 -6.968563848738933 7.098346148191156 -0.1206331344016176 1209.254799274991 118.0385991737029 0.05845843785861153 -124555121140965.4 13436.19054041936 472440.2514582454 765.7740737366075 1750.084226442021 3151.368704984427 5401 127775 1 -4.479098284284652 0.4995196700069138 -0.7985999444250047 -0.1349664212870669 -2.829950874516671 0.474739283755325 -1.985219201504588 -0.2874443404262852 3.639786167798724 -0.07868895670680588 3.218093805340804 125 433.0400259494781 2391 1 -1.245502914894762e-05
 -8.718894882208723 6.284057761279228 -0.1731917334735373 632.1038803245394 35.37182623847084 0.1023781848534738 -684877105.8381586 58114.5495909821 6995302.313510017 1.481370178068918 11.06089627975424 2935.220684226115 4703 191656 1 -4.590732943935355 -0.843455426700964 -0.6034197296151529 -1.768928872267594 5.445103824502671 -0.1466633570282845 -6.589750539152156 -0.6512661225752954 -2.493995133916955 -1.647687875807613 0.3572288215686523 128 638.5837168693542 2391 1 1.312192677008403e-05
 -3.102989067123171 0.06447069563030468 -4170288359408.88 160.4096444331935 0.5155690159645341 0.04534613152902142 -2.309823420869498e+20 23351.38840958885 1278897.003670349 1.560489961657042 9.806586131824984 2941.082880730741 5040 191659 1 -4.394443340365651 -1.962023359918618 0.6286616383140329 0.2271381232475358 -8.021496248963293 -1.743882312497471 7.062260886132478 0.8726237241356998 -3.780975694176039 0.8010248078285969 5.334350133224359 131 640.8607771396637 2391 1 1.254682995310166e-05
 -3.456136948503918 0.1499142972783818 -384003.8485478475 0.1900793378950538 45825.68453830971 0.5769305771751556 -11.03513940462271 3791.55652265442 29540.92647382925 4.602748542720936 1.473932401362512 3048.314803831939 2952 191658 1 4.452683873220418 -0.5838113526544255 -0.7656303617616071 -0.9401397595182139 -2.716704327217521 -0.3031592449440801 -5.002348338099946 0.9771804327817336 1.401332912405516 -1.962993145492708 -6.303228873023411 134 641.5915348529816 2391 1 5.164824567132999e-06
 -2.697251157703771 0.03470472827379067 -9.99731431364951e+20 0.404326575560729 -6.569307494795913 0.09281621351667607 -3962144693.232714 708.4890892952436 1291.188279158872 93.14698172449874 20.07141424784962 2942.772830570518 450 127645 2 3.132898441967487 -1.344198964827094 4.660019907654998 0.5324224333636352 -0 0.4926251094723284 8.242314842209527 -0.4097783712614964 0.01994480859146641 -0.3148229646359306 -6.524786074529743 137 432.3053121566772 2391 1 -2.017183940148473e-06
 -4.191753959562719 1.177526316422824 -0.2545212662129113 0.1099771218402035 -154850704.0127401 0.07532079583314821 -3034717924311.485 328.6904034014738 273.8278296622304 18231.03043309474 815241.3685920497 2964.037672091071 303 191537 1 -4.424719074956927 -1.835648302989972 -1.721928583353102 0.3699685094283769 -3.577584509444434 0.6266295673004212 -9.113348158931849 0.7789524579982654 -6.224833828961675 -1.43364893106749 2.691658058793597 140 643.0153670310974 2391 1 1.328848396461637e-05
 -2.95838418590502 0.0587784170575282 -634396100229.459 0.03608427908253126 9.996356462108528e+20 0.4145816779851432 -61.76762916852973 20.40460415203376 2.390408598860462 2516.816871698371 11750.14054454966 2825.387848156382 3446 191664 2 4.573642475781559 0.8183732776757005 -5.694983392088083 -0.9830675930113496 2.828966334931472 -0.7189329372783737 -2.524727200043835 -0.264979291269011 7.724826043063203 -1.75787038720729 -9.441836970640589 143 648.921905040741 2391 1 -1.748808788736384e-05
 -3.535669902410385 0.2054150718316618 -6348.226609005627 0.5161303782865798 18.09936822549681 0.6202260035718562 -8.226720204089505 51504.75743763846 5848610.344736287 2.237875028930474 3.589480680278914 3073.063806206463 1418 191659 1 -4.048185849772864 -0.4771431460625708 3.689468994923113 0.4231595277254345 -8.958717963853751 -1.881384176878745 -8.555096560066742 0.3047970845814567 -2.648511114514625 0.9066888920747549 -2.078688949147736 146 642.8298890590668 2391 1 1.478788108478715e-06
 -3.772264681001805 0.135848336305536 -1181718.11541439 4.521948188513104 0.0175995335451041 0.09515693416705444 -11565371536.59363 358.3159559955123 263.546561862109 0.08869897151080904 104762810101.57 3004.909994497898 1254 191570 1 -3.956428641377702 -1.142731279713841 8.768374200268134 -0.1018872776817296 -0 -1.154138452543273 -4.322208392619898 -0.9876966082953098 6.067435474287315 0.2158986385721451 3.758600672969259 149 646.8104209899902 2391 1 9.678851102802809e-06
 -3.530552748668907 0.5669911520020069 -4.956180757196474 5082.100041553328 2410.347703211329 0.3262238787578308 -770.4557010184393 32724.17433983976 2109852.111992742 1.630170306490279 6.896158007436441 3015.60600860568 497 127731 1 -4.097897240838981 -0.04561377546433047 6.3032128812595 -1.919866692193087 -0.8665418884451821 0.433524160324362 0 -0.1686795948580109 -5.434481026635304 0.6623753537553689 9.208769356771768 152 435.960942029953 2391 1 1.482101407072669e-05
 -6.755691850753276 11.10505488230462 -0.1446202026272914 111.4746116665775 1.133241437006889 0.2368824986567014 -13323.23956677469 72891.49828119944 12801032.8101928 2.028949204332786 4.498562436378085 3218.45248786504 1817 127723 1 -4.644495907434733 -1.295975579851874 -9.049005447742534 -1.275028242424591 -1.976906360046693 -1.650239681061528 -3.934547676607377 -0.4156539513000812 8.842734923724242 -0.2514669508243923 9.583471320418116 155 435.9964501857758 2391 1 1.743336151984207e-05
 -2.906642830867412 0.1022833135183242 -24816489.67166255 22.41923488024902 0.2013299387220918 1.587153180568986 -0.4855878144746444 1059.750301286103 2990.260435161787 1.459725802938233 12.41881584359078 2907.28657200715 3168 191610 1 -4.694498430263642 0.05343216018153285 -0 -0.1528258232481576 -8.833856746950232 0.1807570141854868 2.794449325619115 0.2751386949480059 -1.80780071067387 -1.430323610287458 -8.640773523818531 158 643.5995650291443 2391 1 -4.51017353971812e-06
 -3.683799446075698 0.1736485150116918 -31796.88655045042 1417.035111713952 61.94011587027814 0.08283421065128493 -92203234285.05725 1774.308419263093 7909.026723592276 267.7679173477617 253.4004642143729 2896.289954146546 2033 127725 1 3.950667100654796 0.8290711914325404 0.4420404058055771 -1.097897478774471 -7.138512977604627 -0.9850233207127381 -8.364657124048962 -1.054108558108581 0 -1.55218015216666 -3.511857890777843 161 435.7415030002594 2391 1 2.829117276475753e-07
 -3.225982850944405 0.1946245888112207 -29685.38682583354 1.192536099645247 0.935384531207189 0.06408758514899793 -2167153824049799 101.57640860882 29.01707415063146 135.3649254519108 55.28926762296506 3228.723966272602 1682 191660 1 3.94773410950584 -1.248086832392529 -0 -1.181173998564375 1.983524748837893 0.2310416171670164 -9.034129467862916 -0.3119123500515003 -7.534845866846331 0.1442947550841995 -9.471768723127449 164 638.7960979938507 2391 1 2.290394341495703e-05
 -2.461852713377762 0.2236467422353214 -855.4855666135804 2.70957951164822 0.1250302544105948 0.05845099530344055 -241094660087532.2 21707.10645242759 1061568.336761445 3470.212171027785 -14142.85923641565 3008.290473249252 494 191645 1 -4.285728779872988 -1.707153585899438 -5.329111082733188 -1.818303027407701 3.133947259905904 0.6173639779531706 -2.265056058060869 -1.727187543184855 9.636656787493754 -0.5507768513172886 -4.939636947587857 167 650.3566398620605 2391 1 -8.674702401089e-06
 -3.115498772653467 0.09622097798211086 -14226010.34761149 0.6583752971463966 1.705556564716517 0.1012664851150952 -52764356.87183801 2249.216689810815 12576.44194086699 9.506539410635535 0.4209500792317684 3066.619640897132 1014 191270 1 4.387406949125834 0.5159527407385811 -0.9169122272159163 -0.005230096031644059 0 -1.769553091226206 9.184795878093361 0.3963471054851859 0 -0.6935106815489808 -2.571050243199205 170 646.0473220348358 2391 1 -2.501810133237586e-05
 -3.2126777209136 0.08466394984396051 -46809206322.84224 0.4176388424596565 25.79523356690618 0.2347753011754057 -28018.49675525226 264.0543728316494 180.1710823358864 0.3386163670619384 13563.62113866353 3139.42364333305 4556 127773 1 -4.271455742655688 0.8008448333364715 8.789907110941424 -1.198714236321868 -8.332410666184124 -1.678039839490375 0.02505500647401115 -1.873118957232374 -7.996541107165726 -0.518771912813227 -6.319136162427783 173 435.4308571815491 2391 1 2.416825843897934e-05
 -3.966574278951816 0.7002246094605492 -2.781389534354114 425.8585047115997 73.8141483488038 7380.996397229696 -22209.63540499014 123.1552558329372 44.37906957404302 3.177649070407697 3.47653947791769 3058.726479704449 642 127739 1 -2.774445503040869 0.7989230950454833 7.754692017992484 -0.08807566628584421 -2.749139611518185 0.6908135764882699 -3.311628114249165 -0.3433659193970025 5.863076678733271 0.08069688526869886 -5.772501045448923 176 431.6332750320435 2391 1 4.634354651673079e-06
 -8.694974275970953 8.02322863086523 -0.1849078887061334 51762.46742745672 434961.1765813966 0.05780775266316879 -985997380600301.5 199.9426959611086 97.96028738504774 0.5213131703483592 143.5754776634499 3085.546160307441 594 127616 1 4.569087667989773 -1.703100584719079 -2.534821371144789 -0.8963238593592049 -7.65315921383166 0.8928126071507054 -1.663383754561588 -0.2225989302534375 -4.239475702856652 -1.441036245422142 5.626743093757081 179 433.8301329612732 2391 1 -2.609786869132211e-06
 -2.562948507735157 0.124350446700498 -1304087.828747453 53003.35102700629 846782.1900419584 1.611487875381769 -0.9379276430350629 46197.86274723314 5269304.311342746 4.004059946181608 1.621803269359699 3073.342891674277 813 127570 1 4.656909162988168 0.2144783527003202 -1.04181491514543 0.5568527552557354 -6.886665230004882 0.183544808006892 -1.722949957327652 -0.533011014902419 -3.190036005331845 0.1475610839586361 -7.693090688729193 182 433.7643990516663 2391 1 -8.862083876810454e-06
 -3.629422268055995 0.630328759098293 -2.789389757368117 2.22970103171063 0.1311170052223932 0.05328832540060238 -2.635161680339452e+17 1341.720798696076 3886.304171764748 155.9128306121665 18.46158507263273 2966.737724446849 1189 127662 1 -4.647849943869661 -1.377765855841961 5.805737708143092 -1.993932746356912 -1.539316227037752 -0.0463788786937123 -8.240485218086457 -0.282860084518151 -1.929402604673781 0.7599298757530262 9.686682410714631 185 429.2793619632721 2391 1 1.095167071075375e-05
 -3.328897388004376 0.1255028764340053 -1350106.910766395 0.08476526587958086 8098853461.709922 0.101121507378933 -398253989.8575668 12499.14173713641 314889.9066867651 1.694694813064079 5.847843987773047 2900.311116979276 2711 127774 1 4.264799546347479 -0.6929633259043477 -8.149617888945349 -1.083615076883245 -6.408684991072095 0.2591725403361539 1.933725992448575 0.2037419213932403 -0 0.7526567630287531 -0.4476483730563983 188 433.1446211338043 2391 1 -9.828998010987462e-06
 -4.856308938990121 1.931230497230548 -0.1749557312099588 2.411577438733252 0.1549661772912254 0.1716182484350971 -262067.0949139131 107.1020192459081 28.69860551759557 2285.904095383775 5767.833441003148 3105.703578364253 908 127737 1 4.659795493402401 -0.9447407002485404 -4.742319777444203 -1.672401978501823 0 -1.476742752175327 5.205086108952625 -0.263853480426489 7.930471871969182 0.2118182937389501 1.178514155191063 191 433.9770729541779 2391 1 -1.345079397194668e-06
 -2.500541268407404 0.4303199061616468 -19.27674569994861 48496.99802288271 267930.566186152 0.1762968877166379 -328807.7415041505 24.46891878707766 3.700809034681078 7.373487572817422 2.09997479235804 3124.895358760962 1777 191611 1 -4.503225592715578 -0.2444451471826614 -0 -0.6419002038917477 0 -0.3537074399623599 2.575687114411777 -0.9800850081242318 -8.262560428089945 -1.698280340644176 -8.747335097122807 194 644.327409029007 2391 1 1.061602379886581e-05
 -2.772583766781556 0.1094296877993561 -22129930.72582477 30484.73191646353 111616.7787490019 0.2412886630387079 -13078.24006479906 3.524217744952152 2.046648110295048 1.165462803996295 22.02490164119538 2967.924322859428 3163 191642 1 4.326109271904919 0.5151115171151393 0 -1.268447037544989 4.596715545350687 -0.8067235936599291 2.975501424071314 0.8122889809632525 0.4489770531877104 -0.05273151024779748 -0 197 645.3942320346832 2391 1 4.936590990932618e-06
 -2.902634348596472 0.04037675853276499 -1.650253595946011e+19 630.5434658466912 27.4410041063844 0.1731817039605512 -568115.1616396745 18636.5303805739 818473.3833156336 0.1826384342008309 -396866.6675147068 3171.547791815226 1130 127745 1 3.84485859542253 0.8722165163649276 0.1231264171387845 -1.483631485576912 7.64834577530323 -1.829887562326888 -8.378716682490875 0.1830242215956184 9.683675310874198 -0.7415272479155401 7.725270424084437 200 426.3476338386536 2391 1 8.601373648470033e-06
 -3.612309987263413 0.03406027093355798 -9.997273990256749e+20 4.32924120524638 0.05531847312594619 0.204397194657285 -58817.5587631548 97.86113494915398 25.05672945739233 0.0527359968137031 -3.326878313361836e+16 3087.964554189994 2774 191630 2 -4.487656153515805 -0.3805135255077374 -9.602142849281206 -0.7964982468922219 3.3069204810133 0.5301256668403802 6.006971126997078 0.8211250432610616 -5.625734243988065 -0.1870674618292938 -0 203 642.5899231433868 2391 1 -3.651024034043529e-06
 -3.186417723475532 0.2220601110848665 -1795.966683769945 4410.892575635727 833.926913540167 0.2229752910238626 -8383.681797283232 470.2588296248549 457.8940965837034 922.6246891532454 -1628.320971444114 2974.0502739306 1413 127776 1 -4.514960964329997 -0.2863255250388033 -5.32702759053304 -0.8045471009214022 -5.120482673832406 0.3586119204857559 3.087760729035817 -0.6659798182230947 -0.2379053951050496 0.4096190979268374 -7.69672359307952 206 432.168741941452 2391 1 -3.296859583611438e-07
 -3.731409938722301 0.2655774897568823 -472.2410656518987 1703.798540177167 257.1439383499532 0.5244112436646783 -36.89985594855141 13215.5722708755 393222.3845380592 325.4835584616578 325.2423207600629 3079.579722193324 1414 302835 1 4.672257344328818 -0.1236746424198661 -6.04906173194269 -0.7162804116301178 -3.763594371718092 -0.6561883901169354 -2.286503388863395 0.8615990022658613 0 -1.594447698724329 2.470692310466243 209 1018.497268915176 2391 1 -1.883799732714497e-06
 -3.220457193173501 0.3493255955361653 -40.81590599155933 70.23739662786127 0.3773175628084709 0.4276722080129414 -56.10298342669599 32109.54496562286 2260039.488540035 10481.75499815194 76820.11949990518 2898.309181586092 440 191655 1 -4.519282026819333 -1.319683262587946 1.698666407673325 -0.4964922485442393 0.155745063726072 -1.071269369126247 7.80426470899401 -0.2276312891246368 -3.320563504598345 -0.5858480290471633 -6.871788813361773 212 650.3125200271606 2391 1 -1.700642194468531e-05
 -3.402697907501003 0.03720238670652923 -8.542180088040287e+17 797.5695088139363 56.26767788739511 0.2576811867805591 -2376.072559916448 18.67560359284783 2.152487329582597 0.2146563557813521 56585.47766996635 3021.023114683008 1328 127775 1 -4.613347326739622 -0.8495474355524379 -3.531439998959386 -0.4629192699381992 -9.034170156998771 -0.4336478075676249 -6.137177281296373 -1.253004383130713 5.003209858321704 -1.398426733587315 -3.148035485922366 215 435.0372037887573 2391 1 -1.51870297774424e-05
 -3.332070630753494 0.1197599780102328 -3378508.532075411 34.55472876736962 0.3586607033757394 1.147113463782277 -2.154690579998973 57.02265104265557 12.10062923125525 2.444495513997755 2.192955068718105 2943.210415652929 2117 127775 1 4.522433986453879 -1.622952373414345 6.142591480409981 -0.811604469699799 -3.880700522929877 -0.2581800399102239 -9.812708117500282 -1.138965472649229 5.330000599269222 -0.7698782207269605 -9.616370555867366 218 434.257709980011 2391 1 1.940971258258228e-06
 -0.06373075842146152 5668.389054940866 4895.055487371132 1.367138074410716 0.7915970839446285 0.07144478801005825 -11053358098141.68 15153.2040093184 682093.2035508441 3478.65764006855 35056.84575956507 3172.337366789148 507 191556 1 -4.346594072522494 -0.2834364309597524 -6.9605703826615 -0.6514037394121583 -7.177527475810626 -0.834659325244167 -9.859213158527689 -1.484032441422986 -7.905980695230433 -1.905151248637512 3.534166967593451 221 644.2446858882904 2391 1 6.965696936302725e-06
 -3.19483565534209 0.09952061020022235 -601448898.5400211 13.47372034353628 0.06589190837689042 0.458146945998324 -87.41891579528962 99633.57376811859 23812384.76287211 65661.79274617111 15807072.16787125 3077.443467669713 172 126654 2 4.596436964285072 0.7324634916485335 8.701335209324442 -0.1619596746766057 -7.539299137313547 0.9740378021890623 2.273127717616831 -1.486572245325044 -0 -1.250786876085032 -0 224 433.4132640361786 2391 1 1.731670817117653e-05
 -3.704888160248856 0.1044061791104604 -8301428.396450341 0.2644963215410783 261.2511894335725 0.8951464592780545 -2.310509407657213 18.48761472239454 2.479636450292569 0.04983918652423584 4.694869458341673e+16 2982.666914912102 1945 191655 1 4.176839611375231 -1.290330284336469 5.00463850044282 -1.82166339734457 6.691204949096454 0.8386322164395303 6.486648666578394 -0.2773228209646535 6.906536654658147 -1.33124523685266 5.530018857367414 227 646.3187930583954 2391 1 -1.752935114546039e-05
 -2.697603273053542 0.2315503773406082 -949.416757394013 1.13838424476859 0.7471630277656933 0.3951640569335569 -61.39000174245288 5771.822164065292 73485.77147041597 6.020127852713698 1.733752356679986 3144.000633096705 983 127576 1 -4.443368792521012 -1.950157106915563 -1.027487812460408 0.9922316775757184 -1.540769976119185 -0.5987866899207717 -3.653261175549092 0.4257756619845106 -3.398045557163085 -0.331187963488584 9.203241840143553 230 431.4733140468597 2391 1 -1.329368280369362e-05
 -3.898887511867259 0.133684428395391 -779193.8458674077 0.06301039274465911 16379766713333.12 0.05252583271338142 -2.121167376080021e+16 49386.43148903038 6426974.234927794 2.499699423755256 3.565441979419796 3085.465192376646 4688 191664 1 -4.169998240595545 0.4590236825436609 -7.467901719477018 0.4958121423081372 -5.740958738281384 0.2646013130850977 -1.03425911219462 -0.09665839413286291 -0 -1.195004119485847 8.631304625067244 233 647.4399030208588 2391 1 -4.128187029601701e-06
 -3.217872567835412 0.06245408625302176 -886445035167.6254 214.9351186959779 8.042797035800834 0.1004887118612793 -861582922.7864283 28306.80693160006 1907175.665461475 1.007269683509238 26.20743969648494 3055.38892108199 2186 191643 1 -4.080731011181578 -0.4740155680061182 -4.8297285217796 0.3144904918964029 -0 -1.326982547299667 9.364759019778964 0.6640217824664294 8.698091036751945 -1.774217289558431 7.922667736804097 236 639.6749820709229 2391 1 -4.884812261437579e-06
 -4.375469994436197 2.03511080162813 -0.1908721723415182 387.0956113357898 10.55083721510555 0.1228377389884017 -169321704.6090984 172.1217840465319 79.92293603475842 2926.191558175542 14945.81786514136 2984.196151228661 845 127686 1 -4.653350647339508 -1.671652524753597 -1.859485921907318 -1.033076606489502 2.323970909864804 -0.6341349148170403 2.862965101354746 -1.752357038807833 1.201621926543586 -1.409116405925364 8.701391966971585 239 431.4463310241699 2391 1 1.833381218215213e-05
 -2.784222119122078 0.1094305734764198 -2032488.646365202 4.721536926883521 0.06747330748388811 0.04207421021408209 -1.114577536957987e+18 25.16848886835243 3.371191892711056 318.1486481656831 82.24170020253312 2843.204364398184 1327 127761 1 -4.66322473645314 -1.27163709770894 7.52068559503841 -0.01003023786107348 8.133955479655148 -1.70684498292841 -9.483701242821315 -0.8849717401804451 -1.99580594457451 -0.07743627885254425 -4.761055440270911 242 435.0719451904297 2391 1 -2.395126065833093e-05
 -3.540862069803857 0.1226159367897629 -3633751.407853739 0.03926654444142218 9.980060088777973e+20 0.05030603417544493 -1.964843232612418e+17 90.60353796670499 21.31526300580242 1.079481217462547 32.9191880906655 3034.700889565502 2834 191569 2 -3.879732582162665 0.03457598270914405 6.376623181268728 -1.380809019921283 -3.287004810182272 0.7661270567269152 -7.625710426339189 -1.199354654100111 -2.506855573418321 0.3750458937177141 9.854665878367207 245 642.5786280632019 2391 1 -1.27797618016562e-06
 -2.953646032521652 0.07455979804699271 -114089493897.7065 63.0469020097389 1.875084974719617 7794.570294344264 -12607.35998365612 19720.81888201071 982982.7091956404 1.175961899201865 26.65680372606893 3062.806327498693 639 191563 1 4.639843055893443 -1.311539472410939 -9.569571990589385 -0.9266026375725875 -0.5954901151659047 -0.9696140916376299 2.393506746860727 -1.575698180068748 -2.727547124411793 -0.4170646595748204 6.999730812921626 248 645.0894868373871 2391 1 1.19557010629841e-05
 -2.925564654614674 0.07816537390342999 -15869714827.36121 154.0546240304627 2.987443979319564 0.0638794067215863 -65736794920718.91 35714.30039042968 3128719.166969272 0.0611258572593962 2021807157464437 3012.806102021998 4431 191645 1 4.502898665657288 -1.38060484574606 -9.699196193754339 -1.64571437620954 -6.795230668459396 0.2874453162227519 9.964923586239253 -1.6478127761532 1.357511199229326 -1.835009098412931 4.147333870619746 251 643.2371940612793 2391 1 1.721340447605844e-06
 -9.178288725052157 7.283963007853161 -0.1632031620549707 0.0492627318593778 1.01799404670549e+17 0.1503114096001729 -1030294.367073804 71.43121747972397 13.5998673734254 25252.29667300022 856446.7014705723 3037.052962936703 2454 191625 1 -4.543613424451085 -0.837916211467836 0.1328689795741846 0.4060070000439601 -7.534150308967297 -1.125154481071492 0 0.9369646147161355 0 0.9381759120081612 -0.6726442052833068 254 644.6033720970154 2391 1 -1.77059135424982e-07
 -2.985990290436813 0.05018915652613907 -252762529595773.3 0.3246791057559489 -106.3223455700827 0.09693336821320747 -775730327.0337812 72.28131641309189 15.93215928742239 0.1104514208252842 346778074.8151093 3021.126115685927 4341 127770 1 4.630466662161723 0.1823803802753123 5.571645488464087 -0.1049917463402954 6.75352633562893 0.01418842531075933 -8.31893387742489 -1.857066101530725 9.687069124409486 -1.640184426315075 7.859079540422517 257 434.564435005188 2391 1 -9.93857236910839e-06
 -6.339228451200452 7.981748420772237 -0.09276622874866254 1.210287889552752 0.5836493393167336 0.2220807351355721 -5031.230271217604 32401.60782541619 2544443.717022409 3.171563041166408 2.135796870813451 2988.820862874714 2364 191649 1 4.645276919959972 0.863204576636285 6.105628400535965 -1.548570893171351 4.524493850579091 -1.666970929797588 2.155282595329156 -0.7314700781349197 1.88364873698294 -0.1479334335350835 3.105932721058891 260 648.1550681591034 2391 1 -1.414259611900545e-05
 -1.784869366589839 737.7543035286769 23.85966813692531 38.22234264777451 0.324038171145234 0.0500247991417157 -1.7125976826068e+18 85293.63472695742 17791542.00623126 1634.559785191017 5823.224136993732 3128.664905539123 1637 191606 1 4.582113551800743 -1.47435045936262 -5.223306406569737 -1.288641014940662 -4.408960559320469 -0.3227769126076954 6.596248957098599 -0.0621132929551127 -3.488608329982363 0.187169763250028 9.557415385835965 263 639.7438449859619 2391 1 1.179544942830219e-05
 -4.211593575305674 0.2662844090730057 -1168.636312896108 85.54093765380119 1.168389826034076 0.186060692699188 -199040.1268606375 195.4392312229993 71.1581219243733 169.6736964970438 32.17411798038379 3018.826824584502 877 191638 1 4.606640165032384 -0.07580025559409269 0.3484510321486258 0.6222237452474708 -7.90181552956434 -1.018017742293019 -4.522851927065066 -1.378796777651685 -0.4173657315612811 -0.9015787468200394 -5.598829242065611 266 642.7451169490814 2391 1 2.043561309014934e-05
 -3.067726683701975 0.07480057849138823 -210453074571.1719 18.03780211669886 0.1130943479049886 0.1061267959320891 -2818978878.064021 2779.590606990258 19617.31359759858 2433.935456690842 8288.305819479639 2906.752776064547 3201 191653 1 -4.590270847876015 0.4301445652731255 1.969127915089353 -1.474980188634927 -0.9404703545963851 -1.294185977163993 5.960012391543408 0.7434204630139254 1.329582282570779 -0.642246756989458 4.139585383546235 269 643.1499488353729 2391 1 1.476942285220782e-05
 -3.123057718206275 0.07281827545243046 -300213369798.2595 0.0965145342204158 3228951835.838252 0.2407617563147232 -13938.3928444759 72.51155881326767 17.07088430091945 0.0837718409826526 1093130322140.955 3021.003720335487 4225 191660 1 -3.916179398043065 -0.3352795570178327 5.79347963764712 -1.029873103714511 8.117387610660716 -1.918181806536817 4.379534259032519 -1.412784364086492 9.901482347628477 0.9359896812444153 0 272 641.3036098480225 2391 1 1.143403837146009e-05
 -3.194734938341045 0.03485640070993227 -9.082665198303338e+17 1.973579428609017 0.103855843256898 0.10384592679663 -62741327.71026502 272.2071185964662 210.0110495889376 0.04746542121898243 3.867320134764465e+16 2972.151964777745 3127 191653 1 -4.499579430374784 0.8011877484588492 -4.797760088748309 -0.2759360423688815 -3.015947342781298 0.9691534440667131 -7.640142971738687 -1.431006739413107 -3.063312096342099 0.2042724343938596 -6.199358260859059 275 647.0057008266449 2391 1 -2.641587865991888e-05
 -7.799643529017614 5.513116811522345 -0.1358347046713392 92948.33331775817 765620.4214704367 0.0923793538541663 -12418360946.46942 8015.876111112015 143440.2162312526 0.0488273409694501 5.886708951328676e+18 3071.303666989132 2062 127776 1 3.728699173593421 -1.553774335332839 -7.435365941924697 -0.6352690221017046 -6.985086525025232 0.5681216583628719 8.670143339822493 -1.395231091750169 8.056015703851601 -1.970122867996809 -4.42211312690048 278 435.9793589115143 2391 1 3.211073144490477e-06
 -3.140856317415598 0.09236737062544706 -3347954405.806442 2626.887911650206 390.0371569993217 0.1218249445642646 -233595152.5303982 369.6310618185644 374.1867985566469 4.485027854314565 2.830241330618308 2999.961656283704 2927 191610 1 4.40154545266163 0.9820972597211282 -0 0.5068544288196213 2.390577867458174 0.09556990829369602 -7.249785490344857 0.1291688929152119 7.380815877463299 -0.8889258740341361 8.757822274659702 281 645.1476678848267 2391 1 1.828818060693778e-05
 -3.477911884547579 0.03600159886078245 -9.962947149136779e+20 2.135967856719335 0.07004066068076857 0.1905881738477483 -134080.3003612731 227.3834662332222 119.2624745280028 0.3679427300207342 717.6034446415646 2959.562631783802 1952 127773 2 4.606973922329583 -0.2950580772128184 -7.438016131272542 -1.9028412135807 4.590359964934553 -0.2821771359235363 -0 -0.6157449337726142 -6.670122794241045 -1.987993943770547 -5.028135916201386 284 428.9074330329895 2391 1 6.737044111469723e-06
 -3.370120932755264 0.1172325216745683 -12310184.00697669 1202.125456160189 769.8114877557775 32179.20206417401 -595388.6803723885 70550.7618873973 11491853.9478823 35001.94461178142 1032406.990499686 2877.92475006461 2087 127696 1 -4.371227161190024 -0.02946618610627193 3.340165937246842 -0.8154324751642648 -8.004866620406711 -1.050289848387028 3.774943672978511 0.3489749643193667 3.401905653924485 -0.02965003885509087 7.588425327871155 287 428.5237250328064 2391 1 1.122750071383272e-05
 -3.644443026192164 0.1102761077676454 -8422624.001252288 2590.295281337716 981.8802874577681 0.08827696517427185 -12537554433.69899 126.2285350670968 47.52796642356043 1.275069042202669 14.95183430453976 2969.226221233014 4422 303467 1 4.468387412537886 -1.264628775202196 1.940091761472633 -0.6590239012339207 -2.895315462288321 -0.07160004614515714 -1.112854319334127 -1.689360265940153 -8.083037741827077 -0.7107236718016017 4.875699008834575 290 1015.349680900574 2391 1 -3.944530512971121e-06
 -3.544281198870897 0.03546972158883467 -3.081536345465258e+17 0.08509463714287407 463812680.2985547 0.09110843798666043 -700023362.8148385 96.37248046403344 26.03018731335523 1.121757763536397 15.16448169481988 3117.641486623487 4079 127774 1 -4.278718293740271 -1.30387473935007 -3.400682389731654 -1.199565390271861 -7.446768846628832 -1.787922783380013 -3.629808166954345 -0.7667960021870019 -8.28056286885135 -1.510404670945016 -3.142278393376296 293 429.2975680828094 2391 1 -2.586401048205193e-05
 -5.307185609624903 5.753032058845381 -0.07464607496185827 12181.8766612717 13731.60278370615 0.06641750631970103 -3756910427131.573 371.264387698832 320.9598134184134 0.09267295943986391 2049153768.843574 3122.410266172928 623 111262 1 4.509775483480612 -1.896508184344706 -9.597944495631458 -1.785217791084424 -2.860072881561296 0.8448493667375554 -8.338839493379933 -0.5647157995757546 8.667893885626654 -0.9346546449469929 7.419537570776265 296 373.709447145462 2391 1 -1.388440719310613e-05
 -3.482922021558722 0.3791672931638461 -67.91136248521696 0.1831735518387411 22061.31753567554 1.518582934995587 -0.6654545690795288 40.18668942607922 7.47880206614702 42464.72622692494 2740348.915278539 2949.754892062838 343 111748 1 -4.684485239107467 -1.093609668212547 4.571648253679656 0.4328966668080056 2.599517777471369 -1.652592331885525 0.3372291445335458 -1.661388813930627 6.875976517939354 -1.204769976596198 -3.660719714235449 299 377.9544560909271 2391 1 1.754630582283845e-05
 -2.647535485603684 0.1386806424420022 -172136.9338007502 4.594224761972003 0.08565573090669776 0.06588120881583505 -2684793188145.401 385.6541712032468 434.8269245577031 2.372469899164258 4.763648337932518 2983.839654086398 2604 191652 1 -3.314726260864405 -1.482077698116008 4.613834910121746 0.4486029657050814 5.17484261221757 0.5386873903379374 7.421210198910005 -0.8437559593866784 1.669042831220178 0.1462935208201598 4.024384574517742 302 650.2444169521332 2391 1 -1.205521301396085e-05
 -3.49778508616371 0.1944048746804628 -45845.40433800063 28827.62569066567 108351.6486654525 0.1031673305916936 -10630992332.63323 85.50040621899198 23.83360623038809 5.926541045049439 1.892102771389802 2855.585543984666 5678 191637 1 -4.645313886839284 -0.8486667527357633 -1.952444499102643 -1.659859770075965 7.723951140687019 -1.632139592164425 -6.261285236270215 -1.824821544079557 -5.738026259144747 0.1511698023174679 -2.052113811794261 305 651.702299118042 2391 1 2.656426507941997e-05
 -3.291708236117816 0.09201872474393746 -104692178.0944637 41642.94229498946 37731.5583383343 0.2184888000310342 -12512.61620071964 130.590323397304 43.59609043789212 184.6557339322415 69.94910014643598 3207.226451505776 2199 127721 1 -3.215052409045749 0.3339044202276984 -9.130371741227849 -0.7514222067392451 -0 -0.0205479557303079 -0 -0.1207894665214635 -9.50047212232006 0.9312320754753175 -7.256145490692619 308 434.2599120140076 2391 1 -1.187870069670788e-05
 -2.947478117952098 0.06969198937778345 -30102645661.40193 0.8941761543380545 0.8203749698329951 0.0924745075397819 -1608785447.830676 183.4825352340262 79.98699270415507 350.3050245965795 -62.02968337651686 3198.931748518003 4649 191656 1 -4.547071569714119 0.5671989354179252 7.53240174047647 0.6416008282578796 3.81246063630471 -0.4222927536707326 -0 -1.109057319387363 9.559249800660035 -0.6971305256955551 5.094630279135934 311 651.6912019252777 2391 1 -1.052348356198584e-05
 -3.109060495603214 0.1291638394749043 -1975250.317309773 0.2325126648884998 -904.5286245001424 0.1510810888393103 -2940365.116690084 118.8336470728756 39.39477565437561 0.04623638071757888 1.420531599587979e+19 3302.900404350046 2741 191659 1 -4.436243353729159 0.01830249242804837 -4.760271663573057 -1.623349499080128 -0.9009822407985819 -0.8079617808806816 -7.746637307444225 -0.1748395720303302 -3.792749873468649 0.3347365983787265 -4.759072580029086 314 647.0520989894867 2391 1 1.711154456780611e-06
 -3.031026769733665 0.03685219863009204 -9.990428474700652e+20 484.5842582630872 -2.717789764786703 0.2591397237017768 -4306.784183570299 358.7224992089902 246.3543086441091 2188.352171382319 -5750.666695341169 3277.318443179899 117 177246 2 3.895931773209698 -0.3166665086640537 -5.369978560195578 -0.7013824797400687 7.055468913511605 -0.7783189062756826 4.328488850552072 0.5890010530756693 3.045066138094157 0.5261021271719706 4.885447212318026 317 644.3752419948578 2391 1 8.697794860710534e-06
 -3.825051923395634 0.1174837442384565 -3311266.66223863 0.6730900212104725 4.383706971998626 0.1984341385243511 -34330.60933366152 411.7125375231392 407.6250940586879 1.252248858644721 11.27561719977423 2967.511001394709 4626 191662 1 4.390346469692563 -0.9075975326996888 -0 0.9767227980363309 -1.724804997749883 -0.8303072726959098 6.836531399770375 -0.3001372794359849 0 -1.950539433912215 -5.536837302766458 320 648.4461741447449 2391 1 -8.332135520092302e-06
 -3.958576164744317 0.1936938408820446 -11207.02439357447 657.5131549335364 27.69306090820614 0.06967501788342755 -5952684012406.287 65363.25775392917 8871241.876323618 0.1985520202797841 664933.7899734655 3177.283301880052 668 191379 1 -4.129361065978445 -1.643918534859338 -8.525037511433954 -1.586918411102496 -4.22780210095651 -0.9231054408811215 -8.721296263231782 0.2419461725020939 -6.439980385797637 0.8066629297784682 2.675029128199732 323 641.5526990890503 2391 1 3.060740139118388e-06
 -3.199209028827999 0.1748411441563913 -24163.05098179687 523.3622363439774 101.609612747041 5110.073314045871 -9101.640688892241 412.6118623476664 354.5532673611452 0.1905528333991799 -297138.1023961508 3090.330364490826 452 127493 1 4.698402455728624 0.1573524401098018 -7.976283583586389 0.3362968517076771 1.381342794053607 0.6800818670429578 -0.5044789254712008 -1.406027522771969 -3.921910938937705 0.9860254156184389 -1.071137418372245 326 433.846647977829 2391 1 -3.41019094236041e-06
 -3.6459788133943 0.1271716500069283 -2121481.326579148 35.40624294403738 0.1977200001936108 0.6558328896368307 -11.400704731232 95455.57830705524 21984245.33013463 2.87593223118424 2.754928619592846 3013.955982385338 3005 191663 1 -4.147137723976927 0.1605767441818386 6.317773603803363 0.271862954946743 -0 -1.498574319359303 5.51740995741527 -1.936251120800378 -1.133550302564821 -0.2479088610977405 0.5027021147770272 329 644.4342520236969 2391 1 -1.676827560368227e-06
 -3.744487504366443 0.2989967955347165 -75.50580073492641 0.1331034939137567 -450813.6234545001 0.07650942648185667 -70242748012.66479 533.0817066014771 563.3510429047718 0.139182743093205 -5066218.35085625 3016.243592367603 2256 191662 1 4.165385177712858 0.7857981830626275 -9.011685158252591 -1.568604563050115 8.896916319281408 -1.002491350708797 1.888803951896693 -0.2717446754459063 -0.1322040188977143 -1.084236576039277 -5.621176149719312 332 642.7258489131927 2391 1 -1.631996834973295e-05
 -3.396052941422136 0.05766885297881338 -12395154538619.58 0.06461799311112586 13058058711167.77 0.1858974150156991 -107536.7730271469 133.3595257645199 54.40733245031679 2658.204036328087 14230.81625449452 2938.138989766462 3471 127773 1 -4.516779171945039 0.5765081425032816 -2.718262897773259 -1.506182603512507 -9.116376929856944 0.217119444231912 -9.882012130790182 -1.302327887834738 -6.221594232592787 0.7587650077326042 2.651745858875259 335 426.9138081073761 2391 1 -3.386145938336983e-06
 -4.195682740573242 0.7919047616169856 -1.573472993928826 0.7193217733005123 6.518068944172155 0.7839622181767721 -4.637496981527715 86.96233820192877 18.39975666658234 0.07452641697529144 -16961311980264.67 2940.031889020508 1675 191614 1 4.657926431569261 0.80366716652768 -3.051933722251958 -0.9172697273419281 1.585257841315034 0.9440056424358385 1.923170516990608 0.5070739322808131 0.7675223903410551 -1.510932766373998 2.181360434749264 338 650.8764109611511 2391 1 9.029547249021634e-06
 -3.372943634548959 0.06117618970951941 -63905405478886.2 1274.758932764544 331.0545856318736 0.05456118636811334 -3.132389999160216e+17 4030.387472514746 34572.07550765805 14.61410101177149 1.520386116136614 2689.224177107865 1041 127708 1 4.600196355087215 0.0163607137280439 2.446638890834073 -1.747416925047593 -2.738987619293619 -0.9386727856026367 -0.1728325292054058 0.4546641947732701 4.886675458260551 0.4282213142370179 5.131353928200545 341 433.8429930210114 2391 1 1.798810277127597e-05
 -4.654458870571933 1.526233339033935 -0.2691385748101424 2218.596563488386 350.5006116812306 0.3818493604236384 -236.860150941203 214.4791789043156 109.1280667555972 0.5770617011945958 273.8962737960135 2833.505977244385 1585 191647 1 -4.674704734487165 -1.405569705027631 4.307075348091848 -1.916307239753864 -6.503901724008651 0.2041438142750471 9.348417671375557 -1.081906072221365 8.360892596034429 -1.431364594136737 -0 344 645.3946959972382 2391 1 -7.793930699592048e-07
 -3.738686148633898 0.08574504419281422 -4802675722.396355 1.118536015705023 0.6327921465171851 0.2812540026830641 -3717.334566302668 23968.26804594521 1250801.075300312 29653.85229800794 1839743.5972111 3263.148982953545 1202 127740 1 -4.683776153704555 0.4694667429639633 -6.323267671339212 -0.3407633735169942 -0.3781370160506667 -1.174729515482168 -7.726653297387248 -1.922001324758931 8.032390725889478 0.7572975832641977 0 347 432.7392020225525 2391 1 9.088416913963837e-06
 -3.670488596038342 1.143958219494295 -0.3751211728455761 66100.98725726079 634153.9973466165 0.04611994535853341 -1.865365681189121e+18 92.83355559288576 27.33447388814895 0.8735877545944297 17.59134557558302 3098.983461100356 743 127744 1 4.674754229138612 -0.7506579628793864 -4.730872270491837 -1.368649261110233 2.944332618733717 0.5619383426521778 0 0.5592283526406274 0.6605534327443525 -0.3239790319244707 -7.214605697840536 350 440.3463740348816 2391 1 -5.780037452775896e-06
 -3.251710072841136 0.07481820533083289 -81998604548.27654 0.04293970921589021 3.868212525809686e+20 0.1323075102755607 -30551757.72391918 441.085292855634 394.6368835398015 1.184656472844424 4.713288206574558 2970.604668356935 2369 127773 1 4.472748249637327 -0.6069957677761231 -9.160744757736106 0.60921750310403 0 -1.821871653753311 -0.7288219273659142 -1.705792959126059 -5.630426796730355 0.8742387651133838 7.247970275231546 353 434.5173110961914 2391 1 1.125656771993477e-05
 -3.637882591920011 0.1151111640991602 -17964911.88491249 2.10385699535627 0.176035866900646 0.6023830055642826 -21.22225855536448 7483.314825948883 140840.2258351034 1.413374886874636 16.3567578700033 3075.264410604112 2173 127773 1 4.481491471341515 0.1777102448564127 -0.161565706594617 -1.399102797077494 7.12741129325083 0.3849644288379062 -0.4707646656137947 -1.312969716088414 7.910888168884702 -0.6690615737552692 -8.137770780251605 356 437.6558330059052 2391 1 5.093692093069452e-06
 -3.409089216121277 0.06270794989474572 -154276502375.0103 0.2820157755208415 -408.4196468037366 0.1053303750436574 -138557041.3916705 98158.46804525889 21333269.59383695 0.2394226042337092 30561.45017301718 2853.920112037938 1240 191660 1 -3.92138565769963 0.8543445929898654 -7.324070019309382 -0.245636518987073 2.918176847734761 -1.845476470573056 -1.488425209030592 -0.6039888754039531 -6.517999198544786 0.9638187303704275 -0 359 650.4649729728699 2391 1 -1.251949564922668e-05
 -4.927027894822953 2.894004706292345 -0.1281706802229489 17432.7182967664 79759.91348965804 1.337292369766665 -2.154581987967242 59.42725897620841 10.48395013099486 1.508927628881523 13.58368395766465 3012.199685045771 697 127544 1 4.539775458492124 -0.5252504314307416 0.1777737440309801 -0.6473131124093642 -6.123302608976463 -0.6528029433225511 -0.6511409380336657 -0.5521674497081879 6.582735937567423 -1.705655687493823 4.75020227955951 362 435.4230849742889 2391 1 1.629951651146241e-05
 -3.329678810730855 0.06042528819264557 -331022159107207.9 1.861225296970367 0.367645315124034 0.10729076968748 -3515942069.761194 11350.26499828569 317212.9076608686 213.573190698629 83.71042399252012 2894.2342027257 2258 191657 1 4.297002525379187 -1.874216715759396 2.370789322899441 -0.7082261309138032 -7.035548529429565 -0.5432531499892717 -7.77182912352446 -0.1718107035568437 -0.4814017287672563 0.2982020488594345 7.35722416160281 365 644.9749610424042 2391 1 2.602834989786214e-05
 -3.601214696092501 0.2226786120299026 -3464.583735325209 0.08642711304535913 14996674154.14354 0.08218650753198763 -118609342844.6282 3666.405807823247 36440.49162034971 1.682555910715473 7.982090188714798 3152.378511576922 1891 127770 1 -4.4704544052408 -1.382936130691249 6.04465971863013 -0.03381799077396334 2.056419312550576 -0.3183002156761301 5.858780072198808 -0.6985509618128969 -0.1116049841716902 -1.158967589088337 -0 368 431.4411661624908 2391 1 3.999728387907524e-06
 -8.827492000557239 8.370317198844143 -0.1757694183056076 3.417022642100828 0.1178245758381291 0.06627485428117195 -95574174964833.34 59.78901716442303 13.54487495042448 1.034474442299632 46.37086955370463 2995.184977403776 849 191555 1 -4.231031237700426 -0.5263684154995305 -0.06355151823316518 -0.6830558817654948 0.4355620754196421 -1.157953929572175 2.421361315450884 0.1403428716857285 3.026611894600577 -0.7577905816906618 -9.466794943523933 371 646.6314420700073 2391 1 1.00503843985748e-05
 -3.317114819748959 0.0836606061744825 -28703931581.19205 1019.949642790429 54.43194333623956 0.4133021354754003 -187.3356613352194 28027.67905245362 1614884.4713544 13417.46745565326 80504.50882983868 3000.246427541298 3505 191659 1 -4.619128719308512 -0.3813110922067713 0.6980752638762242 0.5620711633705651 0 0.8985046087000166 5.852740734493961 -1.030864690449343 5.315388539882162 -1.028042128500141 6.248076390899463 374 645.3594498634338 2391 1 1.703633283011787e-05
 -3.551717990697433 0.05495373223292495 -125258427728876.2 0.590909063515335 6.16356140928401 0.08721427806002272 -35965619235.05421 58.28138171317374 12.20428013519167 83.30424741597359 12.01326091330854 2931.252472393811 2511 127757 1 -4.30357827927017 -1.79712646791657 2.490985998142384 -0.4128458563420471 8.471429401129521 0.4637403439436246 4.385634262181389 0.9631710957331796 -6.914639048260435 -0.08447301658054854 0.4910025234510411 377 434.6029450893402 2391 1 1.158179527961515e-06
 -2.96004766476765 0.3377883500064796 -66.89213591504328 7652.033061894658 5042.802331553893 0.08824432195205542 -16686003747.02022 244.4560251594139 152.8689270312546 0.04147673360855605 9.950179681442347e+20 2975.855242763773 1997 127762 2 -3.809037171816784 -1.806229724707134 4.896379609489536 0.8654254561104855 8.020919379156691 0.8007802404849523 -0 -0.08570022786870275 -0 0.2581654544935401 1.301171423650054 380 433.8656051158905 2391 1 6.568173059199972e-07
 -3.125056142406726 0.09632182708036137 -292593538.6490278 409.6961807933454 20.61889588672181 0.07770463957732147 -831772707416.8912 6278.340723311215 84097.37123207544 3074.790165475612 15959.14121820586 3032.492067183977 2557 191617 1 4.489376751992379 -0.7482192918440136 -1.160075226722031 -1.230720312572185 2.629111979878682 0.2632757736821291 -7.31077274763863 -0.7572333382382652 -5.844260697375254 -0.7034122027577112 2.38371496843341 383 646.3085799217224 2391 1 6.453359541119807e-06
 -4.158344304839652 0.5842995156717173 -3.773087712640771 48455.57323038035 413642.9011664207 1.999834855248745 -0.2431826275191216 34.88906346289256 4.556743808352411 1448.895335614498 1442.74007111323 2892.502858811708 190 126624 1 -4.26183415261549 0.2296282834306539 3.011518506367222 -0.9489296446327167 5.69899283002838 -0.8446812458015875 6.683841053733977 -1.252918577391217 -1.254125309603009 -0.7999449038596431 9.62992986399758 386 432.6749060153961 2391 1 9.138245923401914e-07
 -3.353189394617697 0.1107606934591329 -173733140.5200478 0.06072747177628821 1.734196214032752e+16 0.05036785583206949 -5.765287729800792e+19 53935.72254539435 6886927.830075335 1.985181769027741 12.17331503208337 2756.569005997802 2741 127773 1 4.674478884887325 0.7100129913999202 -9.200451978220704 -1.59797890520699 5.160788471659602 0.3835633713713394 6.022318768344406 -0.4034195600361352 0.5187996805540398 -1.547161664654334 -0.9971334509488829 389 433.0238199234009 2391 1 2.890623763515847e-05
 -3.134634276001437 0.1176517603165532 -2408871.312487929 1.5533879906867 0.3048585701591177 0.05564623504667091 -3798759563107870 113.454047062963 37.05095007258599 420.6959035127596 280.5125929827039 2930.79499003698 2840 127774 1 -4.540554296946676 0.2243033962484282 0.8771544123915422 -1.372302679493947 6.65358650667874 -0.4308080041649696 -8.493173542145309 -0.5589392188925491 9.066004513986776 0.02304353558498024 0.1187687509668418 392 436.9099631309509 2391 1 7.337852832545816e-07
 -0.03550804782649838 12538.1030805056 16933.31628054605 1636.102237185848 273.9797891809777 0.05575906390988292 -1.144079108856866e+16 67482.07997010944 12420880.92298153 0.9857790984782657 31.47970220430535 2995.081644257441 514 143697 1 -4.594116486379792 -0.5008587031876628 5.93492336543841 -1.869062095153788 5.211408394446186 -1.146627149567677 -5.130653928900403 -0.6190419112046177 0 -1.691678245009086 1.695884202522649 395 494.1714820861816 2391 1 3.792617932849465e-06
 -2.912569005005473 0.08944857719777474 -1389817113.946432 85.98391034412614 1.019283905530293 0.2218687001364295 -27109.86657107067 231.488322526415 148.7453202969241 0.07881672177504809 2911548823901.024 3166.895033210117 2860 191654 1 4.294293861334426 -1.200900061820196 0.7997078764952663 0.6691739254021112 -8.397952240968774 -0.5541656868322908 3.406132409336299 -1.832135852772939 -0.4805445015071284 -1.468145558872465 7.890147218202351 398 643.1594898700714 2391 1 6.199107100712541e-06
 -3.65083487566578 0.07764638640359746 -19543730961.1897 8.57764093494891 -0.02464971004844436 0.1018995085797925 -2308046665.510522 42.99780716833597 7.435387047956588 0.6684518268494151 166.2633093138914 3015.00113060774 2909 191603 1 -4.469127528090644 -0.2018900499717358 -3.214149592891975 -0.1940493694906165 -8.738808961067665 0.04525350064500692 2.73195462561765 -1.724430388839744 -9.064794477929317 0.3423117613851017 4.254725173772277 401 649.2713770866394 2391 1 6.795624336303546e-06
 -3.618591151005913 0.5309005662558646 -5.076894198573816 171.3442619198627 4.328128317551896 0.08471549282616092 -195255304338.6446 215.5313533697764 149.6338201981982 1.872271131778851 8.618789156520064 3223.158366836392 1549 191663 1 -4.630988031930127 -1.314814706471434 -8.923920701833218 0.8344479693862059 -8.870933972761826 0.7753218605753611 2.853173296470029 -0.3345336352904429 7.897095295232145 -0.04005882131534927 2.729915349676537 404 650.1484818458557 2391 1 1.074511810254264e-05
 -3.270163774122361 0.4640233706904867 -6.372039816017087 0.1411354591145852 -178856.5362217489 0.6715074615454629 -8.576634815026658 34158.67547149281 2861382.332907305 508.7287156637 703.1469313481703 3081.696162211179 961 191657 1 4.674122785011456 0.8676596297822963 4.858032057983101 -1.846776891555759 -6.0346636727636 -1.839589076201227 -9.225436326077766 -1.369566760429323 2.5622055218494 -1.102990827853796 7.872751700179734 407 645.1193969249725 2391 1 -1.522761111313145e-05
 -2.94457223692526 0.1019671875136632 -43321271.8465059 889.4083092226186 92.5525346846523 0.2160927988616881 -16167.04659555065 20077.38221858298 992340.9579268574 0.07658174026420475 3801944674037.298 2834.03945985371 3682 191644 1 -4.612142665089225 0.6794534556778341 0 -0.193479505904489 -5.383513326294265 -1.926664547146727 7.920336822107124 -1.4197759117818 -1.553431477621276 -1.279056165023412 8.946327899466574 410 643.7390530109406 2391 1 -2.686389126683975e-06
 -3.248995141347168 0.1207930266557027 -1503982.761816475 20040.99599194121 50251.48909347434 0.1691761495765382 -189589.034227542 399.3342542650646 438.4585767515197 2.347371321796226 3.976547065956184 3022.536580043482 3023 127757 1 -4.344922945954029 0.5291319840009079 2.080191821794712 -0.02598504434199446 -0.05156993933873455 -1.277985820253531 -6.207645415796973 -0.2355766870321147 -1.901876071696819 0.1122120928838646 2.017774629198613 413 430.3210289478302 2391 1 -1.294062395168613e-05
 -2.784979263833288 0.1669852122024485 -97920.09223351405 4519.321968411215 1305.679314669864 0.1814690115114063 -178397.1358394328 2278.855479298556 11110.3954218097 0.7471969321156375 10.07124909032085 3164.584864104976 553 191505 1 3.868502816628653 -1.582779010738441 -0.2773310798431066 0.208883010754441 0.003825901726964176 -0.6705373766824332 9.138760554303579 -0.2708314925269732 -3.374472141540513 -1.814556105022501 -8.195537635636784 416 642.4020130634308 2391 1 1.384414503703328e-05
 -2.821008181672207 0.04418345549008506 -1.91586019762154e+18 2874.069229874863 713.3847339618142 0.06950304854472612 -62368307320470.98 4407.237610597233 43861.77071922998 1.264531932164389 10.27825610324887 3089.118791104856 3901 127767 1 4.684363680094573 -1.956343541982279 -7.778717568101996 -1.778093626575043 -4.064999891728512 -1.767101026749097 4.618514613221111 -0.5870743037011188 0.1618936568029357 -0.4400073621998147 -0 419 431.1899600028992 2391 1 1.477172718866138e-05
 -3.526779234181015 0.2192231606588801 -28841.94959286443 0.1656610985258886 1429996.493712804 0.1466671826732341 -39271748.34792932 53297.50435447787 5442106.253859628 0.1325024847930906 -521012369.2009637 2993.424977034241 3153 191649 1 4.450258468663987 -1.563287423572597 -2.43301963849995 -1.060725372828867 -3.655939561367774 -0.945450029401103 3.168901278437501 0.784482921297573 -9.788292528222284 -1.657490876383117 -2.393314745692864 422 649.6110870838165 2391 1 4.489741551442154e-05
 -3.273156838958023 0.06375587685255216 -708694402977.72 2.032997075010775 0.2873559299217399 0.1334687468115094 -9377314.154512541 139.7324179157889 47.14349426059256 5504.320496226744 63860.06882942123 3211.48870856042 5024 127773 1 4.612401181270744 -0.1872009275798137 0.1522036884531706 0.8914472181689783 3.032293456093831 -1.652129866388511 4.860682577536548 -1.105299963568585 7.470753951774746 0.6561812273252983 -9.232184705898037 425 436.2122337818146 2391 1 -4.464641775895408e-06
 -3.744671099378746 0.1808122672790214 -17651.60938260723 0.616481062169298 -0.4497488031257029 0.4308482162756236 -89.65546221687141 214.5472626638545 125.8703298895822 0.07565488995838167 1804217495078.974 2861.958370079876 553 191003 1 4.588512820654724 -0.3084384444004301 -1.233255528004269 -1.202259518954993 -2.145277216526271 -1.427861563251655 -6.799756342495916 0.1371864406835396 -3.347805577920194 -1.762734112470438 -2.10056219873863 428 648.0700798034668 2391 1 -9.081676294820653e-06
 -3.319074152786367 0.5619071379460853 -4.836693260904902 15514.64781803266 -6163.098934334406 0.1579355462513506 -321745.2616959136 2062.580918502615 11104.29259029112 154.8291920549578 45.09516106220521 3103.757343934094 554 127764 1 4.124503862020257 0.2412098052745319 8.688222021941773 0.07022949497886086 0.9653670116002981 -0.2488163293340593 -2.981677380700131 -1.47260953291222 -5.126493101531916 -0.9841711003484717 9.078679322382081 431 432.2115209102631 2391 1 -1.448829750163438e-05
 -2.99167664806395 0.1011138954462309 -79702071.03448583 52666.06944937748 216081.7090478972 0.5084753443907284 -37.62832556228694 14019.93785445904 506009.4853163455 1.256749718838374 22.19810013293342 3165.42272549783 4816 191663 1 -4.318890635342782 0.9939357101302098 9.007823178327746 -0.686121880394051 -0 -1.974875933814848 1.26103100372363 -1.465491734411303 -0.8957258106453079 0.08756433372793281 0.1185832480559363 434 646.4728569984436 2391 1 2.606288138644686e-06
 -2.235280692190183 0.07733356867843984 -46976650204.60374 695.9130877259871 30.15867068466659 0.05176615484313663 -4.361155966405589e+17 248.2826525867331 176.7731670119375 208.7190577190712 128.6797547687405 3154.629918004253 163 127756 1 -4.225999557803217 0.2319146557595757 9.323746308666847 0.5131598206761128 -0.6296641198238118 -1.721606398748517 -2.600610749749531 0.4260880916868021 4.038419399484115 -0.8155291896256465 3.443642570760635 437 435.2543649673462 2391 1 1.012052632029839e-05
 -6.165324203111064 3.014213747840216 -0.1346068921123564 0.1752668451567033 66720.83793650982 0.06351955399229317 -17678540810449.6 2444.501419824895 10761.94739532246 1.067967710954974 18.51723882991152 2969.609796662203 2312 127772 1 -4.470117221185881 -1.667781835011613 -0 -1.021490413618777 4.312051823682891 -0.1321040367236091 2.383845639317959 -1.070624583393405 3.770548347014164 -1.618329923524108 5.925485299684466 440 435.6409819126129 2391 1 -8.842830351059266e-06
 -3.35262648937166 0.4608616293664665 -9.350065321017313 88962.61717394125 396993.1996074856 0.5378157168239974 -27.03777773273079 64.50138330466321 15.13153642771942 0.419915240670015 -45.21158258013922 2980.64800246989 757 191635 2 -4.472200499363137 0.7346411267978894 -4.32126801290259 -1.831532730050168 -0 -1.257110771627348 -3.916695444213592 -1.644487901518512 -0 -1.647035217240428 -6.069526953710954 443 640.5545518398285 2391 1 -9.595003894289038e-06
 -3.610457521566698 0.4876697271780102 -7.967904527598123 0.2879970654658742 97.55062318948035 0.1725127047892578 -179179.1358233874 9983.71618180628 215439.8341597984 11793.77077198148 127793.5687847099 2964.173088919604 1240 191663 1 -4.598509746677692 0.2156474198950446 -8.268779133037324 -1.2220032713165 -4.732277888990159 -0.6461554686407718 -0 0.7774738313565006 9.611936587339883 -1.222045636746223 5.561260564729834 446 644.9438350200653 2391 1 -1.319305230985529e-05
 -4.445290955716335 0.5138035315227383 -8.825722408551185 437.7874760572647 -10.39062937307716 0.06568918631646511 -7767832864622.737 1468.129758094943 3666.450607753197 1.32380999442164 9.332168223759188 2969.913419329574 540 191587 1 4.689743151049655 -1.969320804473455 -3.276563199409948 -0.6592328116353015 3.522420171755527 0.5960498424208023 -6.985924553155932 -0.8088002147216686 -2.46001298228331 0.2196514648062049 3.324824933252212 449 648.1189959049225 2391 1 -3.839689283231804e-06
 -3.256563723883886 0.1172151295201898 -26039353.52057983 178.2260670906317 4.914093497698437 0.4398367490629994 -148.315670654258 55786.54517073218 7334582.585947529 0.1105379148049708 8221598932.166869 3172.952377196495 3649 191646 1 4.625478217393027 0.6064637122644339 -5.645486476280498 0.0544501919126534 8.857522494551612 0.6016807183239776 -4.255257593836172 -1.7385021784126 5.8167693004324 -0.225727964108371 -1.815612365503446 452 654.7306549549103 2391 1 1.762819093652412e-05
 -12.97736437568432 9.975119725070494 -0.3227405238945746 1.377995014626793 0.2970899410784731 0.07510123091813856 -3284593205598.562 153.4955187558374 63.25563929713592 300.0033792563567 65.88535154794754 3048.450638664783 2627 191643 1 2.951709101695346 -0.2412378702381162 3.383595695507552 0.1386191639637179 -0.7830868788426404 -1.877753397289898 -9.392935169705055 -1.839638328349666 -2.59285255207328 -0.08796672749284708 -1.625331166367923 455 647.6987988948822 2391 1 1.362383881831777e-05
 -3.03053008181344 0.1086785504592917 -386685.5938300801 0.03088017029323494 9.999461621041875e+20 0.0772665880735519 -2106700817.070522 262.0004239738925 169.1258593229047 5.374131307700056 1.170356882244905 3030.530756663718 1470 127772 2 -4.432066462551862 -0.2780840387529215 5.42183345011976 -0.2813640720498976 4.294251586101653 0.8230419221968601 -6.259440833822011 0.3421065929056847 -8.48606453228118 -1.234050670190726 -3.098116869004699 458 432.3732719421387 2391 1 -4.033228461219109e-05
 -2.536534204480267 0.06751461119257797 -127703913371.2338 3143.080111156383 637.081333683592 0.3380263777494074 -425.3010608968634 96.0336950627988 25.42585999182373 0.05565147927259534 -1.356384942775059e+16 2914.551034592455 2809 127776 1 -4.589863798849841 0.7023912210733858 2.924017438233154 -1.857790432902696 4.360978366182839 0.1090487617551025 -1.780836451306019 0.1937742558121403 0.4697369970469514 -0.6924698562511686 0 461 432.8947150707245 2391 1 -1.640990838298493e-06
 -3.751964753512771 0.2027042568440737 -3496.899963213612 11648.54876046055 5640.080538235306 0.1584017276990634 -263826.5417507062 19665.97174278131 1035616.576246063 0.09572156912497044 -2717789267.12111 3015.378814433248 3117 191664 1 4.65907796825182 0.4255341923520745 -6.923472022821956 -0.632353036442538 -1.631793386767965 0.488507627169386 -3.324455846622305 -0.2963549591707446 5.462840555511788 0.130648857907298 9.733158886221275 464 643.0809829235077 2391 1 -1.512617296886089e-05
 -1.230593448262294 59259.21064382727 285228.2915127415 3.296387636161759 0.1042175238782071 0.07752322445030189 -18558622048.98856 60.27249340703816 10.58074000897249 0.03627979724064334 9.997323336763393e+20 2971.104328306747 1152 191606 2 -3.395781026338007 -1.946660308568818 -4.70922437244056 -0.06945852463185355 -9.345021823239843 -1.423535054821931 -5.100121100791304 0.3870941345606886 9.657850874224138 -1.867042585697432 -2.567456409271855 467 648.2794051170349 2391 1 -2.496757954838738e-05
 -4.026709319845248 0.3098522159733332 -247.4106072280552 0.1072658664930856 -178411836.9486696 0.1460441958333783 -4405453.537487267 55.87347775911481 9.546111957692649 8455.794390403804 83247.41023688778 2933.565970496217 3793 191654 1 -4.485847464829154 -0.0720351133024586 5.288475342395165 0.4046210174948657 -0.5317627597481946 0.6348827836213005 -0.5295020559853576 -1.659376116691536 -2.350297448004817 0.9643562267064025 -5.521516310438388 470 645.5871369838715 2391 1 1.00292747984211e-05
 -3.133276378709771 0.1038242946700591 -23208398.78749743 607.2327706438755 34.81703151256639 0.05245818882651 -7862497538542994 218.0109482954864 126.7023663048787 0.04547347685805082 8.639791162852643e+18 2933.028427119081 4036 191635 1 -4.251871450290484 -0.5755435135467204 3.696757913095551 -1.470365485261011 -5.169393009122458 -0.5508160796783805 0.5296677714577607 0.8886595343202863 -6.035736480293025 -0.9364791088738835 6.267840309944186 473 645.5177171230316 2391 1 -3.868715657032702e-06
 -3.567006731607018 0.1173100212488401 -21037756.34127501 0.04646093450716184 1.17207084832285e+19 0.2094451164968139 -16008.96588010421 16.28202647355133 2.312894446817032 1.275710454095885 4.348566900490417 3181.977537459635 2307 127676 1 3.715055829183413 -0.9596793925986962 4.732824014304565 -0.2037017594483341 6.170591266600909 0.521685020921784 0.2611026053740102 0.0869062829403613 3.237965251280776 -1.443748301517316 7.539271070182325 476 434.4734079837799 2391 1 9.408864635563637e-06
 -3.402976966541387 0.5244468979232594 -6.965672161958643 1775.623983780442 356.6258284710936 0.2338288924161598 -14440.68026160189 49565.3312844075 5223421.712015436 7978.904704224991 -72412.68063202078 3318.12583134564 2209 191646 1 3.846856632078075 0.8837065192031455 -4.582753748823188 -0.9876152963629448 7.320054789180677 -1.672654879140835 8.663385386538074 0.9443603506544278 7.762721648861266 -0.5091536410121416 -0 479 641.1429569721222 2391 1 4.129037344061458e-06
 -0.1322127141701543 11032.24511028852 13529.57891276746 0.05349203402219202 1229261914622088 0.4714387920328101 -50.65343274772668 48.76949280623289 9.738716309350831 1.180680593634591 26.39904273672398 3081.326550590135 2210 127774 1 -4.171714273777083 -0.09574429955360844 8.880765606016249 -1.122205602150402 -7.23998016220372 0.744465488659229 0.2731667701864722 0.6924202055043418 -2.839009461541566 0.3880131393494594 -0.8406964326209607 482 434.5878992080688 2391 1 -6.4165020731307e-06
 -3.169606008531967 0.6039150408794709 -4.802645383345747 22894.50373714731 41779.08503201311 0.3872964906107585 -234.0068662228923 2264.499284762127 13152.67655383148 242.1035106323642 109.7912230159284 3123.458849506075 4140 191656 1 4.609395217391694 -1.545965141173363 -9.423852023277465 -1.664509594944071 9.113384203135624 -0.7243624701103597 -8.195326982295052 -0.3612842697563519 7.206716276761517 0.04692033633960956 -8.327268600309059 485 652.8949489593506 2391 1 1.092656668273759e-05
 -3.829460592883015 0.1038278561120958 -455923409.9622974 4.856395699646312 0.1361814829170117 1.703323432306667 -0.8743183607089068 41089.71966262912 2937042.347008522 0.5021747826073338 963.3870499978074 2922.924663266187 2942 127758 1 -4.484761018480032 -1.548520780084054 2.88641317144434 -1.372699838151515 5.666079038748833 0.1322066589142787 4.558947220586083 0.3604094979255831 4.049497998431852 -0.9641736725158303 -3.595772863577976 488 434.037367105484 2391 1 2.405748016701951e-05
 -2.650200298987723 0.06943927295117917 -313438479074.7836 143.6472759744524 10.15137084629306 3.998336661226504 -0.3736455527260684 291.3288959001082 249.351834674892 340.721765898826 289.3046521976382 3133.19264487524 2959 191641 1 -4.646129595752023 -1.367440493839915 1.812771899765457 0.8548013238005092 -0 -0.8136963383841156 -7.479286616746986 -1.621622284431122 8.866723785204943 -0.6472812815481159 -3.693031562546256 491 651.7556118965149 2391 1 5.459656847142281e-06
 -3.120653156346501 0.05561146012396544 -182112662683651.8 0.09462014297486065 -3301542689.69486 0.07096294181501689 -16604530112949.06 661.6984903504293 793.6204805675297 0.09290633127040289 84608675823.93416 2970.163375849623 1937 191662 1 -3.919567786366496 -0.5356753577942932 8.324321141169248 -1.164053271413801 -1.762835160349908 -0.1242882797155289 -7.555803473978289 -1.836924900313533 7.778472067475912 -1.208069746715701 -8.163055550285044 494 648.6700489521027 2391 1 8.373645058758288e-06
 -0.1528870672208116 3715.415678610878 1883.587105214496 5.710803857138635 0.08459899425629012 0.08565455066577585 -58671660672.28738 476.9964427054708 562.4698630509948 0.8741111218739704 51.00054344010746 3087.723079786527 2297 127772 1 -4.660832109215177 -0.8886971546961036 -1.258532621668197 -0.3016021922692725 -2.295739029061952 -0.3067624262619333 -6.003402894797463 -0.5620595183045953 3.532371851030327 -0.6384877125159285 -0 497 433.700101852417 2391 1 3.268830050897551e-06
 -3.821805242211027 1.092101838728872 -0.3462085495269555 11.17336159908722 0.1605000001832141 243.7841711662853 -18.46374510507877 129.8449479666647 50.53792681583842 24846.37517998456 1007207.277575543 2880.784862738329 1396 191655 1 4.691405270308212 0.4781631564948742 -1.800137696197671 -0.4166515655499606 -7.968258251393291 0.5980051619060793 -0.8752882305784784 -0.3368528527574384 -3.800426400880318 -0.1662678406199944 -6.507912834491314 500 640.4699509143829 2391 1 -3.94630261293937e-05
 -8.662087061967895 13.16724146047849 -0.1910288324498033 458.3922622568061 23.16737129562682 0.0529129026678113 -2.08611762872481e+17 3989.56040273531 37441.77953855311 1.536355766849871 8.691250037349 2889.147573173464 1576 127755 1 4.508981702274425 -1.945134964212917 -9.219438828938491 0.9870623790988405 -6.957532087725683 -1.749637616336762 9.700686659848589 -0.06317448438108553 -7.493387398686735 0.5699934855093285 2.524937292172101 503 433.7891659736633 2391 1 9.921299678514714e-06
 -3.352516188893214 0.1702900391165969 -98785.91732934696 0.3261962037472793 -128.7033980346925 0.3339882479582624 -611.3640710953704 5484.332941973778 68785.87692553538 3.9462915762358 1.089319419165646 3146.669825780511 3814 127754 1 -4.251904042536778 -0.1765252884570989 -9.500546741360322 -0.7963276394762042 -0 -0.1173250158709963 8.141610385529592 -0.4717756992030235 -3.394764837999548 0.4878863179369936 0 506 427.9906251430511 2391 1 1.373933422443905e-05
 -2.972618872452336 0.1675442631534537 -98947.20263252684 1.263972307002839 0.1896489939899334 0.06120092706041758 -1014992624715758 2947.200580846823 20078.75461667647 297.3205699427205 196.171670311567 2862.108468664122 2430 191655 1 3.754074420900777 -1.501601616692551 9.635821819436487 -1.871282855309351 3.753118871700026 0.4420441223429692 0 -0.9581935195832063 9.296864475853447 -1.893195469762625 3.670175112143331 509 651.1746900081635 2391 1 9.499776840313094e-06
 -3.78141252541138 0.1769621047039249 -32334.7478065437 4328.786183825595 3664.566550184156 2.19798127139086 -0.4771283669480511 113.9991696613485 35.4150340040376 0.177181924784114 1279183.824989626 3168.626885333569 3244 303463 1 -4.616084155802192 -0.1459007426761137 -0 -0.2992967810445846 0 -0.2411897565745616 -5.307224940135308 0.3461287639137121 7.465565516647185 0.4827040465714201 8.001194277663211 512 1021.582796096802 2391 1 2.171557045741776e-07
 -3.531368518566218 0.3497736189691296 -113.9318219250161 5.25190570415562 0.03280831814518904 0.1585829172563963 -2252338.779323692 28830.91658728553 1703381.856906809 0.09094747205058139 506196927390.0071 3023.266278001696 2919 191641 1 4.540095334316786 -1.716033649238594 -0.4744897613527304 -1.486126910124548 7.535002363847843 0.03562862332078699 2.330244828364081 -0.2570728641616773 -7.785096670671701 -0.3444589491628349 -4.882189803421425 515 642.4037141799927 2391 1 1.780044272843039e-05
 -3.288556123977771 0.12999402399435 -460253.0647417124 377.7717412480009 9.584997109568521 0.2477635029201308 -8476.077352079124 13098.9093140462 390485.4451998921 0.6439925447242939 156.7352898004403 2889.765644827057 3542 191619 1 -3.610784959829186 -1.425803181581633 4.772625611085208 -0.3046476533997789 -3.506053200820347 -1.760556023118204 5.434294311066703 0.9463233304430227 -6.458950870664706 -1.606268907971118 -9.174910305453235 518 648.7923431396484 2391 1 -4.277930113318265e-06
 -2.722661683610574 0.09684425063861092 -47396264.97005603 4.248631786171973 0.08511119715344291 0.30397900050018 -677.3470609372426 864.9482104315554 1787.940249175005 234.3735654190502 -18.04183358129243 3104.916344371107 2124 191629 1 4.387643384431154 -0.8905714794412862 0.9105891214763866 -0.70994300034525 3.087276245639957 0.1090072542486328 -0.9787950275672674 -1.750692728195925 -2.730396672037864 -1.244544237833058 -9.830282749771852 521 652.1757650375366 2391 1 -1.067901631475932e-05
 -3.532002051464866 0.3264103337461654 -65.42187336552699 0.03768271580568645 9.935709235744198e+20 0.2858248193953714 -1210.748263336132 164.2004018990693 75.34789880231092 4.10401449283536 2.190903043650516 3025.394046967391 912 191662 2 -2.873402415052182 -1.391473090098525 7.21257515103018 0.3810524702702014 0.3705099599996728 -0.9102449006820423 -9.543911129296623 -0.3813516412332731 3.524379854658201 -0.3511456167334473 -6.519678997768608 524 646.3220000267029 2391 1 -4.95959632629045e-06
 -3.394989416419495 0.0650358316360196 -1378074368258.249 2521.674657585444 2015.844239171282 5.811295834720071 -0.1527985236119673 211.3834006071382 118.0244901274942 136.9931840501979 21.13347115531247 2865.983366362278 339 191212 1 -4.46878886826844 -1.861330191272536 1.508457260704948 -0.04888341263063372 -5.159982537469799 -0.1663152765991401 -5.904344054834382 -0.9414445423016691 -5.926696680013525 0.5356537682604 7.48063728203253 527 647.6290199756622 2391 1 3.098393646150309e-06
 -2.930748264030949 0.06703249705734536 -2602844369073.618 724.7471231952775 66.91616294896356 0.04443247705244149 -4.487314232248702e+20 1312.074344529502 4623.148054397453 3.812149834265872 2.096282933080799 3034.180164068479 3066 191661 1 -4.472703394176938 -1.257547350118862 -1.471418343442988 -0.7329125136744645 -4.896610499447727 0.2681212705192717 0 -1.175937382754938 -5.583971963297277 -1.759795133381187 -2.68684104264229 530 649.7055380344391 2391 1 1.289342268922909e-05
 -0.08468517204600055 6665.505585590442 5206.555499826097 3821.025995731699 1371.381785935033 0.0831081187682032 -1665371245.62719 146.7660743379391 71.28824733589846 1.232369598391938 14.64792167405452 3213.446081936122 1029 191664 1 4.624816299212933 -1.606503400563594 -8.276095599768636 -0.1797700596257261 -4.091794745638358 -1.039387636219805 4.267462685181186 0.3629351826682239 -2.819939128163713 -0.5147364157510079 3.194054006971629 533 648.5101959705353 2391 1 -3.075483847138288e-05
 -2.880757522212339 0.2404731297096878 -1284.666580973732 2790.120471308404 596.9007845739847 0.4666186499863088 -89.66154906750224 35028.31135041742 3219417.161428938 0.5619379412302125 394.5171149012981 2971.117389511314 1297 127775 1 4.309398651072361 -0.9673232646633405 -9.961075160202554 -0.5319457243819539 5.00185575496157 -0.4793497272654985 8.796830380060507 0.4002483161079224 -2.858999910015355 0.5389200195317487 2.51861745537109 536 436.2921831607819 2391 1 1.141274672849755e-05
 -3.181509174510035 0.05424685183431775 -13457877725694.13 227.270414807804 8.411050162494394 0.1471956126371741 -1225486.893742841 5751.756821356943 71434.30186374905 0.6176384044184864 140.4660254533952 2854.009707762084 5169 191664 1 4.129480912238489 -0.9343753608169294 6.206392297180576 0.8497283821248836 6.2827827703063 -1.051768120284818 0.3165085369923291 -0.5484935551521621 4.371875974898912 -0.5575618958796698 -5.858871945044481 539 651.2148470878601 2391 1 -1.275495302795439e-05
 -0.01056613580271703 83875.00000681421 823749.207354464 6.272900844187556 0.09186401829981994 0.06180041173496419 -667212897866455.1 51.728276701708 11.6553921173248 1.31380608557141 10.70632723904583 3041.663250850894 9506 159719 1 4.569815736722481 -1.580935979394581 3.444351830779354 0.7608299153352691 0.2609973965558279 0.5315596929786253 1.671612470436907 0.9095129930618406 -0 -0.6107585066637347 0 542 545.8871262073517 2391 1 8.862831443569619e-06
 -3.159578615249674 0.2488451866674173 -438.3904572412869 50168.08785872631 139775.8239295693 0.0610999940165704 -474784219050650.1 153.0111530768641 60.3211280865083 0.0482022161965834 1.393662679644381e+18 2957.176458801399 1927 191660 1 -4.669053606490376 -0.1216425370331811 -1.857645140703658 -0.01225985333065176 1.021565395168098 -1.619282418523412 -0 0.270214622713766 -9.81620155024001 0.7910313768866182 5.358732098104928 545 646.7020661830902 2391 1 2.293118773308784e-06
 -2.788410746813302 0.100023349001567 -43188023.95697618 0.2088897928770498 -6514.39756873675 0.1673563033941774 -333323.7221034826 39846.21095262397 3288201.810150238 0.08601634480727549 182651271151.0752 3066.712127061126 3583 191664 1 4.47514664012362 -1.167485920192286 0.07180202656250323 0.2957199056553871 -2.021765517894028 0.1736120924906604 0.9246626174509531 -0.4237828207761858 -8.91297946016982 -0.1395323808766075 -0 548 647.8793978691101 2391 1 -2.742359072892318e-06
 -3.128455700275987 0.1742550834587956 -12632.47928658099 5498.733591646193 2003.765775478298 0.1602849760626957 -188285.5018389333 46.34819058156766 7.381236129409032 0.07620988137383546 376548692164.6981 3004.268799352313 2496 127775 1 4.24774242738567 0.04712341999392718 2.524891233989823 0.7942228131818898 0 -0.2642841971705323 0 -1.509076580988709 0 -0.3742347641314057 2.893998852235569 551 437.2611241340637 2391 1 -1.544095204804342e-05
 -3.151616695160026 0.1475596219386997 -89085.08462139944 375.551991467624 15.0751468605646 0.09244887068325881 -969893173.9589862 567.6583573871968 593.3401162065915 2671.671427935331 -693.705590612637 3014.611146272606 3439 143739 1 -4.277660918685891 -1.9194938289934 1.973624223482509 -0.2732442580351223 9.495248635200596 -0.567067854505872 2.036690778036089 0.7623918332218417 -8.952293304757688 -0.6201761104380603 -7.081900861165632 554 446.8926720619202 2391 1 -1.930166602109379e-05
 -3.619444125717181 0.147969963036754 -480366.6130010196 3340.835435509797 604.9333463791763 0.2413747755815304 -11402.01456634567 12539.03309326475 257666.4135881159 0.08900152397830703 511242795708.1106 3017.618179040222 3316 127775 1 4.376636963888931 0.5892547269458963 -3.592276603050113 0.5598283847822456 0 -0.1031906187794638 -6.830925588690205 -1.668520461084121 1.083371100373742 -1.024842328524398 0 557 394.0752339363098 2391 1 1.424931383570197e-05
 -2.72204477535737 0.1527216926473961 -577943.2621454106 505.7271855056592 39.02067847917377 0.2926165975625764 -3296.09835099271 124.9490103596044 44.62266529292719 1.458761321620292 11.99496142001606 3011.591478477302 782 191663 1 4.500781384990185 0.9185340073551522 0 -1.689582793749413 -4.338537813260838 -1.35308251624545 1.949053481579476 0.3626810624017267 0 -0.9311590196131476 0.1717666926185992 560 584.7571959495544 2391 1 2.657907382807876e-05
 -3.052638386900282 0.2660428967379687 -471.918877557746 1770.070630283532 131.0309086486645 0.04199604336277615 -5.592707321871714e+19 180.292901808374 77.22578724661008 0.3321985214412597 4317.966990609084 3187.142945675098 3887 191631 1 -4.375150238115921 0.5017153559679954 4.429243535818923 -0.3383684833257323 -6.405481920121709 0.9258801257724887 4.908053876393111 -1.909476564823152 -2.95122653819477 -0.1787979960133903 -4.774081598607797 563 585.6124668121338 2391 1 -7.43804147381139e-06


# name: injParameters
# type: matrix
# rows: 1
# columns: 11
 2 10 0.2 1 1 0 0 0 0 0 0


