# Created by Octave 3.8.2, Sun May 24 05:30:34 2015 PDT <charlie@yukawa>
# name: outString
# type: sq_string
# elements: 1
# length: 114
Slope	Lambda	Gravity	Lambda	MagneticField	Lambda	MagneticField^2	Lambda	AttractorTemp	Lambda	AttractorTempGradient
# name: om
# type: matrix
# rows: 187
# columns: 31
 -10.15130456456834 0.1849747233069928 -40651.97721367556 0.9052779744433237 1.152646338192046 2.446462317902025 -0.3095389989023303 1610.985233297067 5636.842960334885 1.689564736009016 3.748881140782097 2936.808566686754 578 191621 1 -4.587931147615152 -0.6656379611741627 -4.247028968491438 -1.425769858896143 7.767916684293422 -0.3189844209661059 8.88951723338082 0.945958859510617 8.292967281975187 0.7616190275850947 -1.810021614059833 3 842.3716280460358 2325 -1 1.030966419350172e-05
 -9.963185837880131 0.4848084815070238 -3.179009722197629 3385.899982768268 1312.549129334379 0.4794071628697634 -37.76504732788759 7.616667259028302 1.367664893440349 0.8780724995459066 15.54624543947 2920.238484976482 2076 191543 1 -4.577747269359501 0.277353202034857 9.92548265024487 -0.5015518024431334 8.348475854279926 -1.256335659069582 4.466814918828188 -0.3189257541497952 1.019046128828196 0.6639114477143049 9.330634267831345 6 699.2119069099426 2325 -1 -4.062944496530203e-05
 -10.07097739028459 0.04918095302854372 -6795173722771893 4282.74031972794 2142.831710373937 0.07217925233193254 -1834715121495.379 44.25547062982209 5.750948365747603 0.0395463673208413 -9.98697093334972e+20 3047.953716815754 4774 127771 2 -4.179328703359763 0.3288126225558328 5.815656025139416 0.4556150549261497 -1.134551102695524 -0.6387066774979528 -2.06675326862561 -1.6449349900871 9.175793753078773 -1.10447770384286 -2.180781110214862 9 465.2140340805054 2325 -1 -4.546128510921268e-06
 -10.14601710067347 0.1645596002346893 -8780.953470765431 0.9955822767148779 0.5156039230275694 0.1230534841159848 -3443596.19473804 76301.4472558672 14915289.91340731 3314.790139390706 17906.71604453869 2866.871693270228 380 188990 1 -4.564228113561304 -1.266162926283568 8.26254566160188 -0.5991821438608929 6.338327205863437 0.02331729364901486 9.236995444274326 0.9196632565721874 0.6692696874516311 0.06979874933769142 -6.426248027386555 12 694.7692029476166 2325 -1 -2.838888772874683e-05
 -10.01385590285563 0.2539685700259933 -705.4357006220482 0.213387015178979 14049.03297720095 0.08640329973370929 -102427078635.3092 25.45025989168698 2.989744021153494 2061.721928316992 2541.371063030167 2944.295560139857 1500 191638 1 -3.628337387215758 -1.781163644770586 -3.398471046184976 -1.651498937876328 -0.1555895003357213 -1.997021789829177 0.2245024506227438 -1.126693887818438 4.19678590730822 -0.55818051115026 -6.542160885450318 15 699.1320290565491 2325 -1 1.159792686206867e-05
 -9.529874521887223 0.1923613183983647 -6993.060523394993 2.118626163262557 0.2299864090248928 0.1306593717117995 -10419502.24361689 119.2070822743061 36.05985012133476 363.9185256846478 118.3129778260435 2950.788959529506 191 127099 1 4.551801182751615 -0.7183659407541088 8.835999603894946 -1.683154471960995 1.125276383451831 -1.623968285920567 2.984335386199211 -1.735328984073614 -0 -0.4076390642692847 0.5384468044130619 18 370.3930630683899 2325 -1 -3.693331010643038e-06
 -9.608017699523254 0.03652458805405406 -7.574609966413068e+20 590.7139682156918 40.35473817296076 0.05036901409452261 -1.221049911338394e+17 3246.452958782381 24625.57028739396 0.04016090856807248 9.97287351494041e+20 2927.321820824824 2253 191593 2 3.516785094018724 -1.287974503610551 6.360267133755443 -1.134800817632744 2.622470204409443 0.2122066845460972 9.637360429043564 -1.125342063140426 -8.387372775756264 -1.777975406821787 -5.642550999971248 21 549.5066998004913 2325 -1 -4.671813491125405e-06
 -9.650524442156387 0.08330592256766055 -484215016.2072486 1936.474776139941 1092.313042479673 1.708596085784916 -1.08881764203099 22.67148377786218 2.978634190218864 3.493185059077027 0.7245704501182505 3076.686596594001 2117 127771 1 4.501458324493746 0.9257297305244232 0.5576501917437326 -0.6029790418284664 -6.004660256404454 0.5505594689592845 0.7201340001399572 0.2579155615232924 4.367437104787287 -1.502299093460177 7.994511442980823 24 375.8135330677032 2325 -1 -1.083974764679857e-05
 -9.793178692620241 0.1970125800108185 -11418.65891043393 89478.75901802629 -194538.1052403931 0.1224957801254539 -47797478.40140548 16418.771005443 539179.7663669664 0.1379273292721999 70724803.3550722 2853.087133412474 3529 191635 1 -4.482751761939788 -0.9830097381936902 2.16426581548551 -0.3380337937093127 5.264164585987618 -0.7411696612806793 0.01435355864606258 -0.01899470862866261 -9.004910406811113 0.220988364612912 8.972771122901243 27 556.7449882030487 2325 -1 4.116783212171222e-06
 -9.749560856280418 0.1643062221565786 -36757.58003417707 0.03923417756523614 4.851344056101298e+20 0.6383257853825972 -17.80704967723429 37237.4814780872 3182049.766464045 0.100104049993047 7055782609.229226 2988.210796453583 1694 191649 1 -4.533152822788324 -1.442312894677114 8.561223988441292 -0.6667643363801163 4.822337148889703 -0.3531296928443038 -0.2891884664493647 -0.1312417695859036 -0.0429419218132554 0.5227805591464421 -0.349595308532769 30 559.6140620708466 2325 -1 -2.977291507165944e-06
 -9.49673628123203 0.225015241648027 -1306.297404052461 482.8839311738637 39.6342123104146 0.496649843175167 -44.4407025911975 12.9976857285752 1.735979777522645 1.996224870317155 4.186687430786667 3040.96849573455 335 190297 1 4.109905412863334 0.6080596686228898 -3.910721019037211 -1.14046681392708 2.431849257747984 -0.1730086474724431 1.149032204984105 -1.939948733124301 -0.4136831890531782 -1.25744921099861 9.504658513141756 33 555.5463421344757 2325 -1 -5.127991940170242e-06
 -9.643769523381197 0.08185234480975427 -80796309578.43193 21806.16521388112 31282.96446109327 0.2025958576604868 -112377.0517954011 93330.11069304493 22058572.87541962 2.990289148074555 1.693016937076062 2916.451077457947 3456 127774 1 4.296275351985715 -1.596733096877483 -5.294274006347895 0.7337127217259467 -3.146853965392655 -0.4140494651421936 6.198912453587632 -1.87030960121862 -7.822824036584938 0.3430535571337696 -3.262147916123447 36 377.5964350700378 2325 -1 1.572817539308635e-05
 -9.60205328469022 0.2832014665979041 -240.8400074388355 159.1508397911993 6.855775444492267 1.350122921929004 -1.676631080164393 45.3781714880371 6.930861018176563 30411.58725577122 1075107.451193578 3058.710143144596 817 191408 1 -4.682765369075836 -0.7503195703266314 -8.117159887914523 -1.704898909162755 5.667791945721932 -0.05169070712553928 -5.805503862229495 -1.816983694258649 -0.9946729359916846 0.1713294340664273 -0 39 551.2319231033325 2325 -1 1.025989381601695e-05
 -1.24141525205252 3086.983122397352 3958.878153628813 97881.54275780747 1384666.339721809 0.1077805971075411 -202425008.7429436 407.0340378242618 442.1403222167402 0.8348355027734846 33.12653924966156 3051.60128684928 3072 191659 2 4.49116412054622 0.6301892530593505 9.331542845713635 0.3161331904019709 8.872052411305162 -1.643858478445249 7.189291849060115 -0.6384317076971584 8.358310238271814 -1.772019773198376 5.912117309064532 42 545.2073860168457 2325 -1 -7.514082717991182e-06
 -10.00542820759645 0.2894328865592125 -821.8701351865616 0.07630898037565556 3489855438319.737 0.07398690268596687 -18660527122991.04 393.7712254934467 423.0626298911394 27939.72778256911 1288730.750367919 2963.136199283522 2820 191661 1 -4.492104997977176 -1.925362465827327 9.291046270496199 0.6679740110638299 -8.471738255547915 -1.849191876836642 -8.419655185683002 -1.883657951752024 2.386346803280046 -1.598408599086801 -7.721545156532109 45 559.6391379833221 2325 -1 1.956635162688553e-05
 -9.481783091981505 0.1229267051323209 -1599653.550093103 357.203854895937 16.17725860056501 0.1903556665059126 -69009.36939296941 4358.27425443449 37500.0882794834 0.1104106152041257 812944591.8978255 2883.315964459567 5862 191656 1 -3.69394552285242 -1.283508946310739 -6.547121696120588 0.5551192635331565 0 -1.240354177342337 -3.875012699992627 0.2229143214873335 7.584382464077132 -0.2949358395294199 3.783020527863607 48 549.6951959133148 2325 -1 -4.737021824664281e-06
 -10.10832564963745 0.2182413770531658 -337.4215166048378 1298.003868449842 192.1147859197079 0.23541435105304 -6608.27628520484 39650.01256658189 4399664.876970817 905.4050203614947 900.9411314719281 2979.925742872532 1275 127736 1 -4.178132119603536 -0.4662784376932692 9.449868343663914 -0.2075311491478776 -4.892193812540958 -0.9483846869136716 -7.183655761228065 -1.705665359448553 -3.972782059973559 -1.241504348651175 -6.805334106672463 51 367.3654329776764 2325 -1 -1.600930832216451e-05
 -9.412489919957105 0.202005404516493 -503.8782439618418 0.1184869178302982 436698.4603619413 0.06817660239627733 -78405762182.09714 1872.074074254721 8423.25752366051 0.1270701331956302 8430458.395309063 2848.953762608114 2857 191609 1 -4.338411633989707 0.1924674247282913 -2.910958407929964 0.044868985920961 -8.8336603604098 -0.3242253007707649 -2.626895668828373 0.5179799740681434 5.277617910175123 0.5041927331989209 -0.006041757999013075 54 558.2297379970551 2325 -1 -3.669149373939122e-05
 -10.31476482370642 0.1704968058641559 -17541.99777868296 0.1488807959886044 811337.2297081924 0.3971491488482586 -188.6296704654991 1460.919854654157 4250.176606424179 0.1391534710854749 13094810.67805164 2969.130043830586 2351 127766 1 4.654240686775252 -1.778586709075219 -6.175370017886562 0.8409171748009857 -7.795300405647126 -0.8137511315641568 -6.236855141455727 -1.248320440637902 8.834164359694716 0.8075388896239932 6.624135860055464 57 375.1711909770966 2325 -1 -4.137390622893256e-06
 -9.320072681802491 0.2057662588109308 -2542.093758378431 16649.32808789009 53481.92417085872 0.09356573988393871 -3638929124.710114 16938.97317111111 768534.5873560634 8688.310936897216 211966.0094845817 3047.019916413232 3872 191644 1 -3.952368847509316 0.1769742847221324 1.053562985509775 0.3077144499585591 1.049941424761326 -0.8835465853601887 1.460104998587513 -1.545886351102995 6.881943692707655 -1.529301853234266 3.202298379239179 60 558.4544589519501 2325 -1 -4.555908987661669e-06
 -10.26200398941773 0.04255520752245894 -6.520154264549749e+19 0.5174066103473238 24.3541746080142 0.08627792603045061 -197303927445.7522 18769.68626752366 827588.6580950052 0.9109318749552295 29.20487249245674 3036.528973700425 4288 191663 1 4.353641245637755 -0.4038692485291833 -6.338407578626557 -1.634943492584668 7.50972702793802 0.5432428830109921 -5.236042502613263 -1.316829590122631 -6.965245582324133 -0.4537326630960568 8.832698121603924 63 556.116219997406 2325 -1 1.532251620037534e-05
 -5.845797391094285 9.483398068627496 0.1181617893574544 1709.348415008242 310.9601680539463 0.3194019418573407 -974.5456809346256 17034.59814501097 644491.3224404593 1.21897667180158 14.66473123438238 3086.464405480137 1254 191474 1 4.593517500996551 -0.8362897135709932 4.986663941523833 0.4239682121495859 -4.26941169741659 -1.060568164053529 5.856240681682821 -1.85686728231584 8.074375235934506 -0.612421260294016 -1.912531598439498 66 553.5772080421448 2325 -1 -2.008738802083022e-06
 -9.184575730737469 0.03359524670514194 9.928289030859875e+20 0.06169863156752479 4311097442328.277 0.1234499603880432 -11940728.58741882 561.8444512040805 779.8710525926047 0.1943053191465889 395248.9897968702 2849.938296239174 1583 191588 2 -4.320950805960455 0.5846401393699665 -1.906086109382907 0.168307711253048 -9.527680137465682 -0.2670258278893841 1.937383668852188 0.2231150076752479 -5.480276017100578 -1.487510125373493 -3.713989047397106 69 555.6325769424438 2325 -1 -1.399011355023964e-05
 -9.758823089476577 0.0453973456403699 -1.203054720605922e+17 0.03989987147759382 9.991748515785837e+20 0.1553892045455306 -1187052.501854446 27782.46334425833 1867701.051707402 0.7248415941546021 99.60187576875644 2969.286532741024 1989 191605 2 2.294637432057228 -1.749144995808109 -4.833557442071587 0.2580878614799098 0 -1.824480129667565 4.320191136221471 -0.7862983284823093 -0.08216315882019076 -1.167772854298438 -5.047521354977677 72 549.9117081165314 2325 -1 1.651694505817096e-06
 -10.24553767113991 0.1959560179217112 -4564.064145695647 11.88318239442635 0.03062266508620178 0.1736328409256078 -271760.5355343996 77.71969670423118 18.35954801484172 59251.87662319955 6275075.51528313 2929.350047934319 1794 191613 1 -4.640854590715932 -1.674787108165768 8.02659970288919 -0.8888611565100346 -3.054764399757517 -0.7516933165445412 -4.351272559830682 -0.5362493457052739 -0.3585207061741413 -1.453668462284255 -8.250851221778797 75 554.5164699554443 2325 -1 -3.340432603118024e-06
 -9.452774766810153 0.1989478915735439 -8680.621266089138 0.2926406802322935 958.0351142903601 0.6447563775667191 -19.66341350547007 5972.862870460793 80965.13240516378 1341.830988149246 -1703.722911043859 2902.506736985461 326 191566 1 -4.476181989890867 0.8762852854260252 8.136789636050869 -0.3655475009894271 3.850378108224527 -1.033922873849131 -8.035713438586351 -0.5782064692189159 3.490027985171342 -1.733643175353218 1.601455471087192 78 549.525582075119 2325 -1 1.132508894162049e-05
 -10.5813183705809 0.3446129575146742 -72.9294606481721 0.1913787806294736 8702.181166158296 0.1755546913090563 -198768.8284030053 109.6559985050832 38.95238214731362 6559.548831111793 132085.2830872012 2816.039798591077 1374 191518 1 -3.097753803859135 0.7979599855761856 3.446004080853564 -1.767715314809376 -1.022547391387424 0.1851926798084307 8.077760857681707 -0.9102761015968995 -0 -1.818358849945002 9.006490451295686 81 548.4342758655548 2325 -1 -6.041704900335561e-06
 -10.00359472173197 0.2829002082900746 -86.063600777495 27247.17518000135 169670.4651093833 0.2023362901176364 -8759.391876592779 141.7643709808928 61.77560627912354 1.991551263278531 5.515372751712658 2862.550824345993 1379 191648 1 4.618117109536171 -0.7453371320024988 -0 -0.7349295975655998 9.366996658273447 -1.605897642694782 -6.487295153578967 -1.444770137966132 0 -1.896526204808406 -1.534036622517022 84 551.7992610931396 2325 -1 -3.290842852002008e-05
 -9.493187795494103 0.3485188293361671 -24.37164791180966 127.5656423412643 3.004713110072606 0.1072746386349583 -145829783.1977875 698.6176094205451 1318.81743763024 1.412177924414513 10.6510494399324 2970.83622758664 775 127735 1 4.631761557425703 -0.5766423288465639 0.7980563477631963 0.8197236892716742 0 -1.378452489302386 -0 0.5126756802878547 -0 -0.436155546705205 0 87 375.0521471500397 2325 -1 -7.903426837697246e-06
 -9.806843767870902 0.2139997599232729 -8417.731712857805 2364.641801394914 711.7593751958128 0.2563435999097698 -4335.789965715311 3448.10447221289 35488.49019836006 39.93554548196344 6.726358357939453 2881.740175760564 2358 191632 1 -4.653880677150569 -0.001434384330552895 -5.042378365574531 0.6182956938610897 6.22255893288991 -0.6633840974594793 2.795872470152204 -1.46990924194474 -5.819721190479904 -1.139533404368235 3.052359756400264 90 552.4790151119232 2325 -1 1.574036930451987e-05
 -10.34978555655834 0.2835094743208105 -507.2106738661448 3.106522172932592 0.2325098879913645 0.2338627784239053 -24014.20761390428 29173.10734412949 2319816.608869275 1499.943309818302 3344.228953172967 2997.678069277931 712 191654 1 4.362815686386163 0.5470952845727894 -0 -0.1625891327790149 3.191153557750969 -1.249253121790079 0.6323318374311642 0.3119405533106389 -3.251530237344001 0.9324052064666044 2.237711186710987 93 551.8544640541077 2325 -1 1.030578665821282e-05
 -10.83381849526003 0.2130633082883787 -4338.175564710984 47513.99825597484 344020.1387364414 0.2436775319303946 -8333.084521628651 6873.351792737283 101880.5560131845 0.1650601350924222 -3368069.810046248 2980.100617184324 930 127497 1 -4.440756807599655 -1.814837076261397 3.068773640691575 0.8115947755853083 -9.306006569986636 0.9694292082132119 1.334374741143102 -0.3590458646058873 6.372767694775212 -0.978335548440243 -4.69300068223122 96 370.3256559371948 2325 -1 2.180825165167563e-06
 -9.811067176048599 0.212983983085082 -2675.805793675982 5111.828225369197 2826.913245982078 0.8478917348133554 -5.519797457219129 5045.95640332331 60474.89131634375 718.3335786926119 729.9789853031226 2909.491326678534 332 190297 1 -4.286911209717995 0.1392466773125225 -5.915643817828047 0.2957666444030992 -2.64260138492921 0.6039255014658198 -8.177556497440232 0.6658217865423843 -5.166370379338254 -0.9892477612922477 -0.9601472590037408 99 548.4063138961792 2325 -1 8.660679480720262e-06
 -10.59568168169769 0.2622273377378681 -1226.642113940198 3332.743108616182 587.9326226918251 0.222943647397848 -32908.06961359023 9.093057622128034 1.682769026408695 85.52484358766726 22.81637688018052 2895.669261415675 506 191621 1 3.764017354301556 -1.659478058867541 9.560736797394458 0.3481873013770706 -8.15205272965432 0.4190249110635871 -4.982617383643205 0.5440562466759546 8.373858322219155 0.1078186250978241 7.043644434725506 102 573.7164990901947 2325 -1 1.246463187884421e-05
 -9.847169408165126 0.2548115534171838 -597.4642277866967 2113.35096064903 383.3567763853311 0.05806503331440239 -6865461099509960 799.1979895355834 1907.661147031167 109.4624856863747 17.96608929324973 2939.426966302984 1997 191662 1 -3.527929172555826 -1.895246521318629 8.512027866845987 -1.277275029812595 5.735195154902509 0.6273659342479889 2.821987288778914 -1.798213629088298 -7.783475112043112 0.9652183647909753 6.622826712161303 105 583.9412190914154 2325 -1 6.254496662665663e-06
 -9.89977697746092 0.07237576841599566 -131499544592.6138 0.1298521547687305 6154789.749200312 0.06572270735443209 -56179382610912.27 100.0066285634299 32.42305303721377 0.08835972470159847 188333013341.4508 2869.914010829817 3891 191661 1 -4.49638646421611 -0.5431591316496585 1.353517123851892 0.5220617731573722 -3.350025163652037 0.6485389666171835 8.315580313534269 0.5699199283319687 0.8969578488805379 -1.206813834126688 -8.824217840019108 108 574.3895399570465 2325 -1 1.22076158402286e-06
 -0.1599322783706949 6050.897952490035 18018.51643658043 42.09296791896367 0.3935601033912056 0.5112341107551427 -49.48669599067447 16214.21435656361 689020.9856692975 0.3686713115598128 1466.964029974108 3007.643784446569 230 126828 1 4.521010634378845 0.04193645270097064 -9.742411194926971 -1.445693208969431 7.26510293357024 -1.829631284632733 9.718557900403379 -0.6032962586799755 0 0.7138182067736113 -5.688009725213552 111 372.0044269561768 2325 -1 -5.135528406283979e-06
 -10.58639709117817 0.1148970384437878 -33139754.24346825 8.492549027450243 0.07106899461405289 0.08664602203403893 -152587324209.6382 2370.97536716718 13758.58860319927 37291.28900073438 3762366.782291842 3005.697692465726 1963 191414 1 -4.241138793724646 -1.56863850634118 6.028513937210531 -0.8283613288074889 9.779769046932657 -1.111741785541783 -5.757809902693922 0.03507107058710933 -9.762154429457443 -1.557436655093713 9.27654798249932 114 557.0673859119415 2325 -1 1.070616641575763e-05
 -10.01319908379553 0.232654285343332 -324.9058842337151 28.78358664127771 0.1408311294489738 0.6437629632321081 -8.618867786722358 23143.82302122047 1559045.643104531 15.18261576237024 2.735931189709234 2944.316557418202 479 191579 1 -4.377092991507228 -0.1617019623310432 0.16231230756568 0.1910179272390939 8.805473046505179 -1.245452244047041 9.600800639676565 -0.6252341294237915 5.159287542745444 -0.769497026564216 8.844608085129973 117 550.6177670955658 2325 -1 -2.16999459244174e-05
 -10.05977352762168 0.3204579567170103 -43.3343262017268 0.2549990202484306 1556.69016172227 0.1370878158070068 -3912937.455454143 340.4732659584712 331.990948038504 3.146986259204412 3.175728137139159 3023.574107784465 1768 191662 1 -3.299680245334948 -1.231892535689283 -8.736070015203842 0.211122444140444 -0.8076474113057435 0.908704457719307 4.934100803082776 -0.468490659871323 3.262532747036918 -0.821008719071969 -6.517934859435611 120 553.2849988937378 2325 -1 -8.131368194001076e-06
 -10.55472181661747 0.2022022569570366 -5015.273514080399 0.05051643287391745 9270799949562746 0.09220708199649745 -3521512639.099805 100.8366919321381 33.77373352511752 43175.86948095826 5128735.677569335 3012.948538047045 1744 127774 1 -4.107081569428169 -1.566446246235906 3.088251253884528 -1.035112907337284 -1.319238280079735 -1.432717658505058 0.2879801848202703 0.1316929547406324 2.066251960776242 -1.494642662516216 5.060001854708852 123 371.2648651599884 2325 -1 -7.03960947392162e-06
 -10.46083352000364 0.2076573586453562 -4947.372915958966 0.3531856178353686 -26.47816816780871 0.3855716177124361 -91.26386743619096 16679.16025143408 749866.9535854055 1.40705747965987 17.34294109813154 2936.117707619088 2922 187118 1 -4.445507914309091 -1.295759091621128 -6.059977963862375 -0.7096634072342445 0.5634396062445215 -1.227008371357906 -4.490145296001185 -1.081517478565098 -7.298096523267768 0.3090998280045358 3.754970252493908 126 550.6018190383911 2325 -1 -4.64844280120046e-06
 -10.06056613897727 0.333152873284162 -49.86114390983938 0.6323474631665023 10.72425465911919 0.3610142186895071 -610.1438110658005 483.904096853474 619.2854169435253 92397.83975428756 25934822.22491351 2805.269137188435 283 191202 1 -4.305351733124279 0.896852839491586 -7.234439838696296 -1.870517498051498 -0.1038214324818956 -1.28955123441995 -2.866716892950771 -0.4400762686381752 -3.657607469886587 -0.6328345495671641 -8.695606275481605 129 570.3152461051941 2325 -1 2.178834819042436e-05
 -10.19868196164542 0.04594856591448146 -1.765673020030342e+16 49748.61834602677 464034.0846529218 2.144764732866036 -0.6446326544495941 40236.31744872725 3592597.013622881 324.5823043990091 134.2466862219586 2958.963176271898 4205 191661 1 -4.64650594825276 -0.01257995707667983 8.6244207211898 0.5039947414887629 -8.302153967195061 -1.655684524900527 -5.647233584136162 -1.542870599812238 0 -0.10750081984592 -0.2871207681044616 132 552.1103918552399 2325 -1 -1.092167751355008e-05
 -9.731130499281676 0.1279575096395582 -7247843.804390513 23959.84177922287 80423.62822539237 0.7313653439015381 -8.689884039589716 227.4239876724041 135.0308907344491 51854.13095159536 4742181.468533986 2896.192865273003 1556 303389 1 4.610018571352919 -1.775382347428703 -0.2877930777961488 -1.154069292844804 -8.533131421940976 0.4975861743005852 2.625732704801816 -0.5998025108927756 -8.476857254210568 -1.56329426215474 -3.871247737958986 135 872.8519949913025 2325 -1 2.054776291432725e-05
 -8.898985848992158 3.013819470906548 0.02771058297121572 1.117271301358037 1.377228396952929 0.3168442252893439 -859.2860690640063 90718.64965904425 26917149.03184052 1.833446523082466 7.410262265487557 2991.049696447574 1272 191662 1 2.981938787992493 0.3943859471430486 8.996635734343098 -1.205298705850852 1.297019725304189 -1.15867592115683 -8.10547775720905 -1.547678096772271 -4.022199982025171 -0.2263936951385049 6.531333724004885 138 556.0317430496216 2325 -1 6.150317137280675e-06
 -9.621107024361695 0.053476419877192 -5682108500399076 36984.51876254256 192914.5212304509 0.05990552468837278 -3630143041384248 31373.71255921929 2306983.059350771 6922.08570551969 104876.8791246898 3034.28281275599 1056 127762 1 4.557297432650101 0.4394176975951383 6.534126279827973 0.630590914003441 9.839044085555468 0.8609973490248151 -5.614424387480925 -0.9676972668838477 2.139185958282424 -1.771312745600572 7.070590984398484 141 382.4474890232086 2325 -1 1.022244463916512e-05
 -9.624020917338777 0.1170273182416287 -34369520.13712943 2.348120350213676 0.1806550630490029 0.1944526539915008 -132795.5919762735 107.3948944600755 37.90956790965789 1.885831233599698 9.363620430385502 2981.927744408682 2573 127737 1 3.571356421260068 0.7113487668436114 -4.329622443453513 -0.629835280703114 -0 -1.875592694995998 -9.674097016643834 -1.386530883487775 0.1232007015541754 0.7886079182032835 9.404373201068763 144 393.4312589168549 2325 -1 1.267722258267481e-05
 -10.17759704730256 0.1831521814960131 -15850.72680904992 1.969369949098778 0.2286253510471837 0.1806149032912426 -294526.8857057545 1385.264372360229 4458.790948210075 0.2201856685112413 259868.7241858172 2986.884001417299 930 191652 1 4.147527566226904 -0.6583783784674715 8.268892169208527 -1.840457253580547 -0.804290171039868 -0.7334266745169531 -4.857128347203614 0.9514162024614494 -9.781147899401708 0.1557252931595432 2.556064438939394 147 565.7352299690247 2325 -1 6.261162232880067e-07
 -10.03113219158973 0.1705671871569813 -37095.24094063295 2.896994348911085 0.1220313929318258 0.09285206998547609 -8480079615.16506 12097.39444074773 374020.7085593311 46171.08217161154 4017078.54183554 3029.299504178691 958 191622 1 -4.222683918042514 0.7865145130138496 5.328729569498857 0.2575027962354243 -8.210499973327474 -0.5178493168482872 4.422443749684187 -1.47555295924141 6.414953129588494 -1.168206085776021 -2.285676277107092 150 568.379086971283 2325 -1 2.466329481115156e-06
 -9.560325410030428 0.334203125537498 -105.4185175534352 1333.068494443272 65.53275795658955 0.4688932017980669 -26.44725437486552 623.0202706593908 1195.804679817293 56098.39047354904 6788143.306086315 3053.723631617592 439 190644 1 -4.259180533498297 0.5842813487108769 1.239505015562701 -0.06496927079517612 -5.315927476057148 0.9565087761796596 3.388978313402028 -0.09734528948639291 1.347251420224112 -0.005087546427156522 0.09684171888022597 153 567.1328129768372 2325 -1 -6.720270807615257e-06
 -9.650702358258764 0.08976846341290656 -292821119.0232728 239.8914184230423 6.265782813265249 0.1129273531527397 -98198895.54259765 15121.0096284053 522894.713159567 0.3461068379452138 4173.714026666254 3128.029750172585 1995 191663 1 -4.369490654458985 0.7865225253988846 0 -1.593652510377437 5.522179836589311 -0.3567457999629777 -7.004857523555664 0.7598354666116047 -9.825567917594212 -0.2221155190582085 -7.133473430163026 156 560.7047657966614 2325 -1 -8.508890051607751e-06
 -10.19741635621606 0.3006774352254103 -195.8445429113144 1026.362070568684 57.97149997512247 0.06349867474708799 -164242125826496.5 1458.998777834056 4679.860381864396 1.175417963978886 18.40915784221918 3123.304879028854 1751 127776 1 3.25980558134407 -0.8423172920681523 -0 -0.7625272220679467 4.342788762569408 0.2422291650994488 -9.975220549511768 0.7744054366143786 9.475097453098801 -0.07900184951553429 -5.610455954092637 159 381.2007870674133 2325 -1 4.09081811314679e-06
 -10.3864950188436 0.2809537999731516 -231.983752026725 22287.85411101367 15603.72135001075 0.1766268211071613 -239194.9535325036 11.9248789798678 1.263440164340077 260.6304588761151 -52.44034332443898 2958.757844276541 451 191400 1 4.146916384269999 -0.7385687205742881 -0.3587858654673592 0.2880708316033144 -8.415419135212574 -0.3020522445400805 -2.593842273385105 0.5903238795443202 9.17673661715591 0.05791511359996757 2.417321443611802 162 570.7235329151154 2325 -1 2.341231844294575e-06
 -9.64611412587205 0.1477299328652635 -405603.897293227 136.302769352234 1.64710506240489 0.1328146741205542 -39157780.46759903 65.41040382724735 11.18537901522521 1.285577181883857 24.62701551417247 3000.683321614686 888 127768 1 -4.291509289697932 0.2040695058861521 -8.92444237395126 0.1290683511402465 5.581314398154306 0.2887072765500038 -0.5281621459404784 -1.371500345932722 8.778968095595811 0.1076829580016243 7.199769958608416 165 380.9310319423676 2325 -1 1.593599967514541e-05
 -9.434615713849764 0.1629585363452418 -37718.24212788021 5.627758700721317 0.04785584420641995 0.07995322144986734 -95323173417.75359 1012.212664765473 2306.43699300689 1.113315454705604 17.83857210793467 3103.633028206025 722 191659 1 4.585471446358271 0.279773469906035 0.6463922660634305 0.8009186524358718 -8.317407618708359 0.627768488390466 9.33964936096082 0.6564548866504482 5.473246065008424 -0.2331467550619335 -5.532124779091745 168 557.299644947052 2325 -1 -7.100102460571265e-06
 -10.29053295627556 0.1321254794525047 -794677.8138786622 1126.797488348938 162.4449707874641 0.2871936335004727 -2514.525201925004 169.8755425949599 80.7611697920333 1634.345013829473 7116.495734028599 3092.722428464881 443 190413 1 3.772386477448393 0.8516788323004749 -6.756030334399722 0.01413662032873467 -0.9924671890986363 -1.819132455344843 -5.313962243714163 -0.8489598886567729 -5.339139828441595 -1.571481568842594 1.448119578748093 171 598.7758460044861 2325 -1 -3.094154757141949e-06
 -10.10702728113457 0.3458646055561861 -57.99444566998879 205.6686330398308 7.615549144826725 0.3900329934190602 -400.5776092225921 16485.27147576366 560509.6001064585 1.297434514860968 12.99056169964459 2932.723199257854 881 191490 1 -4.222724681452634 -1.871923515921318 -1.828436200047468 -0.886750044931305 -8.811611849419666 -0.7594876974638343 3.925578975825594 -1.439447981845576 -9.303817240371906 0.6116010368080347 6.525323086128703 174 589.4550170898438 2325 -1 1.004290965264109e-05
 -10.16158434675286 0.1204668764281727 -499707.6802627406 0.4111281716588848 25.04608441284413 1.07961674224166 -1.749964137272978 61530.78423064082 8123400.334076843 0.8032412084326311 43.17456832497497 3003.384138195454 3960 191651 1 -4.499971778951056 -1.547331288719764 -7.860351021484291 0.8708059398336347 -5.473047388982525 -0.28942031472317 -0.2785800658652127 0.3337517280842608 2.945075099278803 -0.558438641977137 8.884658463452606 177 569.351490020752 2325 -1 -3.101261956200422e-05
 -9.812500440272279 0.2217425582972091 -1126.709148473322 80584.86947731761 656598.2557510971 0.08367013808354092 -16991979549.84839 11469.71256872791 340035.9311049707 380.3523419884596 330.5888528050423 2900.781317293623 2495 191613 1 -4.624645455423942 -0.8575909195469009 -2.741639939608186 -0.2068061858624484 -3.261900466946578 -0.8432576389797219 1.6074126929118 -0.6514521663709782 5.430124445724614 -1.331649116514197 5.147320449630482 180 575.6396369934082 2325 -1 -1.495729386710533e-05
 -10.1261380010853 0.1576184075166882 -20765.98880945948 2.139761071244166 -0.0553771596547335 19173.8517499467 -98637.97323647191 15734.55859115035 573740.8231401689 79.4759965557312 4.834441704487073 2911.618345468802 139 167196 1 -4.394331069924502 -0.9271710307265959 -8.038739671857186 -0.2064202045639352 0 0.9173752659974692 0 0.2603876347937497 -2.623588206982359 -1.261425958020903 4.1941541680467 183 507.7568490505219 2325 -1 -7.05675171317694e-06
 -9.513367178932056 0.1573041592746264 -65029.27601544307 0.6495827841752532 -0.7335069571535595 0.3224824705021849 -789.8310735235239 276.7471498467035 201.4088834674901 0.1325114895094859 -25745927.69106134 3064.882594146553 1023 191654 1 -4.322742729410392 -0.6528968612497064 4.943751526454113 -1.275117779858327 -5.536149089069875 -1.80817561373153 -6.690355651436718 0.867444588028075 -9.437853819128206 -1.447685557247424 3.165351959858058 186 552.2412359714508 2325 -1 -4.599292063965331e-06
 -4.722237612572673 95343.43564659554 2234071.625561369 43048.74660715409 193813.6740483974 0.04824530311401197 -2.705244706995503e+18 219.8664394203532 142.4700054188914 1.942329617381314 6.952572289813357 3123.846556085861 896 191655 1 -4.430621723985114 -0.9711205673981631 -8.177612250748215 0.156481401577778 -9.215471088490414 -0.6176028588656175 4.263089569843231 -1.25656308035391 -9.979272961104355 -0.9248729740415467 -5.698411458707811 189 567.847412109375 2325 -1 6.143323960691849e-06
 -9.964093487547668 0.1710228219760037 -66526.02313403827 0.0668317028858087 286332626116676.9 0.3543529836486995 -869.0035016498459 10490.76490626371 235580.0284433925 5316.030130331435 89172.36398717038 2936.288315942125 1330 127730 1 -3.793859763777085 0.4444661561740864 0.4419243529597967 -0.8336156783573943 8.064582102304005 -0.2097989645361044 -4.188248319936478 -0.2205897340573628 -8.441135314915384 0.7718460795967577 0.9267964819648573 192 385.6475751399994 2325 -1 2.203045781940575e-05
 -9.888027717391235 0.04528943290630652 -1.559158581136928e+17 0.2292836310108072 2331.086819865905 0.1139796799201434 -129111166.8303045 419.6080545045077 590.6640827750334 24.34373773380321 3.477719424926314 2925.297454511054 2271 191653 1 4.34734390283676 -0.6771268491528168 8.293358183411241 -1.598728185098595 -0.4700875344714186 -1.595818591482745 -9.828128847853282 0.391927409101028 4.097474275425317 0.5443953024420445 6.85223289777333 195 548.6966691017151 2325 -1 -2.394549571562338e-06
 -10.30755180871672 0.157026717204017 -135483.8853248545 34676.40088767207 92900.60827352278 0.07868522600416226 -252765871940.1056 1807.189440099748 8290.116442134398 0.05831307768655177 2390244208019532 2823.687914595511 1877 191612 1 3.966674143466273 -1.465398280194005 2.938244091908006 -1.926537010561493 8.900094838003525 -1.710677851475001 3.723166918478215 0.5586607331379456 -0.9935370424470245 -0.5909317809168462 3.723846115836534 198 563.1527850627899 2325 -1 -1.970160297826249e-06
 -9.950783988895866 0.4035793306772875 -9.631726286284396 3237.310270036394 1616.755012236387 0.6666091688167554 -9.702507996852388 45974.91576263653 4278909.526995013 0.05253753926003085 2092394653322644 2943.501497462147 2997 191654 1 -4.136727952003105 0.9167387553815516 -0.4116492550453064 -0.9148775974233851 3.434146914564678 -0.4625851711933544 -8.777512553591169 -1.47533163787704 -0.7569985856172918 -0.9973335395127529 -0 201 554.02312707901 2325 -1 -2.3193274225621e-05
 -10.06449554613022 0.2931418093577781 -205.2606741818701 2531.320554166111 751.9126180701359 0.1373866905984826 -4044814.273270884 69177.46228268951 11643932.34747183 0.728468082186472 75.54303045592697 3014.87203866743 530 191594 1 4.457854548223629 -0.4347565832124136 -0 -0.7309903599121164 3.184810055439593 -0.2485955802549009 -7.991099518508515 -1.683666061564127 1.531244190802842 0.6545307681284296 5.480706194462422 204 554.2143249511719 2325 -1 -5.992990850194168e-06
 -10.1354936249757 0.04636857546764768 -2397685005590308 0.04047382079262272 5.00730632889819e+19 0.08380989422108606 -21775322226.06598 266.9654666429693 181.9621972361982 668.1233577266072 961.8380113173546 3062.770806076862 1226 191629 1 4.023951778925829 -1.408039704341578 0 -1.108364479971271 8.468750043318501 0.4151481513671911 -3.134714603128048 0.7776881093491319 -4.202215755918591 0.1728519488455901 -0.5771433282024443 207 558.6334149837494 2325 -1 -1.065061647548229e-05
 -9.832044262177522 0.1266085377176984 -3607217.374257625 6212.66480156848 2088.387287164018 0.1408618649474261 -12058431.76021739 53208.60960305807 5824983.781664983 1.923633490795148 6.239384165327264 3108.145999160225 367 190462 1 4.577624230232271 -0.407572370963841 -8.967810081393941 -1.192129794253339 0.03534693081845042 0.1746733838391087 -0.8073482381182089 -0.06866768682993833 2.038540410141413 -1.203134580340054 -4.31638423819607 210 559.412740945816 2325 -1 1.065574912543944e-05
 -10.19600161295027 0.1591859378713219 -49824.36693489478 0.2998642451765406 296.474987058527 0.04531667284977729 -4.226797907486009e+17 61.94252516468471 14.10099409520183 2.032001107828834 6.154256967375368 3026.480745322242 2624 127761 1 4.418316796466558 0.3268659819485608 1.133214516423741 -1.848322888386147 -3.534114111475575 -1.047153623244193 1.552107806837927 -0.7690843515625314 8.695834010493405 0.2067868414407972 -5.556677493150367 213 368.272341966629 2325 -1 -1.640641448633462e-05
 -9.673246633271877 0.2536034582603797 -441.4509621984946 0.3100673975967118 -148.6927321307619 0.1352289958046351 -3373891.499830678 9931.202081459947 222269.5019021519 3.803124335739721 2.673239442950338 3015.072949591113 1035 127415 1 4.675728591712877 0.4393359112663764 1.159732147893089 -1.658278113513191 -5.452046100667479 0.9019246153025762 0.5257326840240797 -0.9561414656594618 6.706058686726819 0.4611557723267321 -6.571043382820037 216 374.6644458770752 2325 -1 -1.229331224154491e-05
 -9.915094142044996 0.0349340254247629 -9.98699267947279e+20 144.731529454359 2.385962343295846 0.0667133464807398 -7072114924336.264 394.7713148321988 399.1200933663645 12341.10585743446 293901.0369550631 2932.273022240666 2751 191619 2 4.694044239373707 0.5016247005839816 -0 -1.114966136023367 4.498236334428149 -1.229633753406364 -1.551581157803859 -0.6016643103386317 -0 0.6358996200347055 7.223928821130135 219 550.9048070907593 2325 -1 -8.553924769819697e-06
 -10.51135235443658 0.4711490541652276 -5.435657888125404 73646.17541261653 421225.3713293187 0.3411611362425949 -846.2572721475543 62.37908382153329 14.65631251861497 1.554747832758065 12.17385262152369 2887.539480940498 731 191664 1 4.370717190298054 -1.521648357913462 -9.011463301287646 -1.125895304481563 -0.404807109469389 -1.751020521438048 -8.269775132831828 -1.967295772757786 -3.696303342894634 0.881277886160555 -7.261250289447819 222 563.1038820743561 2325 -1 3.680826660105733e-06
 -10.60060069671482 0.2711023589880042 -640.8720182105683 4.830618701820462 0.1007019757372973 0.05539892940767882 -2.374767580003382e+16 437.1961454600126 460.3302782014032 14066.05166731691 368598.2689080031 3124.008321977614 642 191457 1 3.760861032842061 -1.530164013797836 3.79960970482738 0.1974634390104728 5.233416226637293 -0.5310057481619417 0 -1.815136529707848 -1.207057341722525 -0.7325439808817089 -6.759290122834569 225 551.6262078285217 2325 -1 6.284663791281706e-06
 -9.385011579674403 0.1405195950402936 -173181.3970493518 2850.399874243777 674.4091522710536 0.06946409378971152 -13852114390083.24 4352.233962330602 44368.9821509593 0.05465765582703188 9.578672881421528e+16 2822.465665132951 2787 191664 1 -4.495251018131832 -0.2730141443353453 -6.884600003084967 -1.441324578814883 -0 0.9243630015432136 -4.809729198899579 -1.373482421982529 -6.421246610589362 -0.6816350153642858 5.309064656573279 228 550.4997379779816 2325 -1 5.672946066843236e-06
 -10.09076986606791 0.2193754956122703 -802.6811269910055 2.79288109993293 0.1206786638090034 0.2856798001273919 -913.478672260242 3725.391849233264 31220.7445475295 0.7918528300232461 36.45881633097631 2989.113101067316 1677 191618 1 -4.234510756024121 0.7500017691320346 -5.461794732216752 -0.04387251204350929 -8.311356561831788 -0.1295427277884374 5.729769687855507 0.7756793852791768 -5.866258394560943 -1.495124898561009 3.014579188050081 231 554.6887531280518 2325 -1 -1.788785277851374e-05
 -10.00645866092425 0.2466150183308731 -214.0619081701726 1214.24089836702 94.21989045543538 0.08473727518273985 -15152679665.80899 1308.639520953598 4309.05450043768 0.3657870768524303 731.517622351085 2900.955267962494 1434 191591 1 -4.600905442198848 -0.7241309666502174 0.8788078959570873 -0.7340844748111426 -6.905035884392762 0.4722223425510802 -0.424695398999285 0.5021647004875924 5.875705988149655 0.9637607195770999 9.809180367454859 234 553.8191530704498 2325 -1 -8.259699557690786e-06
 -10.24200706393732 0.2285923690538895 -1033.243477463144 97060.95638443565 606844.3309960579 0.06459410413130501 -3033003642452.112 19828.61434030543 967653.0118568246 0.5647399160767276 69.51581576220909 3074.341576108434 5157 191656 2 -4.415648845779965 -1.811856016223281 5.797885278601635 -1.626352635537045 9.243583143398553 -1.499956263519461 3.889001397331898 -1.462069395753945 8.956537613979108 0.8555011857788024 1.374308987157159 237 556.6987240314484 2325 -1 -1.958753244798529e-05
 -9.778142639842526 0.2663705758099035 -235.8581774800085 2.061276573640756 0.1905170721777245 0.0973479226271441 -967929947.410814 5533.875695163526 94859.89747859455 50709.61149412044 5622280.642879787 2897.825485804083 643 191648 1 4.134229532094521 0.2462704333967318 -0 -1.138215399454456 7.275687648537497 -1.488047619254012 -4.663043176120546 -1.119716808513946 1.818318323737744 -0.07867436114449956 -9.563328413162687 240 554.442971944809 2325 -1 -6.113509766456572e-06
 -10.45950846760383 0.3307391197879877 -95.42794773503111 270.8326884539574 8.439452184535298 0.7714769357948817 -10.07643663374658 11.31666066759753 1.406422103767474 5709.520264504218 50866.39753357194 3021.33173511588 663 189081 1 -4.607123803678411 -1.67337339948595 -9.495480989263239 -1.660511482315512 -6.882980290400709 -0.1123221678899746 2.814580087077001 0.05008831093196738 2.397445021962548 -1.521748273430606 -2.013572717406508 243 549.3621938228607 2325 -1 1.081768466590293e-05
 -9.193817413450477 0.2519392944560851 -209.0584746075974 7.121516044253155 0.09570973299145566 0.05146674794142966 -1563324832991275 6245.712791262331 78301.61136543444 0.1694301233794117 992771.1810047134 2895.351543906187 381 127397 1 -4.678829626402938 -0.3528607804394222 3.886604458069982 0.9047514190846249 3.138929054780067 0.1783827491297089 6.303376281287365 -0.7387436382646886 3.621709285686219 -0.6260031655232847 -0.8562452277633339 246 375.1245820522308 2325 -1 -1.896836168352448e-05
 -9.914153969435388 0.2743026907461562 -406.056260955863 260.2007089228624 6.997725230172219 0.1218061399058925 -60683741.7397202 8256.014932693117 163653.254824668 1369.698398384128 4582.163269293635 3145.70867845371 332 191644 1 4.223085752688434 -0.7783649385222153 -3.60174086510845 0.6393127318049395 -0.6405984965460041 -0.7880912899151848 -2.116669167445567 0.556732835124381 8.383048978090965 0.9552630002494804 -3.360157616774673 249 564.6078939437866 2325 -1 7.910675343884882e-06
 -9.334316711726856 0.08009989448219551 -1893628044.055932 1432.829940636949 430.3915483754362 0.05740797628455859 -694809052696001 62.41848763576542 12.14187284201564 0.4970119100507733 341.6750458623659 2950.362399847671 1486 127773 1 4.081953060672133 0.9708512206269599 -2.751475068582513 -1.68481391309343 -1.443393473007311 0.4246428545961436 -2.693083216427606 0.7047074956750117 -8.056482915432873 -1.66001901020973 2.785182924072713 252 379.9538748264313 2325 -1 -6.189900439911795e-06
 -8.819674723590472 0.04066513029146009 -9.997011291986546e+20 1.528827183866083 0.4667245045604549 0.1583224120061396 -3948862.973097065 12724.82028170485 365536.1087837888 1.319069132190748 12.18127157165382 3265.691760630059 1641 191658 2 -4.286058611141867 0.8246986689323288 2.054517069170795 0.6273408359899454 4.36011282846961 -1.215749356363379 8.172260996872788 0.8655813732463837 -6.761505161093733 0.4661324218541245 -4.844380580003621 255 564.8330390453339 2325 -1 1.822308711542695e-05
 -10.52702676788873 0.3579667897850256 -75.98685526770127 496.6785764642285 39.67609833726073 0.3269090993014997 -1088.750966532621 182.6954055624315 98.91986773427389 1.394751479208212 11.11736007947584 3030.338629879441 1333 191633 1 -4.512243965864116 -0.9659356214067172 9.71996086028704 -1.560500175876951 7.544657267255205 -0.6104683227018857 -7.173698870640509 0.3665234949582277 3.727796689225935 -0.07527226259455587 3.122685962971348 258 554.9885361194611 2325 -1 1.018173627953337e-05
 -0.01097344432995678 1976.027650800779 2030.461741476391 1.219969203729359 0.5788856224526971 0.2277585674795033 -18972.2445441935 696.8312491175898 1221.650022751878 1.548100358302146 11.16872550487294 3026.125661165166 2491 207621 1 -4.501909226829902 0.009432344621274475 -9.013062227089634 -1.584666787024076 -0 -1.364675504963097 -4.892164235290844 -0.1664618847812402 -2.407727759984622 0.4655774025621335 5.059633231949956 261 606.0735099315643 2325 -1 3.100518983423052e-06
 -10.43787585131935 0.07798655954907427 -221570808216.5041 2.043342678278681 0.207437530159128 0.2207837847306621 -30759.16908353429 45139.60479272171 4164084.32630006 3.007568436996857 0.7949046921745133 2862.880486851101 3642 191664 1 -4.537726772529979 0.3466260998256345 -1.954366909130617 0.9457236905418678 -9.254486047246017 0.7451142217068023 8.508270124085991 -0.0687760741262569 -1.944283448384631 -1.731208867315861 1.890770746978511 264 578.0273408889771 2325 -1 1.613169150231461e-05
 -9.755226855508557 0.3959219653840567 -20.06657221528763 14663.4966474484 52933.41517998164 0.1432531719055168 -2708850.315063361 121.0040474127921 42.05791119910318 27057.62319348748 1059340.717499091 2958.908194980686 262 191297 1 -4.519541223343714 -0.3252603002882558 6.241898232252187 0.9149713688422891 2.012110762219627 -0.5811217976214289 7.244707680373896 -0.05827172167122992 0.2228710416570316 0.2639484097553764 -1.427684910497543 267 564.7990190982819 2325 -1 -6.232321133847871e-06
 -10.4670559150645 0.1906439689310608 -12221.36165547791 0.3305354802576956 -68.68916017424722 0.08742859213228649 -27207336837.88123 4625.294684597599 52141.26626107695 1278.638444465755 4172.743037996143 3100.473970281673 2880 191662 1 4.320128859087008 0.07492749864004317 -0.2684727532923805 -1.160374486099077 -0 0.69644136369494 -9.299187392815632 0.647252465162155 -2.770089907108567 -0.8948050576975701 -1.844645332383272 270 569.8863170146942 2325 -1 -1.57474747902357e-06
 -10.15230641387874 0.3353165835314413 -30.52184164055789 10738.7501682768 4197.030969243625 0.2781792297217779 -2112.677163355528 1271.665748006709 4199.456735181532 1106.314840829977 3020.270187887869 2977.323062666613 1791 127775 1 4.210446708234524 -1.923291065132972 2.06071039190369 -1.029084901157618 4.905402285661355 -0.241145877533425 0 -0.155320307508922 3.371268249595271 -1.492574690719927 1.65818745887874 273 391.6479861736298 2325 -1 -1.430732111450497e-05
 -10.45878328185549 0.3859448702072851 -54.29537109089026 22402.19252286269 45467.22410546 0.1975418984452756 -80243.4642240128 5598.477239392552 77892.01820654343 0.1240504309688204 -131064384.0096627 3083.418875775752 2717 191637 1 -4.688493871286427 -0.7830068058131179 3.713427212498277 -1.917095696146656 -9.415271435444236 -0.0520358846899569 4.962526194407403 0.6387910010564886 0 -0.1118471498494049 -3.896645664687213 276 593.3166170120239 2325 -1 7.454432492695045e-06
 -9.971602299026806 0.06965613935446131 -2619544795736.218 814.1905507065736 37.74126036861328 0.05652891928828536 -9.84168045485927e+16 42851.98985617659 3964595.154075826 0.07610519739968775 40739352201071.54 2815.434050588025 1995 191654 1 -4.56839068424978 -1.19569575606299 -4.094459195300057 0.1006970285119139 -7.830231662626691 0.9857149060563897 9.757503626023992 -0.2802354126615159 5.059219416497788 -1.228804358373726 9.613694875513861 279 575.8477518558502 2325 -1 1.740122650714295e-05
 -9.977937746326912 0.2160658324815551 -8334.201293553442 0.224278842259626 5276.836434921096 0.3198648184316952 -2196.512022686163 26539.21512342741 1494295.559255501 504.7310200214948 -111.5535072679956 2991.625660105822 323 191021 1 4.347988218520782 -0.7398194516853742 -2.468416634564631 -1.279801076495898 -8.997973934273645 0.9311457494926252 -9.286987193861634 -0.6395866267875423 4.814211962990386 0.1154136325377717 2.815458292754972 282 579.5864009857178 2325 -1 2.831829537223478e-05
 -10.24648536374258 0.203840061914253 -8252.748179967273 16.62380456533971 0.06874014862762755 0.1388078634155729 -5983584.340418405 37006.06000246646 3188987.100966528 2.215306433035352 2.099689921670649 2992.488942963199 1847 191664 1 4.290846751960986 -0.06483116798586336 -8.617379236476996 -0.6693051949746289 2.241595333109419 0.4385738002534816 1.316180564441827 -1.383653831150165 -3.417057596977158 0.1419807666510242 -0.2711376062307425 285 580.6568639278412 2325 -1 4.118638943105521e-06
 -9.542993460392699 0.2070338959495855 -4926.683201679872 2.77127571644953 0.09405443486352849 0.1670614706682681 -1981378.818344611 6073.019584647978 84137.96649896879 0.06066552673057526 5.82372056365736e+16 3074.582575119036 1564 191571 1 -4.568770422333218 -0.4953493626644008 -1.795603708595692 0.3412210950069845 0 -0.0375951604003824 6.027850661502292 -1.991538680156018 -0.5329518907677366 0.6942279751031872 -8.311617278928635 288 589.8550519943237 2325 -1 1.962072699996505e-05
 -10.09211364435207 0.2316189505691644 -1043.635393400465 3.195822923067617 0.0271089119135083 0.04373050487928865 -5.765716171379831e+20 1118.184830855811 2993.044188813206 0.05506628136185035 1.642293936901784e+17 3073.913285331662 251 167694 1 -4.154084862016367 -0.7936967517423543 -8.579707645449666 -0.6736968920721546 -6.577984064533402 -1.818876365069051 -6.377743153020328 0.9421675415591131 -0.1308886052709317 -1.600843684584265 9.504354593173247 291 527.2158930301666 2325 -1 7.944072865797669e-06
 -1.367296460861218 4401.848829204377 8423.028378341534 232.8741046087298 20.06620500592078 1.67912056927525 -1.201601505297179 7075.351979454529 131184.6947694767 0.5071376926103016 660.412982127489 3020.904418188891 262 126086 1 4.347368400958578 0.5017331019816496 4.147371984048101 0.7558505740586314 6.434276534496225 -0.5603355758562305 3.444068452438082 -0.1555770295000869 -0 0.3826011366888022 1.359261163401498 294 389.6214509010315 2325 -1 2.621177557730818e-06
 -10.13571441482729 0.3284905573130306 -163.486328334788 817.4211472181973 154.5444935537913 1.471782148670145 -1.669184762402496 297.5112502905288 208.0226223611461 478.5687465410603 170.0426340364816 3013.447738106503 417 191251 1 4.384928658975791 -0.8976831366925655 -1.830283739527852 -0.4017147183627348 -5.841182935230796 0.3946207768305552 2.503469499219613 -1.511820697041341 3.681748170107248 -0.7262365885456871 0 297 596.6212468147278 2325 -1 1.586470351010173e-05
 -9.323149973132457 0.03748807853677179 -9.942220746389328e+20 1038.883528883279 150.3646572268898 0.3889205961432117 -257.3304650788581 322.045561131208 289.6723296856588 0.1707902018470967 1816273.854040959 2964.74444524093 791 191576 2 4.430756935572486 -1.561436129429029 -0 0.1313798906084256 -0 -1.716983765637929 3.522333262603139 -0.8861470517169572 1.222252105984437 0.3615262269013892 4.081399400635616 300 587.7545881271362 2325 -1 8.227382535288472e-06
 -9.691350359608256 0.1759126586136075 -8772.833895025196 0.04717560380057149 3.811218132794693e+16 0.09529712878304787 -595517540.5934137 25043.58092129612 1627870.39361877 249.8852771353224 95.17910039723277 3205.260541396719 476 127758 1 -4.309419410293847 -1.03590713243014 3.494876690654973 -1.745463595653164 -7.278709560657923 0.529746103585476 -1.848125915397503 -1.669647006878254 0 -1.186341761938582 -8.283208933036887 303 393.5015997886658 2325 -1 -1.535647090086792e-05
 -9.304389290620698 0.2119230936879917 -2857.056354597099 3501.247679588051 701.5526151399206 0.2888024835397208 -1240.146254931675 96.26302373452849 32.08461024441028 2.028190736030671 3.370768082941735 2854.890213175567 1090 191430 1 -3.909989488474208 -1.271044406435521 2.093269746890771 0.6230032286214868 -9.624571061022701 -1.929883207338817 -0.4639929793164264 -0.3557481782872447 1.315875424274191 0.9755413212546373 6.980679272889283 306 567.8857359886169 2325 -1 3.623265076568467e-06
 -10.05597429508954 0.2360662177540114 -1576.526273163529 354.7776163857279 11.28860658561466 0.2205581427086357 -36384.68992364695 5097.9575080212 65397.47257115184 0.08689440393885563 207350960737.5878 3035.396567340595 419 191519 1 4.661384315870621 -1.565006335387001 6.097589944222036 -1.585854191332255 1.12110573256324 -1.772602545264988 1.832048704936078 -0.5565878280646732 9.001408396873041 0.2657869295563957 -0 309 566.6976449489594 2325 -1 5.38212740710212e-06
 -9.791422532532444 0.05680578856884665 -28842863252490.85 0.05056404197118038 -6104683522366217 0.2794500620016606 -1775.594568432407 110.0254918149487 38.54819274654629 1.881246291192855 11.7400369466864 2865.349395385485 3089 191646 1 -4.263451814174759 -0.2575511661746441 -5.976762106160031 -0.5420859973322933 -5.501728808607741 0.3311649879797841 -0 -0.580951792492317 3.969296841118077 -1.088702985727948 -4.638273744427804 312 576.3579909801483 2325 -1 -6.139235455648598e-06
 -9.869431507107521 0.1948716810994409 -3364.777634903248 1967.706520327289 643.7761060535113 0.1636305722517347 -299422.10665612 868.2620426602722 2099.755137705849 0.1022710189767298 2484584823.819274 2986.145451998613 795 191650 1 -4.197573709681231 -0.5122450233921825 7.492314534323205 -1.253022332271362 6.014595901917795 -1.950960709489412 8.890791866566145 0.5238973166722647 -0 -0.8577594888728841 -1.517802761342613 315 572.5313348770142 2325 -1 -1.342724749531071e-05
 -9.570076216092559 0.2068085775634237 -6222.803854442097 1092.182874897375 191.8336318369419 0.215636551458198 -45994.98281564927 6130.756281400249 87330.04235614628 0.5496079146338211 97.08842533922233 3079.14610148012 843 191560 1 -2.99660657057004 -1.479694733918845 0 -0.6537025638520451 6.4836887925695 0.3813891949390547 9.41627266344295 -0.5775141720364969 -3.507664761474921 -1.534662072086189 7.83818040758184 318 575.9616410732269 2325 -1 9.96273234249909e-06
 -0.1415622166858479 18950.22965060852 175411.5318296549 4701.903405612754 3423.929184639798 0.2969341683421373 -1400.257152241405 5.257824199302035 1.865622233667518 6246.854536916315 64099.22660430569 3156.388463225584 1853 191657 1 -3.302734627681946 -0.6140771186335332 -0.7758552121067339 0.4124323990852035 2.060358763724064 -0.03838757796043703 6.16562408635671 -1.083298155056442 1.706073231435648 -1.825865731965472 -0 321 561.0729079246521 2325 -1 -1.241933980982587e-06
 -9.788093436636688 0.2406993977161923 -963.5023975142922 0.0880097468750715 8510616122.829946 0.04839829570336982 -5.053475417031453e+18 65.90473731966512 14.62052210224061 415.5010916088243 172.0698842621428 3028.063376303644 380 191645 1 -4.140279105657882 -1.030402011959967 -9.941270881144115 0.6968558519249823 -8.072901680040205 -0.8060370909408174 0.9229841147708493 -1.126956782522116 1.328570698582701 0.9880815430158196 -6.943477130983163 324 559.2961418628693 2325 -1 9.603136053545885e-06
 -9.689093772097204 0.05140305549460852 -2.18058297619888e+16 0.4192387177822321 -28.39704727729441 0.06476195109360681 -347147390147652.8 3560.307405063779 26027.15431808661 119.7611449387487 8.847128005639055 2916.800745105902 2108 127772 1 4.6668260896782 -0.351364769982796 0.5853452619761175 -1.131954514483699 0.9446702568225485 0.09782498502397975 -5.6523766935408 0.07157637931825266 1.211109984251657 0.6174818804361378 0 327 373.5778999328613 2325 -1 1.10633195598003e-05
 -7.397825852255136 8.718180337469517 0.07817098707320473 2.435204428612726 0.1689625239499878 0.2374016103182648 -8485.448607819108 480.205265584622 432.8674158154 0.2738486567535952 -5110.720745390968 2985.072294847101 1459 191663 1 4.082345538937115 0.3380008213965388 4.516878345990894 0.3803011559773081 7.985968272002449 -1.830575789518146 -7.186501386926407 0.03181696638283511 5.662025307616886 -0.8207328068008639 3.563012238508242 330 553.1512370109558 2325 -1 -1.185412824032768e-06
 -9.923428788206385 0.3419700788555446 -30.34432443911222 955.8617529962279 173.7599826236911 0.7730938341879546 -0.898683526782489 19411.20191688639 1112520.867174132 1.505076465367443 14.33912747702655 2896.769574939188 210 188909 1 -3.873565688340967 0.1431123642387755 -4.087891695331062 0.8386779733567598 1.941331043146996 -1.862126322814535 4.322819421802006 0.2974916686611903 -1.529890594990968 -0.8258423639390005 9.439425288747723 333 562.3738899230957 2325 -1 -4.541515638164656e-06
 -9.393447998974107 0.3288265840924244 -21.91313325790906 2807.964616280162 1216.99140593573 0.116796417618186 -34805479.9893904 65.88107515138442 13.06576117041729 1.000842578011664 30.57542323976358 2899.8295422335 490 191643 1 4.488367618109064 -1.24889094641563 7.843553945559009 -1.76712302867248 -7.832386318653585 -1.127342998763336 2.45397790845559 0.3372250010386079 -4.015546199364797 0.7687365947919553 0 336 562.9809510707855 2325 -1 -1.235432480622144e-05
 -9.329231028441422 0.3033576474817205 -158.0939912076537 2.285600672291084 0.2636003855410419 0.0886127027635364 -56445384157.45832 242.9470287139819 138.3001886071 166.4564068169433 -36.66367960735646 3149.771426808469 449 191614 1 -4.371582453958337 0.2155990781385738 1.507921434053266 -0.5275414896442712 8.237133879969067 0.489088978869296 0 0.3934173570448478 7.034248701584374 -0.07420206848803268 -6.39643716381221 339 558.3945338726044 2325 -1 8.762093382576318e-06
 -10.09436926143004 0.2910084845623149 -208.211117792631 5315.455597779932 3488.516063762087 0.07206384343826769 -5272039920996.456 132.3090476772207 44.72867880433908 268.2490322429538 -30.45398476088927 2778.313481838481 999 191647 1 -4.481367504268338 0.2208211037254215 7.379643082160317 -1.34839789541075 -0.1466318603682688 0.8501318300652225 -2.744268157704891 -0.6668256980195917 -7.174125336027512 -0.49972897599904 8.151232463461167 342 554.0231277942657 2325 -1 5.346610446329245e-06
 -10.14446857499679 0.1816581760030573 -42528.57607308989 31700.63400310162 37862.84588288917 0.1300291364104285 -133953150.6928273 14659.46178611921 434281.6046500397 579.3059740118115 669.4172770383943 3066.602683865947 842 191464 1 4.003367766322896 0.4764577009072339 0 -0.1060381758175897 4.844804994656575 0.5143776094640868 -9.18863005795332 0.4586033068809541 -1.46806020963805 -0.5725521109037501 6.070392808456782 345 553.660059928894 2325 -1 2.526001600923099e-05
 -9.788411150452788 0.2845481707375266 -164.9981716205432 572.0208703618384 20.28475485915105 0.2254997661005534 -14335.18621358805 38.59456587520565 6.437642199993584 4568.14983129306 33144.25127561095 3020.445887304477 1895 191628 1 -4.334858573599095 -1.061736400537837 2.52598620338893 0.03622679883852339 0 -0.6872856109028032 5.76423662651811 0.6735509240848363 -7.925420007383691 -1.876884726037324 5.445240691508863 348 563.7728459835052 2325 -1 -1.262770682287361e-05
 -9.568544135806627 0.04549840972965674 -5.508893505588543e+17 2.075435339603318 0.1913007502384742 0.2197262491280055 -27564.35848086243 1385.535985983316 5144.182839939572 1.938160818172479 4.162162787867634 3021.009380586706 1526 191646 1 -4.696197093753486 -0.6003073649283692 5.279812543432507 0.7959668177380514 3.115647608433351 -0.1778307326768492 1.128035983088298 -1.375785203130143 0 -1.280009759346524 0 351 561.366290807724 2325 -1 7.305640829812741e-06
 -9.618693690855434 0.2207600053675145 -2241.087858582425 0.1404174880159945 911197.164383179 0.05528144446586457 -7078226398258572 26.99046568407196 4.204143084398071 1.467212507449583 6.08971130637892 3047.539680242156 2357 191650 1 -4.521693562270481 -0.7729277844542591 2.796860147528641 -0.5568429084961899 2.035166522164914 -1.707512625744772 -7.579539998387256 -1.572917886431926 -0 -1.227963081379151 5.979874554101297 354 556.607353925705 2325 -1 -2.400984236506169e-06
 -10.04942021774508 0.1903888269649978 -9810.792355590338 258.0229142848411 10.10557608843821 0.3122813550208904 -907.2419315801197 167.3069989405203 66.78474864779211 0.3455590673857653 1669.254497305397 2872.933589908053 1080 191501 1 4.265164886992632 -0.06988990133680864 -8.343483778447657 0.9550738269276278 -5.942737923680505 0.7736695056186127 -1.22015854693857 -0.6107508811769033 -0.1896982086531578 0.6745771394056153 -2.524805064995317 357 554.4516201019287 2325 -1 -3.720630357179529e-06
 -8.158605817932715 4.105512098868603 0.04164951572714266 6661.91755768455 7854.845548559432 0.1649227809031011 -1272566.34885491 431.1387479057851 631.0805410062595 119.9690550098585 53.84947044487604 3015.978755229109 342 175364 1 -4.179577958437787 -1.350942382983717 -6.772268034014911 -0.7705049096569746 -6.859409854274547 0.9411482942991705 -1.038798442083329 -0.02048954112537609 -1.966237662033318 -1.114971180105788 -3.537965768672542 360 505.880304813385 2325 -1 1.019126328433095e-05
 -9.979950541020052 0.1063140953377659 -49164953.49278907 549.1071060624984 41.75540763263066 0.4746593274573105 -67.97708440824692 929.5479771761663 2234.953713508787 1.581721697986192 6.384245581490976 3005.978694603194 3171 127773 1 -4.227385574734264 -0.7145882336943785 -2.769321624966035 -0.4793008374481137 -7.91163734823343 -1.813204270489424 -7.059029511936027 0.1013434755102804 -1.122181084661805 -0.3943626079770999 -7.516052900973381 363 373.6335160732269 2325 -1 4.670240402985335e-06
 -16.55377664805297 12.33907207270878 -0.2322375872085693 0.08474957160766972 1114185532.384375 0.05671243987206052 -388481198930240.8 61338.19301739796 9091607.809183072 436.9074556813073 221.5707821352394 2929.028769549029 2668 191637 1 4.479821501923995 -1.004724387433606 -0.7289946569387409 0.4724850924962016 4.5853361742802 -1.21634393542608 -0 -0.1975023855191207 -7.527801703318689 0.744011556451734 4.841328408450281 366 557.0632889270782 2325 -1 -1.133287836677724e-05
 -9.670670248635917 0.2994825726725083 -153.7973859875372 5.332757673132106 0.06871125771590966 0.09248625503900579 -5415711353.308172 44471.68418137309 4527309.67714442 24.56306975948424 2.225912300168404 2945.658489771744 422 188766 1 -4.233296628742732 -1.087403591442948 5.686274814014647 -0.0179028304505309 -1.011708811485958 -1.673299597541504 -2.587554220068363 -1.661588381475816 3.70572710642185 0.3902434097118261 -5.693935706099794 369 555.1840341091156 2325 -1 -2.745443747397683e-06
 -10.08160410419817 0.3192045757356457 -58.35110855340746 38990.61312411437 312629.2036205337 1.500027685621915 -1.097151089315382 41332.92403908104 4723412.011574098 52.62880506787072 12.06387931281693 2795.839310162436 204 191292 1 -4.532923844692213 -1.090190355488614 8.739329642627904 0.3149840450008763 -5.216946317780053 -1.489280620260534 -6.544786935758565 -1.740455468965685 -0 -0.001244852216949289 -6.112409566322656 372 558.7941908836365 2325 -1 3.953436310587361e-06
 -9.821171387023837 0.05219540701067096 -1640358161933104 0.06971090465791653 -617835021142.6986 0.4195766954752838 -186.0173617252744 319.5708695323725 247.7895344490967 0.121063283185423 253017058.6638509 3005.738477270919 3360 127753 1 4.636826257131302 -1.197195498300331 -7.56564337252601 -1.610542513274145 -5.052968395046484 -0.8615595764748516 -0.6315906780951446 0.02612706548707508 -8.653170619635166 -0.470595419087652 -7.048828555615891 375 374.9419131278992 2325 -1 -4.644347315355151e-07
 -10.40922426558738 0.2137799596577832 -2541.830204377742 0.04875049137782001 2.479071296167659e+17 0.2237567364887584 -17794.00976366626 114.9749882616971 35.38980443563926 1.470392217723055 13.16676145709569 2846.677504786766 3893 191661 1 -4.677210231882536 -1.351551478336609 8.286328020355974 0.7490963079841029 -4.230673635881122 -1.304792231621463 -2.927885776870307 -0.6370527069889285 0.5744969556558424 -1.920463148785271 -4.058866633256771 378 565.979015827179 2325 -1 -3.868814818644396e-06
 -9.684021926901645 0.05517274669574827 -5857057133398.379 17.60516801590153 0.135150051250959 0.1887554514694624 -36743.53226410663 132.6466644799063 52.52783972851323 1.419751320071558 10.56188249188988 3100.992222309264 1204 127775 1 -4.465121936829964 -1.810973674733193 2.51947380300777 -1.138700588693974 3.004607250931997 -1.384448166280492 6.293061893015278 -0.3303849694639416 0 -0.7839662446765079 -5.08109529741166 381 378.555655002594 2325 -1 -1.989459799383402e-05
 -9.932201903616059 0.1461392383078852 -133968.8721632773 0.1338183590505467 788253.3784156727 0.4165461252963838 -88.99298131631656 418.2061160669925 426.1190710598626 0.8489153539677875 27.48103025452262 3086.154249928031 2475 191663 1 4.55369527250901 -0.5523448605124264 6.305510162730785 -1.098999007292456 0.4008630671883644 0.6132811396506428 0.6174901209515946 -0.03912833837271817 7.380289742846436 -0.4268493993087841 7.010307548011141 384 553.7349441051483 2325 -1 -1.221266284917844e-05
 -10.40816698831515 0.2552974855898732 -557.0803830001454 687.0166014185565 139.4875946088431 1.732592604057763 -0.875123165979092 3.733370445691061 2.090658047199656 0.4788136158076636 512.9837713213036 2863.682302661524 1494 127363 1 4.379193669556302 -1.377227608959335 -6.329652666690155 0.6416315560673879 5.604266667168641 0.3135803426827217 6.480281150076631 0.3957360215398316 -5.859881615687259 -0.4859171273242744 3.114503252098332 387 372.7929399013519 2325 -1 -5.545319249857844e-06
 -9.671820279808312 0.2506593322162736 -185.0802226636498 3.106578183000864 0.1815424600966735 0.979847137580945 -2.899170426813142 1008.27232341385 1686.804936680242 1.055557264419963 11.23750240250645 2980.453090843716 213 127546 1 -4.375166761799753 -1.568586711364636 -0.09294878649860694 -0.03993760725263056 -5.907850633920028 -1.641710610737669 8.683599291494918 -0.4646861331662908 4.898104159941127 0.2008671024913861 9.305705316095045 390 369.7151000499725 2325 -1 -1.781034547258572e-05
 -10.1193187025357 0.2020433094679453 -10350.84391122731 0.06559125438064003 -137374185301085 0.2447252564157004 -12240.96328155244 22262.86475224045 1274896.356340376 2.533111899276022 1.53351612259053 2999.07449802971 2031 191662 1 -3.714376586385769 -0.8785480222402233 -0.1339197268856491 0.4775309459053809 6.166935913452129 -1.882725729463941 -6.441313686164385 -1.639018830384073 0 -0.6574455529857968 6.718634746583285 393 564.9254689216614 2325 -1 1.561025629161629e-05
 -9.51867202232183 0.2953069409447889 -110.2034545124619 1.664092702714796 0.3528692884511274 0.4640441055260597 -49.58044815833283 36426.60611149362 3653040.877609855 0.0582073052789978 3.41553893675342e+16 2877.565681656486 2103 191645 1 -4.054021176322274 0.3235721458920743 -3.32453840526995 -0.03176595823541466 3.19207428067533 -0.6967444351565542 4.186049515007953 0.2382536879815337 1.02932869147552 -0.3961272309814668 -8.822038831062152 396 564.7771108150482 2325 -1 6.900653844070058e-06
 -9.79236816203497 0.1641655791418764 -19490.48579240538 45180.70464351368 183350.8188173643 0.07460889420436538 -88540468618.55327 4612.080376156036 56013.91033811402 3.360698064806394 2.194627284046744 2834.661027182235 4269 191610 1 4.364278168602491 -0.6108041405399636 -2.698315827083688 -0.0952547153853214 7.208917334382914 -1.666146093075245 -5.065102387412398 -0.7622638459263733 -8.650305589238535 -0.7397193492322459 3.322792523504541 399 555.1446189880371 2325 -1 -1.648421610926419e-05
 -9.849264678437196 0.1026792385001794 -31426813.59068341 56.02503139019408 0.7423505790814197 0.8345161563690229 -5.002596163813839 5793.720240197998 82326.05671931275 1.743534118083634 5.420946714087028 2764.180659043725 478 191652 1 -4.65259216691492 -1.415625789379248 -3.528642388648142 -0.2514744735854482 2.70215589965095 -0.8698339646909492 4.827015000339342 -0.004731112996088538 5.077925753542089 -1.880392247877875 4.979521157617135 402 563.6662368774414 2325 -1 -1.134817951691027e-05
 -10.29229223209156 0.05880500787449113 -28789600268794.55 33853.0500290631 64434.66062281535 0.1389670234988374 -3153840.098665506 100.5188687047168 24.82350164854389 0.0434954548632917 -1.338989400132217e+20 2880.641272803148 592 175691 1 4.284483711073965 0.6174270585535981 -9.162214965532714 -1.973432902193685 -0.7857483312936822 0.7543591094680875 0 -0.5022479392275452 -8.280634593202644 -1.371607216735273 9.770452322843678 405 509.077455997467 2325 -1 1.399427649803201e-06
 -9.882462894608997 0.2526297844725656 -476.4956383707299 1.826855023126374 0.405553961052988 0.1554793054607037 -271391.8663858719 53.42805784691458 10.02581959490388 0.04436428495940758 4.131073829738158e+18 2996.121758957359 1830 127757 1 4.188735240358954 0.2331103825398624 8.062033274128476 -1.836474354070868 -2.071940597470932 -0.5252971636635202 -6.004670290265113 -1.404599617111481 -7.902138825310479 0.02925818934223124 -0 408 374.2152450084686 2325 -1 -1.402706324368241e-05
 -9.855673683319059 0.2564205960502307 -218.7096183093098 0.09218317764220628 186460526.3799199 0.07790218584779211 -193199328797.9059 324.7427316075301 270.7711189571036 0.1001944879994715 -5398893295.697486 2900.822169405605 1561 127747 1 3.525111217868506 -0.130167994651595 0 -1.560881315925752 -6.340573366747021 0.3022828150890797 2.505457486838897 -1.649173601666615 -5.937852729224381 -1.40845370459326 7.436032252395947 411 380.6753709316254 2325 -1 -4.053062978135681e-06
 -10.12780776453034 0.3451084396063829 -13.70603657364637 9817.853729777158 6862.438975087843 0.2476913401945356 -5322.49632794273 124.7000676902682 33.81236615532952 0.2985625618486651 11079.95100879415 2775.468138626061 352 191270 1 -2.629336337773394 -0.7628600909987001 -7.247141308794642 -1.166250534517784 8.467140000857752 -1.025860636854107 -4.625852569868179 0.5349039567653078 -2.959752030685998 -1.028769591801383 7.65878317505957 414 551.9899678230286 2325 -1 -8.970466041579823e-06
 -10.15201376119261 0.2575725313992522 -469.5108848789661 325.7705169493053 -5.238728349263001 0.06914441921801655 -6764742257426.939 771.1011483215456 1674.371870684651 1.956717419131339 3.931563285395786 3115.992503865461 1511 191663 1 -4.480299646534123 -0.9838279747223533 4.22691130530947 -0.1098279494909544 -6.146636159808216 -0.3783715447065355 5.170398859751669 -1.235546502796119 -1.570329565087381 -0.9935541277673687 -5.878954405121637 417 563.6967029571533 2325 -1 -7.074105886091815e-07
 -9.477497614856714 0.1274973805163649 -2459553.77647212 8270.79918203647 8684.45393128143 0.05711538510858705 -9604141620952338 76.12608730696903 18.70545524298959 193.8520323100498 95.03306406077596 3026.746944048125 3539 191652 1 -4.273407753986117 0.4896535720603925 1.020274920747665 -0.7447233747194426 -2.672370215157542 0.9602458659553448 -9.827052803345051 -1.495115118068379 1.4239467940494 0.5844098759930527 -6.966418003619403 420 556.954332113266 2325 -1 5.205117987442944e-06
 -9.538752960009552 0.1411901612717668 -1457527.645078461 961.924174115084 137.2128858859816 0.3122013230661578 -2160.226912130458 2679.967399341062 19118.86477585434 3435.123217816958 13125.42068934498 2964.116198305177 798 191616 1 4.098832698810577 -1.047590201786981 -0.7566536420457854 -1.358680916015373 1.816197708327862 -0.8396488470623265 5.120330856372691 0.06866752702587454 8.887254971182104 0.9680614323567225 0.01589630709304224 423 555.8498690128326 2325 -1 1.658061596375676e-05
 -10.11619316400747 0.2947703492186504 -208.9987175916098 331.3100870370675 5.518026521118736 0.06597943743442843 -102897276078851.3 96.23635778100055 25.86729514467549 902.2199047903015 973.7149368546729 2905.710607590753 1878 191660 1 3.772787251645424 0.3205285096878736 0 -1.766960802757515 2.835689488913948 -1.802411981633537 -2.238900405587128 -1.292355679637714 0.8812298358168911 -0.9753339103694127 -0.882324697530779 426 562.995285987854 2325 -1 6.023079944165892e-06
 -9.299474090998618 0.03726473400204331 -9.9962566175826e+20 2.124018156685664 0.2217796868889884 0.06081953798252947 -604925551028458.8 13882.28440035502 538793.763062809 0.9227300204233575 58.85931549682425 2924.524083182112 877 191622 2 4.213396434168227 -0.7042549069565407 -3.620848133221035 -1.520330037883332 -0 -1.225276082537578 0.6713587154607135 0.5913354981099292 0 0.4444667043782662 8.484367812817306 429 554.9622569084167 2325 -1 1.272798437023782e-06
 -8.314293633616114 139.93110774136 1.4166816304167 1218.586252634894 198.8279414647039 0.1380516080946058 -2864826.835383478 237.1985034701263 155.9207752437052 1.778533540265995 8.979840527860389 3281.037366873554 3707 191664 1 -3.057217594913717 -1.774095550037349 -0 0.307891685776255 6.481232123369265 0.2289574028997747 -6.608824222701375 0.3452123423955467 -2.976954004654189 0.3011145091111843 -0.3313182178698804 432 564.9865479469299 2325 -1 -1.051647176767964e-05
 -9.427617949611484 0.250337718363571 -210.8964133984903 2929.64605219934 576.6388181647027 0.326219501521428 -982.1350973056897 30.93714894596093 5.018101504098303 48039.54129670196 4530452.970428588 3097.048242909304 824 191427 1 4.388820775890248 -1.276210374559922 5.600778540013431 -0.2371496631171368 -0 -0.2213371112741101 0 -0.1913530686648004 -0 0.09555342777174572 -0.3925712525303662 435 576.4323341846466 2325 -1 -2.769668606398008e-07
 -9.714689408359524 0.304857960860296 -86.02886752684667 31.0591237474667 0.270991390476987 0.8768881915411698 -4.258050677893514 75.39662528408188 16.04826843750704 1.200972470984832 21.77168218111234 2994.399184328448 854 191644 1 4.068671498517533 0.3899156107163653 1.862888832326174 -1.145319197373592 -2.933438745719528 -1.700710146107657 -3.38963268489414 0.5708502664698676 0 0.454387667128735 5.630551821426481 438 555.7177798748016 2325 -1 -1.910430673917283e-05
 -10.36563490088098 0.1682053130308284 -193950.9494359399 3162.831356345976 1068.944976267865 0.0773900203487206 -10687967524011.98 865.73167661817 1844.766209129253 10719.74614277784 340101.4509551361 2936.110733344364 916 127754 1 4.442498552153936 -0.9434142465767597 6.111688798192178 0.3204522597792754 6.643905047956669 -0.6128435213012278 8.647518409321064 0.364667972579705 -9.262551205662151 -1.77445385050077 -6.108929686601743 441 385.0178849697113 2325 -1 2.231484476083061e-05
 -9.724938806572348 0.1538965372860652 -45589.94631519062 67215.45398489818 708013.3506322409 0.07072987392037407 -6283304835367.033 683.5007774539713 1228.592588240941 0.04581666668553652 3.112989899446831e+19 3181.643596517801 1483 127769 1 4.575681632239319 0.2467288542512982 -7.908569630893625 0.2081080324615083 6.341338655934853 0.9709962156850079 7.251183167799093 -0.1265560679286448 0 -1.653568559861776 3.921300506367983 444 376.8242950439453 2325 -1 8.100694485260182e-07
 -10.31308222133283 0.2295998355953892 -10101.6038711321 6.99875657320254 0.09344712306952455 0.1967425338414356 -714830.942137705 108.9858653100871 39.4539085506396 762.2401290454679 1946.501606983345 2797.19952330662 505 191653 1 3.926960985654107 -1.256708230133006 -0 -0.01053044198419521 -0 -0.8150919872487092 -4.35536970520765 0.5164829310432477 7.652168791495045 -0.1130832738207692 5.423677026625422 447 577.5329668521881 2325 -1 4.121387096628824e-05
 -10.07823702922173 0.2461384367430966 -1348.180587558002 999.5076237566185 162.7311484603192 0.0459619613103839 -2.225369484114287e+20 125.5994819585917 47.07397303035241 0.04419671057907512 -9.885284673607055e+20 3184.678619515225 1282 191663 2 4.239457120886145 -1.043150193274471 -6.163905301534818 0.1422125704056593 0 -0.9296844596136511 -6.051871518815756 -1.672835006157747 4.443405597311059 -0.6224105151565853 -8.056952910675559 450 579.199903011322 2325 -1 1.502254111620512e-05
 -10.01637365481704 0.4856463011387883 -7.018090506501505 3.212910930677927 0.1219150149938363 0.08053275306374758 -164575428466.1054 96.05354956706209 28.86489456134958 51099.02094750195 6567379.25284681 3038.217009801442 751 127721 1 4.386850172025782 -0.8907248791900191 7.949397838998523 -1.536570308959439 -4.19055084236857 -1.968497462296408 7.265682267866147 -1.006430375010296 -9.936283212952839 -1.61336670568043 4.632622474198912 453 380.0347020626068 2325 -1 -2.639073849956238e-06
 -9.9680435893042 0.3386912421763599 -7.963331443193939 101.3661187505446 1.658296436836504 0.5534716431193233 -18.91826293326099 242.9966290530585 165.6281594563491 472.4800412221894 731.9790431438402 2918.40632648339 1013 191663 1 -4.382683496407251 0.9239205268550057 -7.047888337804022 0.726427829782724 7.442488513029463 -1.396692535082925 -6.343886954157458 -1.155931120579363 1.890822535578068 0.8680062069892069 1.588395650553871 456 557.630068063736 2325 -1 -2.29803324148369e-05
 -9.656578930403493 0.3321322639182764 -58.89956764840408 65056.63159054236 479246.0035381218 0.3325864724416951 -955.1580007163648 41.39951643973406 7.309773082934884 0.08978508746232663 -66431145278.5072 2892.055460377533 3119 191653 1 4.684804140455438 -1.861873652558197 -7.105209365655663 -0.1080728062298322 0.814272101548279 0.001700378601750826 9.537730478127665 -1.852669344082267 -6.736466292751995 -0.3235300450425438 2.238976761531863 459 558.685879945755 2325 -1 4.002583788485978e-06
 -9.292112820820435 0.0335705116056591 -9.999407423881744e+20 7.609712898759944 0.0651137190001654 0.6569853958695258 -15.93677150537454 2565.13545925245 14853.60789218025 165.6353865046267 3.077378908266131 3119.075698636444 4862 207627 2 -4.09985706513137 0.2556248030427657 0.3412857618318053 -0.324499509333954 -5.885796307516808 -0.1862639793378617 -0 0.7604623397983428 5.531476799022625 0.611622866789598 0 462 607.3044009208679 2325 -1 -1.1902546282045e-05
 0.3850604076139152 338.409487696528 64.204315446683 114.9389959759769 3.698475218779413 1.227074516926494 -2.136116940913188 10379.5356832786 291370.6602127586 1.677093941038937 9.25506842708095 2913.219323721698 662 191569 1 3.444863557686114 0.1187364521540596 -1.835022022312234 0.03677613074400552 -4.796345047008328 -1.946480051183565 4.813181446902899 -0.8827945103188242 -0 0.9281088405677762 -6.085875107039626 465 570.8152301311493 2325 -1 -7.242181547174961e-07
 -9.816921951028402 0.167042515095075 -57169.69299922856 10889.59444606453 12967.2974329091 0.2089728335177796 -56422.4352363065 6147.694782367488 100988.6389253953 3165.974744501482 15036.90958328249 2875.284874595439 3428 191591 1 4.089695537090311 -1.995407606639842 1.048681462079832 0.01166506413420974 -7.623191238230088 0.8118944018880132 2.448779687544929 -1.325406618997262 -1.779172370954994 -0.04262909754987911 -9.868131584798551 468 567.9434669017792 2325 -1 9.082127756910938e-06
 -8.684030292654834 2.925184010443278 0.03315752223567547 12711.99285184926 33149.78080304491 0.1538517184554458 -2228413.635269368 40296.9736659128 4121153.659117686 39170.59327036334 2792609.321507023 3129.292565717644 252 191487 1 4.582538886072625 -0.581541885213757 -0 0.9759646459223532 0 -0.7845238190936747 -2.979539268937376 0.6671168051233054 -5.958714500476961 -1.826753251451247 8.096304170847924 471 574.5923027992249 2325 -1 8.634261186854959e-07
 -9.969491708229558 0.3751586645024195 -22.5804313343845 2.164730759628403 0.2088774025781274 0.6725007388321756 -21.33049997597579 11875.17918006576 347902.2609940766 0.1897951992099172 2137753.389316015 3033.628309961537 1056 191634 1 4.658472966451464 0.8886076919167154 2.231347085746187 -1.969917544123065 -0 0.2406409168976182 0.4591958153537412 -1.222783902214504 -4.173101456283085 -1.97092051576359 9.693631284342098 474 566.484130859375 2325 -1 1.319827392061811e-05
 -9.956640766904584 0.2775058730000282 -248.8545493856395 0.2126534633293323 1589.870553375556 0.1403250161610005 -4928194.298720013 2105.591658272378 12748.02405148595 9285.380496919146 290854.0084683975 3016.807153423618 1597 191614 1 -4.218367678492261 -0.009623030183380682 -0.8473866542873356 -0.3287933019187018 -0 -1.117349629680664 1.872164965787153 -0.2146554838930008 8.298025504637764 -0.7273877374674917 -5.851244577913875 477 568.2335431575775 2325 -1 -4.035371513235561e-06
 -0.3708841106320192 1163.660093634813 661.0132628131128 0.05715951314943463 5.53318223705541e+17 0.2591825843048874 -15897.16819271921 97.41848568969431 33.71340849497711 1.232319948170196 21.6336163686691 2867.919031538606 2984 191661 1 -4.552766957472743 -1.957506664994862 -2.621056478448406 -1.210355669911171 5.039910157684384 0.4684054518867384 -7.137739301025796 -0.3775356759235838 -0.4606354398954906 0.3418067932780477 0 480 575.8132197856903 2325 -1 3.490004789496151e-05
 -6.875010500582175 13.96457600271198 0.08317973865657996 5726.706961328556 4715.535567762063 0.2987740857018398 -1201.694835399116 341.3954580800831 307.1028999713012 21051.39752684196 1595503.638039822 2939.61177627181 1109 127585 1 4.615980544155295 -1.928424497346269 9.231143162917684 -0.382933003645622 7.230790878251304 -0.3210328103706725 -0.660817428785295 0.2470239027789107 4.310244115480132 0.8337236376568046 -9.006787178530152 483 381.5016920566559 2325 -1 -6.667753560883111e-06
 -9.977105078339111 0.1900328119711537 -3953.973458801373 0.08066066946924316 -8508252989.391205 0.05877956191986709 -370209162135028.2 4256.223435269145 39584.733505871 2.229602275182101 4.003433020153627 3032.854070190325 918 191634 1 3.973735132408068 -1.397659732052994 6.64908711635133 -0.1024756524820125 -0.1226954597331584 -0.5196831105518642 -6.647340887856888 -1.336703789267767 0 -1.7385972916445 6.517127069084381 486 569.4044570922852 2325 -1 -8.462543987151595e-06
 -10.65471246787682 0.2135831765883381 -2483.913222917761 215.5861420907641 4.770605506947946 0.5013187603372226 -60.40486424180543 3089.970714484991 19443.25951190541 1.927401383874633 3.588171121333041 2984.582980684909 837 191595 1 -4.668915272211108 -0.3747914171159437 -8.26295379639952 -0.9017773560014817 1.594946613703273 0.9881546247532369 -0.7044390699543168 0.3757100305473227 -5.147524725749765 -0.3200485801703597 2.169524434573705 489 562.1483290195465 2325 -1 -2.681554990536841e-06
 -9.934838030857764 0.06547509607165776 -322536902987.5601 3792.187995788917 388.9254957986411 0.285376959783169 -1905.803751330695 261.4282278130734 200.2462306478355 0.08336296161597345 48733763784.3576 3171.714930941719 499 303437 1 4.540550046282969 -1.630998349435769 -7.114380042278237 0.4228076999807588 6.22431221486062 0.1190000975490997 5.50745458415765 -1.184473432478107 -7.050455098860926 0.7226986167607388 4.011736496857139 492 889.2557039260864 2325 -1 -1.071275056373165e-05
 -10.23719977826349 0.2684207180806548 -249.818632671153 0.1449320579967564 1526115.518706297 0.1634983092021544 -1165880.195141767 2758.936901305921 14321.46828596643 0.3296213452215233 3622.069228336928 2763.587452408682 1374 127771 1 4.62725884925185 0.6412545068105135 -0 -0.7923177986611085 5.8241473158831 -1.889220758961732 -3.315690517593334 -1.966895346192962 -7.944723641135129 -0.7696294167568833 -2.787889762203663 495 383.1830589771271 2325 -1 5.317582173849412e-06
 -9.824399666174726 0.445855444519165 -13.20494296058125 396.5808403900954 22.35804234318076 0.1106412225517563 -1720978770.275121 301.7971345040152 227.9908321354911 1.236785578287554 11.5846205326126 2917.154695569856 1260 127772 1 4.579905960461043 0.2479940073185185 -5.014307247356717 -0.7672406914478707 -5.377220948297811 -1.563838083213551 -9.498637110168062 -0.4303389983096464 7.128106292803864 -1.85084899515194 -6.379481241435614 498 378.3584160804749 2325 -1 2.545054241617037e-05
 -10.04736499808691 0.1686364754506636 -38687.55573673749 0.3295000459551912 -87.85153279862818 0.06496786513473803 -40390919815530.18 173.6633164800369 94.1920135141261 86.68949595938712 18.67343622438797 2954.454103417588 1827 191584 1 -4.588093203530792 0.4861002322198553 -9.500942805783945 -0.2044336191802864 -0 0.7756131840705538 -2.816949457274766 -1.006717576243661 -9.585283462971848 -0.9595971925206932 2.516819952318495 501 570.7509918212891 2325 -1 -2.506051486919868e-06
 -14.90937987513332 10.63284465388169 -0.1651087557087698 0.1013606138028796 264328840.5451716 0.04562412344963546 -2.376994494682357e+18 610.6078651365887 894.2718217292204 0.5820841491896231 255.5690696958402 3147.646188893704 4255 127765 1 -4.00274465649164 0.4601831589152234 2.56361895457409 -1.8233629200969 0.7745852406835532 -0.9366174501771223 7.861326603732008 -0.008156073506509829 5.769051045082934 -1.704357222424832 -9.458747354966372 504 384.0390918254852 2325 -1 -7.154514673990653e-06
 -0.5267994599778409 464.5165823833255 106.0335936884777 3.58392000872177 0.1242949161827214 0.101591943677433 -11510057661.6538 19534.86182621935 858582.6688236933 1.152689655798645 19.24017134022181 3224.087015055098 830 191615 1 4.667683421666911 0.7084455303825115 9.25197063116266 -0.6393505028773223 3.833840511653797 0.9165742698795611 4.201423779472136 0.3722913629056084 4.08211796638276 -0.5096359549825111 2.95358465663415 507 564.6000900268555 2325 -1 2.262679379931377e-05
 -6.889534513507634 9.632997006209713 0.08240894275791746 272.6772834423073 13.89445393149693 0.3425992244944772 -544.8017073542661 5329.112780524464 69800.62254674263 0.09746440888941887 26202062031.31457 2902.857626060591 1451 191569 1 3.900410110376744 -0.3940206585397519 -9.976627834702231 0.5456548145214035 -9.612984291988377 -0.2313538202522611 -5.910343546399465 -1.40624293170692 -9.736846170858662 -1.634843441908986 0 510 567.2259662151337 2325 -1 2.287779654743904e-07
 -10.0185289619536 0.2968734241454898 -125.6549724730899 2.097284522156152 0.1792205926766434 0.2032616633340533 -37899.69712095361 55.79938501197002 12.24503198973103 0.06534210952679946 40090251311379.65 2944.411198519177 3654 191662 1 3.678485082733458 -1.330561283359192 -6.849750107351848 -1.688408874247818 -8.678336890194275 -1.137064986987786 4.738875743743376 0.724439240915816 -4.866413334804112 0.01917836690769767 -0 513 567.1044199466705 2325 -1 -5.252509893748661e-06
 -9.650730390829667 0.04530354432143253 -2.462877323675697e+16 600.9527892001279 36.76924664634003 0.1261274968727706 -17501235.56280743 87713.22512733335 18367503.61807564 0.3903585442847142 1052.083435982417 2924.665187459201 1930 191626 1 -4.5831949257236 -1.14386087655583 -1.542766539987206 -1.090193919690426 -2.277474709050479 0.7251183832304533 4.520582666027569 0.617669982249863 7.892459313882307 -0.0007124527747457665 -2.487402772766956 516 567.1017138957977 2325 -1 -4.434085017527933e-06
 -9.996259560055142 0.2759354469132561 -394.9130996762418 745.7852699736313 27.8044488448857 0.4230827886422167 -102.8834939237932 408.4431909443244 442.0697043619775 5.228627169605484 1.580447574816372 3007.606528854982 657 127618 1 -3.370263060254122 0.4368120658833465 7.701512210169263 -1.165047680047737 -2.380077867615992 0.757978056078652 -4.136880849542789 0.288418505849918 8.400783371142412 -0.8928290784864306 5.00024215606829 519 375.4843101501465 2325 -1 2.932012638333644e-08
 -10.09186693920302 0.2052184568809269 -6830.259667195883 0.07206820523509749 -8460634642319.666 0.3933035842045124 -321.3774430186463 1997.478953232628 9854.978313028723 9.948774668444546 0.9767964188299808 2820.208594192753 1108 191651 1 4.320550059285365 -0.8377306955978021 -3.172869132948617 -0.6450854755784183 -0 -1.923277656441538 -5.055977222814504 0.1795591115285257 -3.200405973628725 0.5429053269886785 1.646260268227663 522 565.25008893013 2325 -1 1.982343501077766e-05
 -9.792784936819757 0.1912378456496539 -4321.521422118045 2.170305405799946 0.2646127535763789 0.8466458456584817 -5.717518505279818 207.6731899922959 107.0197514533792 1.953036656740495 -1.591116725349621 2876.083001761199 1358 191633 1 -4.051082029746713 -0.6714258919909382 -0 -0.29498271030082 1.476501238681209 -0.08627626024096456 3.043702008473867 0.2570706036403294 -2.739626113365217 0.6409908318796971 -0 525 567.828901052475 2325 -1 -1.23637417292385e-05
 -10.20567273767457 0.155389112659917 -465570.0862463193 91.19526928798345 1.000509009675477 0.3781666305061546 -410.4708612457658 14820.88850957965 479943.8975462517 0.07966883991936181 15264234050504.61 3105.095749687475 2441 191660 1 4.344198050251319 -0.5554008920770954 6.887676649055834 -0.8401021197176419 -4.568439554932061 -0.9429175593089223 8.371148888488095 0.4373901962137161 -3.155192089030296 -1.476975341304036 -5.913228460850593 528 569.5371317863464 2325 -1 2.117578522353035e-05
 -9.672900149015321 0.1109822621465924 -22014961.98693493 1.801587216514475 0.3824102704407225 0.06887174112291644 -14384013715783.56 5566.900496332436 70257.51059594005 7142.673733318501 58822.61226719336 2987.234571274447 1805 191644 1 3.705757559766563 -1.043045163060627 1.520297526096182 0.9939432046418664 -9.516030759430416 0.2100792383476712 4.787672998639062 -1.387754768271757 -5.929790172747502 -0.8075061192524569 -5.838716805667139 531 566.0225241184235 2325 -1 6.103764703769963e-06
 -10.12376951846765 0.3595964750283622 -35.80326499258291 1192.777615265821 64.1027728014532 0.1056942324634046 -1650879059.880362 26.45704587545553 3.724028421732652 0.7100349397778722 278.7398193800485 2924.702648327394 1541 191605 1 -4.596674427473461 -1.429435136409127 6.734491617647254 0.07871645139790129 3.978274112870895 -1.309730608320304 -6.683035994021885 -1.230685846932579 -4.396757406724896 -1.050127474659368 -4.333476510192546 534 566.2079238891602 2325 -1 8.028506473664952e-06
 -9.713201649247504 0.2209139724608567 -1926.885079460604 0.2064921266945278 8529.039701905858 0.08624512080710733 -52496490818.79356 157.675298187776 60.10990393991157 421.8803984410716 300.1877123600963 2998.938168835765 855 303441 1 4.389492352555036 -0.5527074987949998 3.31252149082479 0.5559192692710448 -7.09926220466081 0.2498685496613455 -2.883994248477423 -0.7087301948939535 0 0.3668121669787245 -5.271223185390788 537 888.8356521129608 2325 -1 3.348594980251669e-06
 -10.36345504566876 0.06521598075713521 -8236515837089.414 1.618914249221315 0.3934383968300356 0.270725244029469 -6829.01928121106 6.498247140668517 1.433437846201286 2.219497373164493 4.277664218323921 2994.213955159518 271 190968 1 -4.066434336002654 -0.7652929079346507 0.8369831869962527 -1.092908912904995 9.860137145855797 -0.5891488357609367 6.868685342392244 -1.026103825530989 5.654328062921543 0.8626148500400896 9.191987745988163 540 579.4035789966583 2325 -1 1.05050793097586e-05
 -14.0938979871241 9.58493063796136 -0.140072400284819 0.2805126275750882 1025.020889661924 0.1480752893129098 -7428151.601076639 3861.102625063176 39195.2337026332 153.5966720265751 28.32154777056111 2997.55806511027 963 191565 1 4.391964672420055 -0.9363448965158545 -8.308096948648124 0.07268889634981687 -7.393673679333292 -1.153744661350451 1.526430505014825 0.6311361401633278 -1.784222555391772 0.09204499359251314 1.811597600043465 543 571.0207970142365 2325 -1 2.117361636982261e-05
 -10.32877089194276 0.1890850253815435 -11843.42468428522 34102.69727597742 90258.52707306987 0.354053956770911 -263.1569120272139 1770.430132818604 6709.037249192115 8880.099067685762 70549.13515673378 2765.569992754793 2492 191661 1 -4.194180992946425 -0.01756139716920483 -6.76752746357446 -0.08097752179166399 -0 -0.3660010847877322 3.850583585014435 -0.6680110234669314 -7.553356021798736 0.2925344985999301 1.932214624178192 546 574.9708540439606 2325 -1 -8.475207618712837e-06
 -10.45637721433602 0.207619922880939 -2658.176227623799 276.3617100412847 11.07694743220439 0.1328199054398542 -5305352.983867471 41658.19789205019 4659708.272122609 0.8712827081022895 55.18822970130017 2955.137594986154 241 127212 1 -4.111553618916705 -0.8792358880094655 1.125112842897316 0.08713593792403616 0.1870662044732398 -1.884494427216813 -1.919729592178703 -0.9608733477598204 2.289231459802029 0.1896944681336321 -3.500822765353255 549 379.5465250015259 2325 -1 -9.813292467194388e-06
 -9.866037588299481 0.2399991716061922 -105.7512375722881 0.0723111809130618 534441434339.7435 0.1552786307570268 -1228289.47028382 1532.107586524754 5012.065858659994 1.156471127217287 24.96019408984674 2877.904151694496 1753 127772 1 4.665074805480912 -1.588341391020296 0 -0.682715235199912 -0.5152234192858893 -1.13774604849546 -6.688803599140757 -0.8830331082344776 -2.375315831764182 -1.168484231164045 -0.8708558037306808 552 384.949599981308 2325 -1 -6.35962327359433e-07
 0.004956070942681411 1582.715514894534 1340.805402937489 15468.69664044476 25083.82031448611 0.1553969323465393 -2149081.455565308 117.6037584630441 33.73197812230941 1.241693490056961 17.55657586722816 3011.094814965987 1900 143712 1 -4.496200575501412 -0.3558539953498965 -3.77450313275709 -1.258019563680184 -5.874231023947995 -0.3501604866966037 8.499860526166295 -0.2274984501231385 6.752657054948321 -0.2344860536370987 -9.889344046219874 555 435.1443901062012 2325 -1 1.127448580631146e-05
 -9.372586910045069 0.2338793140613937 -1773.146236204431 7.602474344833537 0.1120758922955635 0.08076039617250104 -128544323057.8665 409.9747141457441 418.6770554435956 776.898238688401 1577.137463172975 2928.249743726135 219 188859 1 4.491253089674729 -0.4831049643050892 5.903767543709257 -0.6066320412960922 -1.56306870847556 -0.555558726279302 7.488443933443012 0.1169859906696681 7.713116985616344 -0.2467671464744701 -2.594015230886974 558 567.1629741191864 2325 -1 2.722383591004623e-06
 -9.848918171317148 0.3524273766684447 -43.99404131566503 7.614300656736558 0.07418759946678724 0.1979780692871646 -90767.22643368495 70074.61535894994 11910828.13221814 0.4689695219586709 198.9292241374965 2936.890738624406 2170 191633 1 -4.169796916762088 -1.06805401948742 6.039867988703765 0.4942726017506787 -0 -1.566391325486092 8.579621583543833 0.1816920532218416 0 -1.43231398902501 -5.226974914129227 561 531.0408868789673 2325 -1 -1.40491008878198e-06


# name: injParameters
# type: matrix
# rows: 1
# columns: 11
 2 10 0.2 1 1 0 0 0 0 0 0


