# Created by Octave 3.8.2, Sun May 31 08:43:39 2015 PDT <charlie@yukawa>
# name: outString
# type: sq_string
# elements: 1
# length: 114
Slope	Lambda	Gravity	Lambda	MagneticField	Lambda	MagneticField^2	Lambda	AttractorTemp	Lambda	AttractorTempGradient
# name: op
# type: matrix
# rows: 188
# columns: 31
 -3.054304187742416 0.6347331538320468 -2.000048707878747 354.4919742671823 20.44820887149239 0.6130743783353193 -17.84257858201945 27506.99771413514 2166104.431334454 3.207786072441543 3.030165233498626 2899.022482656352 1312 191594 1 3.012869091952262 -1.309909695482957 0.542822732762835 0.6994286917185852 -1.781992219666506 0.2812648042206515 0.8712936412824472 -1.092125696208432 -9.381776821647518 0.4149458827415322 5.598959039275641 2 871.5651829242706 2325 1 7.135229483183524e-06
 -4.600051695143407 0.9875172828018367 -0.7659861057420845 1.00703924507363 1.296446618096279 0.1404496764737725 -3089156.553821774 184.1115355634597 82.33869401765344 215.5433129623108 92.72607965690875 2742.580462600901 1121 191595 1 4.232215039743514 -0.8792959220427807 8.602668281169807 -1.235151837230424 3.378467458465376 -1.326596625249048 -5.603544283508784 0.7853760471184037 -0 -0.2664980100633869 6.847530169353105 5 726.3658590316772 2325 1 3.47301394829917e-06
 -4.726665992518879 1.880553950327983 -0.1336331733018978 151.7514210570856 1.782763466149145 0.3445873879654378 -253.7308861340488 45.83764479633755 7.658445828418714 0.05577328829285109 1.945066722346429e+16 2866.663727660032 1699 127775 1 -3.265575758248803 0.2881440624409288 -1.627167762985095 -0.5733250719884797 -1.65440423480185 -1.183316485730971 8.30503266193821 0.6677356393608553 0.7523007827602375 -0.6705587011114611 -7.342914989537247 8 490.0769498348236 2325 1 -2.49204913933307e-06
 -3.215936513833703 0.3152372688819345 -143.7472495520642 0.6954684039058897 1.356627563071112 0.231827177706342 -9608.382458950491 70.30016170003111 14.86726575312591 2.063176540559032 5.190196377258013 2971.006457388693 1034 191654 1 -3.840124364618543 -0.5915314045652131 -9.51301756475954 0.8658723647854396 0.4914700817723658 -1.101890582806684 -8.902739343288912 -0.4126159252507282 1.776950802126816 -1.956736755063492 0 11 723.4675838947296 2325 1 -1.731064620239881e-06
 -3.339904899421237 0.03469585762951444 9.982718719283007e+20 5.531977460204461 0.0231109211708907 0.05998762215278686 -94469812349859.78 29422.08882962336 1561294.228682145 70605.34993984265 -4423603.548974331 2995.448431683931 352 127529 2 4.124875810017468 -0.2890653420806393 4.538048605317528 -1.728870804643004 -9.942511696005578 0.5244648037557296 -2.19555593572001 -0.04759516794113598 1.982172367480736 -0.4997768217998946 -7.192396086416977 14 476.2994201183319 2325 1 -8.561652589727924e-06
 -2.682918039097971 0.2735291281154273 -335.8816343833363 32.77702864777564 0.2464829838497915 0.04371549900810835 -8.179488998066001e+18 820.8474397113549 1918.526841536121 1.779497046649268 2.723165461985386 2899.686079222959 729 127685 1 4.200563112545241 0.2844431673858211 -9.015215980938452 0.4349170656699632 -0.3378761932533183 -1.857995890784502 2.996546247692617 -1.592544913480396 -4.704593940593067 -0.5229855357644233 -3.566847376172884 17 378.9544608592987 2325 1 -7.73253102126965e-06
 -3.347771572808716 0.2977812225587025 -90.04641139033635 5848.807214990503 2923.112321887888 0.2785093378126942 -1164.31631080508 143.1272801879754 61.638833614547 11897.88497234907 332756.5853945671 2768.028001371934 702 127598 1 4.117966305362832 0.71856607582537 -7.279811247505751 -0.6866336322004782 -0 -1.645629152968635 -7.951536677348782 -0.3739714944613822 -0 0.07764846883617783 2.361100963834966 20 378.8336951732635 2325 1 -6.34181015945487e-06
 -8.760075871965961 7.266065527711978 -0.1685871001422632 78.94039772920243 2.748476756790052 4.137907318551395 -0.3374943686925459 810.0806888952277 1764.537814437185 0.2746492877073162 40008.57346591059 2933.93584087297 287 191662 1 4.550563373199764 0.877564577539145 -6.233499026634062 -0.70432904793054 4.612350013687869 0.1828299133727871 -2.865507272498011 -1.376982273439155 -0 0.4641947889364948 8.668738352526125 23 561.8049290180206 2325 1 1.699554438394378e-05
 -3.078879004546265 1.014252795155085 -0.1553473568832058 68841.99893394327 347369.6022402379 0.09243179228000539 -2320715532.996153 120.9124354517088 42.49540615500056 0.7807399032791512 87.42145362683168 2979.993531942456 1076 127738 1 -4.119096033614927 -0.3013427893367293 -3.455916634413346 -0.4059722374570419 1.889794837046733 0.06680798435182743 -9.525564567598078 0.966111128407527 -9.555631885129507 -0.4484892888195118 5.045021838497492 26 379.1998009681702 2325 1 -1.116113101843144e-05
 -3.434731701394637 0.04292669743040679 4.142506278036154e+18 0.05361491075543905 3.453527149268944e+16 0.0503315925167481 -5.164689342130986e+17 23307.3339363975 1271473.159638795 408.5082975223971 340.2037397554193 3074.239739583635 2104 191639 1 -4.554332260768918 -1.79984522821298 3.839887811642516 -1.917081543113148 8.994765658204701 -0.967780424315456 -4.707120046582559 0.6682134379101021 -4.242097693319704 0.270913633742122 -6.566277374057349 29 567.2296810150146 2325 1 5.477188490239759e-06
 -9.398578111926797 9.79804967454189 -0.2102225030111622 8136.805169408869 5559.194373974491 0.1468904386223505 -4513831.093569404 29701.75506317201 2020156.825348423 0.05180001031507585 9.993532845592262e+17 2937.243625978864 1963 127745 1 -3.725017284091721 -0.5214703237554339 6.807235179731975 -1.683149584221741 0 0.6842061146758551 -0.6821314341511426 -0.04971164217236539 2.487248852117867 -0.195364721339761 3.222184511560009 32 379.5609750747681 2325 1 6.290240727854513e-06
 -3.17612873914545 0.3961981153492568 -24.20818149998389 0.1379016738657728 651182.0715045469 0.4915032489006874 -37.46586345305694 77.23250185322284 17.34351769818039 226.2513098904191 23.48475532488205 2851.053467823187 1464 191647 1 -4.121516047309772 -1.683506804876624 6.446867091506342 -0.1848557825184596 -8.85085536377405 -1.478561277989186 7.70929203977609 -1.242147305998063 0 -1.394993051036729 4.457535490848835 35 566.8334348201752 2325 1 -7.233379263362389e-06
 -3.650205275695686 0.5445430221714639 -4.878411280853883 0.06316479243291907 -886701695202923.4 0.2800018918669844 -4433.499085409102 2413.653042288173 8497.961733183669 0.04515022848693564 9.970952748768709e+20 2765.385279425704 2524 191661 2 4.608610185139533 -1.246533252059091 -1.49644169430048 0.5312289555815849 7.291706274184488 0.5748870253067633 -1.69198914846112 0.3596343242613838 6.452080342711893 0.009712093109889984 -3.951128438482209 38 563.4396979808807 2325 1 1.795983663039804e-05
 -2.820804797356742 0.07772018145397037 5232759604.153127 5.18937527317313 0.04253319096886315 0.3146620884391581 -674.6760495432486 2089.688064856326 12812.04014698075 408.8696081000607 441.2039130441568 2913.599880141473 1621 191663 1 -4.512893084731563 -1.913018395134853 2.587866253718335 -1.859275267634355 0.6330105082370947 -1.897440294700367 8.754891619664489 -0.2718935133259004 -3.313891337260626 -0.6255598922502354 3.221679678237775 41 568.4490368366241 2325 1 3.097998488717032e-06
 -3.122082571978762 0.2498458033655659 -695.1319169271992 1.413820379962632 0.5589822671129603 0.5725658468286011 -10.21521258354335 31721.99099689842 2664330.478863203 1.524319124401305 13.44762237268066 2888.14411558857 1360 191663 1 4.642426383929535 0.8283310239135893 0 -1.348065307950281 7.177389268704975 -1.660950273631246 3.835230790125868 -0.2657745217032961 -2.578527391640397 -1.697745570661667 -8.008187560812166 44 560.9728560447693 2325 1 -6.760911707449336e-06
 -4.056191735025454 0.4642876647414451 -9.492262236864804 1022.883751258226 103.464893000808 0.180639844726643 -25181.48538969452 61.96053600195684 12.31830016041734 0.0578470891620634 48696188272170.55 2932.661260150372 3072 191664 1 4.452410596553152 -1.724865159352194 1.453447925561483 -0.1963335003759728 0 -0.9867880872028625 2.887495446610764 -1.76144035267162 0 -0.8748062232561518 5.231676225298488 47 567.6260981559753 2325 1 -2.817358269109109e-05
 -3.189513299654591 0.504308687509919 -2.803898836689328 1.146303761903997 0.5893157078448054 0.118780250125197 -106800548.6714131 278.9277606041172 136.0711550511388 0.7132130142834902 64.50740962490283 2975.567447085542 419 175673 1 -4.423573504765888 -1.587502489908569 -3.544167708184935 0.3469054908651894 8.648519357893056 0.5539763616021292 8.276918241610025 -1.48600058314552 -1.185309707710949 -0.1599118458092814 -4.326872189969828 50 516.9588680267334 2325 1 3.730795359063955e-06
 -3.579104007741884 1.027797751958788 -0.3736467174277066 173.6672979040627 3.941259731715941 0.2290265329272886 -14534.0965790748 232.3446582014835 158.1637661074231 0.08427016122477388 1114541342902.931 3042.807225645723 2599 127773 1 -4.471463650291318 -0.09077570821566817 5.784373796185684 -1.037349250141855 1.947564723143061 0.9047494132233163 -0 -0.6096041169821778 -1.029779211724987 0.06976828929806575 -4.649592413344492 53 382.0937569141388 2325 1 6.789240795062611e-06
 -2.787369652380753 0.9529932107605101 -0.06388619019971778 0.05678599198640425 2670984198557630 0.07931339430839614 -681313134728.3438 75099.28748092633 12465244.32655729 0.04450851599550618 9.985864291977978e+20 3070.277324265657 570 127390 2 -4.217221605712683 0.4153166175906984 3.013141420019356 -0.6015064638550918 -3.47553077334294 -1.713083852700572 -7.336519057883542 -1.925437430417257 9.922857361413463 0.3500665101717812 9.54592826437759 56 378.8208038806915 2325 1 1.023197317932041e-05
 1.903689758089971 1211.51181309121 363.323956519618 0.3150405617246251 355.9146432510175 0.2920966208223685 -1979.931904366963 25878.43069015171 1760413.866579776 29114.15484904589 1482414.134877475 3007.211667667675 1702 191652 1 -3.116272641105378 -0.4584199848909183 -5.26078872758833 -1.581126952915506 -3.014930728170608 0.9995247440038888 -0 0.6832659448500946 3.914467691432298 0.7578695744542236 -8.326083141843265 59 566.275810956955 2325 1 1.41796171197139e-05
 -3.326250087306487 0.2606190126351287 -271.168788041222 1075.09270435431 43.81555960971864 0.05313830431117485 -2.941509960926817e+17 8432.186015793826 191147.1992625754 8888.854508770975 212613.7649116593 3104.408661585713 908 127750 1 4.382133211212019 -1.360267531337758 -1.899921420576657 -0.6968712819144987 -7.148782683633689 -1.214108084702696 -8.9517698229752 -1.183508290073333 -6.391642813013922 0.9578523654207718 -3.850240821550192 62 380.5201330184937 2325 1 1.219995481931009e-05
 -6.403806127978559 7.618850249664705 -0.09007827463118431 1978.522617149022 343.0599864123766 0.04122809094373928 -9.981636374893569e+20 93.54518963335889 25.41921479196093 1.207901480510154 14.66931415700458 2824.086869975507 1256 127181 2 -4.272509305114249 0.9762580904511071 -0 -0.194159428095177 1.099278091393528 -1.27716045496949 0 -0.1460078139799323 1.37302086641328 0.678035893139481 6.217014475872045 65 383.7171778678894 2325 1 3.912502983832278e-06
 -4.312740193388952 0.8157178970191648 -1.440444659894454 0.4625020611543181 12.31349692537652 0.05672775966774845 -8.294984934139042e+16 1211.957079980488 3776.361186764151 0.506776172057964 379.4447133706918 2944.877634663406 2961 127695 1 4.147724663305417 0.7917718644898666 8.061105442106106 -1.050033948166413 2.047010504728614 -1.429145679258813 -3.454638920870532 0.3730683650609551 -0.5768102307241687 0.5434988639124487 -2.309871923308886 68 380.4782598018646 2325 1 1.720130793725806e-05
 -9.715075105482773 7.90632729410265 -0.1954259550258752 4.337435839466378 0.1120337569896776 0.05181708151365989 -1.242426802487826e+17 24693.81242965806 1814961.156826514 0.662495974627592 233.0823591435155 3028.662380516252 3823 191647 1 -4.341757706920462 0.8320277500827236 -9.076582069003098 -1.704289893217998 -0 -1.251624833391907 -4.397076640144443 -0.05063072253715367 8.86990188265194 0.6810541028555765 -0.04535057764220696 71 561.8361129760742 2325 1 2.526397652765596e-06
 -6.262817593802185 2.132750897314984 -0.2193024676238584 0.4378747043781413 -24.94643735176573 0.6651332728907545 -10.50209507053322 396.694050531266 400.0292426770924 263.7667948817241 64.26891147989215 2882.691161518831 2035 127758 1 4.132837511022218 -0.9096576053171832 -5.499866533022375 0.04974375164467831 -8.412076530853284 0.5923460717617255 0.5239554435494638 -1.830851894293959 -8.809485244862667 -1.353340342214906 -8.811382840135881 74 385.1454739570618 2325 1 -1.71795946032792e-06
 -11.09670170132421 10.62053387925005 -0.2577137433411597 739.0634780305453 90.70412960205269 0.1576921186921441 -850111.7345885658 37897.59123676184 3116663.386342391 1.229095582798233 9.460699622636923 2886.170114717657 1357 191491 1 4.508666676565646 0.6452213102294139 -1.539300254136999 -1.279361977369575 -7.763560114325697 0.305301730008245 -4.475005594257778 -1.507423379180879 3.065687665828285 -1.992002024241404 3.310012343807367 77 569.507926940918 2325 1 3.481422633482678e-06
 -4.041451346024349 0.4244432554867179 -12.93406324681053 5.340203316693477 0.03287805563172982 0.05232040336843056 -1.764783914891055e+16 871.5077016047928 1703.737051536368 0.1465939276308224 13519483.62036888 2858.051936397655 1285 191652 1 3.723406780995067 -1.93995653785038 -5.035817039030987 -0.7218121895053153 -9.595711613178967 0.8856572634729591 -0 -0.09054528455220194 -0 -1.431675200202305 -7.441366357524753 80 568.0622470378876 2325 1 -7.120877484348906e-06
 -4.377618969036994 0.07423106569527023 -34447941305.80569 57711.25040516335 218563.8555810873 0.1667912306509568 -488613.9063070745 65.49484967834773 14.06423312860845 0.7029143845835717 76.27113700298528 3002.486895724778 2942 191662 1 4.046641795939427 -0.2198826127120999 -6.969508308988125 0.638379111886906 8.962246319549767 0.2463499353461125 -0 -0.275388518511904 4.107537151890898 0.9682701165906025 -2.996580723252335 83 566.2220969200134 2325 1 -3.535671544863206e-06
 -3.724092694541981 0.281783163875057 -473.8057871282036 1.716145331948237 0.2198712128387728 0.3498190289600811 -587.2269333177838 1186.86391579764 3617.013718875938 3697.257286289185 25508.98045301715 2987.261100804456 192 103067 1 2.521930694986147 -1.187535637298666 -5.035605139693157 0.7687655249690133 5.416911782319604 -1.948678146027687 -6.063493678627833 -0.9258823351727914 0.7153745357817529 -0.5533141285549856 0.5429113083246238 86 332.7201330661774 2325 1 1.628744628701402e-05
 -10.86305327855126 13.77028452694005 -0.2890579248139545 0.05222173114416262 -6.277558868347836e+16 0.2296029531024686 -20499.09947679268 208.744903580349 119.7461321451698 1.657903661744389 9.185223918472346 2845.97884769767 3138 191662 1 -4.689078730992324 0.4697112164536774 -4.234484740387061 -1.302597642966101 -6.839218593150503 -0.9334859199941601 3.422601650775897 -1.207757185022119 2.702334452979993 0.3312832433763555 -2.918309556511563 89 565.5156989097595 2325 1 1.152067461583928e-05
 -3.054552484724263 0.2238701878081471 -800.607916078896 4196.00192417673 4024.083919881715 1.774780389541232 -0.9066232448689112 7375.937301836282 138453.4323100819 2893.463403776126 20976.18170775087 2924.986814088896 2054 191662 1 -4.678477693532714 -0.3051751699459402 -3.544869034095881 -0.6540357475527312 -5.620936905182774 -1.038169249370313 5.198716727598518 0.5325535807231838 -2.875642651182023 -0.3776798770384469 8.882889796923063 92 567.6184799671173 2325 1 -7.100302687269162e-06
 -3.33879577663867 0.07546056978831563 -50028767783.43026 0.06300482044057125 -6169692706643.526 0.1858882170077219 -113717.0918214696 2983.653921444017 19598.2575599664 2.162939816594874 5.1986209761736 2914.970731725539 2925 191663 1 4.309733577148317 -0.2628430051196826 4.367623057076944 -1.508851516807145 8.733609489955535 0.06351750197779137 -5.03418211903438 -1.003348749840463 3.42382869934778 -0.6180343630665819 -0 95 562.8727238178253 2325 1 1.584473023596072e-08
 -6.2821034496922 9.343561149698701 -0.08005285795682751 790.8365158902874 42.41557276630388 0.161407048680112 -663957.7611240476 8286.905631346919 171453.4383556112 2.536879066257145 1.499444296001311 3005.285714541093 1528 127776 1 3.637132939240386 -0.7877194458664203 -4.891875364205909 0.2105774951446171 -6.018547931952174 -1.002548359877837 -3.164728572261735 -0.6375857180505271 -9.87469579939091 0.414036474087018 -2.867782431724145 98 379.7567930221558 2325 1 6.549511929778216e-06
 -3.498122782055568 0.4436210920119201 -16.5029444569992 50560.96709088727 241624.2793865697 0.09069228720381756 -27260961444.32677 16362.82569703027 671919.0263017946 1302.010844866607 1109.666576906356 3026.019381120205 493 127617 1 -4.607478859164853 0.9999104760428089 -3.515484272880873 -1.844109407172689 6.588106075749256 -1.066391158547502 -0 -0.04993064040140106 7.93540507148241 0.2285198732775342 -9.547017955185009 101 379.8785679340363 2325 1 8.239034777277477e-06
 -3.289460898042538 0.263592532334346 -274.1943840174334 0.3676004460036302 27.64514640223967 0.2697022418708905 -2392.361761776461 202.3344998729499 123.9174148292976 1944.023686302722 10399.09753936927 2940.253792854833 1148 127713 1 -4.598530978580698 -0.5363730115391796 -9.213921391671938 -1.468386574970394 -7.373075221523784 -0.4364028055027217 4.010285452418272 -0.8845969633423154 -7.802069185604275 -0.4568559858440243 -2.425723168661624 104 378.9659090042114 2325 1 -8.297085276846581e-06
 -3.115082689667303 0.2622845503651411 -337.5669382181253 0.08450862155492007 -2641298746.081878 0.293342572913855 -944.2223814485118 31774.03373991446 2097276.773458009 0.6989689968713099 94.24878832424172 2994.758807451506 2631 191620 1 4.244668203858989 0.1933792514669612 -7.810453996780758 0.261825780011649 -2.181581803623518 -0.3770841053718792 -3.255270372376934 -1.040222497433843 -0 -1.090123776225739 -0.8220228613459026 107 556.7572600841522 2325 1 -1.184162327630387e-06
 -5.628186971145938 4.067058358063438 -0.1081060815195143 5947.54500875247 5519.445057664828 0.4911699114088732 -44.85244435859509 44874.16006481058 4392939.203585889 0.03939942211337694 9.961566188183679e+20 2925.179088583419 1759 127772 2 4.659656053715963 -0.197714358085503 -2.413714670406224 0.609614858826435 -6.516588704737904 -1.021510545858997 -9.558821222361841 -1.04402427735261 -7.727445614916647 0.2705940442749956 2.036022473803001 110 378.0967268943787 2325 1 -6.934169306563825e-06
 -3.153224409243269 0.2602534118606162 -653.4736266893251 26.34620686400012 0.4499902211739606 3.51123601003816 -0.2771431313325864 164.2296797143544 80.28291869698937 0.4872486733510362 293.7429444350912 2977.069512215886 2023 127746 1 -4.363790742097039 -0.5909830758940497 5.82428649501482 0.6362537323259012 -4.014925272992682 -0.4932894129348551 -1.803419405281141 -0.4397152445832546 1.841014283488188 0.03184104190716704 8.486464870762283 113 377.8203990459442 2325 1 4.982250761195799e-06
 -2.823809885983211 0.03764980708919756 9.973104340055864e+20 47.06170072559578 0.4982966206658073 0.05312037279929198 -9.105810203180042e+16 56301.53201887344 8034844.616576267 1.508957091368636 7.729324341228294 2777.113131626863 1644 191603 2 -4.538396446038865 -0.1293615143736541 5.444242436693495 0.1341508013663545 0.5545160498356108 0.2304643329940812 9.97751365747625 -0.3364845453034286 -7.980799046823622 -0.3379930593416774 -9.054098020950292 116 564.5294959545135 2325 1 5.846940646213892e-06
 -9.200182122406371 9.858335143177335 -0.1971713011818715 1.350653171027743 0.4242710921026505 0.110712568785639 -625657334.3014663 17576.31323082174 654356.8956874366 27.13519919920435 3.27440142702309 2739.099927745958 3782 127775 1 4.432843518675824 -1.084583477025932 2.791095375827122 -0.148419361103973 3.730505243121276 -0.88396856601958 -3.518387240074431 -0.1903592016108284 1.614546868471046 0.677722338699752 9.0174787563806 119 381.2741031646729 2325 1 1.395777748894874e-05
 -3.128353044577812 0.2199325610145544 -872.4153119798514 9303.919330249162 3857.247781423878 0.09456408450376579 -3149403110.560225 203.7195808011503 83.35423105871513 7322.305918652843 -60484.1012399898 2910.220231319287 1195 191664 1 3.738827114995279 0.2739173594267283 0 -1.334214506378505 5.643798322275043 -0.8448737447927348 4.713235786582694 0.9663774766220046 -8.493878465003734 0.9820498660071165 0 122 565.6075341701508 2325 1 -3.731690905688795e-06
 -3.035211895922771 0.3109887990275203 -171.4690231290366 863.9114167234733 74.25227887024364 0.04711613121758101 -2.15551902650366e+19 486.2180621620639 621.0613595847935 693.988104549124 737.446367256931 3000.904696666325 841 127774 1 -4.659508312320559 -0.6599853065913877 -0.9462252623579808 0.630941431208178 8.391337175367763 -0.8869234576014566 0 0.7442564881733204 0 -1.179745871901654 -4.166656041305057 125 384.3093831539154 2325 1 1.103693074727865e-05
 -3.436080308925023 0.4590825197438978 -11.2515625240039 0.0543141722870403 1.588213787536946e+16 0.05742394686732763 -1605799084343701 1154.406317993931 3231.14319261141 11581.30141724103 436036.5876229381 2765.484786073494 844 191562 1 -4.320959591977421 -0.2901375485853528 2.885513721825146 -1.237178074911668 4.26881161997041 -1.048166834433388 8.065615853617837 -0.1262784203378749 -3.425211401422409 0.62946562061384 5.083158932707684 128 579.2781980037689 2325 1 3.858696543928106e-06
 -6.866308608459718 5.698746267030145 -0.1313387409954263 0.1139632920416175 -56855645.15166598 0.4372778792504557 -78.41256245873694 77.47834371417531 16.69689063488973 84284.31979816651 -1230273.762211518 2772.885820846592 1207 191515 1 3.559991086161818 0.3812022483086727 8.717912063538035 -1.690335288175149 7.434268567541157 -1.578403289073969 -6.064387800111603 -1.837282584663733 5.68037476544969 -1.597298546411464 -9.566284543742574 131 563.3089191913605 2325 1 1.34975974040817e-05
 -3.506999646873803 0.6490007745938733 -1.518229983650377 1.128824097875123 -0.2997809556943827 0.680699736942322 -5.414410657422057 10.21755150841112 1.749925942135998 1.853984811103131 1.388216526826435 2972.614825756482 360 190242 1 3.689035582620672 -1.345982874182059 0 -0.7032730076942029 7.967852936734676 -0.609339632789931 0 0.2217994735539124 6.263434816941615 -1.035421389227939 -0 134 612.9476408958435 2325 1 -1.149440041587267e-05
 -3.865546955168369 0.9143750890250375 -0.5649478438056396 0.04272477174619486 5.086172115947331e+19 0.08154411410395014 -137615382994.5131 54.94357788479926 9.000522405467583 0.0519782454928058 8.823313087830872e+16 2909.095009051716 2858 127746 1 -4.449228602308175 -0.4579481924822879 5.046027052843561 -1.748931029459226 -7.974250943225998 -1.343395542102163 4.040533397697071 -0.4929136288539597 -1.137929436194066 0.3443353277641882 -0.5133210211250896 137 409.1847929954529 2325 1 5.293111041371023e-08
 -5.450806023500556 8.557235504163371 -0.05564882599979996 0.04046859021384946 9.487056980317789e+20 0.04601847547200048 -1.479202036116822e+19 137.3005615120956 52.40233604215645 0.4601928793252935 1202.135429924393 2831.573804255101 1752 127657 1 3.471603176145899 0.3744410384110619 1.598800674387767 0.9222626767562696 -0.7925617060579553 -1.316948082883806 -1.960195282806292 -1.298583308229642 6.106168345395455 -0.3579603690828765 3.28616039691857 140 439.2372951507568 2325 1 3.729930465123477e-06
 -7.448723519322186 9.040935714702387 -0.1282024868258737 95655.8266255622 1612044.087906533 0.1152816047007225 -77446469.58108263 59.65498452769999 10.16035369269949 0.9439229213614659 33.87462036186655 3069.95018505943 3042 191639 1 -4.159577755097333 0.2459533343844824 -3.737722617215652 -1.982534343182416 7.540285598719205 -1.965363853694327 7.132101327837781 -0.2608591198896147 1.478293677820883 0.5457489104401496 3.775839158242286 143 601.4656839370728 2325 1 -1.381409852859798e-06
 -3.188024893104765 0.04916635044890314 -2121103911014788 1004.664279413617 150.666692135509 0.04440119968066134 -6.834179736621966e+18 62585.28378784494 9964064.289307918 937.736955316007 1369.102932801016 3011.266391310649 767 127719 1 -3.181476553616043 0.4789960547762923 -4.336844959568967 -1.70523501693868 -5.130836746378405 -0.0359053752713701 2.152946278382375 -1.502344743626502 4.933050861064345 -0.9317864228102214 -0.1223043756765896 146 380.5111041069031 2325 1 -6.51108260096261e-06
 -3.651580449438045 0.5423421968327716 -5.714282654162455 238.3950529548557 8.928639232052552 0.5970042135750442 -18.54694376367883 10.7203160023923 1.498161984008381 2.483674329013661 4.897691093385101 2877.915112640781 351 127529 1 -4.585840899149196 0.4550496962014963 -9.543167475622603 -1.310119248451315 4.040676868290597 -0.9426356889437058 -9.510461460286061 -0.39430357240016 8.048489940556014 0.901533860824439 -4.662002712248066 149 392.1364948749542 2325 1 5.027991447278798e-06
 -3.742423307415901 0.2138046511065682 -2479.690487130549 2913.467304889606 780.0170947596563 0.05659062523613529 -1406093801771140 376.747331781823 385.0442157019469 3.566951299963395 1.162899684356676 3136.873419120032 172 191108 1 4.314159879775427 -0.11957500178542 -1.836230423291741 0.2876841461794277 -0 -0.9366526455329343 -5.742086726956039 -1.440191605366972 -9.350230511895409 -0.8158208305524681 6.191785130257657 152 583.0171859264374 2325 1 -2.67698848060171e-06
 -3.284438407122553 0.2364400976257183 -1433.593240462779 9855.922917403977 9337.954813695434 0.1292536934468734 -6927019.756022632 50.79193384897943 10.2702615294443 2.953514858105405 4.12565392630454 2807.422656253596 1569 127773 1 4.664111249979761 0.6629523339663503 -4.969594674303392 -1.072887333236308 0.4745350225743401 -1.301999093299843 7.287433642191031 0.4586079870588406 7.029165729907213 -1.064547760856852 -7.596575301877072 155 394.0279121398926 2325 1 -4.064505065695309e-06
 -3.443378941397389 0.2222373435506867 -2915.46323378914 1.489230215976558 0.3031708543200778 0.2820072711022372 -2075.98941496196 23791.74896748037 1381940.530294886 37.07227429631799 4.634498822541866 2906.692097824839 309 127753 1 4.036057258047963 -0.02311867944761128 -4.603285285603029 -0.428224312239192 -8.12408208043928 -0.3228955683060609 3.260426518296624 -0.4885625109769922 5.269212963601061 -0.1549288446092589 7.613071935047898 158 394.4876358509064 2325 1 -6.597519228224478e-06
 -3.849714038563448 0.2227758184578119 -1889.095329684623 0.09242362224335068 634972727.5223947 0.05579554577743617 -845116654534616.8 221.7142147062162 127.5996695641598 3626.281893617774 47383.47046218906 2797.271579264088 6531 191649 1 -4.683983997999349 0.4783364657711866 6.903140297785542 -0.6736680301265796 3.963123755896561 0.9481016338364472 1.396636559436299 0.06527387360566816 9.844089766910081 -0.2358060761590438 -1.61188592141488 161 588.4763097763062 2325 1 -9.504550106738569e-06
 -4.653133471716818 2.319852125736386 -0.1166544826581057 0.2986757131552866 -72.06537756351302 0.4153362776892426 -119.5821664989319 654.7592287846931 913.9821282877552 1.48334421625085 7.525662924708247 2840.686407820858 2215 127721 1 4.23179818975482 -0.2674087984100701 -3.428482538588899 0.4900936422941861 0 -0.09719932291254187 4.759193266739261 -0.09635986585103586 -2.515323811310194 -0.968934802580236 -2.965635626752754 164 388.3879499435425 2325 1 8.712905718779145e-07
 -3.282542661368995 0.2891656994795319 -124.3952233165248 0.7574095768574244 3.11719712934498 0.388867864965 -281.7480611567258 138.825786955709 50.45098943642223 1.753454143163996 5.956253302007817 2835.4126672195 1095 191510 1 -4.566155933178641 0.1250524859503148 7.823690362772902 -0.8379353299584746 7.873097455099897 0.09118035992581147 -4.992720867217298 -0.5208644078337032 -8.065005983812497 0.2775900071125235 4.450557817150332 167 595.4962768554688 2325 1 1.267870754256002e-05
 -3.177346515240314 0.3701800334493414 -14.00774476109229 32399.53733268517 84977.97893405461 0.08837042064011964 -7455860916.358685 23.04469733150039 3.337612095711427 5.647840087636603 1.754688287821849 3019.891943106757 592 127696 1 3.896720847217622 0.845932700935923 -1.982256474731922 -0.6068593185178344 5.77062808254964 0.1222217766322528 -0 0.4865306165555072 2.983806934273101 0.8935180836220891 -0 170 386.9079568386078 2325 1 -8.827469335069532e-06
 -3.225096843331394 0.1927846989339244 -2804.016346912837 0.08971427667280665 1044944118.202141 0.04661657146113477 -8.232000392271432e+16 7371.935409768831 133017.7588682605 0.8425185838161366 36.48107509424995 2841.637663484497 351 191599 1 4.57583355815023 0.3671959253458041 7.517417582976357 -0.650304727586076 6.855444892077769 -0.4308267490552762 0 0.4176714076500047 -9.168373859536807 -1.029112977356212 -8.48839985432943 173 566.6497371196747 2325 1 -1.394712667169916e-05
 -8.477118151420552 12.12615262023498 -0.1883791549322236 4.945183659479479 0.08371513335054963 0.09265729898155838 -8672398319.849468 267.0916427266908 188.3146678026637 0.3385115111337393 3826.458060288003 2917.136896206177 1595 191659 1 -4.354572254302028 -1.36325808289492 -5.041826060242689 0.6453635483299953 8.587955317819315 -0.2250485417605166 9.426069523532249 0.6302037468573047 -5.017515440473203 0.08104005134904031 -3.705903282655349 176 589.9278359413147 2325 1 9.012207650424034e-06
 -3.493589923547256 0.3208303474902648 -166.8533198351716 5.294288587572166 0.05060857821878005 0.4153212558404252 -209.9716279944674 15086.51664861496 600466.7475924102 3.199735840188732 4.082414625500601 2877.441691685887 1279 191561 1 4.361717441332487 -0.587987545887966 -5.571997845871257 0.6619745699801904 -8.183525352000419 0.8082031854532179 -0.5415056482564973 -0.5644073982262103 7.486581044886956 -0.7199866388169411 -7.309213589163084 179 589.3166010379791 2325 1 1.332938068140528e-05
 -3.462725441354223 0.2640031383687309 -345.6892183739394 0.2138495683598407 -7807.05170656071 0.05123747484146574 -2.43081280035966e+17 80.84923227009395 19.1501388964754 0.1148415010683944 1280990514.349872 2900.566237846759 1404 191641 1 -4.363017723490729 0.9976428297912898 -6.986991960406828 -0.910040644328344 -3.361429693619213 -0.3517301065728767 -8.465380427374249 -1.091633819168044 4.848530771460185 -0.2576239317618345 8.536220927295997 182 586.8675601482391 2325 1 5.239418594355213e-06
 -3.37706205028284 0.2219886898293568 -3051.266914721195 0.8922490350054785 1.342733594948242 0.2743177921814643 -3532.946286217043 722.9400035274775 1006.238027236178 0.1912314112694679 752827.0607046263 3064.04970916148 2245 127775 1 3.988955207132558 0.6993474003962388 -6.039795732247652 0.3714863059789884 -3.119830863923263 -1.876430413248311 -1.386724820568379 -0.8418785873956436 4.080224489347602 -0.4421137834574038 -3.541849769714219 185 394.0200200080872 2325 1 5.093384325006065e-06
 -3.063034497607934 0.2403595893955188 -3235.903867296111 54421.64105705945 123792.1779931898 0.05552524996427953 -2.356811077175917e+17 288.7086944215931 221.8637307706545 1.540620991068094 9.60522906835109 2894.170982467233 3926 191615 1 4.577068986373198 -0.7248490158560736 -8.300655993597674 -0.821598281803789 8.604507118634608 0.3026358945486338 -4.149466610107289 -1.031739014143488 -5.668129791040906 -1.290722178780883 -5.828310395985765 188 601.0327000617981 2325 1 1.990342216872828e-05
 -3.518464493895766 0.4832271505809616 -23.69534085075843 2007.16990392823 952.464591258633 4.548298740969885 -0.1991493613867046 352.766163152935 343.847228084197 157.7681966796384 26.56084715712756 2994.282079705808 157 177989 1 4.167707190204704 -0.3538170015439768 8.200806544560361 -0.6177632418300982 6.167498662830558 -0.5230121726942416 9.194248776333499 0.7102834550044141 -2.830461755288209 -0.5526427131078711 9.60038376940968 191 595.5666539669037 2325 1 3.083495139592361e-05
 -4.164242124541627 0.6270317143579156 -3.695400902995346 2207.631119399604 383.4832281569054 0.1280306143309926 -12416394.75412258 173.4336330218173 75.23762823721424 0.09946881046962348 7478085992.933604 2979.210737145028 2889 127740 1 -4.684953496520958 -0.04954921392130895 -9.33427785352295 -0.3653540571019853 -2.467177298421933 -1.257834928301263 2.30005531538135 -0.7056994404462547 -6.836068138647666 0.7453578326694243 -1.893238609056265 194 400.1588900089264 2325 1 -2.172951798297561e-06
 -3.493331227646883 0.2691524369567063 -822.1061658766143 0.08145702373876698 128916857936.4496 0.3322769599640917 -560.5332701815997 13255.61113048194 380627.5155706313 0.1387182934616174 117956855.5283064 3122.945294181733 5621 191664 1 3.90381341398909 0.3396920011378071 -5.762068528608012 -1.704432418813712 -6.213742571839583 0.181576311466138 6.094623591370966 -0.4080860747876862 -8.044379332186423 -1.348036437353604 0 197 590.5853760242462 2325 1 1.063251238739926e-05
 -5.100693846948271 2.365289149427629 -0.1007161424183733 1.425695958342302 0.3476219276104745 0.169923870642865 -196726.3563314395 1080.939055115008 1946.481671457758 0.25870030998779 -12537.33286262211 2916.323215696656 344 190662 1 4.358196668036394 -1.177423021010912 5.546718611338339 -0.7255388447800097 -4.756684560750193 0.1645064630029895 -1.842686520314493 -0.1695377372722149 8.889766360454312 -1.031770568993398 -0.001077172555238093 200 588.8770480155945 2325 1 4.210903253515079e-06
 -4.108617236834593 0.2884926260380944 -230.7674985752946 1.40069595379287 0.5095841173538131 0.0620095958744119 -227983516373058.3 204.3149671872026 99.09470907399216 0.3784424602930526 1350.553702808782 2956.184983250875 1366 127619 1 3.494755613963369 -0.4137071115173576 -1.26793429181829 -1.642013299403734 0 0.7458815780438783 -5.676681469100176 -1.690540781871447 7.03123028316916 -0.2650148285816591 -5.557634591341686 203 396.4301650524139 2325 1 3.192001539138002e-06
 -3.073581721105648 0.2845848988851672 -317.2966057893797 443.4035784708189 37.58377591749446 0.3866132756688807 -184.5160165268213 162.322819927857 65.96157669737877 0.7800193121498867 20.48873114900161 2958.888621747004 754 127739 1 3.108765338559124 0.9398674706621657 -1.635400540143936 -0.8749574047622577 -1.567008621430308 -1.229122781548261 -1.117944098994343 -0.6146057151301978 8.131526912762892 0.2602241195727872 -1.209433089306994 206 400.325119972229 2325 1 3.260463044379529e-06
 -2.576912877597708 0.05267645422612007 -356962717555260.8 1.780628383313388 0.3500315061534239 0.05872178621971523 -547521650500099.5 12419.17920316192 331201.9609172021 0.6470140839417128 186.2788819003575 3093.311356143219 3123 127775 1 4.32370305920005 -1.565392294657634 -0.9380744672141343 -0.6900960610858959 2.037909031090458 -1.855658842302104 -0.3469390385335371 -0.4212171774283294 6.489261802078731 -0.4450773716717134 -9.48313252520601 209 392.2467498779297 2325 1 -4.833516601435612e-06
 -3.775826653290749 0.7358599388750664 -1.389172922402619 0.09626613119795448 1766351214.609986 1.228267449459981 -1.196815574925846 2749.455780181644 18469.80651487698 102.0875260778126 39.74275189079428 2961.520257540918 1238 191616 1 4.643816244303587 0.2690352328603773 3.628557291023436 -1.048278159942087 3.148391784657371 -0.8414053432550137 -9.191532199863531 0.6915191881813713 -4.704587340224733 0.07383692606256043 9.347651952132258 212 587.5191950798035 2325 1 -2.151412775225545e-06
 -9.650573132869992 8.424856545743058 -0.200163337583405 0.3838087409674857 -16.02226524185494 0.08317149656503596 -74931529237.40018 3324.791175510427 24042.17610974827 0.0477453347082463 5.397457523442176e+19 2916.416452872411 1150 191663 1 -4.554106865273463 0.2696459526991015 8.139422509776491 0.527423476576403 -9.158211945172409 -0.4175118105194767 -0 0.5299760910338995 -3.486168547316013 -0.9790849411629159 9.175259414262282 215 581.159795999527 2325 1 8.056592279839282e-06
 -3.191028734754212 0.1959063798248583 -2283.661523497758 20527.72086724934 24900.80895363819 0.06526847947612456 -11182783575645.05 3070.524770042488 19916.28816216437 0.08535459521674689 74235827952.58319 2978.371215456356 2188 191662 1 4.598565458897207 -1.214618202648308 -3.90584618727433 -1.764118866592686 0.852041269348514 -1.219346672545457 -0 -1.831961942887364 8.045076270331581 0.1833660834512169 8.959445391609973 218 583.1427888870239 2325 1 -4.817953736420583e-06
 -2.864387709809522 0.03606236320615497 -9.986638694551361e+20 11036.6504338306 17774.47884945856 0.3418752032674544 -611.2958952101816 1778.32246753868 7551.736363467183 0.3996264862215165 492.4798184236076 3039.947668218414 1233 191663 2 4.308575208999026 -0.2576583633086065 6.323863294563322 0.5935628093605683 -7.25858399567854 0.9409315816571729 -9.29255728397353 -1.242779490755786 9.832729307271595 0.04450331574168676 -8.050069916953628 221 583.603814125061 2325 1 1.702860201129754e-06
 -3.594918284869286 0.1394823009071411 -144771.1936841384 140.5080695063766 1.508610694475276 0.07326484996025591 -659051371347.412 7088.350759664942 112618.7588400125 1.092914524558717 21.56131790963156 2986.461479968516 277 191239 1 -4.18068043037397 0.2616413728722672 -8.688344787306237 -1.663527955403427 -6.274882815375382 -1.416042741998236 -7.957802837252203 -1.656845955872017 -4.624109334802887 -0.7791692330180844 -0.2807723778522973 224 581.5557589530945 2325 1 -8.213551913950966e-06
 -7.829454858715573 12.51960091051654 -0.1805059347990163 0.108666046168183 136447706.3542539 0.1083385243996603 -302762396.574923 46.34506973828356 8.52499032659277 1.413406603879969 16.13958842137611 3027.984557164191 2995 127755 1 -4.509321810759754 -0.3303359139877334 6.157020900632929 0.6024002769250534 6.73512512568717 -0.1570317098763816 -0.5928610543293464 -1.536510259149797 -0.9281200180347797 -1.900482231162326 -8.368193370422134 227 393.9346210956573 2325 1 4.942951067649814e-07
 -2.618571950712491 0.04858624053249729 -3.08899680737565e+16 62927.88998076221 643712.7365116152 0.4488177600743604 -67.73409913561143 1066.130319582564 3035.880733149677 3.05089464210597 3.771541993296274 2853.133334884238 402 191639 1 4.382209181551006 -1.776347083690199 8.968906043044861 -1.479117041631394 -5.601795038364783 -0.9241358231295811 0.1370640958854019 -1.557500039638956 5.078068146435366 -0.08613432471111529 -7.97242087897475 230 578.7147228717804 2325 1 1.661835528585138e-05
 -2.865328692078874 0.1057086162359499 -5374751.422761603 8370.598030565079 4805.051733407111 0.3226789843742772 -365.7591020154621 63.75797484845955 12.01023175203112 1.702755526660685 5.515062670988012 2993.830267044756 4490 191658 1 4.231471494994905 -0.6896958729636342 6.938422628221804 -0.664163855588539 6.717478358087154 -1.881838080334701 -0 -1.459456908985143 -2.40292056453623 0.7085162757508559 1.685611435867788 233 577.7804770469666 2325 1 -1.924758206621522e-05
 -6.448162422571979 11.37016679591342 -0.1226709141109063 360.7295916295089 15.75658325768339 0.1835350352555185 -27910.0219892263 120.0038637263985 37.31756651990904 2.652495830982084 1.623644614089329 2923.130647317187 2436 127772 1 4.399886851612725 -1.381275976925144 -1.401936997617366 -0.1488271444134827 5.681269422333484 -0.2382964950774174 -0 -0.4922069927774393 -4.61160885733516 0.9425184840613317 -9.146521314500594 236 391.9014201164246 2325 1 -2.663089444535242e-05
 -2.981095090140855 0.08930999253869427 -66694318.45791227 37235.40639051441 180048.835114511 0.1329679023933658 -3483711.438284144 1436.688065973912 5272.272931729172 0.0634290060564655 20423738877927.65 3078.058025304458 3378 191652 1 4.675689147388019 -0.3233654278084188 9.649676492809173 -0.4805013907277473 -1.725361704145891 -0.4563475527950285 -2.26141005140325 -0.9254395868610361 -0.3177041877564601 -0.3213265393538176 8.550241720862658 239 579.9499430656433 2325 1 -1.704584054335141e-05
 -3.337422908488304 0.4142402868437421 -34.72003386274802 1.167081728311403 0.4857808293768049 0.6706638187101531 -12.15324249496875 3572.733055588042 35331.61201091958 0.9290956742056329 51.86303483299577 2914.896287341723 1173 191657 1 -4.453178175348703 0.6451930026416375 7.847580557356704 0.7096763827027344 -9.922516318516875 -0.8099324514252801 -1.114076159662133 -1.617726067163541 -4.337089268527368 0.09756201430765402 -7.262557127124602 242 581.1798670291901 2325 1 2.525131733666952e-05
 -10.61904793623616 8.622914134397593 -0.209845506049018 0.04358113243718294 4.126460713174839e+18 0.2124456738762293 -18188.62504794841 40.24005057539073 6.068834296163867 0.115859641439978 331253205.0450813 3028.026123166689 3409 191621 1 -4.385213339572953 -0.1780985945404119 -3.08820852689814 0.8041578655076016 0 -1.760813157304495 6.812276252126225 0.646134585194591 -0 0.9423362081109339 -9.651150291083075 245 579.7793741226196 2325 1 -5.816705422175818e-06
 -4.416599316255205 1.433789013239637 -0.200617604944574 4.366500646505017 -0.0126592867455404 0.1926369645369592 -25561.48586984073 103.4479081118112 30.28100142594852 0.1630578376701244 -1346670.986074788 3062.85397529584 1395 127548 1 3.919115917945857 -1.471617207320547 8.966198091007744 -1.340957061173492 5.657737214460808 0.02728026088588643 -3.461105604842074 -1.699229153570281 0.2517809320799422 0.2712309317021622 2.838619203008173 248 395.0777571201324 2325 1 -2.25062232722276e-05
 -3.345640134986579 0.1184778799780186 -3105358.361508527 0.0458487121597578 3.431911777529962e+17 0.1004015119287158 -1179674873.264615 321.3219850256422 254.3847353464669 68749.9424791286 5343329.235672879 2805.197141601092 1798 191647 1 -4.338562979333706 -0.478521402537706 8.811752321187907 -1.052845088899121 3.044923780579656 -0.5554991635673724 7.414029024607503 0.6859222433037724 8.359068360264558 0.5344082918349646 -6.029554321880789 251 579.5843760967255 2325 1 -2.83134196474566e-06
 -2.983019212626188 0.0365292983651208 -9.989678130350623e+20 16278.20043224688 38904.38337415797 0.09830119091159185 -2340581356.415458 16546.43169811229 580888.046670239 0.09160295787468699 55471835903.02835 3027.070560067904 588 190076 2 4.447300733276957 -1.213637276832129 -2.40550832744687 -1.330719041561609 -6.22724798957232 -1.00425508577183 -0.3071088316593027 -1.578040961975765 -6.617427454405294 -0.1468593327483259 -6.861426748914595 254 586.3516669273376 2325 1 5.518450155798184e-08
 -3.597315121900082 0.0859255137893888 -2068530067.611592 0.06115277321015464 35743446688806.98 0.04925519849706619 -8.713908991134152e+17 4091.250768248344 31248.45613179442 0.04805974215348359 1.310294628704389e+19 2879.947526531006 4374 191663 1 -4.613069425070976 -0.114911997400279 6.328665754726957 -1.482687561697453 -3.786451040719262 -1.498384621383942 -7.598229907306493 0.6352889406343828 -8.281091841868054 0.6390927809791238 -6.442769612003213 257 586.4370648860931 2325 1 2.980281519169571e-06
 -5.081995030732365 9.429799401208024 -0.07594450222791416 213.3593387718914 6.325260720581388 0.06844119597170799 -40081552812638.49 668.089443164 1050.204307074521 0.2001011337782673 753548.7929644693 2863.599820989094 1927 127761 1 -3.725675349048796 -0.7942484267323744 1.58773640767783 -0.1191859376500659 -6.220856265968782 0.6740826032213914 4.361645412985866 -1.692555479583209 -0.5131631371567229 -1.411301427883198 6.534502760899137 260 391.8377110958099 2325 1 1.0018818673008e-05
 -3.215780215812471 0.06129721575746293 -13435843759923.45 3.252134471653302 0.1728106778741641 0.06238279018205674 -207529478032019.4 34140.97221747417 2878772.801850582 1.454214000088981 11.38565733269598 3025.593144581597 2096 191576 1 -4.583709593366072 -1.318036202117701 5.872787522959719 -1.094539470009384 3.233708125246856 0.1084161752586721 -1.454355679332463 0.7522360242810042 -5.846378591395386 -0.2772546130902338 -6.273965261017779 263 589.3700149059296 2325 1 1.760597495279124e-06
 -3.165758899012627 0.4791461700115121 -5.003731547338603 1170.00669708898 49.44866895806472 0.3884758267158103 -106.2323812970651 109.2088886277097 35.75644304096926 0.671402296842269 104.0884873649416 2826.776349103317 1016 191554 1 4.006777626481282 -0.9283359755611001 -1.024559751942598 -0.6884618328735623 1.292979538581937 0.4331285434226415 -5.398984518548351 -0.01348172326049822 4.239921178904311 0.210158253907875 3.181435138927947 266 586.1089060306549 2325 1 -3.084624124406594e-06
 -3.790433126196449 0.3065985534632555 -295.3396462864962 1.475907981562334 0.320212758692312 0.131968713462666 -30509903.06915055 1662.160281258302 7373.033649534133 1.707725552625487 7.232465175448271 2896.370514069058 319 183357 1 4.495963369532293 -0.02393495202408324 0.5249704009577876 -1.46359115322974 9.063538490578559 -1.124181660846617 1.760760766724001 -0.5599294411829288 2.668727424651757 -0.9913503596518352 1.597971202692043 269 584.0815811157227 2325 1 1.346318747692062e-05
 -3.560625710334138 0.5846056142089898 -0.8317182877792442 1399.346630787756 84.28695370204218 0.3970749984176905 -82.76594829349283 57986.68369615229 6790389.841629236 910.1057179186872 650.1561077530716 2956.238764324788 195 190879 1 -4.677978287194991 -1.767195733966298 -0 -0.9483165834926925 0 -1.504320930010794 -3.780708674905725 -1.262337089482788 3.451163385504715 -1.236936678066974 -1.342539203945877 272 598.6863670349121 2325 1 -2.618402869152725e-05
 -3.308016182318365 0.03747392463011692 -9.135298701847171e+20 69548.41251254283 808623.6157531965 0.3354443022191687 -569.643484796835 16318.5473659586 676059.7959229334 0.7827046661701418 102.9160817088278 3047.49746231835 604 127772 2 -4.077132743986535 0.1423307347333691 -2.002712774777758 -0.4710522546223573 8.896167822930694 0.1576336622146322 -2.750691944279521 -0.9260164383605778 -9.437036906983096 -1.427497713647822 9.513227586644204 275 404.7016880512238 2325 1 4.391995821516189e-06
 -3.136940807804736 0.1482998879093261 -29185.40345341638 1.87257699023338 0.2214082765574442 0.1937101954362561 -31498.5484504876 80951.70281902478 11534406.77463409 103.8487673810999 -17.26846894958062 2972.838566210661 283 124927 1 -4.359869925914187 0.3162536078755265 9.790630790008207 0.1374795007302918 -4.233711033594448 -1.913005803548192 6.125476658986257 0.02640888186550503 9.194352016809338 -1.105379225992952 6.754431545436876 278 388.0452039241791 2325 1 -1.79886082894073e-05
 -8.867517223231852 10.94320814497483 -0.1724067469910857 0.6912989012679552 5.741005810533926 0.05261599598419282 -2.801070294028786e+17 18756.04097497489 834956.1456528034 0.06384500503492518 2025308135185287 2969.179800858544 2775 191664 1 4.306444732008759 0.847522555887001 -0 0.4084375400170797 6.586429736867386 0.287555289247781 -0 -0.3138275024350961 9.506378109166439 -1.76341119191971 6.047631149527797 281 572.97132396698 2325 1 1.064080030066682e-05
 -3.524891123856523 1.8064319776174 -0.05315383470905589 0.7046797022474582 2.481509035081508 0.1958012692813786 -28090.74069683714 188.0379692108159 112.2669837759116 1.361282338658415 18.81569366505503 2971.424590429482 1007 191653 1 -3.998743256094448 0.6706923887024523 -9.148056559635355 -1.490789072480348 -0.9555547032922611 0.3018397416374334 -1.654065618910319 -0.7179762179194055 1.29582469893666 -1.085037639007572 2.249079987752602 284 569.9125220775604 2325 1 -1.142189543723586e-05
 -11.03703850931441 9.761607017212246 -0.2360454071594206 0.1899068257405174 45257.51496325577 0.1245656796156692 -31674920.01935317 211.7258872628786 105.7974000457726 502.8281602597862 140.0625363870621 2908.941880376454 2688 127752 1 4.108081949218412 0.8771479273336502 1.661735513910632 -1.843644133866597 6.831109942900381 -1.299523462733831 3.744950668177905 0.4094207600328161 1.932641093329484 -1.365071917987795 7.111491350898314 287 384.7305970191956 2325 1 2.858267329006437e-06
 -4.345641929621667 0.2478284884292747 -621.7280021518093 270.6391796332973 1.130859597367419 0.1105992489196444 -81835911.19996563 60081.51564008691 8869720.519996183 148.1964372409483 86.77576337418282 2903.389941546131 1654 191663 1 -4.54641121114974 -1.391801165629627 9.894377378810587 -1.692951074989191 -2.693477852407076 -1.676238183172821 7.912115583689587 0.7458015973340242 3.816903834888826 -0.1587576254805648 -9.739616548910059 290 570.2972710132599 2325 1 -1.300514186744824e-05
 -3.685812075833639 0.04363368961727923 -2.24293969525812e+17 0.08757148317717608 2822815746.619126 1.346030842684578 -1.071855034940309 220.7577835048107 135.3159554403991 3.176403587984176 2.077975975318543 3046.225832513781 1169 191662 1 3.902383890288217 -0.3225676553169352 4.492461047746197 -1.378116639910369 6.243901532408756 0.8737811356031822 4.907689243329306 -0.9589902099677836 8.486102705263976 -1.134662672941123 0.07738017880819159 293 621.7577340602875 2325 1 -3.883148383301663e-06
 -2.808803815823403 0.2053157352541378 -14264.79037949224 3612.96768237686 314.8675475810115 0.0745319054614588 -21048784363479.54 13880.52706102907 480966.6911782826 1.363427382366601 12.6379679918298 2935.259557522215 480 126953 1 -4.542661173841708 0.8567176735818687 1.364947194438699 0.9568992316604317 -0.8792152785164165 -1.582130625591522 9.417116887518745 -1.038544778021409 -6.129223752153917 -1.443088223933081 7.90756542805352 296 451.7726030349731 2325 1 2.13498736630379e-05
 -6.655235800964665 5.994877445909704 -0.1155673469160649 3.639663317238564 0.06718246341989001 0.06078218649364877 -27099291333738.71 45821.48495701806 5117262.310899309 132.400032073417 19.8820046068752 2865.648527011067 2337 127742 1 3.223167957940951 -0.7258493057601569 4.093127734617513 -1.303326477463682 0 -1.977771453693327 -3.582403931500196 0.4175401985676501 3.183826506692311 -0.908133315622691 3.639564085321836 299 478.4289770126343 2325 1 -1.467495541150544e-05
 -2.76198914810352 0.04397818116826337 9.993444404425822e+20 572.3602353416109 42.65776115199907 0.1419141955730018 -18874483.22495082 52.47104763450064 10.57337926111425 7740.461846095835 81138.84565244823 2773.811987244678 2799 191651 2 -4.501692078272497 -0.2557547762092823 -4.488657571094977 -0.2597412123361514 -7.70869277306608 -0.8701766894879732 9.676372369449844 -0.4403817201741127 -4.517173910213816 0.2340081559307236 6.385660434843833 302 705.3706660270691 2325 1 3.352252702121415e-05
 -5.878723924484757 4.948859487488154 -0.08986303691938524 288.3127657793215 5.592153451290223 0.09958018109869878 -3959174355.394949 362.481499308778 363.7878916396871 3.041566022909947 3.434570593567484 2985.513614801489 4763 127676 1 -4.55125605091899 0.00956836717737543 -8.747622574890027 -0.2522009088641877 2.807186498440101 -0.04620296303519482 5.013253774227424 -1.321143427542165 4.904638752932122 -0.6051663497761046 -0.8444340346748209 305 449.9497292041779 2325 1 9.88238658742192e-06
 -3.38814628382152 0.3033253924620914 -80.4386503797363 0.1791796279719247 7438.267940463874 0.04956727869436792 -4771087343972314 928.7017950788044 1691.938622345766 5168.06994419286 16286.56331302482 2861.911648425811 395 127773 1 3.306823432561849 -1.675908359904556 -3.707086521395975 0.9626771223366859 8.208145191462712 0.6544854586751158 7.733732417448335 -0.3942005794318204 -4.507934608807329 0.2821038085713665 -5.511082875755433 308 448.4697659015656 2325 1 -2.059848449948962e-05
 -3.609951003901859 0.0372925285292903 9.995773332874622e+20 0.9918242199596607 0.8294159763222677 0.4380122520430169 -79.196715802593 77.00590901960244 13.99541094637653 604.913560946325 136.0758180478636 3086.778193675922 622 191638 2 -4.547982331357556 -0.3831571875804123 -9.041208272869323 0.206335311672988 6.23724702092196 0.3133891093310019 2.658048890000171 -1.680508985485496 -0 -0.231905943779946 -0 311 614.4080169200897 2325 1 3.939295275323561e-06
 -7.761212508999389 7.970088373453399 -0.141337585190445 1.686741000083067 0.3610817645169873 0.5314489967002288 -31.47981870044498 24887.79816308065 1418663.425010076 0.04513209100990883 9.847439788565901e+20 2805.6523928489 1528 191634 2 -4.552918184028785 -1.429903878674891 5.14148121491923 -1.619375404719116 6.445381764107843 -1.081730127561126 9.91626088692408 -1.699008887423229 -2.739410849302957 0.04049640410585816 -1.334942272536823 314 671.7062299251556 2325 1 1.506554443501356e-05
 -4.075570215599346 0.8483049682259088 -0.4846874624480137 2.768735867601826 0.1251166408661223 0.1555328548994378 -426062.9160809526 910.3407739871537 2173.298526372323 15972.95679952309 684929.2432628589 2791.756670166636 1332 127767 1 -4.473752013372195 0.1534699034480393 3.191179685710828 -0.4709643839090818 -6.408575651634979 -1.852973882811806 4.089951633709983 -1.123438588573852 -7.60566272964728 -0.1002487598759939 0.5481469986025522 317 458.9836828708649 2325 1 -1.421619433327322e-05
 -9.095879460721934 12.46278939928668 -0.1881604960475874 457.7732408590335 14.28468635584247 0.04471202041777633 -1339401801826172 3914.627222659204 29777.64158768475 0.7917983939176779 35.04971532337139 2819.746343924848 1940 191650 1 4.54818603057381 -0.6108257399603394 -0.5794148422645482 0.6602296325585426 -7.956639657820736 -0.9625197811853141 -5.182498462125496 0.1315322418669904 0.6433747674344401 -1.767118904917447 -2.646995096825941 320 674.5491008758545 2325 1 -4.136119908559088e-05
 -3.373155937654662 0.05863534697013649 -503503217965.5478 148.909726451552 1.404381351877999 0.2970254404600415 -419.7512763171321 711.6995053964803 1317.658703999472 31.25306536971733 2.846448475869209 3057.822679710329 729 127581 1 -4.465667294154462 -0.4033155079053508 -8.267033713871482 -0.51327881844953 -4.93557806776512 -1.622476830779576 6.70992300780317 0.4856911965434313 5.648304027285608 0.02857162607772777 1.230326824517597 323 386.0369260311127 2325 1 -2.528548365433678e-05
 -5.700114070545345 12.37145790437504 -0.07934625720030469 88715.97620257938 721229.0319631381 0.07668680461795969 -77630494191.55704 8.844213151151267 1.263615264175292 15109.17528858505 199717.1664507777 2795.190099868321 625 175396 1 -3.503034191123078 -0.1730398604146704 0.08469542698664823 -1.935094862159064 4.752150868034753 0.4850288613842374 -8.292337364554067 0.004080717718471407 -0.358455889950037 -0.8390717331022062 -2.614848493699574 326 503.9657108783722 2325 1 -1.011898233629894e-05
 -3.197680532899482 0.05817761668485316 -54856943550147.9 4.908995029779395 0.08717902613587547 1.434572779456235 -0.5768202304126329 1876.340558633976 7338.527447863959 2.057461799868554 2.823492206273944 2838.280348364341 2770 191660 1 -4.548622912531195 0.7041949123788713 -0 0.4635218238819432 8.520618325922189 -1.876034259887929 -1.22773701759485 -0.7319266888064266 8.811931298273413 0.2324647404925568 -6.077080626199844 329 549.3407120704651 2325 1 -2.80370429362734e-06
 -2.794647197964174 0.7104086930217162 -0.914693046367871 2018.507115712975 733.0278972923171 0.08936804533708151 -11055155214.29968 65924.96570618633 10876580.31505867 0.04219778755474579 9.948696455540617e+20 2892.801419081274 311 127744 2 -4.526683368045682 -1.418919415078268 5.684794428469674 0.5953824610272846 7.572838983486161 -1.498658631687498 -2.304469527490354 -1.953961721368584 1.685233784565934 -0.01060412825159854 5.316568364022508 332 373.3408160209656 2325 1 1.759677395791276e-06
 -3.696413271930813 0.8032996773656575 -0.8539470332129853 1265.557882083506 40.19541088105876 0.2733968487605458 -7079.135707560618 698.8275100404185 1231.615020259463 1.048250554805485 24.45230648629778 2862.266484814845 188 127757 1 4.554212116007033 -0.7477648901260494 -0.8935058004937928 -1.655020921387034 0.2790011921634798 0.1788809693160988 7.980033554141114 -0.2512646744594039 -1.620911490905638 -1.711198488562616 -2.609684831404185 335 376.8714039325714 2325 1 2.608117679726065e-05
 -4.822505624351601 3.071604274059565 -0.08981086786296975 158.361586175021 6.152819045804285 2.016744477796744 -0.502480525919332 2347.890531089793 15617.71568069839 0.7041181289081951 65.39720678471402 2871.355319320772 685 191368 1 4.571074718205145 -0.8965499937166577 8.585610989624255 -0.3875911494206923 4.257995298844016 0.9291742585631599 8.151840232013425 -0.114840617145287 8.502033063932563 -1.655310673103531 2.269277942809284 338 553.3434309959412 2325 1 -5.7063117923551e-06
 -3.795705932815609 0.3147662061168473 -78.21323123120065 39035.16005444521 98739.17965150988 0.3850213920726624 -56.88975729287697 82.97704648174943 17.86882779126156 1.035417088670395 16.91438467715581 2919.639702596934 991 191536 1 -4.061818599024703 0.4133753490009484 5.562005923220966 0.8327818206727331 -0 -1.43702242715956 4.363011144823011 0.5070395861449568 -7.110648605551292 0.688592538198479 9.316933100502947 341 556.3809127807617 2325 1 -1.858189661062978e-05
 -7.057778363287614 11.91571524900804 -0.1476236027286967 0.269316886435004 -1839.60029306467 0.06142591649590242 -1139835540819616 12787.61304311317 328766.5540589959 0.04387230167788646 9.989017633804443e+20 3005.544788293189 2560 127757 2 4.619849642588665 -0.9720202142901 4.105823089022108 -1.597818739930142 6.993621593486321 0.7534589771035698 -2.356924063116079 -1.796726645121719 2.358884672066579 -0.09119822538011585 -9.281976850026862 344 375.2877109050751 2325 1 1.101700155594603e-05
 -6.675092121333418 10.36886733958202 -0.1211177125595602 129.9062349469703 -0.8128014124849641 0.077716513765569 -70053843701.54884 292.81021056211 234.5008581448315 56.7715672865189 6.253009267942553 2917.236325581994 1636 191655 1 3.529552152840199 -0.5316086963616931 -2.762457542759237 -1.629823684943988 -3.949489525071377 -1.538220905127495 -8.722193634749306 -1.207372268849859 6.380085026743057 0.8182958972286265 0.6452496769859799 347 551.5728509426117 2325 1 -1.238036635532935e-05
 -12.27526938892165 10.72566016833875 -0.3024287428192768 767.0281717243184 31.34064723143635 0.2772066712628392 -1906.681982122791 43272.393628736 5246889.306852446 1.988045827874515 4.054048910084996 2830.417471511101 2896 127772 1 -4.375012675436339 -0.07648302748613219 2.179691905751164 0.3864389651162794 -0 -0.3640760244925367 -1.303736251055748 -1.094744557731289 3.109908813767237 -1.597535394065043 0 350 370.3833010196686 2325 1 -8.115428717843232e-06
 -3.35118427580763 1.80269936738363 -0.07317875510614674 3963.737753708744 756.755217269009 0.1647838401583806 -298931.9934767206 49450.24991023319 5542775.834408893 12762.91365398389 162515.6680573624 2804.489429439099 385 191640 1 -4.192896098691632 0.212744711055731 -2.63453428508287 -0.4881853348446175 2.693763842369194 -0.8180639947294708 0 -0.4575425317900894 -3.568668470848016 -1.989048393805509 -0.2503810344439383 353 553.3172628879547 2325 1 -5.945068533795571e-06
 -0.1762571655517771 562.879062876537 43.74058578232241 358.8841200344239 3.976358458593783 0.2856412393673999 -960.1105488612994 10146.49755275125 201722.532187038 0.03938800467854282 9.983597028333422e+20 2879.033780603636 1876 191659 2 4.479762379206186 0.6573650720758052 8.263554850866386 -1.740313600737151 -6.798440959175704 -0.4973071194915022 -0.2247096416949086 0.9483112733821706 -6.120034942253921 -0.5548915932192111 1.062312282677004 356 557.8022351264954 2325 1 -1.117737563303248e-05
 -10.22915083100708 12.13418487354169 -0.2345708349893419 0.04599352403455739 1.088269051291452e+18 0.3154426925106006 -567.150828544696 1816.402461821796 7137.437869544493 0.04050325374990288 9.998967794226511e+20 2840.979905853955 1630 127748 2 4.692628464077471 0.2408920921360646 -0.3808967823139686 -1.162752679493655 -5.94962639297494 0.0596238971296943 4.562850353189326 -1.638415701806525 -0 -0.449262824645186 1.778870011821685 359 366.8461759090424 2325 1 -4.940410625961071e-06
 -3.796058010518776 0.3532420970744745 -65.31146996651898 29966.17912162237 90239.41307381848 0.04415798221670818 -9.994529771324308e+20 410.4147845901327 409.9502940779643 1.299043931684767 19.71478712731303 2879.260055944642 1561 191576 2 4.613189158936745 -1.675054628802165 -8.85895663465373 -1.320178596244588 1.52603102589456 -1.928180818535074 0 -0.04323944256096195 5.696083832056296 0.4216832173675394 -5.491396664004311 362 553.1418750286102 2325 1 1.507492496572598e-05
 -10.1864131052125 9.312248653038143 -0.2012683662363199 0.06701649474145208 7171008287426.28 0.04629390577177589 -6.965837933679538e+18 155.0609296925129 61.0272733219707 44072.38825739219 3814345.603414651 2937.842384988959 3259 127770 1 4.227968861135617 0.1911350141523704 -1.977470161492755 -0.3597912491531332 2.046410017354074 -0.1210331478120743 -7.647533072542949 -1.096111096898892 4.944293049139852 -1.18446348325425 0 365 370.9099500179291 2325 1 1.476906471860085e-06
 -8.435294286545759 8.141172887664165 -0.14951967712136 0.1103833183271677 92876964.08651005 0.8896557711936615 -4.521372805265751 12253.94583402877 354349.7851538595 125.0502274265131 39.3898922076592 2713.677637677057 1037 127775 1 -4.198161171712985 -1.347607660441259 4.185771859691956 -1.081301920320328 4.191613041009604 -1.805923674526014 7.630869184690848 0.8765101068837535 -8.373097300289388 -0.02164163901985817 -0 368 365.8469870090485 2325 1 9.031311074860617e-07
 -3.067715176502557 0.03625936735102214 1.417235157570958e+20 889.2949400633587 73.85682052657219 0.131904787827356 -3142987.554322513 10206.74747028972 272158.4546711431 148.9679628624665 34.94324703347641 2676.095113692038 4497 127757 1 -4.602959800147653 0.4182493427402458 3.26114845847637 -0.3799824150991222 -5.943794338594422 0.5964457441307824 5.817612064980652 0.6066276299491555 4.052773912117621 -0.9097778358890007 3.106150954289183 371 371.9937269687653 2325 1 -1.019098405996133e-05
 -3.933476545884468 1.169919897653448 -0.2747001207002984 0.04495924704568188 -1.161388363817148e+17 0.4789186918293604 -27.24683769477511 10226.70945822877 274325.0921799658 9548.497895971854 189492.6663581058 2823.721228095598 332 191063 1 4.044860414070983 0.5025194539964977 6.675731755067598 -1.499557946591086 -3.877034478305481 0.1361308384260016 -1.895586660276241 0.1762122786816022 4.495622510362851 0.5121161312330189 3.715078783405067 374 555.3672251701355 2325 1 -1.492982973837965e-05
 -4.484308610639308 1.617371927614297 -0.1563602090662482 4.313678103428867 0.08480038703066624 0.1548415901507366 -1178271.089058142 59859.3212664895 6300813.575287547 0.09075193043960636 117082037128.2663 2759.281845693862 2059 191638 1 4.29488525808636 -1.759168489494375 -8.445629474215199 -0.5573913201468699 -9.048046635879228 -0.3232640852615258 8.576333911263514 0.9595740465022713 -0 0.1277843915132619 1.945447634874061 377 553.079108953476 2325 1 2.731840649643709e-06
 -6.215248771262467 10.25188085402481 -0.08859135145461113 52594.92612927635 340240.6865005272 0.05008802460012197 -1.622258965706086e+16 69.48615426830406 10.67079687025058 0.8247608944264641 42.59379350245629 2598.942391928081 2014 127770 1 3.886948288908657 -1.17258021859623 -2.169485747965235 -1.988875469817931 0 -1.049340008433739 -9.730836155868074 0.4359528623679312 8.702561762416458 -0.5631168369831112 8.515127712153339 380 365.7609550952911 2325 1 -1.066254575920194e-05
 -4.281761058266993 1.900126306105034 -0.1542272163384234 4.757101364321642 0.05313105596641578 0.04347419097467453 -2.316961821800923e+18 1059.425460286574 2460.453944122839 0.5627799766673934 254.7163783152653 2895.311007350901 3702 191659 1 -4.282585624610039 0.5555187273367492 -3.730181050248162 -1.936864035310991 -3.032987297877039 0.3959890158843357 9.747104332099182 -1.029608723859829 5.380800511341983 -1.499639374844614 -8.380227587756661 383 555.813826084137 2325 1 -1.540418887703031e-05
 -3.532428196046553 0.7505914637021085 -0.4585993773097591 1.225176227602071 0.6419688795057417 0.09667961523657145 -1320328637.221624 65.53934121271016 15.35181890547464 0.8716757777365629 39.71617534642171 2776.029154214253 1513 191625 1 4.150520524609086 -1.680206494874799 8.189595019817869 -0.8883119672263886 -5.052042856105321 -0.2087647684717213 1.764913006801376 0.7303483241892702 0 -1.690801055199508 -6.480733933947151 386 554.8792300224304 2325 1 -8.438414358606801e-06
 -3.13044978625721 0.0645149946755014 60232310975.03957 0.06372069008665641 4255729547443.554 0.08446197304305429 -7903219785.662186 670.0384765007904 1178.603786696435 1.455293654714463 11.35509847568772 3006.132935676007 2732 127769 1 -4.13270969580867 -1.13689350616617 6.584488100360115 -0.4184602616319175 -8.3586960300289 -1.708675264334984 8.44819867016575 0.4313739063042954 8.575482559466669 -0.9906047028416776 6.864614873277492 389 372.635409116745 2325 1 -1.415763997246571e-05
 -3.690562971568691 0.3464452027400006 -41.27117823935585 1767.396234496246 148.6721663835232 0.05753645350311825 -181178488876322.8 4554.859797640344 52577.25426932238 51877.96960206522 4208172.956023576 2950.498535554739 473 191641 1 4.597349090097599 -0.2727296733121154 -8.045695429133286 -1.937328283187634 -0.4603125286201064 -1.872745176626013 6.240281869847275 0.28366855304581 -0.8322621144432349 -1.675739549081086 5.971852458829284 392 547.3267447948456 2325 1 -1.385618836415232e-05
 -5.66739065690075 5.03858936816501 -0.0670629021354977 0.9767576913500848 0.3991148502059595 0.2229231324174794 -9533.814416199642 414.9813289398836 360.6331588169524 710.3882070274371 -230.8577115853593 3019.557992009778 713 127776 1 4.316936503848789 -1.458266675680577 6.184910062400463 0.5263674465152892 -7.825561306679152 0.4395905129258382 -1.176513826643542 -1.978880137343213 -7.48973946806786 -0.4586268827039444 -3.767665247897539 395 367.5996041297913 2325 1 -7.581164094572334e-07
 -3.786626272456291 0.3436527686648717 -93.1216682274965 0.7359193950268298 -1.472080207779653 0.6104831303975374 -12.57326908512952 27309.38328968124 1602936.827057695 1.7331477310554 8.695222692580035 2977.645726730643 2138 191627 1 -4.428403217756402 0.2472559985871925 -7.779645402386848 -1.05759333073665 7.939151688422537 0.5678457266032741 -5.636297778025332 0.7071729108390654 7.553197731630883 -1.859940926027533 -6.390313369596104 398 555.801882982254 2325 1 -7.729311098709956e-07
 -3.812602069213598 0.09895494027041443 -27629171.25850286 3.878997164434225 0.08190348866528471 0.04800863860029517 -2.129016079033401e+16 1137.89309707982 3007.989797163794 0.06436298770826279 7026806218878.021 2905.863198364093 2368 127775 1 -4.032901930218445 0.8902060747337273 7.139637823224573 -0.8781807831077781 -1.350113625972389 -1.136654345543121 8.075353950275092 0.1623082355718831 0 -0.2661279175567462 4.394098270025025 401 371.373496055603 2325 1 -1.997320939971471e-05
 -11.80638451713179 16.99093791945774 -0.3865932101664228 0.04578125571287008 272321394322486.2 0.04562008827456154 -2006913539751336 998.1743260124464 2702.820001756537 137.4134071187044 63.59340938893453 2997.469413450307 959 191650 1 4.382321841045864 -0.8590866323541988 -1.782469158599918 0.7895189855405724 2.458376955242449 0.3122933415268089 2.423037934211248 0.39348246126612 -6.167416685608982 0.5732615374854544 3.497795231822787 404 549.5634381771088 2325 1 -3.493527838902163e-05
 -3.250050250365421 0.1784450072875343 -25122.60216480674 216.4145821239916 7.103283234637653 0.1951034017017061 -69343.26628367798 361.1474986917042 247.1050756410984 0.2447281563421787 -26269.57691435998 2852.224079436653 913 127569 1 4.654534154074217 -0.845379998268224 -7.196503182671504 0.5457119278051246 1.077978761016599 -1.170501258130946 5.799043266916182 0.6954511509667469 -0.134361464267915 -1.873418722717531 -9.339339629057164 407 375.680095911026 2325 1 6.997933366970625e-06
 -3.391398696174661 0.06455443599259365 -16165197997710.72 181.0827419943454 4.004315136019033 0.4365430859107037 -113.7725858651778 100.7494112275538 29.33250039341006 1.321472096591334 17.85000144268889 2838.715768916749 1009 127767 1 4.67512353647062 0.1898765436208061 0.09470075076105777 0.6481759985094837 0.7626631744608332 -1.682102952583426 5.930229688042862 0.8128835143090933 -2.42675853484591 -0.02191083913679301 7.935631763238662 410 376.6107079982758 2325 1 1.541394694790158e-05
 -3.425556745798096 0.547886266181172 -0.5671079368741219 0.2115115080930003 3478.836329838743 0.4525730297795655 -59.8130494097707 3585.639103061492 24610.35866836331 0.7911452870597423 40.23095481027721 2890.03070227176 965 191632 1 4.441678557798816 -0.5619743550794816 8.361363162500615 0.9018310497966482 -4.734794956583219 -1.53397703788007 -9.919282024669766 -0.68036558538771 3.139049766080845 -1.727758115941334 -4.156949531659483 413 547.5523328781128 2325 1 -1.403032384845501e-05
 -3.334773077806775 0.4429055325038595 -39.85797854594512 2.915569324807311 0.188425194934772 2.504532452729065 -0.4548150128656088 127.8293066231899 45.9956373048468 398.2312427011351 256.9223881979902 2944.726411002973 1747 191588 1 4.611650326095017 0.8746929491694519 8.189203925689453 -1.428905471275317 -0 -1.208222883306654 -7.781237478097854 -1.74004006284521 -8.478653726721337 0.4849256619879915 -4.342418495235556 416 562.1150131225586 2325 1 2.693362580651032e-05
 -3.116093244088987 0.4776694771086459 -16.57368105581842 0.07866521464843541 199776322684.5527 0.04546685221157126 -8.727633015032988e+19 61.72059928974599 13.21833503310213 1.330643163948057 8.860638176647926 3024.99359044624 2247 191664 1 4.347212568213134 0.4334620085024143 7.207667792670163 -0.7401852070377855 -7.163637777857792 -0.7497901738412631 -7.927656297589355 -1.601886774277812 -5.466889343803062 0.7470049072261089 -8.401081357676331 419 545.7452530860901 2325 1 9.760193124901374e-06
 -4.234095611030726 0.1297926612186579 -2217838.244997411 3077.041122324895 530.1372866869632 0.3088765695485752 -1124.625068312455 139.389163481911 52.1203380974137 286.4701628280562 129.4971592469844 2855.238685377426 4536 191639 1 4.542843591433224 -0.03260598359585925 6.516860986143379 -1.048507427319443 -9.730767002082652 -0.8519869309581249 0 -0.8422034978534434 0 0.5585772153371193 0.6348574129147329 422 556.3925809860229 2325 1 2.33915889828907e-06
 -3.664774330677071 0.8426354423574618 -1.169393803163368 0.09438692444967539 -3888467309.621201 0.2697323638974133 -2659.009683669573 7789.218215853108 131611.4556686234 247.9611453720212 136.3892589865223 2787.201307460603 903 191569 1 -4.572712659223153 -1.226885750932666 -5.822462528210026 -1.962764667339723 -1.155819580164155 -0.639652120264394 5.978115706455058 0.9378246333581171 -5.106275778129117 0.1801098787809536 7.221066443542536 425 548.9017989635468 2325 1 1.297267860322056e-05
 -3.578117981512515 0.1344943809792895 -2136774.507628003 406.4602628353225 20.50939384729168 0.09628817697014308 -10806771493.7708 57.10985649353077 9.352764563650625 79.81053578470875 11.09522226448622 2696.791926871077 984 127767 1 -4.576739732725193 -0.7843209265530859 4.751818265213121 -1.321578473748723 7.763666805990725 0.2271955396702809 9.123437719963922 -0.9903205321589201 8.660882364238368 0.02750952379253662 5.762761794880063 428 369.9579100608826 2325 1 1.560414743771118e-05
 -3.020415614984191 0.04492365062802392 1.732073004272808e+17 0.04053879905312861 3.885884859651477e+20 0.2890542171328193 -1219.937389693909 43862.12340416794 4752552.324688014 0.185816601794478 1074718.640170072 2817.323165504656 1880 127773 1 -4.353714622123258 -1.847414140330437 -6.297421986105676 -0.4166383525981123 6.907910721670414 -0.927426819826751 9.548342857026203 0.359082753297848 2.284220533112804 -0.7865835815714828 -6.09358268247327 431 371.0112221240997 2325 1 8.19744062702144e-08
 -4.108020736099124 1.615779070072866 -0.1085197461133139 3072.57180249726 4583.795598140235 63.33034060592856 -3.470135489084961 5008.254470105777 41781.590174749 0.1060627342670392 -572269818.5825733 2989.55970480376 235 127775 1 -4.453288800460804 -0.9221112000457312 -1.957264645185518 -0.9427571707702906 0.7490729566903411 0.9248559905618099 3.110435011583931 -1.55565448446119 0.6390396457329697 -0.4995715067553919 0 434 375.1221420764923 2325 1 -6.717066782391988e-06
 -2.777147144888037 0.3495817306246088 -37.04326369062444 0.04742651617014996 1.437809379745244e+16 0.09657636549371933 -477307913.2974594 7612.325979580997 124056.7763812868 5414.222089245014 125454.4410645678 2846.807052473034 1590 127647 1 4.352797619356672 0.532548101026812 -6.734398782632368 -1.590640613602878 8.83079804253766 0.321085292247619 3.461678296937349 0.3359709129976802 -6.296561116662419 -0.2258429847836165 0 437 370.3195650577545 2325 1 -1.928569597347818e-05
 -4.086628358309242 0.4496605580075606 -10.28679512338474 9865.321758961585 5434.001465202465 0.05074327075334988 -3.518831242098642e+16 16.90161969242546 2.299446657341658 2.950092727001351 1.675797413458214 2814.160627132648 369 127575 1 -4.234046156701297 -0.02648717926069292 0.01644590126552448 0.4856398898778429 5.908698647691923 -1.545777382902211 -1.716439034661248 -1.619187431170504 7.430254330778864 0.9816966853125382 -1.040953530419851 440 372.4962770938873 2325 1 -2.953811453937968e-06
 -0.1010853903741738 4648.97222772002 3531.979680060034 2.62506678170532 0.2585669873665749 0.3911853696014542 -170.5104648472812 18322.87052998601 846613.777775499 2.265983637066347 5.093891469185745 2923.658870641355 955 127772 1 3.07520646634596 0.156828257530818 -0 -1.627114192406752 8.370511921618391 -0.8044406650749591 -9.788004007292484 0.4496350720802721 7.913017620093987 -0.4807850154054494 -0.3571957508546197 443 371.7511138916016 2325 1 1.044637040801565e-06
 -6.337062464742292 9.004680119056518 -0.108562530379305 2013.586916283291 460.7758534598644 0.1220044237990524 -40233220.34864834 3520.890334195432 33180.77369515144 0.07623527333578119 7345310619096.523 2916.362076420291 2290 191654 1 -4.600598922427014 -0.4430440490841194 -7.69929773188198 -0.4284391783281248 0 -0.07758503180023275 0 0.3259105772301485 -6.412648684742019 -0.8074510355777695 -0.5466423064383577 446 556.1357781887054 2325 1 4.759529468657013e-06
 -2.941523797716942 0.2054002863727841 -12476.83164193076 3640.993339039776 892.399996816556 0.1742309796055156 -859540.1971105352 52.89764043097411 10.31941750035923 3.055248344233958 2.95381279098189 3023.846119680989 3817 191610 1 -4.14270403556797 0.6715024479253442 -8.506695355313072 0.7075196618134565 -5.327797656901483 -1.851423173114444 -0 -1.099110866067537 6.157130438705744 -0.02470004149603437 4.488355144048943 449 562.8147130012512 2325 1 1.764254989304711e-05
 -9.623892934114563 12.55881372880006 -0.2276403797551606 0.9102791686685788 1.676963955232824 0.05472668181920855 -3228294754736104 13721.7009064767 425347.5329976892 31031.44162513378 4146660.780845984 2677.101618919833 1002 191518 1 4.512274948568971 -0.6615025510955856 5.641950899675206 -0.8212271356590044 -7.850852746658074 -1.92661400290005 -1.965961216801271 -1.649762260766043 -0 -1.357328503480652 -5.143684731222145 452 550.0058720111847 2325 1 -6.076719458118646e-06
 -9.929585022475559 9.911583537390019 -0.2103982675559509 0.2107439761907474 -6075.408583933944 0.2292919441603594 -8180.128774485393 45.46183375473667 8.561951466689637 2978.947781520898 26004.47841991214 2911.857682000455 1877 191621 1 4.694045297382484 -1.410124650181235 -7.456491577278063 0.3005103533157127 -4.958479516362619 -1.541512677569747 -5.195495699595997 0.5098008492588728 -8.38484888790126 -1.817390315732854 -3.568522674288602 455 554.6693711280823 2325 1 -5.125871269836823e-06
 -10.9611316449181 10.71586402639143 -0.2457626878986464 589.2748097871602 81.19663725459083 1.350035754107844 -1.469275472890766 56.22212293121169 10.24567428539803 21066.55351738864 712425.0531028871 2921.298533181116 1438 127746 1 4.109792371095724 0.2863040868855453 5.082648841231054 -0.7722846659009432 5.083756033269769 0.6747959468645304 3.929350244609458 0.9739290918524541 -4.325880473278686 -0.4598705688347788 5.875360922445251 458 371.5946860313416 2325 1 -2.624468565774573e-06
 -3.181477381121126 0.3106641309455613 -162.8380811123219 0.06434452676465004 142161719369377.1 0.2234439590871936 -29773.88732612658 195.597103638103 90.23790988200362 2.934487241580868 -0.969996445626539 2971.095153643086 1510 191652 1 3.279042833005842 -1.548478327967377 0.6951550212253963 0.05463837114124815 4.167431635113919 -1.991272826140459 -5.106324203701961 -1.222346348144588 4.591332183294989 0.3321707573090972 6.300585507463054 461 563.4311988353729 2325 1 8.636059341195588e-06
 -9.374049593874256 9.831371021811833 -0.1838820838779405 45200.72662575147 331082.2350740419 0.3921421699175766 -168.7511358740066 724.7299776695331 1179.969637648092 203.6323419972269 54.29930955378481 2755.981084276757 1102 191587 1 3.929499633234532 -0.1817894458040054 0.0513805595683956 -0.6103426921074115 4.026605745024749 -0.4750231278644392 -6.009437156497066 0.2257351680977004 -8.044371697366461 0.3891291461275204 4.543465856235533 464 552.3410921096802 2325 1 -4.537907076002056e-06
 -3.395697890559342 0.4094012142004883 -11.80215855882581 0.1231719370332391 -4673319.462121411 0.05668907529138979 -1289155361572203 234.0318941380654 175.7099300046361 0.0509373982160712 2.914632978182235e+17 2817.126435263022 2046 191660 1 3.774019659846083 -1.965770124022898 -7.836842567131702 -0.5470848097659511 3.657813258827123 0.5993503723535367 -7.261769518321909 0.6519110404436218 0 0.7380032345980974 -0.5308993291271982 467 558.0376839637756 2325 1 -4.245142642052767e-06
 -2.829463575149038 0.2952372259297947 -117.0323008868673 21129.42589099544 97337.06616641932 1.975035084027934 -0.445110571593045 7503.094009339525 112339.8007381937 55.95877420138432 3.459797763376744 2944.955757911147 197 191618 1 -3.789504655772907 -0.5497484559528409 -7.207869948300761 -0.9472836259154471 -2.641109825688214 -1.170435983771911 -0.1472119014171116 -0.6778686838984491 0 -0.1020039530963679 9.412884434538956 470 551.1691601276398 2325 1 1.650991378616552e-05
 -3.051298696458909 0.0929342207757925 -895527550.0224293 2145.239868069959 192.2631387859675 0.06289194485652594 -241521756836775.8 82.84644603396298 19.90630569927576 903.7774303961944 944.0171452737303 2849.42881745288 3727 127776 1 4.260693311556385 0.1506581286020006 -9.376726109724142 -1.33788170676732 -1.481729181431064 -1.220246641583273 2.668824382298796 -1.841030209010893 -1.885314891307595 0.2483867471151937 5.083764193719374 473 377.6531610488892 2325 1 4.657526145413047e-06
 -3.318983088342526 0.1897778143873217 -11222.84162269873 0.1752627709217007 -34751.55760008143 0.2529149996949482 -2656.564686555366 117.660174563133 33.02538636080475 27636.96914456847 374217.8154653262 2753.176449453444 10697 303464 1 3.561972934246589 0.01830977989785014 9.622157723811734 -0.6842638588364442 5.951425517806239 -0.5411843984379754 1.154557838722552 0.1359020280492666 4.775958263542485 -0.682118277649451 -2.105380248389476 476 873.2073020935059 2325 1 -2.184909376845324e-06
 -3.371742140658142 0.8761170704850578 -0.4205191144462555 22921.70317948401 42686.3564014544 0.05802858140059784 -759189898477612.2 131.9683292936575 57.36614838287362 29.03146066719687 2.900304489813101 3019.506014318348 507 191621 1 -4.20140840816225 -1.251761342323949 -1.954011434265388 0.4455231600748859 -7.460817042641207 -0.2516711555384629 3.525023722602292 -1.186042078099112 -1.137920159148035 -0.7386460268946404 9.319759137327903 479 555.6774940490723 2325 1 -1.314448037103385e-06
 -3.494880011725235 1.606091072027086 -0.04034769959020848 0.05229142195548559 343967574197131.4 0.06465972979176901 -1055283121051.627 73.53475398723164 16.97328886509735 0.03682789139398993 9.99830008096275e+20 3186.6248490289 1267 127626 2 -4.556598602909585 -1.819758430498495 5.180142544847108 0.2062104288887991 1.497214762070299 -0.5160199362270976 -2.71873895622438 0.5165347619303353 -1.315984308137898 -0.3531759375890369 4.919173501286566 482 372.0752890110016 2325 1 -2.25128738432891e-05
 -3.455396539482948 0.4497308102293524 -10.47097134406859 5934.886370896002 1306.305121267648 0.09612061263519123 -9722138615.00873 384.522427242404 324.1713724895025 1.709256293517657 10.3873469505933 2941.941724030362 542 191250 1 -4.607033924720919 -1.2680024750083 1.410166387374329 -0.8698820960221463 2.664586104824429 -1.400380372643991 1.217286047173238 -0.3091432396124639 -5.073899919087668 -0.2076122873486277 0 485 550.7311279773712 2325 1 1.179838249033307e-05
 -3.30356235279266 0.5323895964117733 -4.410187303576465 200.1568789094493 3.790553934784887 0.08699687952248042 -6586988426.390949 65.18635928543286 13.14995951311853 109.2969978155702 -10.09012669657315 2857.331080850899 261 111699 1 4.664648580236588 -0.1869327567647616 0.8293758842828227 -0.3340392051844674 -4.557784906269411 -1.475871649630856 9.346698043806514 -0.6252944111938508 -0 -0.7655025899351626 -0 488 326.663722038269 2325 1 -5.720799696708431e-06
 -4.183295414378238 0.3271579589511348 -145.1249101508115 1.276291913003569 0.3330042937986398 0.149409942747789 -1581673.799184977 2278.713284620771 11921.28747032295 1.763887790544795 8.211685133305153 3045.318136279011 2041 127640 1 -4.457368243886931 0.3817180888141389 -1.439370567949718 -0.9409652269633249 -0 0.3495265764389432 -2.571666432834981 0.06796598686758239 0 0.2149617704497389 8.650359579064567 491 373.4323508739471 2325 1 -1.572706669014346e-06
 -10.38160822087031 11.10250492368142 -0.2425488007419866 1.407078414770598 0.4072288433241381 0.07041227569806677 -596045717467.231 21272.01685756214 1180802.495376957 4.697154956187338 2.061149460280451 2815.646068369033 4030 127776 1 4.276092563887209 -1.392890342349223 -5.276049022614544 -1.5088093516813 1.602649384233561 0.5365115650200987 -5.394841461425399 -0.3759601143714244 7.325376550355525 0.1710601708875745 -6.602879047115866 494 371.0706601142883 2325 1 -1.365737755259057e-05
 -11.2400013639595 10.26520934870229 -0.2459324048313076 6142.046206119224 1513.420117659725 0.2995942753805078 -552.7122625842284 21116.80817473948 1084355.376824614 0.07234043146608719 3659440262107.488 2926.210620938397 1251 127722 1 -4.610567340570997 -0.3941256532991045 7.859688928834583 -0.2453570183065956 -3.621704100178981 -0.3628224553377244 1.52414643007382 -1.503604582094769 -0 0.888262424848218 -6.232293965209842 497 369.5194611549377 2325 1 -6.855568698024374e-06
 -5.492658872401355 9.102892525268016 -0.04975587222184461 785.7004580962495 18.07088205948137 0.2690696861836161 -1069.397585969687 19487.75541718812 986558.3011455667 4.333688133574662 1.563137482532355 2980.880883304401 779 127772 1 4.480803393679507 -0.9617286154801983 -2.971871363251998 0.1145359564549819 -6.440558784342782 0.08590002191521857 -0.6653730251043504 -1.891618790691679 5.158024955288912 0.09044008938333548 8.560193909580793 500 370.3738429546356 2325 1 -1.76805841417576e-05
 -4.078714319268546 1.183959611421728 -0.3112166450910741 6545.504743702343 4123.911031950204 0.07203212583467641 -1296138317848.119 25142.56793606905 1335993.088768231 0.2789545664445637 17339.91963534429 2853.52122968334 1565 191643 1 4.227911497636261 -1.704249299425168 6.573943548132627 -1.749970225676776 -5.665165480746572 0.03206260532540024 1.763530643092 -0.5370214386484466 8.001810062049302 0.6748464145798785 0.7483241038875814 503 549.6638419628143 2325 1 -6.219921584102909e-06
 -4.02407038102666 0.5776926534415128 -4.716534855932668 792.2949370545014 22.19705407546063 0.608221259302588 -4.567720295691529 963.5580917287489 1902.370782084686 157.6308921842344 40.71190968814354 2894.081464764611 1652 191623 1 3.868379509321994 -1.221316524846767 8.146912252811841 -0.01915555949685467 8.457376635946881 -1.757907289699697 7.803685604773117 -0.6487327913633045 4.781294617957369 -0.1562816891350689 7.097647595125128 506 554.2239511013031 2325 1 -1.065966446218446e-05
 -9.421843590843123 11.72583951355357 -0.2384159978888383 287.8650831683571 7.833600347560376 0.08272017173968617 -181311690012.4558 2933.505522510989 20009.18575223342 145.7335640712469 61.82755991201418 2937.823891008998 2303 191631 1 -4.664705916675746 -1.116141732109663 5.012059418647494 -1.890687258134823 -3.622101176795089 0.9261672285531555 0 -1.090458616020586 -1.10232469834052 -1.70865896964232 -7.98956638747436 509 554.7624418735504 2325 1 7.474314377179346e-06
 -3.392199991622665 0.06413662372488967 -3197846174715.775 28509.10956454514 118403.5809781513 0.3811703217237224 -278.9680864789094 2226.232721486446 12884.90149691915 3.131678663320342 4.279303646534521 2786.441911631264 1227 127353 1 4.555021414814186 -0.7357885523008818 -9.924755154722273 -0.5109787204134896 -6.472495647974419 -1.140465102611537 1.148802204205526 -0.4690902851861312 0 0.5576549946513651 -0 512 372.7396340370178 2325 1 2.665696731739453e-07
 -2.80921029643052 0.1964988609151462 -7120.662964497118 1.15867378324245 0.5712330293943939 0.1140765226796084 -56408904.1601059 326.4479386670099 285.7177954414979 3188.103315335657 18491.37760175653 3042.95611676343 2047 191649 1 4.321462337835707 -1.794016907303024 7.554930880571298 -0.6891355384335434 -1.186337405533727 0.5284051069818161 7.053186250524215 0.04280742829068847 1.71898124686946 0.9161734894887665 0 515 554.4884300231934 2325 1 6.408092440190553e-06
 -3.393325991666777 0.2066929031354655 -1371.300509532723 0.1363039081381989 1776632.288364246 0.06928656535240647 -919093730000.1382 61877.10169117313 8219147.232359771 3.114084748576996 2.559787525599473 2847.871200968178 1142 191447 1 4.020900889525445 -0.8353504999720611 -3.840725704849696 0.782555876545735 3.189383837914288 0.1486521508385512 1.919892512721236 0.1891014100449726 6.345105708585134 -1.606626335958148 9.638451138817793 518 555.1786179542542 2325 1 -1.214706783217578e-05
 -4.4321171279873 1.938786808516077 -0.1469306325766442 0.1844006677265062 80581.77135874754 0.1314169821230984 -59775823.16745374 42044.4178393453 4527832.520295287 1.18103674340389 37.88547452704762 2893.610658139818 1035 127756 1 3.966806381745962 -1.601834558475999 -9.650096696024013 -0.2072541412126032 0 -0.07290341770484515 -3.235704006344224 -0.7562616492538689 -7.944713700853532 -1.01113746038399 -8.279930310518218 521 369.799311876297 2325 1 1.957062726596111e-05
 -2.51354275290124 0.06057823859516809 -19480746060973.96 1442.297437638829 240.9679587276717 0.05992409147805906 -502304399126450.3 15973.25948928118 672340.9743704966 653.9824356065079 756.7634136886201 2748.076403226803 213 173414 1 3.864325891654668 -0.6752946331324843 4.992748837580613 -1.7299948733149 4.871307444377985 0.5579364068618107 9.654131645321046 -1.754937469708479 -2.693623271335543 0.9914230134932027 6.783116419735381 524 498.976970911026 2325 1 5.162485982420351e-06
 -11.11731886809048 12.5127587968332 -0.302616236080857 0.4850139722978395 20.6961394937201 0.4252229830224321 -104.2392226134727 11.27920425312104 1.48604479401774 0.6312786678785958 133.5844985159661 2970.958705955139 2412 127723 1 3.96137276766407 0.2178946141180872 6.694984511712949 -1.583122572222931 -5.399587602303273 -0.02782673753665859 2.112209038097584 -0.4702213315866723 3.796153001073178 -1.802809522684467 -6.147941330164899 527 373.8733961582184 2325 1 -3.123646125561249e-06
 -7.379257619192802 10.64308155072153 -0.1144940160338982 503.7438460443179 9.026015534869707 0.0857085945914649 -21441932572.43474 1174.741502315501 2866.897095590233 34382.35903820897 2907316.812995319 2966.765680275986 1238 191555 1 -3.96400521063843 -1.345282796521874 5.818319256181303 0.6245737089170409 -4.662558179057097 0.05764802308561198 -1.213045391619193 -0.9997888967829844 3.937231044632775 -1.487008106270464 -2.975947424434723 530 552.7942759990692 2325 1 -5.865258344490864e-06
 -3.464469947648158 0.5255767533303011 -3.64567745193868 0.2227428837435008 -2025.766488369914 0.08707007910093191 -729230578.2497119 859.5601801094922 1992.74985932386 0.140480675024031 4889303.138606505 2917.318666956083 1156 191613 1 -4.526059240475928 0.1530768037975596 -0 0.2382785807768082 -1.832957881195162 -0.1706523196231444 -1.604334232546638 -0.7322331667296975 -4.543901605600499 -1.866459382516666 6.657521513476168 533 558.0059409141541 2325 1 -2.730427294403577e-05
 -3.774575031037219 0.1433306252281463 -186561.3964196794 16368.17818447723 20524.65879167733 0.1940696390875003 -43351.84246008054 14505.04331525201 586111.1840524229 0.9330734937571303 29.96777980675325 3011.19437574709 999 191350 1 -4.371195939591855 0.5554092463226885 -4.326396142351451 -0.1387260839490931 -3.248611700285656 -1.387464384341351 5.041683020503398 0.8449411615371578 -4.757952051420061 0.5573642864258925 -2.978676373646336 536 1401.491631031036 2325 1 -1.021729698613634e-05
 -7.111306050067933 7.934109322808385 -0.1028500184361972 1.652360034132025 0.3206377451850911 0.07206961522621137 -1510131820102.891 690.7824515718006 858.3097818379809 0.6000874855493196 178.9854849066101 2737.536571777706 720 191661 1 -3.568441252966777 0.7719334262748077 8.75194730388939 -1.419089866603811 -0 -0.611620481124465 9.173379509197192 0.5948604625086076 0.758975169073091 -0.7642336566141363 -8.328177069404148 539 1134.241251945496 2325 1 -5.013932615071231e-06
 -3.765751069765055 0.310171324038384 -144.374588336236 402.8075040095204 9.02953208894119 0.1842744243764391 -60615.51226729053 177.5238541321955 81.71933830018833 101.130003874684 36.25421313579055 2889.510219303349 1354 127768 1 4.673499514192948 0.3787620132569636 9.422935511342903 -0.1644727324627748 -8.376681089950507 -0.07902555033190509 -4.628783188642542 0.2886938997202164 6.066443764866998 -0.02559770252206135 0 542 924.9063041210175 2325 1 -5.454457223785515e-06
 -8.133423518491382 7.244711435682667 -0.1437640324660757 688.2595926000248 90.08431505556072 1.136773746068516 -1.981913253177778 281.3193893531693 183.5825106266153 0.076938924821581 -146197106694.4576 3026.816418961439 2246 127729 1 -4.114449131906358 -0.06470267957845796 5.766471316083615 -1.811764213674916 8.939125142570665 -1.304890819087239 -4.751138593186939 -0.9567275562952657 -7.424803313796787 -1.92119988908344 1.716605257484076 545 863.7231929302216 2325 1 -1.987766010329144e-05
 -3.308017022303668 0.2147612979628666 -793.1524823847279 8.339251280922952 0.0781860352737353 0.09382853726887082 -1515011201.562358 1104.530558466733 3374.148145743205 7.487856992411829 0.9157804721483819 2832.262504297903 1898 191664 1 -4.001389620892555 0.5938397191277218 5.334506352736502 -1.251375266100884 7.908922292381082 0.03700960732973881 9.879996856556598 -0.3574279179384421 0 -0.4286384749894481 4.912690734574121 548 1294.40651679039 2325 1 -4.744616240550547e-06
 -10.40855011167638 7.657827874747763 -0.2237633542571898 2.620624783828357 -0.03730960206681682 1.125913298770961 -1.251740992792857 3120.646960408595 24924.97002586879 20.88208990077381 3.431469905212173 2907.814516367746 4743 191661 1 -4.052618416099429 -1.550755779599719 4.278508279548623 0.07633450638408185 -6.243129189052308 -1.621848920854537 7.278527237141653 -1.252328892436948 6.787163221999049 -1.945163352026777 6.41808587619018 551 1286.576169967651 2325 1 5.161276585345512e-06
 -10.33644034723714 9.768217955396148 -0.2156993625450969 0.6945419699479055 1.730613110662309 0.08436908329555673 -25244722143.27877 201.3863375810418 116.8321746897208 78.32124702599516 8.782969135797295 3050.761101997714 3220 127754 1 -4.075859291129824 -0.884868223297568 0.7291132762734804 0.6736247006292508 4.806280016411442 0.710039305402042 4.617975288733785 0.1563527813351086 0.4344913277438662 -0.4860055452825272 -0 554 872.5185790061951 2325 1 -6.400388011296912e-06
 -3.883428238899557 0.4949106237343739 -10.32966715809439 479.0263917135115 18.5513449372007 0.4044177913412288 -195.0688547915298 31680.52224531499 2521164.33457831 0.06361817473961014 308852492803669.3 3069.087536740661 1212 191657 1 4.636482412011897 -0.8955001262478266 -9.01924844598453 0.3905795426089957 3.615806660574009 -0.6416439943299972 0 0.5041812514863109 -8.639186941035796 -0.03468374499789741 -2.983717127536076 557 1087.768876075745 2325 1 -2.266584454050191e-06
 -3.114989417718026 0.3420474226310373 -27.91001624861908 6.384277754231559 0.05101204049650493 0.3005222296629864 -307.5817367920189 14276.30843259874 486296.0773337284 16637.79350373027 525968.6037724057 3089.253644189508 286 125997 1 -3.190439594882879 -1.814289191677057 -2.19030471941397 0.06707082301382615 -3.951770124983319 -1.227934536649301 4.140465730540644 0.2003441668360737 -5.969705994065634 -0.1786774204730346 8.512421427187414 560 664.1649169921875 2325 1 -2.089184651070925e-05
 -4.068153010130795 1.678221063851567 -0.1726931511070087 6.409110669180521 0.06737271601909392 0.1084270881897514 -213435157.5537492 132.5809867025146 40.90279736013939 0.06548546325664145 84137898985701.53 2901.287233884769 848 127680 1 -4.635033148604855 -1.980771766563283 4.803801037631582 0.8122010682346974 9.605383560354714 -0.9870256085363769 9.028421374705658 0.8873152788323639 0 -1.367754039273973 0.3718307412353061 563 660.8597009181976 2325 1 -2.330069402501177e-06


# name: injParameters
# type: matrix
# rows: 1
# columns: 11
 2 10 0.2 1 1 0 0 0 0 0 0


