# Created by Octave 3.8.2, Wed May 27 15:21:32 2015 PDT <charlie@yukawa>
# name: outString
# type: sq_string
# elements: 1
# length: 114
Slope	Lambda	Gravity	Lambda	MagneticField	Lambda	MagneticField^2	Lambda	AttractorTemp	Lambda	AttractorTempGradient
# name: op
# type: matrix
# rows: 188
# columns: 31
 -3.267713169556836 0.03713702747454006 -9.998056782491776e+20 215.1979864948288 4.752791103114014 0.08394903064479012 -60544880049.80571 166.4349307577247 71.85832729542035 0.09494136095272998 30753522187.028 3068.016559779091 2584 191663 2 -4.548890873796998 0.8987466679910372 9.446895299670524 -1.850903940559107 -4.998525669084619 0.3298601909688013 -3.696207534400923 0.4096450938621591 -7.417355489780904 0.6498789961593827 1.876476612433486 2 854.8252592086792 2325 1 9.923554169557319e-08
 -3.156758514107644 0.4068726427114719 -25.23782821194247 3.033632165362822 0.132972348558518 0.06220296226176084 -555269769621550.2 70100.59227489153 11048067.94755271 1271.250636925869 2197.187262653949 3047.102734900555 1796 127756 1 4.477255280254807 -1.481541587525574 -2.730970782463463 0.2847704110431998 -6.084723185364711 -1.768414098658872 7.072089143094791 -1.548948442744391 -1.929724548071446 -1.65623382069024 2.464957332934993 5 481.5456559658051 2325 1 6.166231240067231e-06
 -4.292024574808108 0.5104875596050753 -3.017290222908115 0.5099459977342579 -3.955282181595061 0.07018035703541099 -4413567468341.799 5023.249669522901 54773.96099233685 112.8941719407964 38.60198716879973 2911.813647664942 1102 127761 1 -4.002775350571654 0.3672813327113604 -1.01670664531665 -1.97747032886904 3.747290859668546 -0.1555270294452127 -0 -0.5947304366272448 8.350424233460025 -0.004083812982178082 0.5203829059749476 8 481.5168459415436 2325 1 -2.118930054293324e-06
 -3.962767451432979 0.2114025382792057 -4315.533444722866 0.03943396075569692 -9.98518956257674e+20 0.3395466723741797 -424.2360059978598 28431.16515994017 1788166.32847412 9.267613962469266 1.209594674579307 2849.072162612329 510 127595 2 -4.299901425486275 -0.6725684149537559 1.960376640650642 -0.9061918675244982 -9.247520748445751 -1.454557439957502 -1.203232383933821 -1.2445599592867 -5.14069726008304 -1.266794188791016 -0.5779042676449029 11 477.4821131229401 2325 1 4.562370792988878e-07
 -3.250092436273478 0.03867708958012001 9.981626284823466e+20 7.234824406935052 0.05201340620459639 0.2600338787073844 -4993.791420883359 262.6759118087311 173.1149082732934 0.2064658204355859 457584.4720590294 2877.158980444711 1489 191664 2 -4.612176557490251 -0.6816591699433996 -9.424837466816141 -0.4216730271287191 -3.820939500191944 -1.685699541197805 1.537891354904017 0.1912650960536117 0 -0.05286326867177584 -0.1697809627903277 14 711.5155131816864 2325 1 8.689523359585818e-06
 -0.01321372012762862 30597.77951751392 157360.4440318732 3.202822888646795 0.1948906882973845 0.1515069405848711 -1340822.533831116 445.2686494378086 534.2048167538848 1.050575293742963 23.77364864704245 2969.392336623038 7508 159718 1 -4.488018722832224 -0.5237324403159107 -1.039315987286844 0.2784933356669859 -0.4656363965698382 0.1942201231766721 7.709684461295998 -0.4439196634341318 1.127059425326574 -1.66087568227949 -2.969013479710241 17 537.3510680198669 2325 1 -4.947481322937989e-06
 -3.293694683899144 0.03611846459487527 -9.999334094048549e+20 172.0826957950899 3.236446327929453 0.08195486425080184 -52798719424.54283 59.43513499976869 10.99436922524178 0.829437649383565 34.36744134260481 3109.952655023304 1065 127564 2 -4.508602253287121 -1.645801911988903 5.568366529113244 -0.6021174057906222 -3.659691155973116 -0.8403776422011164 -7.880555969731585 -1.831502117608303 7.720288076691167 -1.666256987218087 0.4880023892409175 20 375.624027967453 2325 1 -5.005217781285285e-06
 -10.28260646451485 13.84043068225651 -0.2976834494062227 0.1384610435157288 -4732947.768784555 0.192709877475072 -111850.6088419189 186.2369203558533 92.96445530306035 31718.17876012838 1275276.29378325 3047.561589429304 2688 127775 1 4.564221408826826 -1.85700093810384 9.572152315920446 -0.3482294464032236 -7.872463121094121 0.505621449449853 0 -1.727132329071727 1.629882810638607 -0.6164239847962776 -3.003919444989099 23 376.5589880943298 2325 1 1.635096956623142e-05
 -3.918029627304152 0.8781452016142528 -0.8331452941389799 79.19801668613881 1.159931685487926 0.1389019445198219 -22114549.51053168 610.5848731911906 892.8719609667528 1.267951219883034 16.78363677824624 3079.372885827283 1119 127762 1 -4.430763989750997 -1.653614586837704 1.595545104255395 -1.611635613388347 -0 0.3655582449815977 9.504202736378227 -1.158448281205136 5.783172490265225 -1.262244790004932 9.019528486250628 26 381.4951539039612 2325 1 1.960683055235379e-05
 -3.718932592925799 0.590760379941595 -3.617443134440736 0.1197882655129648 -60998389.81210355 0.04712052599140236 -4.662567382680502e+19 1073.244670150202 3311.076715758655 0.2116420676021592 403001.8071196398 2950.286056186038 1724 127730 1 -4.640611096758111 -0.6579255227253533 -1.339581028543432 -1.92313871042468 -7.003527713009477 -1.485689517868813 -7.604811457245743 -1.687367628958252 1.524851810793064 0.1710944216356891 -5.100925923887131 29 381.2821838855743 2325 1 1.428270653261228e-05
 -4.751400890743832 10.02356337408037 -0.05189847326241855 1.280347661974433 0.7693247551680515 0.217176633523558 -18478.59066178249 59214.86859415589 8712523.343914244 2.325306888403974 2.214428573348718 2911.685169504302 612 127173 1 2.88710834830635 0.2281414388860976 2.485356335653986 -0.9631378047165393 2.462307127609663 -1.151570462770628 4.661211452044109 -0.78551227595295 7.979759468045536 0.6403300339067566 6.384845942394939 32 383.3424940109253 2325 1 3.874320825438308e-06
 -10.10566278696811 8.672768281870638 -0.2136813922614006 1.276285576779057 0.8267653638569818 1.380609348830062 -1.182828214783313 96.45901385833314 28.01740788168353 36.1270836741263 5.864928496380921 2992.834841455651 1303 127746 1 -4.571623407309676 -1.631628056948688 8.356396077915591 -0.5849857353474004 -3.579158569019175 -0.6953093654122418 8.053600778008709 -1.080032537026035 -1.485143111735343 -0.8819017717667474 6.064742880591109 35 379.3431570529938 2325 1 -1.973966432340372e-06
 -3.897639535618739 0.4948713104846891 -8.561804649218498 1.47490171905021 0.1161100759236404 0.2555642379749207 -2980.720786137483 3897.474073868258 39051.78233988531 0.03984566794697561 9.998130956452085e+20 2983.55400258783 259 126408 2 3.94167253744773 -1.333299194964285 -0.3211954497812615 -0.8098235495022186 -0.5339866076184929 -0.3258289094071128 -4.998201965439136 0.2762594056452397 -2.780898342828351 -0.2070788084955933 -9.262675504624028 38 378.5086760520935 2325 1 -7.276979137877502e-06
 -3.011490138774247 0.755312919704142 -1.139975065649645 0.2624410052360784 1290.819063549836 0.09422621842525035 -75489306459.39314 1135.351446500084 2959.450942736271 0.08447038116232615 5999365500525.456 2944.678859379791 2727 191625 1 4.58753975720735 -1.468145532120114 0.4758651418113393 0.8596608706461297 -0.1379169786408196 0.3982895831611608 -7.349568900359555 -1.884921401974656 7.476884168539017 -0.04310881292597827 -0 41 567.1681499481201 2325 1 2.746559348617648e-05
 -3.686470589259777 0.7564664887917431 -1.353373613695233 1.798977263670063 -0.08779348780005569 0.5156708149990186 -34.06016503611934 985.2574151651496 2090.938131468503 7625.240329257628 120708.7152996397 3103.456526142546 969 190896 1 4.348080938396508 -0.1677408588000136 -6.855017988408207 -0.8499176238557222 0 0.4843592804945813 -2.229700194809939 0.0709954744674208 3.825608737663543 0.4669895330652855 1.768437280362243 44 569.8659629821777 2325 1 5.859286866730229e-06
 -8.844042870206433 9.183095845755654 -0.1701112685797778 1405.095758100043 132.7815429731592 0.1069109775255558 -188648098.889024 94.31265182911518 28.55075798995779 3.012901065389632 4.93156571577051 3037.448980025394 2605 191656 1 -4.363078006841824 -1.383021240758627 5.232868164212509 0.3229491975306109 -0 0.06490315230940127 5.735765752887072 -1.944075678336865 4.96623606971518 0.1522758614638672 0.6355509095757572 47 568.7198829650879 2325 1 -6.326681324832074e-06
 -3.450038944664653 0.3293784561974722 -83.43997800329835 0.09468547907084188 -511392840.9201919 1.052189747155733 -3.179297408953066 809.3994008805583 1421.581416499737 0.04538259754899381 7.10375906727736e+18 3068.049299178608 1141 191650 1 -4.516190748444068 -1.386404500466871 -6.407052652713646 -0.07727542053067543 -4.211612486620454 -1.318715826791514 -4.253706572222832 -1.995382584047666 6.424583103015371 -1.026343913134834 -0 50 569.6126198768616 2325 1 -2.182642810915302e-06
 -2.994437430356023 0.3369663984619066 -105.4249878517716 0.0845167324792058 96501685401.45697 0.2179874045802478 -24284.47250675313 53.07029677622621 11.87923475609631 0.5974274893932695 184.1375211981909 2765.867611007842 1642 191557 1 -4.626242857410216 -1.666698151965297 -6.527864767229561 -0.554133205998057 5.372056931266659 0.4045543262020974 4.234291352510477 0.9235030690719713 6.182195327185724 -1.30107971817608 -7.586235904911405 53 571.5589678287506 2325 1 1.101031387940849e-05
 -3.606119667200633 0.1807094827195911 -9190.915115622371 2.481545378521489 0.1583980879159704 0.1707806796249176 -152490.513616605 75.2912990141423 19.83155502550633 0.4320269792240586 704.313340073693 2882.594066161834 2204 127770 1 -4.564292091144113 -0.09183305001002215 5.107262230651227 -0.1398764006623807 1.238837748301921 -1.525140529407566 9.209873599711432 -1.317561712968465 6.796361296698302 -1.216531270365537 -2.054026741730904 56 383.2385540008545 2325 1 -1.215136132618339e-05
 -3.665673409752471 0.4803612904627587 -10.08557387453317 4224.913521802006 1855.136668822041 0.08422744251066926 -27015325823.60818 2045.135025314893 9199.966352533524 1.261539003965799 16.01810203940648 2898.843687723123 1993 127763 1 -4.592636224663458 0.1520799817358029 -4.773237074224674 0.567738036641015 -0 -1.743306158761461 0.7079879198782555 -1.184095779276582 6.813064903690066 -0.7363299856914525 -4.676478881280429 59 386.8176310062408 2325 1 -7.897943210425997e-06
 -12.56779288152338 11.83893409906284 -0.3378372690226102 9.086928113503109 0.06035995057101998 0.09742850859133562 -4030988435.136848 58803.55382258057 7289049.510934877 0.08154888476906998 -1679174982434.755 2876.821074033906 3967 191659 1 -4.630834555945999 -1.360737942646775 8.37519379839247 -1.29268789829581 -1.519015071610406 0.07580974234945881 -7.364156735786331 -1.311627695891461 -0 -1.416067478194941 -5.064669150327568 62 568.6479330062866 2325 1 1.082647072803583e-05
 -6.734471306450751 7.463516236922482 -0.1002952364401283 0.04551194226190425 2.210368183733358e+19 0.05417170926286519 -5.659993948662054e+16 51299.5792553198 5866770.198970065 2.000369518302457 7.146273658921354 2738.677646381662 5478 127733 1 4.57622198994937 0.1270366279419299 -0 -1.82315120812087 -5.613643510289619 -0.5657440957214863 4.988157423757923 0.8252101054329763 9.881453495139512 -0.3213935844254126 -4.933981887616195 65 384.7565181255341 2325 1 7.85140199077629e-06
 -3.484170235787702 0.5760597691191033 -3.629472310017153 7616.107391424884 14029.51834224797 4.482799649185408 -0.1904859613961633 7619.436096644075 126033.5200408506 1.602029520728365 11.35427631640846 2809.64418897532 1682 113232 1 -4.659649298635069 -1.647371809709503 -9.599762784962795 0.3244911616219035 4.47651808865783 0.9261483803683555 5.630311926393293 -0.8712932417194947 -0.938637070243221 -0.7105665477402425 8.358066321238054 68 378.771537065506 2325 1 2.748358834998146e-05
 -9.00197400999757 10.96496969920296 -0.1958249284493992 0.2418375503794877 -3893.993016817875 0.0540761978055181 -7.785562050699386e+16 10121.89305982624 235282.2079466101 10307.60733190351 127453.2326289127 2865.780108781457 1248 127408 1 -4.596721022260724 -0.1878168199968 -0 -1.856636006400052 1.117246839169155 0.05210309480443961 -2.278740534217641 -0.9726297979100451 4.938125206793002 0.6563281522122271 4.311351185148998 71 385.8616518974304 2325 1 8.024236736624388e-06
 -4.149491960446531 0.1467127686309753 -168988.9367096729 752.2733694473507 34.23177837480699 0.1080615125977525 -215573860.0605194 3243.738415655615 19318.91988665368 1.409948615364518 8.133579657338117 2794.535315517383 768 127722 1 2.472335521833354 -1.134701879573075 -0 -1.656421471833655 1.677464817394936 -1.77565034453756 -9.852771406980208 -1.26565373274607 -0.9546555436928266 -1.526930468673587 -8.277325225833909 74 377.3918800354004 2325 1 -2.107193406840213e-06
 -6.035001793228831 9.846350748192538 -0.0994089104666389 168.9412969050599 2.546116367014346 0.1389577432574119 -16758999.90972331 8724.548383141368 178585.7735312434 0.858782895435521 17.11149679866478 2866.870952089996 2418 127775 1 4.40947517647058 0.06360085231641885 3.304752569923553 0.2891030989726326 6.391070971131908 -1.108042832665973 -8.004681525671577 -1.634221070768676 2.049027781097731 -1.002050517390948 -3.285955355855396 77 383.1096849441528 2325 1 1.725238231559925e-05
 -3.020457665598477 0.09667422775669944 -33560555.58977202 58244.50920852349 445533.1821682337 0.5225191700570189 -29.22276070598452 119.0077293097336 48.53258652054944 2.598221924742099 4.874150446912511 3019.153957105557 1305 191458 1 4.6023154886219 -0.3539804629111858 -2.014477021789209 0.6185306106043037 -7.963923496718396 -1.639466134846185 8.081268988517763 -0.4232990537657102 -3.796625897307044 -0.01857406612745118 4.974119917644984 80 567.4272809028625 2325 1 -8.724823434618976e-06
 -2.702391095875952 0.4048203329419884 -24.1159415317984 61131.66246076186 527004.5632646318 0.3619581042769245 -175.7209268143524 11307.57256914285 325454.539362459 74826.19269480926 5317568.095331733 2908.495213241669 1327 127504 1 -3.987426348263775 -0.8958634805234738 6.787912392891432 -0.5393691314788889 0 0.3393779065534952 0 -1.25445296087752 2.0665610264523 0.2038383004586061 3.264000567652654 83 385.3894059658051 2325 1 3.019052907525854e-06
 -3.238642391966556 0.2008731974966748 -1015.140846516719 4.6210504140067 0.0472095002314999 0.4669316404047446 -59.7029224646198 84.70543342930414 20.45644618637156 1.979034382292034 4.074474008311978 2864.793387131712 1033 191640 1 -4.611972000634315 0.3364190597570689 3.826508421511489 -1.78567691670913 0 -1.123783751760019 0.9735401887419126 -1.723075656705708 1.128901483206315 -1.419319874406049 -0 86 570.1685678958893 2325 1 -1.362950231779471e-05
 -8.42795344153423 8.428757572215801 -0.1654112351690728 81995.50544933288 527784.839879211 0.1285079458059433 -53716103.82253204 4701.393083525479 58542.69565125696 3.934863209314755 1.59481765773944 3009.270341392275 1323 127772 1 -4.670932738000801 -1.882893939322261 -5.896419387490671 0.7065332975225437 -4.283629978347345 -1.599304757333477 0.1747697449031058 -1.787234217535381 1.263712790370964 -1.167189760519137 1.514151059369527 89 384.1953790187836 2325 1 1.18406498249443e-05
 -8.130997743723366 5.857648519518031 -0.1578772488408552 76.25286280553109 0.7140694718382722 0.2188676216531845 -4957.16073649174 114.0017443577622 39.50070516352127 3612.834722725918 20505.16365450697 2928.882809987157 2998 127769 1 4.586797415664485 -1.693919138283067 5.68057880811403 -1.743246301528883 0.2352865515770559 -0.310841324013281 -2.523046222988761 0.03151466135291735 5.237470748545954 -1.771638823056132 2.701800325327945 92 382.8560321331024 2325 1 1.837147150792467e-06
 -3.67789810096799 0.5264931133256456 -1.655209074027635 2.781714137904335 0.1559968618757021 0.9804392080795459 -2.299081557896507 219.728707102312 116.9308960950828 1.321535205044275 14.01216458042873 2875.594921147934 1038 127565 1 -4.503278881144979 0.5565282063147685 9.886379822247946 -1.305057641184248 -7.540361870503816 -0.9103928479280787 1.905689674854446 -1.954277518966169 0.4348412458259867 0.1949157155476717 5.666357168547382 95 376.0170848369598 2325 1 -2.681730346304256e-05
 -4.759112644900304 2.475608887185297 -0.07890196123115137 2948.967644616363 1974.014456667262 4.273194387133174 -0.2117110971368064 239.2092212866006 142.9672990278508 429.8219121074835 204.8632450173518 3058.520065276708 308 191626 1 -3.938395262221818 -0.3727318328881531 -5.245310737682729 -1.209300471962711 -1.705891315542868 -0.5605549269938352 0.7250602176482266 -1.365926245150265 -1.590522042854493 0.8984124250879981 -0.6719132291732803 98 566.6557230949402 2325 1 -9.103582416497126e-06
 -3.833263584761453 0.384454350202099 -24.21524357983211 0.1263896795593434 -604575.9797093292 0.1551961337281202 -176194.1417366989 946.5989225014894 1759.945593856288 1.898727061633754 5.886365640266116 3065.188614524684 1677 127684 1 3.374840557921771 0.8494350912851911 -7.688482699763837 -1.146058062405992 -6.57280664883787 -1.649573859960035 0.6860718494965594 0.1649586228799559 5.775395933696839 -1.398583604467014 4.751501023043865 101 376.9756531715393 2325 1 -2.063611442371864e-05
 -3.04498247485432 0.04890635882434149 -2.813704110205716e+16 0.04721449492436036 4.195150022126696e+18 0.05515564304934743 -4.456602631591896e+16 4561.534120540735 50229.72200443986 3237.940020539605 35050.71516341013 2954.407153782596 1977 191660 1 4.508936498693305 0.2570489686316874 -4.542454607579982 -0.8979670878491248 -8.366888026915609 -1.434665837431565 -5.275640967440093 0.1269664094774922 -5.542478958361539 0.9697106437959877 0.8333789088619215 104 564.210963010788 2325 1 9.291358054661356e-06
 -5.25697773701468 15.62610316484383 -0.1211306317671615 6.722076497268204 0.1039826866323736 0.2327601068216048 -3321.462102015945 6367.921927373924 92929.57850946351 0.09501494898949397 1722910066.128613 2845.063359160874 1174 127633 1 -4.664612880901363 -0.3082841870952011 -7.777257349681291 -0.1666786575308272 -2.065816374294418 0.4923976532760657 8.954478002917563 -0.5724296416763774 -0 -1.441190993765757 -8.018930673338208 107 381.1388559341431 2325 1 -2.49160067404829e-05
 -3.781830347376161 0.08195111449108497 -595880426.8313636 219.7875497861754 4.418428324837332 0.07651934696035469 -192539241662.4615 426.4484954269236 451.1080461818941 7801.07681419574 77746.13473498501 2830.624745735711 1204 127745 1 -3.638273969592918 0.6194042851575849 0.6016248303828498 -0.691980343684393 4.290722933375809 0.2139699517724578 3.364128609125133 -1.938658372663217 -2.910996226723551 -0.9876537382511117 -5.490114572816521 110 381.1351318359375 2325 1 -7.574618671225759e-06
 -3.725966657892642 0.3030506090615894 -327.0934845992295 3.101494616006579 0.1761271309441346 0.1764356750501841 -1009899.279703509 6.185791852738245 1.394088935624662 306.5748847150593 198.4190947089735 2763.330725404884 1483 191612 1 -4.344066153704728 0.4620418733471654 8.00330950299387 0.6599345345365588 6.863571551263081 0.1346655165722539 -3.266308164137461 0.781587777716152 0.01718450229268109 -0.3202472700291557 -6.953355042957079 113 563.0284898281097 2325 1 2.683110188911804e-05
 -2.682101430347644 0.08111748252190357 -24382290409.82528 5.126484861466353 0.04387289890656294 0.4635183794732529 -95.65266407153611 3017.960252805764 21857.50672638969 0.1634409130332024 3977656.036861192 3178.520269035575 1216 191648 1 4.287554475553814 -0.3001860057344476 -4.4711399875609 -0.7813686183007054 -6.818145725193022 0.9907892849415787 -3.06915976944111 0.2922522462242023 8.132850324547102 -1.344797955866186 3.910816773604533 116 563.9446341991425 2325 1 1.086236837904176e-05
 -3.645955679372429 0.03988062308744369 1.076418198394355e+19 0.8837321520964421 -0.302961684584477 0.0987098076181448 -1332328225.642392 755.5876607221975 1305.878510465978 0.05692436602851319 -4117870877317170 2747.048798892829 3254 127770 1 4.537445886348729 -1.763041119973201 0.222209937494771 0.05526607762778735 -0 -0.556710691637015 5.747984876376802 -1.643650562208838 7.96943825067723 -1.087862363722133 2.364570472155031 119 375.7246999740601 2325 1 -5.32374751537676e-06
 -2.987657740874765 0.2293447180777868 -1626.944593437097 404.9906496431076 5.682149655612057 0.2922606472155623 -1311.004379670901 8.908187339387737 1.512370682204855 8515.77500548854 -47946.12586521306 2879.118110202792 1954 127755 1 -4.344198715920672 0.4546501261632051 3.275041962694152 -1.465381292874785 -5.114346977382045 -1.578424108928065 -4.955757318175931 -0.6001500069402494 9.617223965223999 -0.9438797060622114 -0 122 384.2035281658173 2325 1 3.077644962399504e-06
 -3.224542669295446 0.5731978859749267 -6.902975042295276 4399.806129255097 1541.165948789881 0.2439471292168198 -18330.41940208766 78608.41387172343 16505547.84677696 1.470724435105297 12.88776190271011 2992.550453502753 919 191661 1 4.41646349223652 -1.967512876009175 9.709416368743437 -1.170010986937367 8.109665483351503 0.8090289544733036 -5.623139936227454 0.4575966857699316 0 -0.05948193045310649 -1.379483801118351 125 564.5727169513702 2325 1 1.942647391591694e-05
 -3.038530222308001 0.2160780927868885 -652.2276294789342 0.07561951495869805 55862833363.65993 0.1620446004508193 -112832.4281615603 122.8882819800892 37.1790187046586 0.04716421746136912 4.774382279330341e+17 2793.600945936901 2945 127776 1 4.355620398467997 0.9616997452709608 0 -1.145524389197457 -2.294349234064636 -0.2290780860778874 -1.571363350335115 -1.418648222550767 -8.791996010365771 -0.2487864421099851 -9.658038972669797 128 378.819995880127 2325 1 -1.291667411165385e-05
 -4.406068881209532 1.197434896021611 -0.4511200307202325 855.1412540214035 78.73869712223322 0.05083970287167692 -9417489950030098 249.4183435806964 162.7436838196805 0.8863613952358735 29.10849109229627 2908.823310874645 965 127738 1 4.609239859116303 -0.4682349852146324 5.008297240665259 -1.820580346006943 -1.357456319635223 0.845860768720927 2.529604475656204 -1.120465707825943 0.810766450343662 -1.12798044368449 -4.434849857341485 131 377.4726741313934 2325 1 -1.413055112045098e-05
 -3.59305105825257 0.7816636944730607 -1.645930277800371 65.1276348277519 0.1314019866201679 0.1428058030289421 -7570241.932387685 313.2239945098415 229.7173948233113 0.06064679676176561 5.25697086935579e+16 2838.151711544322 875 127776 1 4.636997506125506 0.6673058711947446 -1.657657084356086 -1.333705943349536 5.720192923239376 -0.1679594614542843 -1.474556875256142 -0.6933314792475205 3.025850880343812 0.9100072827736473 9.475816254757421 134 380.5224840641022 2325 1 1.880308591825809e-05
 -3.538296370912566 0.8087280254499403 -1.293046906576049 411.9702402985058 -6.204616386873154 0.279829738909259 -4587.50058856012 209.6046736126822 121.3664930579452 10038.70390733173 211884.0579167026 3232.259346486835 447 191637 1 4.177710887724495 -1.863386484251334 9.205137835402731 -1.566528686738495 5.179849254378383 -1.946846484864256 -3.031560711912597 -1.109652215235156 2.456876680594359 -0.4100706337828939 -3.35585182425461 137 570.938117980957 2325 1 1.904047930389357e-05
 -3.342855615709201 0.2534399833675091 -400.1992288224626 1205.416143984214 84.42806194496681 0.1762599961471158 -165782.4414624266 21038.86032673522 1122964.258241232 1.906541941130641 8.393867008519079 3053.198903586505 386 190568 1 -3.96096883361395 0.5276385557521985 0 -1.20132452740164 4.073777322045804 -1.685120227231227 0 -0.4075337279048652 3.635420029445779 0.8307864148653512 -9.948130707737558 140 569.2111699581146 2325 1 -1.746300004535619e-06
 -3.921426731223414 0.4168734361701409 -28.8995713298063 0.4156220434793673 34.14487793733568 0.6743928302303078 -9.691951911896938 619.4419477473297 910.8934824585562 3439.917576408198 31118.35191493569 2947.608126678981 1288 191507 1 -4.204444265807449 -0.7015697476428873 0 0.07983473212961731 9.840077681462381 -1.153278296676962 -8.893914906065802 -1.10907774485945 0 0.9875489539569799 -8.923045408228061 143 578.2015328407288 2325 1 5.071977074063925e-06
 -3.414521923256253 0.03524263348133237 5.523842291595291e+20 1012.313704246869 114.8642462556044 0.06190070224187912 -44517638510178.94 264.6327427106128 198.1955034937777 234.0704053031206 158.0633205305317 2957.465793056377 3691 127772 1 4.53854813391903 -0.2261202568276293 5.296712978275554 -1.023480520335337 -2.9174720852228 -0.4875101361148584 -0.494661161673176 -1.80473122715065 -7.117254094033662 0.7127352379094338 -8.993527369649195 146 380.8440380096436 2325 1 -9.779503954494816e-06
 -3.529033282966579 0.7143240652374806 -0.4403901927606811 1.575888010807852 0.2148962943057694 0.560150039952624 -26.40813588409408 2195.935157314933 9394.760855936183 0.2361167325351776 47901.24376364872 3016.56453243919 316 125772 1 3.582170567642609 -1.558023860186704 0.924288574689422 -1.611727399823256 -8.81839844214956 0.8938236072145491 2.197009007053351 -0.4324265019929001 4.307958094635866 -1.886849010601116 -0.7294260585775518 149 379.252986907959 2325 1 3.09224074520197e-07
 -9.576188496721681 11.02045076599805 -0.2322517688969845 0.2624409479293461 2697.651008788449 1.450052690892986 -1.442161445442784 4.136021272374903 1.874072492733487 420.6447001702229 185.5668253512133 3010.405474831714 1546 191634 1 4.62229537743859 0.05405765854949166 0.1266361881771565 -0.08642704988123204 7.128824493699131 -1.842136917698038 2.371561342112514 0.4037987755349874 -9.575788663157553 -0.9315572037176016 -5.448281054350952 152 570.4675159454346 2325 1 2.228096525337566e-05
 -4.337464910621801 2.640860600893154 -0.06402946374680253 0.1935012603532254 18382.08850677964 0.05065421151656251 -5921369851930352 88821.04966076139 17471687.81485431 1.203199851526531 28.94102472667915 2893.953786433866 1706 191643 1 3.974257919350553 -0.3198198384567857 9.474048809714425 -0.9052142979589943 -2.38561471634555 -0.9313789352101729 6.911751921219018 0.9084784857628323 -9.922201469815358 0.8846175535050853 0.4276976485738002 155 571.2188489437103 2325 1 -1.511881747476016e-05
 -6.6971652187318 7.577141635028548 -0.1059321384738526 2.918984907178458 0.08197253140597058 0.1125279801247119 -82916067.90682517 7312.903945730069 122820.3246350947 0.4548369891577656 702.2562172628053 2863.794262256357 1001 127512 1 4.334131615918219 0.3808903224762474 5.463624839007043 0.0201018842905745 -0 -1.048164242389522 8.266227774888904 -1.958983948939382 1.091533694930076 0.217367673372248 -1.930870564083063 158 377.8224430084229 2325 1 -5.651544664949018e-06
 -7.666127761562829 10.55371507937392 -0.160318640465029 521.0547837737051 40.91278103297491 0.1215663872948583 -58045322.3378674 9628.74255468163 229676.4848055515 2.316978464159517 3.625661289922569 2970.759173588942 2547 191647 1 4.693692926477369 0.1998766746383809 -1.17999687287649 -1.315194430582912 3.090683294080955 -0.9810309416192666 6.171797158536261 -0.6415315262766317 -7.548398239322445 0.6225785670488841 7.035183738939628 161 561.1387329101562 2325 1 1.226734179088837e-05
 -7.858497895042307 10.74127581486565 -0.1657072406046965 2442.637535773457 263.4522572536201 0.2676174830176222 -6801.826366153463 3481.308230381578 28362.86774325762 0.08608471285631684 3502286697733.64 2870.638924399453 2596 127772 1 3.918525413887188 -1.715337313010681 9.036448457283759 -1.78108679445323 -3.236598526401144 -1.035669868134733 -5.922018319531066 0.3570181395855556 7.190211688050789 -0.7791028669083264 0.9568062320093906 164 381.2631719112396 2325 1 2.763872327846286e-05
 -14.89121423084212 14.86378971083395 -0.4820341428721059 1.701575679181182 0.145444072962837 0.1072443902245917 -264940705.5516967 2445.768095937224 12679.80191529288 0.05054958120991677 3.629146639481041e+17 3104.730271667392 1833 127744 1 4.643709132169137 0.3705250997085274 -7.902860138032871 -0.551559132734349 3.297684747597557 0.007538892593662805 -9.822784115063577 -1.796131717243016 8.211576742978389 0.3668870782190803 -6.337653699696392 167 380.4408829212189 2325 1 -7.220763728747844e-07
 -3.92354243419552 0.2475109756931683 -1677.567787181124 0.8626924430246119 1.4983163411213 0.6555884652656138 -14.07781391334374 293.4770456264202 169.4216213664908 0.04402634487105363 7.269799947718199e+20 2985.177992731575 1881 127745 1 -4.684707621923691 -1.520378574037419 4.897871062666795 0.4133985407214302 -5.867710341109693 -0.24715103839746 -3.941319510491453 -1.857845754127229 -7.05629978936941 -1.114109380263624 -9.058256242742498 170 378.5418300628662 2325 1 1.185725704542143e-05
 -2.85142481806194 0.05709267724350378 -33115906027263.45 1.642253282100835 0.3338793573868569 0.06867623427157542 -2108917654289.501 13.62548671561311 1.383298631404308 192.182228230966 -37.88225785260618 3029.637827110187 4834 191664 1 4.565892163117143 0.256622168430328 6.74751441309764 -0.05282567980088975 -4.580432681877816 0.2033045394324437 -8.250991156370766 -1.875391828435151 9.316567307858058 -1.478831170624975 1.595471242443358 173 564.3151700496674 2325 1 -5.688504422182508e-06
 -3.017130170909439 0.2914961098793706 -193.0230574319971 2694.995078690649 1580.373889066775 0.06396728331605932 -3717265115429682 46.10895095293915 7.440698179365193 70.19922072646132 13.97561467406608 2966.226262728849 342 190972 1 4.151876451102838 0.1299587292870915 -8.331698426128229 0.3608552848677977 2.967093863437815 0.6246826872015214 9.240799025664618 -1.109135979431779 1.123310046511834 0.3990339617006304 -3.356943893648487 176 567.5783929824829 2325 1 2.394169706422413e-05
 -7.957573991397117 8.646330631681371 -0.1605636165956077 5955.578106736505 6514.868033300054 0.10365524055663 -150474271.4043363 17.45137748030779 2.427177012527228 47883.79393849956 7456510.148814833 3005.588726679919 1353 191656 1 -4.476086337124535 -0.4890720751123769 9.158050651009258 -1.228620109350241 8.960510879354532 0.9693011419793435 6.931756547227463 -0.8847085176381899 -2.274789742343142 0.5960997879337375 0 179 568.4411249160767 2325 1 -1.646096097676744e-05
 -5.610367211077888 13.98854703286858 -0.1033632373863653 27668.34816344529 -26586.70283488559 0.1386302213852217 -4710178.782063907 140.2533794713979 54.03856199639791 0.07384197190192367 5193150284875.601 2671.373913238069 2128 127771 1 -4.495209383182184 -1.864820528051704 -4.042379208510914 0.3255288342677329 -7.736698484886224 -0.4245720172886945 9.333375681615019 0.1828085407208867 -5.250514658945397 -0.01796803710336551 7.691671878490107 182 374.0326240062714 2325 1 -1.712551745579456e-06
 -9.876699271183462 11.17893333035758 -0.2245038824212441 496.7649406493407 39.56139488334948 0.1983941727519654 -18923.05229591948 41635.37335647501 4500678.550796383 1.967441240797771 2.783970465115712 2677.030405224083 1719 127744 1 4.455991936392481 -0.5185440672032886 -3.253261986537012 -1.333906353676106 7.338184801387435 0.7405840447629588 -3.394242460520369 0.09563404797494394 2.626928941077699 0.7522315609286916 -0.8391783476087058 185 384.3837130069733 2325 1 -1.503353492751739e-05
 -9.72587495420356 11.27108959847133 -0.2411825283069955 475.3210581065479 19.10325501928972 0.1621045247306005 -238000.9978222243 80.80587576921914 19.95541756629687 1231.037765910404 1300.559426532168 2911.404410622954 2702 191662 1 4.684899662584826 -1.208764352500417 3.095969187414303 0.8589370519785371 -1.693130402801689 -1.358302181586343 -1.334654258211715 -1.733897624038976 6.916399009899761 -1.697090047365106 4.053013614865819 188 573.57839012146 2325 1 -1.175317994376271e-05
 -4.407201491411769 1.019580272505438 -0.6615323816772865 0.09936632901127587 1266974218.039914 0.2256230518032111 -14523.80009255077 13.53107631038684 1.276575341659525 0.921151458115365 30.70020200946272 3013.15208962814 1396 127758 1 -4.35698620557599 -1.071825960281339 -3.551646777119597 -1.709468857512176 7.273882351953825 -1.034209885510734 6.636036131950868 -1.710546469806215 5.15572579125427 -1.144149106157254 0.7615806295616991 191 381.3033320903778 2325 1 9.219880481817551e-06
 -4.08954229802165 0.5417456254290561 -4.625677755852605 360.0221127988833 15.97986499755425 0.1982954913396102 -32955.40615540987 183.6721466432896 77.409767710943 0.04016348290873197 9.983362930762155e+20 2995.126622100934 736 191526 2 4.659423569440725 -0.6328899748374397 5.559892487960764 0.5274167831418355 -7.543884432403962 -1.96297100464778 -7.01850515440325 -0.7049168210664174 -1.196562583115306 -0.6903264817353696 1.729551730545936 194 559.3075590133667 2325 1 -6.486556885664412e-06
 -8.466883427819404 8.682416761826074 -0.1597570608947615 0.06057399767442489 5233076486202258 0.2747435279321349 -4521.225628892334 190.4112343887798 103.5042951520098 1.842697807174213 4.655746996422298 2958.062174048352 2838 191662 1 -3.759330127308482 -1.2040585049921 -0 0.07615085278150734 -1.846411109075486 0.1632754286083023 -5.155888254392567 0.1614076505512978 0.1721751626570618 -0.6573429154053851 7.874401432123324 197 567.2097089290619 2325 1 2.230929729356522e-05
 -3.120211020470434 0.2011258931698912 -11969.38816097493 1.285350368605594 -0.2641057367758101 0.3660072576908554 -203.4864998133088 416.3976355885857 517.7002297026477 262.0451592574044 283.9662550687219 2848.350042926784 2676 127680 1 -4.606948312675724 -1.399682396422692 -4.0292251687563 -1.187000581645019 3.046748714735238 -1.148566472597279 4.460511997497954 0.1182003661271977 5.019705099308885 0.555100951304337 1.686508371302722 200 383.3099370002747 2325 1 1.176890970579145e-05
 -14.91354242776331 10.02194631615823 -0.3450070126843929 6021.794712441178 3774.924007048452 0.1957517486493193 -72330.73731086195 5377.379849958787 52277.12292488159 0.2473053320986163 -25733.27524175156 2965.030604788447 3073 303467 1 -4.605292999793898 0.6066847622003495 7.795892776546182 0.01991677754016578 4.307559103546955 -1.308658444007954 -2.180539732863183 -1.968981682419162 -7.545855159171406 -0.4925022992407175 -6.303889003222552 203 893.8884060382843 2325 1 -1.481322948310145e-06
 -2.616114833635215 0.05226390885664414 -1.062374536979585e+16 3483.885056380606 410.3380297421569 0.1897060551948654 -122670.2510676592 98783.26615496732 21784367.27458045 29.91935013055125 -3.246349153216479 3072.301333182706 761 191661 1 4.509839591819278 0.6007880014395615 -0 -1.270987644571751 9.444651690812714 -1.965352103540353 -1.226132973366655 -1.002591254194927 -2.783839207906866 -0.3352905060969524 0 206 565.0801382064819 2325 1 1.029237268835812e-05
 -3.3048665124305 0.7858618781207631 -0.3221873193347916 0.05058115148536112 -1.632729215270002e+16 0.05746771563004986 -753651219423447.9 10277.96212049437 206070.1919156828 0.5710558238207299 51.28562161402007 3001.657533994653 2037 191664 1 3.619213948185674 -1.667676312261862 6.295117376928736 0.2820148621851901 -5.153122294302431 0.9002706147133877 -8.780814836951189 -0.2396148945370307 -0 0.1686176944647908 0.7408936104290813 209 568.9549300670624 2325 1 -5.982082283891252e-06
 -4.021868441094376 0.563063760960076 -3.96394332464052 0.1536510151756661 -85621.26337288324 0.2284162021887311 -10637.80843068473 492.7724369044188 521.8264273316671 0.1224224680289296 130784507.2315591 3087.386963461321 291 175631 1 4.021653079243372 -0.6629905386884367 3.838136030008251 -0.1646035802740027 -4.204352237509953 0.9478221976275241 -0 -0.4649314179507922 6.425846430001547 0.09833946907020111 7.095983962334953 212 521.7938418388367 2325 1 -1.042321616447878e-05
 -6.394820938160942 10.05613253657529 -0.1141332328305624 11.84085973252932 0.1001518247465442 0.05215056060970925 -815114406606996.2 124.0791891278367 40.60644151403591 1.357330781232459 6.567036414116227 2861.300393059307 323 191576 1 -3.175093639210882 0.8298893802804352 3.71720562328774 -0.1247082919175835 4.519645212133407 0.1097010819185766 0 -1.352940730981402 -0.9403329816007164 -1.914414162583456 -4.869123016125382 215 570.3842010498047 2325 1 -2.344899520382396e-05
 -3.0933352466052 0.3272327276996949 -115.363317521899 20887.08968565938 31370.46970437972 0.06384166592627891 -294654435713850.1 1250.850866485343 2951.276750623188 0.5806235482350338 299.7889399875423 2938.943951809504 393 127610 1 3.775714827234808 -1.767871886858652 -2.972613190764612 -0.0618778315635567 4.443309201170117 0.7440349719526411 7.997084624238353 -0.9220013124800409 -7.491251677773086 -0.434826207809575 -1.494700103133674 218 381.3960239887238 2325 1 1.041050827593778e-05
 -2.896824574166797 0.04066310313859692 9.995446718636268e+20 34991.20955220298 52781.79319131009 0.05796283638924297 -2.979597423894742e+16 8.819107663873419 1.522919590122124 45321.85762570597 5521884.07283012 2885.90191712697 705 127703 2 -4.694883119303492 -0.1638655674943132 6.404172622430884 -0.494102695361315 -1.206646105337194 -1.391314920953115 7.212962986646765 -0.8121947334874139 0 -1.315692003190526 0 221 378.1890840530396 2325 1 1.934756774954806e-05
 -14.54124212588044 15.02910225890905 -0.4828391150095011 7.198295149816515 0.08852243995657322 0.6340243128461115 -12.74927113658027 226.0364065305188 136.8264066280219 7364.608201137701 110524.4960449619 3004.506567099037 531 127357 1 3.971312217581575 0.5079261458471755 -3.595146238343909 0.3486843968001936 0.4007644131470798 0.1250080810014439 -9.472971643056866 -1.576517871702915 -5.353534105125154 0.6563074790128449 0.09749439535378812 224 381.0070090293884 2325 1 5.855625779569196e-06
 -7.33756445499493 11.3328041772957 -0.1492713141771909 0.528829906259314 5.658261896712658 0.05855626247736572 -1043102566563428 99725.70107892511 20423648.59942823 17.07482338840439 0.3829969450689351 2988.580074851153 2512 191653 2 -4.413193531015863 0.484380369470208 3.051619463305341 -0.962425519301898 6.312731318257019 0.3183879722638326 9.911880423643225 -1.481138569601527 -3.937607213356764 -0.4577903929499003 -3.150263007422947 227 572.8579590320587 2325 1 1.73276771053686e-06
 -3.09615464660364 0.03603566845483007 9.998255380018155e+20 2.011156643383468 0.1737874544037214 0.1937704160804064 -62492.29844428194 7207.807616771187 146111.3134133501 0.9844122707773453 41.96713434175436 2860.387140225405 258 124764 2 3.627245778449061 -1.133450294613564 6.377570118988937 0.7348598285004133 -1.037195631604916 -1.889861843483224 0.2455295178589272 -0.2342218652840709 -9.460988035859627 -1.410951541645074 4.66610584052921 230 385.295257806778 2325 1 -2.047572407143009e-06
 -3.321862515203698 0.1312223711241713 -15359449.11693707 0.1017611345177609 6718352607.81058 0.122697033077395 -711148774.7286432 927.922151477517 1649.886363144952 6368.170536746661 52853.98425428481 2918.211286650104 1791 191660 1 -4.669415479890684 -1.961492095482308 -3.370401114475158 -1.850272708208395 -0.5806492480640078 -1.942075351299328 0 -1.761785578411814 8.122663391618184 -1.104281390044064 -2.371999252313732 233 568.2005128860474 2325 1 3.610877191884626e-05
 -0.8727524376460433 7.901238778671965 0.06910822900622166 0.2754783706522705 -671.9508235328512 0.1178031346951552 -238527403.0948174 89.65459434528489 19.71833365883661 0.1620215819007187 12574345.92620081 2925.844464357602 2596 127613 1 4.15418800286503 0.2776480151500879 -1.399600569658091 0.1617008515979332 4.500860858448663 0.1102050847354157 8.60224426435277 -0.05245214669555057 3.604555975752 -1.681446737745507 3.414364815552509 236 377.942360162735 2325 1 1.072752779726232e-05
 -3.077398525620584 0.2891999151438597 -61.26619520853907 67220.81699356325 74337.34927362623 0.393813325691126 -94.27383914283001 1059.0109541091 2613.327477591545 0.05891282589479422 76055129956826.47 3078.490985179892 402 191248 2 4.431908672078406 -1.318227541441484 9.952844034361563 0.1810282523553561 -9.72724990738627 -1.581888440449537 7.695221726663169 -0.9528597882901426 -0 0.7365961512300849 2.662119743110104 239 563.4358339309692 2325 1 -2.439579979685509e-05
 -3.862083511320018 0.0330725220438755 -9.995503681640889e+20 0.1681832852203718 -15270.54087103523 0.0797844498905604 -16015924655.1341 126.3996982578683 36.65887197674959 33597.70266714172 2913785.150045516 3031.74153482507 745 191567 2 -4.45900818428693 -1.496126135823221 9.153357495715921 -0.7588634456162344 1.60180848948717 0.4465053078814325 1.832492326772571 -0.2657949635467069 0 0.2829795415935208 5.55167117317725 242 567.6947999000549 2325 1 -1.566447912553561e-05
 -3.669904376814739 0.1089946337065656 -53205661.01731011 0.1176709787790682 82892918.75798061 0.09930707109182242 -2375300643.890441 2055.030884748777 8777.856979925125 0.5233733140343277 -137.8498407413446 3133.408050957765 4340 191632 1 -4.034290186542317 0.4828482221572217 3.544925513384496 -0.2257551006720329 -9.490280633221674 -0.670099508718919 -9.285752682804386 -0.7286968134868657 0 0.1379536720493756 -8.01147418379292 245 571.2835431098938 2325 1 8.30569718671134e-06
 -6.507292749037689 10.63153243658796 -0.1211552209763536 19.97195781011446 0.0865865046158953 0.06690082113317666 -6231310759489.76 412.8155348445165 505.108421218952 0.1279779303063685 69526590.33960195 2914.692838947784 653 111783 1 -4.049053167501245 -1.284698762386827 0.7583747503793896 0.5728972733396804 4.660691868430258 0.5929030727186904 -2.447446310280336 -1.570732533729533 1.713885142891715 -1.329191223306156 -6.691571976890597 248 332.6659049987793 2325 1 -8.425718144147288e-06
 -3.549730577653233 0.08529791159174933 -33778362108.55891 125.3080616694585 1.412424359536121 0.7664639910867428 -2.193625383007715 646.27116585523 1055.661071981517 1.702188549135067 12.88754162248904 2860.814136303193 4428 127773 1 -3.798320894059476 -1.845751420069958 8.752584622288834 -1.658179617267301 -0 -1.658284892476685 7.399401394428045 -0.9311520405295193 -5.115689574814392 0.5718723204007921 4.647226291515899 251 379.2084000110626 2325 1 2.058925922024446e-05
 -3.066058611277721 0.4796720501943111 -3.905098205854743 5.291489026168515 0.04274194198392791 0.2080105118248654 -25342.72291578541 57.6768896177547 11.58793791691009 29575.98462363059 1845682.573537444 2871.028128633082 779 127762 1 4.313863076440398 -1.203463467146773 -0.5318048567666667 -0.4197850737276614 -7.448495620884726 -0.7544272595401553 -6.054016366453025 -0.1591880991240018 1.750412378786134 -0.3940459043927866 2.277927341449457 254 383.3681919574738 2325 1 -1.037944663356443e-05
 -4.888836267645758 12.80214105450917 -0.07684640518640139 6.19120033588687 0.06465867808344331 0.05956308526009814 -246211138033100.5 43549.80025015087 5881731.839652309 5.620577841924446 2.201271652813932 2946.495104254318 1614 191654 1 -4.473114639019299 -1.726415549992593 -6.567701865227798 -0.08528714104583825 -0 -0.6567988025873124 8.200065320288632 -1.790635113536222 -3.360126889507625 -1.840206858002911 3.279442511423173 257 567.1284670829773 2325 1 -6.322389466524361e-06
 -9.493242063236906 11.29896813485061 -0.2231850634456435 2574.697290681995 598.2336759974553 0.4384034272492934 -88.35217295374558 659.1817599070351 1021.660466124273 2.698692462242322 1.690967351513526 2820.114729336003 1728 127755 1 -4.656689298784333 -0.5617159729512053 3.335284630549515 -1.914673338910216 -0 0.9646516801211935 -2.853377594231259 -0.6708057824924776 -5.953087381032335 -1.597399061876188 7.981277723607391 260 382.4308159351349 2325 1 1.724737040222386e-06
 -6.686274725041994 4.544193597694287 -0.1342003079745336 1817.827387544711 586.2257642329823 0.102167673350817 -1418022199.109184 18478.97972291895 739547.5872535801 1.614954905560318 9.68664322048088 2870.920384210677 901 127714 1 -3.770749672216468 -1.219709896474439 3.801428960697359 -0.9056915504886858 1.474682000238287 -0.2893991471706005 -1.45620032606318 -0.9273842115000841 6.399308365881053 0.686351916369786 -8.918405212624943 263 380.4788901805878 2325 1 7.046300165122855e-06
 -12.25736431487772 11.15391599233154 -0.2987897325590813 25635.34126191544 21931.74802767189 0.179439434686798 -92566.79666959937 6866.22262748441 92498.53737592358 1.088099811236285 11.97738339534289 2827.766117426567 1570 191622 1 4.584819427914773 -0.3486483963200798 6.511843093245393 -0.8086402310455219 4.023499112681356 -1.844173340699388 0 -0.2314049574170038 4.10588588239376 0.4494902417519468 -5.621431830849297 266 568.0548689365387 2325 1 5.994577163925762e-06
 -4.415318879523547 0.8582294234512737 -0.8479262762117603 195.8223623887864 3.050082193883701 0.6222680087254994 -15.48308201720322 9.626364407416801 1.602184863880612 0.06470974069750732 47930115604690.73 3058.632343828264 2324 191663 1 -4.497905867637259 -1.306656875891537 -9.520927625324745 -0.8064126239617231 7.897027870360684 0.3560421663001798 -9.109935258457405 -0.3237898559380029 -7.376789647798164 -1.653718565412311 5.227687151936429 269 568.2179930210114 2325 1 -1.324835294169746e-05
 -5.719647651085213 2.43047456129613 -0.1912964701183385 1.638854966145848 -0.4485342561860585 0.1385077179779366 -11911886.13555963 15201.22074985425 528582.5037563135 389.307953071018 225.787766882679 3070.528166886543 1787 191618 1 -4.649487247550791 -0.5084396747902904 5.324054268611031 0.5882496573543023 0.06752055641671229 0.2736542023333372 -0 -1.596145207790383 7.156250732719879 -1.432406782193624 -0 272 572.1439111232758 2325 1 1.54960563123874e-05
 -3.181513665013044 0.7320306358633849 -1.339599483703793 5.483108757792447 0.0598553180571855 0.05834712163198449 -5834085375487535 42797.00498132021 4908329.343784931 0.799483080917668 37.43529045431954 2918.975797191042 1074 191646 1 4.134559224580395 0.7889632267546522 0 -1.966026576415977 3.193106957563669 -0.3274772972780022 -3.112674085991946 -0.3449888825118617 9.43216509066181 0.104308910937168 1.085697441457645 275 567.4369900226593 2325 1 1.026119570798012e-05
 -6.343853139072642 15.02376280978477 -0.1549581729686605 7819.441792457033 8999.580645087342 0.07242042955529453 -171569739565.718 2594.05463539337 14374.94080166103 1.712891301045593 5.171475970255623 3076.300176275338 1493 127768 1 -3.986117064964334 -0.2716484531102142 5.133755923286912 0.913302378803047 5.050341760416252 -1.722944176908845 1.579899590524871 -1.990365830952753 3.912402072152025 -1.368878960887757 0.3467583150377713 278 382.1209411621094 2325 1 -1.844690287253029e-05
 -2.834797436107451 0.05486328105179999 -54708976672040.85 0.2253385930704445 -1678.432840199196 0.1564013187584757 -844070.9066755947 51.60171961302665 8.665942546909067 0.4570570222137098 430.508638980093 2830.007205965837 2799 127773 1 -3.872200787340799 -1.667605303941232 6.88401439624617 -0.6911068540793384 -7.660445610377211 0.5364107743131381 8.806251383546313 -1.796988148158732 -3.055569529088946 -0.6305700994720409 3.532383816245317 281 380.2119700908661 2325 1 -5.952196627869657e-06
 -2.881881476459019 0.2351459271577284 -942.9749312417503 3723.104545117115 1526.583031174802 0.1040382588237358 -2448664342.26508 119.1536223436517 41.55291332015575 0.9393491910862721 53.08322846959545 2789.053419856489 1283 127750 1 4.274976407955844 -0.1243406276468129 5.647610675762676 0.477531406875273 9.976926607359266 -0.4050804579435906 1.32348736051424 -0.4358633424067025 -5.010153989235996 0.1642958872770447 -2.918498932530491 284 383.03169298172 2325 1 1.215306975869336e-05
 -2.459813177392485 0.09294147191476705 -1430853379.249254 697.0653374652104 54.90671842325708 0.2418107593704963 -4547.204906280443 753.5874716113065 1241.843164410426 0.04373684045288086 -9.997796828064463e+20 2899.106994110842 4711 127768 2 4.688458969937876 0.7413187349653807 8.442384821940225 -1.943237457497357 -0 -1.596750821786392 -3.362193088506965 0.9508439391120627 -5.373767049439313 -1.889917393100386 -6.49987834141308 287 385.5432689189911 2325 1 7.390255979646352e-06
 -3.792584028827756 1.824988749499302 -0.09019926121182588 2.929450429014913 0.08426274296752662 0.1679758845666942 -444021.7566976379 73.86862307834878 15.62553045982776 0.08385554500595119 -437185047154.0535 3105.019714857659 408 111740 1 4.670009823850275 -0.6119450633025831 5.805646296301792 0.5836047968826614 -8.978215095024577 -1.100603546739783 -3.396496363206106 0.512627038697298 -9.284592015934665 0.1025711336407831 -3.013149027556264 290 338.0221710205078 2325 1 4.069965136895702e-06
 -3.415505561243228 0.2511983206329693 -903.0824416334544 1516.745808192978 333.4167144739147 0.3135138999192696 -889.2299166995423 652.5186489404135 1011.283062681437 0.07296309891242586 18115219397896.82 2847.379336905302 300 126979 1 4.353312369537842 -1.379994958634706 -7.892148519555025 0.8823040324783658 3.805756131216746 -0.8428186434692888 -7.188599556187826 -0.596361387523225 5.859650848269078 -0.5750643821575849 1.680300616182931 293 376.3660230636597 2325 1 9.190471913173854e-06
 -4.243746356768099 0.4414158561956509 -13.08434473802517 0.5719772544652302 9.204775419094439 0.5536402116693758 -22.51683485239606 96.27755631962164 22.05545495268922 1697.595100186016 2949.845033179638 2711.593133525463 2125 191564 1 4.360422511132499 0.0176009636509517 8.891785655703366 -0.594811251934777 -9.844266338424857 -0.791912461823773 -7.293756477635547 -1.076493486941056 9.471673972933118 0.1046347773010625 2.541801647046381 296 571.5150680541992 2325 1 -1.310188673888129e-05
 -8.411047070495858 9.903118001370345 -0.1799655298921192 1.235494756268984 0.7660552581610192 0.3627669398987399 -380.4602185156472 23.46105270526829 3.200987666821209 20325.84280659345 956367.8126349027 2806.507736615471 1012 127766 1 4.651901030826861 -1.527159588373083 -0 0.390282652939927 -5.670015641700129 0.6613199190809089 9.946807298450501 -0.3853131280651612 -5.535081000105254 0.09638907747606719 -1.001826959096128 299 380.4056489467621 2325 1 2.59361052983387e-06
 -8.917400701551598 11.54324291295964 -0.1977651564292203 13.389631752541 0.1014539476633549 0.1393150499986769 -12196837.50826013 10754.73545459113 295704.7449248594 0.7398612585813434 61.78161986103157 3060.197960827534 2482 127773 1 4.679048982957609 -1.37898933241706 -0 0.6345113195879701 6.613388232205672 0.2010285265208287 -2.559990238882605 0.6427131205884886 -3.964280938807835 -1.443076395568273 7.947231089696977 302 382.7112560272217 2325 1 1.574536853655428e-05
 -3.129012352566694 0.03986371794671074 -9.998211923563977e+20 645.6953810094476 49.04963906388131 0.04684655086628515 -2.689209992342694e+19 73.83286008121048 19.22112133470761 5.595047149996044 2.502896073399544 2926.945221329129 1615 127651 2 3.899470059344202 -1.496011035927699 6.303829197617974 -0.4071286541956329 -3.732732186448827 -0.6359186099677512 -0 -0.5800013621270876 1.226384557751749 -0.03267816281466198 7.797989287357412 305 384.8946371078491 2325 1 1.38182060921887e-05
 0.05843492392159281 58434.6962267235 486146.1100244825 6.787584598180692 0.07426374182237219 0.1648385224660774 -217716.3283372218 203.0956354408423 120.3835829417663 0.09276457366908408 7215939905.11536 3108.697866803439 2360 191658 1 4.688890091110469 -1.628954081453435 -6.830931537508098 -1.465731319000701 -4.832803715672793 -1.756471761847658 -0 0.5033950759963761 -3.686929381815744 0.5483302447607827 6.992994071472568 308 568.6311581134796 2325 1 -9.879325087734879e-06
 -3.918848141304255 0.592262060966471 -3.758659157728416 6800.235717000689 12362.76726756165 37333.75420996112 -573635.883864917 65939.84802196782 9500938.101601919 11667.58135031796 218301.579198058 2905.684499595925 142 181792 1 3.91676659574359 -0.5788909818766417 4.807241086195786 -1.762773074260847 5.727306957307937 -0.4289939956772431 -6.100898321542192 -0.5996624442008908 -4.735204743571447 -1.599458139378833 5.790925840215846 311 571.2280578613281 2325 1 5.167412404105951e-06
 -4.157901995198714 0.07156650737518365 -611014075981.0138 0.04156981885231277 9.992595455432589e+20 0.1768112410419772 -401603.1681346924 11262.70316972109 249309.6533178887 0.9995212559509127 23.34242463566759 3032.317225974187 5231 191663 2 -4.582263432439854 0.637127421897838 -1.911194035382198 -0.2747225010616577 -6.612288589833309 -1.424677330199412 -9.281450598413432 -1.340734456432597 -9.161023445869827 -1.426028526412434 4.857812071372151 314 566.8086159229279 2325 1 6.393035466726993e-06
 -5.581941812669433 2.347294984458512 -0.1517506729480358 19530.71907087026 16650.55374346833 0.05088222789808792 -2.266071217681535e+18 634.1267030674823 980.3560805740652 1309.661694315404 2748.890710422952 2938.916460079556 1451 127771 1 4.625321043472542 -1.633883485416145 1.084323252504418 -0.2377956779116595 2.485499265948882 0.9673859858261076 -3.551281129196663 -1.739206350206336 0.858304240895686 -0.66849076085908 9.628477132604809 317 380.0755059719086 2325 1 1.75958423185352e-05
 -3.71084169806414 0.0800108430818182 -4194742261.577341 66.87872849431506 2.167584995443713 4.711316088942775 -0.1864453279923581 2569.33967323246 14610.4990532231 0.07687866750142204 605037899847.9285 2752.727886143206 2182 191631 1 -4.422008673876425 -0.1998627148849694 2.579212299614086 -1.538722035962392 3.121796803292986 0.2642160401851674 5.642649840612092 -0.6468424172012845 -0 -0.5573603382782171 -1.224819862013662 320 570.8818371295929 2325 1 -7.60809718165315e-06
 -3.275983905879566 0.2608570958980827 -198.1507984753169 0.05265834065814586 2476413826883446 0.1616925292669262 -332993.2079340734 383.6125571208453 422.823728706865 1.304115539135404 14.36509261163741 2840.592274690138 1412 127661 1 -4.35249859291969 -0.8614687905248868 9.40614249500476 -0.35774484311822 8.64717677538326 -0.5365486181741757 -6.516224937508101 0.0100965754138613 4.038349309367289 0.8071299652990898 4.705709433073133 323 377.4217371940613 2325 1 -1.28175800374683e-05
 -4.200332609456793 1.919185687933398 -0.1232189295966827 7055.282962717994 9327.374145581371 0.0483080595812431 -9.72509829519966e+17 6280.158224605388 84433.01554660567 1.415457267036319 5.357482535634603 2839.156267153865 937 127709 1 -4.58114162120601 0.9274793439893139 6.794423229013246 -1.389712505637997 -0 -1.725948371160041 6.720289450181771 0.485460342587698 -2.658186649675283 -0.3726849533298129 0.2883006570346112 326 382.3480498790741 2325 1 -1.061412067364683e-06
 -3.710582260459485 0.1441034164226163 -1090069.765304164 1.335784323710423 0.8643042517461565 1.299914030885532 -1.866508120075623 3565.761314609651 27458.14397349939 2.905188351732675 1.531353156308255 2731.261917316496 3065 127768 1 4.64473553733159 -1.277940519826183 0.01843735911548894 0.1713442279974879 9.472734397612992 -1.377639810515813 4.311342209180324 -1.323155765029845 -5.653752007006785 -0.3752307609820776 -2.352742619554137 329 383.1855030059814 2325 1 1.400709156602822e-05
 -3.374932240739279 0.0481272620589392 -2515746132350359 4.825292478238715 0.05089053782810962 0.05641052696232639 -720125696578644.8 18573.05869051469 966522.6032888761 51626.78105853164 5484008.41710087 2895.01855565712 2118 191628 1 -3.798639601361317 -1.440666732729729 6.283409472979352 -1.340286197477058 0.2787143630544304 -1.345817043275579 -4.071327866420054 -1.512309639586392 -6.35495248913127 0.2244594090556773 6.072102464520531 332 571.9177460670471 2325 1 -9.950211431512333e-06
 -11.64582461509056 9.553513762377579 -0.264424213793029 23050.19246991278 27778.41673745182 0.0910665343609615 -1767397165.874381 344.2524120576946 280.0150277339323 0.07732986172884815 286104962297.3599 3016.794010280174 2773 191658 1 3.713512003221126 -0.9973123440494742 -8.994584356850295 0.4855771614886319 -2.83524445450679 -1.95146945625065 -1.58088230095393 -1.832423046493912 9.713152235898246 0.9915881887330733 3.613834389359416 335 568.7535820007324 2325 1 -9.250248256696917e-06
 -11.30969011353873 8.972434308561237 -0.2362841262585755 4.767436260736745 0.07922734213407272 0.1515007224206446 -292228.4157624298 120.1414105380547 35.37615159387029 2.079573773913854 4.647050974411774 2930.224651259809 2878 127746 1 3.454036227465977 0.445150826061139 5.175012756727622 -0.07776540187255869 -4.231989563072878 0.625530912515713 4.300082565603151 -0.5382649268475657 -4.513214286584114 -0.1259208874783378 -0 338 379.1801860332489 2325 1 -2.772026769760989e-05
 -3.377422444219471 0.076031164662814 -10044985526.1801 3080.660874524048 677.707670770605 0.262854314709956 -3868.237424340415 1465.694359757007 4862.850512633728 0.03948555368108898 9.969912987372791e+20 2879.235600688786 4412 191660 2 4.649182964537617 -1.158737722680572 -1.21092832130313 -1.799033029907716 -7.164065828171108 -1.650548103536504 -2.148570696247021 -1.013050216397852 -3.720262002450204 0.4463569191711074 -2.559731846365805 341 569.7673959732056 2325 1 -1.021332100706938e-05
 -3.459531868524787 0.03385852776148877 -9.980821817243052e+20 0.03910376842154543 9.900295511490417e+19 0.08782555363599605 -6462227419.048426 69993.32493250647 10083596.81055108 58198.50347329461 2469128.297593403 2829.333769347158 528 191168 2 4.53725455999716 -1.878656595928525 -8.343598575933228 0.8430540187359346 2.10942553663022 -1.312909767363079 -4.289141390480673 -1.508844781590969 0 -1.817543540146858 -9.440077703633811 344 565.5238301753998 2325 1 -1.119278059129297e-05
 -0.4670593020326088 917.8499512438635 110.7478528649035 81116.88632237642 749560.127599712 0.04871440889128923 -3.65371678542616e+17 54052.24182521817 7688036.194561509 0.3111218207973252 7547.466167995256 2970.149719685008 1834 191661 1 4.657795475530459 0.1909465097114191 -3.898798469414563 -0.7457730137303225 -0 -1.381033134701304 -2.114792680436292 0.3931302718918674 8.796044401909896 -1.948625504008727 -5.130303073884871 347 568.7307438850403 2325 1 -3.691939063571077e-06
 -9.726069302726298 10.84879115079306 -0.2433580079413615 276.2206720228729 20.10944315592119 2.402144545547041 -0.3219724688233875 6424.553382893592 112845.4073044216 1.102766353090968 32.77496866061509 2921.776650852038 953 191533 1 -4.57127503076739 -1.426087880393908 -2.984543288342441 -0.3593713157116234 6.966536177311466 -0.6644565934548234 0 -1.8935121266953 -0.3657342910410262 -1.17936863924433 1.881929117661835 350 574.0604400634766 2325 1 -3.799084744415534e-06
 -7.268490137352272 9.100271750308806 -0.1120963300221345 473.6845548307048 -6.164211037162676 0.4883299377464657 -49.55605467196469 3978.126411577125 36153.88972150621 1.707291866381303 6.708942544372304 2895.467267775419 1259 127733 1 -3.6443906837203 -1.61933547750639 -0 -1.438659539019848 -0 -0.7568130827944985 6.49972895726168 -1.225657521846787 1.992046357113366 -1.728767007325204 6.926773531907547 353 384.303915977478 2325 1 -5.71502502177784e-06
 -3.435247872695405 0.3143766103660698 -80.95961567354415 0.0633946264225905 20931872928292.13 0.05103816869828226 -1.674296552872032e+17 1659.366964161243 5635.042118914455 1.518482896404939 5.63195668573831 2906.57242728052 891 191618 1 4.63194885317747 0.947919090175688 -9.598109398824082 -1.427116480031481 9.864430495612609 0.5491417632534654 -4.89864059713056 -0.6243543424411619 1.14619210661027 0.7305775017357417 5.053168418979839 356 569.0724070072174 2325 1 3.696172376848392e-07
 -9.521227339796605 10.182756154208 -0.2184243170611579 0.1776179217127678 233632.4162011272 0.2207476759211718 -34187.95585397242 74381.38573884078 12909065.05794602 5.048152241213812 1.422446577639473 2913.001865353145 4159 127775 1 4.457548153021881 -0.5312740300728205 4.710819999340399 0.06709339416176482 0 -1.332525573067557 4.670138486638646 0.6933056490340412 -4.251632146312685 -1.179168856116138 1.187544149152164 359 384.821702003479 2325 1 1.105569364096354e-05
 -3.069234601364697 0.03706286160473631 9.973216701445405e+20 1.584458610089722 0.4294238422113807 0.08443251427261222 -60516964618.46632 135.8663509551941 51.87191614138198 1611.487567319607 2916.64063125686 2857.853935855182 2765 127770 2 -4.520661542302901 0.8754089771539837 -4.219934711375793 0.7208516363994448 0.6622148041912284 0.3809859147527814 3.898185889155108 -0.8573796553195283 8.226272760135284 0.7188414970553619 5.981511038052739 362 380.6941590309143 2325 1 2.436097071015199e-07
 -4.022296963248416 0.6993092407386043 -1.549452892362845 2.33747226165418 0.1224035688262546 0.1550779861025992 -325682.2869782809 8.305224446448301 1.459053142402216 28.38702716792146 2.367606845503847 3011.756677705124 2140 191639 1 -4.244134205382236 -0.08759842536399107 2.044141455789217 -1.208274169475493 -2.632392263897126 -0.08770585613822762 -6.209376892148825 -0.5695114390084575 -1.884191464780254 -1.169932276563825 9.294615842028419 365 573.4322171211243 2325 1 -1.821773218718129e-05
 -9.831727069274306 8.738523868404158 -0.2089554981846156 29190.13607106776 261901.4678097274 4.081743828420832 -0.1668231894708743 13889.12192486855 520428.4162015259 2.639962550755973 3.95347623722091 2940.306080053441 1059 191618 1 -3.630034113311174 0.4899704169827385 2.686681867819522 -0.9143644601030445 -1.918226491822884 -1.345786958305157 7.369581040133273 -1.509719304417093 -0.06983007091856264 0.07502337502519739 5.035743623191009 368 570.3256571292877 2325 1 -2.251296180920132e-05
 -3.963695178934866 0.4583505194957297 -8.050622246713274 2420.038828876382 674.4462138459148 0.4631756989761898 -74.51304091114157 4.681188921303891 1.501647560473903 2685.078759398167 9705.169402285292 2926.652880695964 4015 191663 1 -4.163064720088461 -0.6642455244023218 2.734574032807348 -0.04452850650792774 2.937731915682328 -0.05073596238985799 0.3890410933333452 0.4973811310960849 -8.555734013840095 -1.749337078678379 0.6713962304340875 371 569.4769880771637 2325 1 -9.832064852698205e-06
 -2.830941451077664 0.4697618426976249 -2.448993930551862 251.2414431551586 5.403548858923354 0.0474264684057025 -1.794603844779003e+16 6948.206555872599 122642.4625884371 1.356089594782339 12.4918052654341 2960.034129288878 633 174223 1 4.377031080409663 -1.300217669488707 -1.410213060025472 0.07841639719657989 3.234500363227752 -1.751659500479497 -2.268773958544782 -0.7779737895665413 -4.008618456119635 0.318442396411676 2.857601541024746 374 519.1632359027863 2325 1 -2.314144342726695e-05
 -3.550872977924434 0.8233427753884379 -0.2735764309079541 204.0876893470506 5.794545323843396 0.1960727769813947 -45614.77328817062 218.1303904153806 155.0119531500212 1.578638030148618 11.43037215910072 2778.444862601916 2238 191649 1 -4.067521086221059 -0.5353716882953545 5.92012423097036 -1.782152300120963 2.33008849688126 -0.1315074542813566 0 -0.2000339808819422 -8.190695020259625 -1.957894103033227 8.921297199214067 377 566.0000638961792 2325 1 5.534089798861967e-07
 -8.969007066802787 11.01211953356379 -0.1922792012650752 1906.358743801203 383.2704901242238 0.04310832002165053 -5.736806478549965e+18 10999.41146752957 278641.2947325233 0.06833803922394092 13550697930842.76 3041.757686344423 3829 191654 1 4.698034667259457 0.5062609610268929 4.32975229562295 -1.481792152894451 1.946726920132873 0.6200630736533936 -6.102376275235356 -0.02577771194609736 -2.415234750871815 -0.05409000901250848 5.21378703673348 380 567.1146550178528 2325 1 -9.017543263909826e-06
 -4.083651858486479 1.834522574031574 -0.1300125040891479 669.1397086729409 45.62441622779448 0.08011948880543571 -2482855923356.335 817.0911734066052 1749.66304187308 1.144316769290121 21.45516055337111 2912.425603457964 557 190271 1 4.371471435444686 -1.202341009462616 4.612720308520387 -1.354773883119516 -9.104523320248402 -0.9542000815233038 -3.406555222441974 -1.280503307518867 -5.917057535167165 -1.215439121528338 -9.047069752540992 383 574.9100031852722 2325 1 2.148915387824027e-05
 0.1663489177253614 85368.49217191304 1082587.707395961 0.2758250855812235 -593.1955526013422 0.1082680449526898 -276942033.2847283 11469.34296728565 313980.8288868495 137.5404552011126 46.82214094249668 2774.948285863154 533 191460 1 4.523075290378206 -1.277202938704375 -0 0.9802417131867447 0.02336677972580148 0.9147622991599311 -5.73626013432175 0.07976661524030203 6.765131310651386 -1.225919545446738 -8.061208338579485 386 573.5983829498291 2325 1 -3.356736200296718e-06
 -2.926023376899281 0.0454959458867296 5.510362010170413e+17 41010.64539675436 61207.25238568521 0.05002423099151335 -1.174748929601949e+18 44.41467020945714 6.928564067413708 74392.44715884102 11469217.0370516 3029.394297029306 3692 127774 1 -4.605506675883824 -1.362478440034783 7.037546254299084 -0.6017311977929456 -7.544883587925419 -1.975765732284651 5.459739418186711 0.6593705583201358 8.03396820003651 -0.5599499155074171 0.9771165275433771 389 381.8886489868164 2325 1 8.465014776528297e-06
 -8.092326653582326 10.16635834241545 -0.1701835952506355 50372.95153134562 492613.1153098678 1.146332438969543 -1.880936896694004 278.0552417423427 188.8863711703611 22641.98093560805 857239.7563896416 2796.751335500904 702 127710 1 -4.493728974152538 -1.108228071940845 -3.740849019081099 -0.07881259647187912 6.29721195624658 -1.777384185715972 -0 -0.1900953789010842 1.217136578449381 -0.981825514128154 -8.421844276922807 392 387.5086410045624 2325 1 2.236830748353093e-05
 -3.198112740519351 0.7038329068954758 -1.083723345533798 0.09515031317980835 92046662.05863032 0.056347801439481 -499945141430245.2 56.89330330512046 11.51082457036386 6.103888460346678 1.003149127180864 2934.305912170117 3039 191644 1 4.587638121554021 -1.664024491175915 -7.394265550847093 -0.0599398022695033 -4.220572399440086 0.484672068836264 8.558864906286919 -0.9792670425283045 5.445087511230219 -0.606825469983729 -7.751459651573235 395 579.5754840373993 2325 1 -1.207854957259051e-05
 -2.646530710839 0.2776284576748313 -493.698414961641 0.2956960449372176 554.8980742279401 0.6021552229424847 -16.70684072181732 1026.302912267573 2524.083746796244 16273.96071540912 286231.9405753317 2990.811198584156 1414 127750 1 4.396219642195781 0.8965813012399133 0 -1.409515050665751 -4.266958411872244 -1.142859879137785 4.43021635664566 -0.495111854326483 3.571072026809873 0.6829020069556098 -0.5242086075475374 398 385.5703480243683 2325 1 1.031314818470873e-05
 -8.965088093123816 8.759671950659332 -0.1760188342109624 282.0980087547651 2.69142353499683 0.3098181576333999 -552.540206216587 1129.89400899316 3109.189123574544 211.2960159329028 44.49056427218609 2910.995859784432 3202 127775 1 -4.232775884217838 0.285064968874618 2.682653002381093 -0.8987187879855032 4.488688865041094 -1.068869794232725 -3.128561086491429 0.3232107697134751 2.430996222665262 -1.001207249783016 2.030082482397803 401 383.5142040252686 2325 1 7.175213677665221e-06
 -3.868152671270266 1.741568463328826 -0.08626630205650022 12530.55151615974 -4729.708472269958 0.3651941355880554 -253.391666348178 2355.751020748211 9297.756868294182 0.04090914038779953 9.990624160142614e+20 2870.061898787121 697 124485 2 4.675330411216001 0.9846013527177555 0.7539266884460587 0.4937590774261693 1.647956094229459 -1.640075364265107 -9.768537099220481 0.7190360172135852 0 -0.2826175097259541 -9.544693082826178 404 379.2343399524689 2325 1 -2.925215172428669e-07
 -3.30271198306867 0.3400170638735009 -133.7907944221957 1172.113064448923 76.51589253645778 0.05501128124948629 -2.347791698769018e+17 8156.359721837096 158007.9607176609 0.0881986457812276 -183910905401.4017 2888.441336634075 2194 191655 1 4.111638738823991 0.011013490769046 8.887719916557485 -0.9918000630080552 -5.023054168588091 -0.4470237099373601 -2.168557773840067 -0.7518323006055052 -3.472460883828122 0.1087556504402687 -0.9465493858142486 407 560.8394320011139 2325 1 1.85320572452914e-05
 -4.421396726313995 1.079155636535475 -0.3641671150776207 2.920025239315672 0.07237359955368912 0.2225231253140756 -9384.837924462254 19882.01360328834 891529.7050119917 0.06481614205032217 153293560473512 3056.490905977082 1343 191664 1 4.251348712818331 0.671030984280347 2.50287766131063 -1.881853220954096 -9.66088284056881 -0.6021119714923318 2.560647624131307 0.7760753390732268 4.208938160203666 -0.06869444274381033 -1.797711894131473 410 566.4652729034424 2325 1 -1.279578075409326e-06
 -9.30508452639012 9.012048492549471 -0.1971864508022719 161.4341007563642 1.797033884186403 0.146075924697209 -245014.3304587038 20818.85717954683 1127246.850680168 0.8813477661485289 23.91612255010618 3007.165059558411 1758 127769 1 3.904240594372899 0.4158188476763121 3.357055127675308 -0.6481448669567005 -6.78422360647128 -1.564784424056879 5.085634182248185 -0.8648557452873291 -2.164348236152631 0.4378031465297196 5.573928917505151 413 389.2757229804993 2325 1 -3.220560936580594e-05
 -2.996984089080807 0.03829333366437152 -1.840613990103659e+19 786.4030413435205 95.56467476821847 0.7983825771120596 -1.543644585263389 50.23528457363091 9.616031217361984 35474.71238959789 2731270.666398539 2868.100602081421 2596 127771 1 4.432191544257536 0.06459883141379262 -7.617417189890656 0.7856147615752938 9.135787435263582 0.03505599982391591 -2.828323568368905 0.6403791264249187 1.098014325823642 0.1516183180998993 9.374273244624568 416 382.7345218658447 2325 1 -1.036781535313018e-05
 -9.085395168978311 10.40350258358487 -0.1843936570105176 0.1474986877767742 -311710.2933486444 0.3404961786621186 -530.3818001659131 75412.48399752345 13800203.6489353 0.5146481628452007 398.7166108695523 2995.454076207469 879 127741 1 -3.954196333973069 -0.3449630388284168 -9.285348815998264 0.9510228656569142 -0 -1.028294807286271 -0 0.9106358823984153 -8.225194136009662 -1.879280300696032 -7.755294182108541 419 375.4453678131104 2325 1 6.016265306745069e-06
 -2.983434877109569 0.3901583206538853 -49.04134337269633 628.5356712695913 57.34798764330091 0.2541723821301721 -9444.011036459977 26.83768319206696 3.452457073413256 90.7988398674273 13.90862936567356 2849.578579937242 379 191443 1 4.276729505124865 -1.59124086627097 -6.598034698377859 0.1223894631283179 0.5823684983869302 0.5443725705386195 1.681295683218185 -0.9436304476690012 -9.992975154221867 -0.6344545122209535 -9.177411300259909 422 564.5242719650269 2325 1 1.467098622216813e-05
 -3.744919448933214 0.3241338411269947 -190.9926252719086 4247.229740018512 1663.252105988219 0.1600201163070827 -1968812.853298772 25544.83727454222 1187469.77437915 1033.51554347943 -657.4359578123859 2836.703544807353 1802 191559 1 -4.619182513557595 0.9409125594511178 -6.585442023856122 0.1622665820552606 -0 0.4738681092701231 -2.762545930551423 0.8368123579461275 4.826179331937817 0.09464679946017668 -8.2831833390994 425 563.7053411006927 2325 1 2.341225589731368e-05
 -3.167701270708371 0.3827467798889849 -24.27816103428651 252.196376623057 7.087174328394364 0.2778401741091382 -1542.135606962864 85.17840068647634 21.14668781697047 0.516761206043858 420.7272695448638 3019.381640953734 1974 191647 1 -4.245969568590633 -1.36809453774077 0 -0.6375655585504187 -3.577063582872858 0.6062556982185896 -3.909756136407159 0.3039407315966712 -4.791068938465848 0.4060216219651576 8.846277334314927 428 561.2800269126892 2325 1 -9.550134694124405e-06
 -3.342081185834298 0.0700578310656359 -497716945623.4222 0.2373683689685961 -2500.236454284799 0.1995868307777546 -48679.70036843704 5698.982043459883 85673.11306295048 9750.341422487463 281281.121729779 2887.50108515765 3732 191633 1 -4.62281601155297 -1.298706579395664 3.128137298481455 0.8806587603614648 -0.04883643835214713 -1.555454721989538 1.005768936471645 -0.2873003358644048 -3.771754345302705 -1.616034823737451 -7.792861709267275 431 568.2670080661774 2325 1 2.833001044673873e-06
 -3.05540461695188 0.05930055197984654 -4053686518770.771 1428.947224366779 314.204650065349 0.04362698336897514 -9.121222886441135e+18 78.23377942577351 21.82950888440262 0.884448832575485 52.21525498776221 3002.88434041168 1344 127657 1 3.79468186887862 -1.085565283269206 2.130385230519472 0.7677793375488173 9.374239125768199 -0.2996230841590793 0.978137913140936 -1.468790990570774 -4.177776239743587 0.4904570188145034 5.829496246516423 434 381.0055320262909 2325 1 -7.830743204821048e-06
 -5.61753090843636 7.350236944044003 -0.06098393475196229 0.1097114980516627 -164178761.8491736 0.05932803055312303 -2.197538598443512e+16 791.8542776664952 1394.433858783253 1.253688330882673 19.64161023604773 2840.71967420195 916 127761 1 4.164458767190915 -1.151969628349736 3.604098789078819 0.6429413477519826 -0 -1.864044661533621 -8.108980827747468 -1.354590013292183 -6.144200147736434 0.3186617229413251 -0.1499533542135127 437 377.7295789718628 2325 1 1.996062642574609e-05
 -3.534563249937105 0.6005698740529803 -2.812410787913743 0.09814078413646404 -657560187.9448869 0.05273683816181429 -2.20082503152342e+17 3962.579459747061 38056.08787666608 0.05008595561623772 1.325693656477309e+18 2839.742031371292 3216 191630 1 4.526342647402304 -1.779632851701783 -6.579501687177677 -1.081293021540924 -4.33512790177288 0.3888967662021826 7.109395915747397 -1.586022445036209 6.276250046647259 -1.556883080447808 -3.609184812085775 440 564.1265869140625 2325 1 6.796681371278491e-06
 -4.847367730827917 5.916307177103215 -0.06926782960925613 66409.77082678601 647496.3501371944 0.6870855013273783 -11.52684027495568 25222.64387846793 1696268.247050098 2.307521792450617 3.853827479388924 3025.868613674591 451 191164 1 -4.501082753859063 -1.299543221703796 3.794210037791617 -0.8459350009744595 3.05045952011515 -1.561463364643665 0 0.3983532251520132 -6.119088057501786 -1.233716181381698 -1.857341311378877 443 569.3541469573975 2325 1 5.62121284917446e-06
 -7.790035173634478 8.815526003392771 -0.1337267975626628 1.13294116746689 0.8473663417823317 0.09587355058396224 -738448022.1728084 62.1361138275532 11.72815505513783 1.311404495696045 6.041263464010058 3027.122418038066 1784 127773 1 -4.608332716794929 -1.007084186528822 -4.725843764461374 0.2621661616927237 3.028139140778332 -0.8422095325188792 9.697625827795511 -1.365169863081373 0 -0.7900137232167896 -7.43574963504078 446 378.5226469039917 2325 1 -1.329602064614474e-05
 -3.51486611061692 0.1028110986432358 -75427472.49743035 0.04800951786226875 -1.207695925760586e+18 30489.95172864274 72180.64145981017 79.36958721723364 22.29258585593505 930.5371976358733 1637.872746610245 2900.176592154265 2442 191659 1 -2.464200539807707 0.9537093959237546 9.739411602294092 -1.533046762300131 -3.383806142734086 -1.084878077580475 9.459359673424695 -0.6030529432479224 4.744910446184187 -0.4703371665215519 8.252782274886677 449 570.9945650100708 2325 1 4.076686067696143e-06
 -8.120007398543374 10.47981853387459 -0.1689660450582138 0.03892283432138626 9.994828853334999e+20 0.3159275651128318 -435.904532381328 9159.690023542478 151528.393163484 3.041301440611481 0.8072226304474321 2949.017613310449 1555 127769 2 4.492158501133352 -0.9253047119397051 7.465634576937603 -1.903209014164565 -0.532395434095517 -0.7882262308418362 3.528588359832266 -1.072587355764443 5.449041947797792 -1.660758631962568 1.100792182078318 452 378.4697771072388 2325 1 -2.093665319205423e-07
 -8.006225679110695 8.051339544081653 -0.1331445515969171 5.358517599147305 0.05841756740441983 0.08134618476748254 -1593194045.985423 5930.788511986479 60896.23146643587 2872.921038609744 3197.977109901024 2977.890081090503 1961 127755 1 -4.139695161258055 -0.8157015659517537 5.367621057513834 0.9267977153250468 -6.414552222039578 -1.204698211915704 -0 -0.0291506867146545 0 -1.53837378819159 4.997112452598736 455 375.9042761325836 2325 1 -3.492170780100345e-05
 -8.504096273215438 9.266095960868329 -0.163448954990965 1937.531114183175 131.9749325992969 0.05414189251055912 -2550070529811723 2584.393290351925 15777.65171115801 1.673329476860842 10.71614872393755 2672.655277734206 910 191646 1 4.100433106785432 0.2584240557387454 5.951648184337908 -0.2250665653889925 -3.76277162011572 -0.8799670826029011 2.732318133525776 -1.53947283690694 8.235659541463498 -1.103399029972736 -9.362222691964512 458 568.3010671138763 2325 1 -9.443214423570904e-06
 -0.002456301933097015 11343.90290767973 19496.40694357304 0.04157571390760027 -9.999775048295472e+20 0.06058738178764073 -2085320762495362 17.27854844070347 2.342700440781281 1.111818108825032 22.18939776754867 2925.774145674741 7342 223606 2 -4.109072509635066 -0.5722095151250688 -5.194148881563447 -1.138056178718579 -1.298050214855082 0.5907468016064112 6.304902572097378 -0.9798972402900938 4.330914337517164 0.8692489867344522 6.652679866860746 461 664.3562369346619 2325 1 1.161668805112547e-05
 -3.942073866030789 1.435604166233823 -0.2317404380649788 1602.743010890703 74.34960883476541 0.2323249399416858 -11729.65946815242 172.5957914644156 74.01413516008384 0.1538579755834999 23271996.33316674 2995.232380747125 818 191637 1 4.116368564325981 -0.8137394524068037 -2.443518845218568 -1.97863826240008 0 -0.5874317486003219 0 -0.641743101683204 8.535065698643496 0.5613343948210652 7.717974803362946 464 567.3281500339508 2325 1 8.379871654624134e-06
 -3.39314787713037 0.05961622332595642 -5937333627289.324 954.7776767345362 256.9340109711139 7.642298353962818 -0.1594241382200186 6805.83346344912 109053.4950450739 281.6238269176732 173.247702160719 3004.189771769763 3052 303448 1 -3.854306062719004 -0.5302439560733898 -1.264474438293946 0.6735884647328683 1.245041464880719 -1.480837613365887 5.285422290397021 -0.7086354878782064 -6.018384410424184 -1.085881112685523 0 467 892.4262521266937 2325 1 -7.166700169077181e-06
 -4.182114024254865 0.7136234460797451 -1.936652738551615 0.3424049276570368 -27.11312018675077 0.2978949949648548 -1186.559550400491 85.63378541574376 21.87325973471994 110.2989015011613 54.9832972302239 2727.463976535869 1111 127732 1 -4.515604528611268 -1.533217801001955 2.66067705961864 -0.8755435055456919 4.489690635035142 -1.188459776928829 -5.874253351225162 0.7304847311399607 7.312192212345469 0.5454129366346478 -1.072311714465701 470 379.1208720207214 2325 1 -6.298571074433717e-06
 -3.101356901313736 0.2833716020740206 -236.1020230440068 563.9971370830323 30.10198335085386 0.2314351450869327 -9774.704015707786 783.6806197518631 1453.633365057571 2.754610881372794 1.14175148438141 2855.241048262986 1098 127763 1 -4.326065208851331 -0.2604650151228327 4.04460957637712 0.1096109783449508 0 -1.096538363927426 2.649110859488231 -1.86338218269178 6.940926060325332 -1.093427206472269 2.694360634446823 473 380.2514209747314 2325 1 1.560921986165989e-06
 -2.837309729558994 0.06950996523420119 204021432850.7796 0.2175796685638923 -4274.510221740266 0.2481893302427556 -9254.832944197915 1204.771356848559 3361.461787608954 0.2277348522366489 131990.1561423237 2968.85251576864 2775 127769 1 3.80162718096519 -0.2060024019080941 2.812011712659193 -1.771019717686809 4.679965567120385 0.301081950061624 0 -0.6048753874280859 -6.440044460166138 0.5731504981379123 -5.408988284128145 476 375.2339479923248 2325 1 4.070171758606801e-06
 -9.046993783429965 9.902887093918896 -0.1852919295947345 49529.41203882608 1022758.970553616 3.043879039630268 -0.5336560946907238 54.21451531024904 10.44051696407454 65.020583519303 18.94026799312083 3056.2755533461 1398 191523 1 -4.614130818783128 0.06442053969492888 8.265333769267933 -0.07783006119199599 7.010988888104531 -1.158471595703044 5.166919717048503 -1.607851328536844 -5.794535760726321 -0.3119543698916551 8.391342954820784 479 564.677747964859 2325 1 -5.864750200767369e-06
 -4.639004230342652 1.040155506495546 -0.5387161943962581 0.7394175447910142 1.788166559291124 0.5072440840606092 -14.68218325384119 16.06663527276902 1.834249485456972 223.712341234819 18.52699030061547 2873.428442409303 2082 127722 1 4.591830209774614 -0.4073701054696288 8.385231962668993 0.4490285117686739 -0.02747866200555915 -1.285530240649056 0 -1.027603345577975 3.31239323646223 0.4735161058797344 7.181480111048732 482 377.0229971408844 2325 1 -7.630951924911982e-06
 -10.56647888967158 8.374068180309502 -0.219941331653714 7577.684410326741 7623.906072252486 0.3479433520106435 -227.9006813058782 19892.23988154069 908440.9924689423 164.1415817193939 36.27535034033119 2875.059649973047 2352 191661 1 -4.347968842133652 0.3091652916448905 5.117312523656014 -0.1410316271954262 -8.304516712734129 0.7267280501154221 -4.327935862808912 -0.6245470414208283 -9.908687865240607 -1.904510617701392 7.817359572618862 485 566.3177609443665 2325 1 7.022972123382333e-06
 -12.72503976575747 10.56776024601838 -0.3243901192828071 7368.574181834575 7582.601231421121 0.07274617004267256 -224113360378.2448 2648.971375924808 17781.49341306718 19756.9453618612 614612.2084822573 2794.757568457146 2005 127769 1 4.298738959239297 -0.1064427829984389 -2.983316375550217 0.7319863439403989 -4.71729419981094 0.6889572287836847 3.261568418094413 -0.9403449822596857 6.01659196825988 -0.2659970474210418 8.395952149231604 488 380.0700149536133 2325 1 -1.583501167180077e-05
 -8.344686431172965 10.55890642430395 -0.1479630070849814 258.8739369454906 3.279685993628065 0.1975504481839911 -125836.2901417683 976.5768965130449 2474.978568020654 10631.59494416055 282004.9990341127 2741.880121677503 1423 191621 1 -4.515803276432678 -0.7068965049126597 2.310554949994444 -0.03834700417058735 -0.6724345798183493 -1.783345530468262 -1.089603324993745 0.2424230628767678 -4.24522790489234 -1.1523881486889 -6.814449318637144 491 561.8633410930634 2325 1 1.182008795694115e-05
 -3.408199823034138 0.4951185314127272 -12.18258302767316 0.09337076277824813 6989069195.546543 0.09857297657768821 -7642759729.53631 7531.800020438795 134169.3079711389 0.05014577721904829 1.127230923953358e+19 2810.180676000379 2415 191643 1 4.363698739579792 -0.6230251744699418 1.698396060376745 -1.86177146895482 5.985154927836382 0.5456075357041934 -4.259165755449598 0.6105219791745284 4.750272747205457 0.4486566728494856 -9.840448612890413 494 560.114963054657 2325 1 1.11170285405236e-05
 -3.800307183195824 0.285575011544319 -840.0476306174811 0.4134108003819818 75.98985261771473 0.2417904910275272 -17217.40582528464 37.6754606508724 4.792756129149482 0.8412025049587527 51.73636243638978 2782.714053776681 1579 191661 1 4.603537125149884 0.8043491803970912 0.4100388988856118 -0.8627967487978712 6.119827668088673 -0.02574780609129948 8.209979976910541 -1.743794147835392 -0.9887270052243515 0.3070672457721249 -8.728167880109448 497 564.8792948722839 2325 1 2.200311086431131e-05
 -6.954285098366924 14.82528362110182 -0.1640639139350678 0.4848298074979392 13.73147875655505 0.3072079238199231 -624.2530048251509 73.09480933779817 18.78534676446758 0.5550422319330133 413.0300568197128 3013.991463327424 3134 191660 1 -4.605431819092409 -1.88827517055008 -0.6779211308551001 0.03960910918679734 1.163434639542013 -0.231347414624957 4.935682129574095 0.5890826198125145 -2.097110660986591 0.7624772567223221 0 500 565.6874389648438 2325 1 -1.067546768438974e-05
 -3.718987237163266 0.2277166612144484 -1916.013383114421 0.1715397145795898 -28099.90018113496 2.280204393847704 -0.5155474362027676 95590.73907105638 19023833.95899436 107.7891808966443 79.14118414735663 2704.847544310181 5390 191642 1 4.150036971180916 0.5318937905273877 1.841924712205143 -0.4157327992940374 -5.737035968670781 -1.74905551436916 6.125178703417583 0.3495389382640663 -5.437714983826057 -1.211842696159677 -5.642323014051999 503 563.8972480297089 2325 1 -7.918695779572816e-06
 -12.38219470382907 9.890605472831918 -0.2910663702119344 254.0738893867653 9.830982810720524 49419.12607316815 -752185.0955547447 13740.22661788377 442764.8374852165 1.377391967895507 1.741600077220242 2957.197726322011 2948 127703 1 -4.40902029912617 0.8356963053637383 9.796588511046989 -0.9444480457794855 2.732922140405457 0.7522793648549762 0.3037745161427958 0.06675833611295616 -0 0.4501241750613211 -5.918557871801233 506 378.6922399997711 2325 1 6.336595901507768e-06
 -3.108227130553425 0.4441680392863981 -12.41405820673612 3.418925463945785 0.1531685113451418 0.07858966521316284 -2110425303696.936 23716.79164867253 1424693.394929209 2489.723296693458 12383.31167278181 2938.382776828139 525 191634 1 -3.75000702271304 -0.2356970830592306 -6.528654886143638 -0.1305908449713691 2.673663227504078 -1.982241679228158 2.32932474345359 0.410599031711846 2.375643562891944 -0.8485465158550003 -0.7982950079238558 509 563.180606842041 2325 1 1.623908303514379e-05
 -2.998050020314708 0.8030635489167682 -0.2279538485602824 627.4145362478756 37.54206488834907 0.3188730359081409 -894.5651878527229 2525.063009581183 16297.5597466447 2.662918711300014 1.657238364216597 3062.548447157259 883 191595 1 4.575986970528083 -0.1236918970930523 9.298317158741717 0.2199974285150059 1.494756007209626 0.9650367475045147 6.7668809694348 -0.5589257412666964 7.209002036886554 -1.313434823606387 1.107261272223599 512 564.2389559745789 2325 1 7.640111161324512e-07
 -2.895923947397826 0.07524075389136993 -41605373713.14944 1.817698610403477 0.426138763763813 0.1580297807852377 -772123.1478987628 27150.08518166068 1355265.145135641 0.2172407466663201 -43829.00814930673 3233.650433309276 3496 191653 1 4.246296715398429 -1.007734198786979 0 -0.7644531664417489 2.725102312317343 -1.973398523310296 0 -0.2930426708018583 1.057918083280662 -0.6484005698292652 6.689293086997421 515 563.4297211170197 2325 1 -4.466268389262033e-07
 -4.546070184962635 1.880418821306244 -0.2148525949766118 0.04363832487178413 2.325160199046322e+19 1.588360147964898 -0.7003506634014431 1051.88622352264 2010.675835251969 0.09614883301958117 21732144510.84841 3085.635813101237 2399 127761 1 -4.014897132307077 0.5312002026447211 -2.686665539572993 0.1074939519490008 1.020758433839617 -1.867748357634203 6.365819933654707 -0.2481588377446578 -1.777262022151124 -0.8604086218978466 3.676045651139824 518 373.9623980522156 2325 1 2.135817879785228e-06
 -8.437456019460853 9.078442000963356 -0.1637278108144676 26277.87519341641 28744.67065376954 0.2235520817437933 -46156.94234063383 6313.721227353313 107097.5248561381 73.71437431065524 26.87128115463217 2909.201291162888 1380 191663 1 -3.421500207009618 -0.234168579069797 1.708165057781285 -1.431328602612793 -6.318812059670333 -1.627482883110626 -3.862725224572352 0.9450173224471241 -2.587213469317155 -0.9337481345559944 3.730622153989924 521 566.263739824295 2325 1 1.156498607501962e-05
 -3.09443510709996 0.1554337812494355 -51290.30585994136 370.4510824064114 16.5772424848428 0.4952966367612227 -45.72574181193451 14442.00361903328 578559.4532296642 6964.980524064363 18941.82147958644 2930.328105466911 3404 191634 1 4.602712373455106 -1.460151978662723 4.417072251734274 -1.232215469830124 -6.467142708085785 -0.1184099354869694 6.536806852263914 -0.1750188595296747 6.536744825710701 -0.5380467499210511 0.5406213462479963 524 562.0749740600586 2325 1 -3.546967925205017e-06
 -0.02819329312385118 14916.62571155286 33724.84229663244 257.1334065377911 13.93304540811148 1.324515785166269 -1.852336156355499 391.5233722577509 442.032470033505 1.176951256152077 25.04646500919581 2892.070351755237 176 188567 1 -4.440931914049231 -1.525033361689731 -2.708726250939713 -0.6345754939834851 -0.7593868757533637 -0.6006430131406519 -0.09462993646766549 0.3590476434815901 9.238525517235397 -0.07711552729631781 -2.822274116258426 527 562.1828501224518 2325 1 7.536194316086608e-06
 -8.866492421671198 7.464313830337592 -0.1784591619606875 0.4292219429543729 -7.692576447648467 0.0666950172928278 -11588800666922.82 1768.348121836928 6508.298157389998 2083.992344390985 1878.465327608306 2821.578074894727 1609 191647 1 4.183032362450947 0.8988378459700899 -0 0.5457479826212728 7.212871208881232 0.8685951579278957 -3.395311753689836 -1.261185196543847 -9.702395597223633 0.7903026625144548 -8.828112538036509 530 561.890221118927 2325 1 -2.996868544458722e-06
 -5.250722475361062 1.821842819877059 -0.144513536931697 0.7557067499184152 4.594451497303655 0.219110956742132 -38718.37300693336 877.062890700341 1944.642749113976 386.1634096112417 202.4762665468222 3018.904259993153 299 190043 1 -4.480196361530512 -1.721560492518877 1.369603361703182 -1.364387539165282 -3.415633444765564 -1.081828432141671 9.427024865031687 -0.9629738016443614 -6.802226486841944 0.6977092912454683 7.210979338951725 533 560.2583138942719 2325 1 1.42689419996872e-05
 -4.022685571277409 0.1457846898841195 -356338.951895771 0.3333894749115849 259.1181570491592 0.1110425681326817 -405735974.451278 31.61603561773375 3.847548252476795 4460.80472718293 40014.3780706155 2872.719783132419 963 191114 1 4.586731450434211 -1.493754871435594 -4.820220847293619 0.7912025743957143 -8.650012225585568 -0.2384375088826935 8.635301318647599 -1.901313468215847 -2.024748167502168 0.6359175599094224 1.172209448129863 536 564.8790798187256 2325 1 5.305680271165863e-06
 -6.616264968378403 4.842233207245267 -0.1125004351873077 0.09744696436300308 404375183.9723439 0.1361452235187839 -1955436.972828739 362.2463884264891 295.3823688116681 0.2919197492643549 -3138.246307535403 2933.207285936813 1398 191661 1 -4.694450225236562 -0.8344432320362039 5.665687027428946 -1.927313580894086 -6.027789337637028 -1.393940131221276 8.044791377597978 -0.2819627537122394 0.220311904623768 -0.4762178622700031 9.525110657233274 539 563.7097640037537 2325 1 -9.959438013958063e-06
 -9.336031425688194 10.94392503846414 -0.2060853994369278 31451.28001211818 74961.229934327 0.5683833858312138 -20.7245238509573 14.89550609586698 1.982464104202301 0.08773565417998379 57813695194.30933 2856.714819170753 3185 191655 1 4.29131457348026 -0.8681633092141396 -8.381497217786151 -0.5245633026412833 6.88547310928767 0.7799204095025498 -0 0.9266927515667902 -3.347536473009216 0.02020980399633652 -9.575623780118066 542 566.2706661224365 2325 1 -1.101269573586784e-05
 -6.917560857283847 12.47525224022552 -0.1534262980556444 264.0564257613614 26.65550142451819 7174.345510124458 -15059.14942577791 156.9368489200725 56.68956642930861 0.2024238476730919 44214.86008957055 3098.32407448617 1895 127755 1 -4.696401069664796 -1.536976248530165 -2.515121073221084 0.3588310505043299 5.711332782722709 -0.1190426283917941 8.496622946288081 0.8871369104817459 -1.776400613896409 -1.940618600903498 7.090754016166535 545 380.2120349407196 2325 1 -1.736443692565321e-05
 -2.892262975308006 0.04471601583609889 -1.824563957986277e+19 0.1756362101179623 277340.0164338843 0.05758519219060353 -5.155112676084659e+16 480.0647602072756 656.4246111613448 1.387681457631865 17.1658746468199 2966.617911018908 4671 191658 1 4.319413084037636 -0.3103235894285615 -3.890709896317918 0.02256903999172755 5.753744132527542 -0.1329220848798709 3.470644577416484 -0.6962066840647516 -7.054887606291835 -0.3675866472097731 -9.840166241669829 548 567.4076519012451 2325 1 1.943528917579564e-05
 -9.392393458034704 9.390796546386504 -0.1800152139077159 95969.37202746769 1208596.342223732 0.06067927477427836 -398444106556889.3 777.8001322037701 1517.239573516681 1.860616278516017 7.385775934776219 2899.553562662732 1383 127776 2 -4.366266547861833 -1.721685445891068 -4.008282683480588 0.8330855475378849 5.403440801985854 -0.4514163070448776 -9.848646364085891 -1.590328499532585 -6.871025412514461 0.02406217288676073 -5.441160764992177 551 391.1079211235046 2325 1 -3.450697402116505e-07
 -3.419308320633679 0.4482328493549196 -15.41095984948004 471.2732597505336 10.83338263156989 0.07474963825883041 -170117130177.3383 64.72448016249039 14.59477209929253 64693.2216270732 10405242.5818829 3057.624282640107 1418 191600 1 -4.504915959965466 -1.25315190715035 9.645409645236329 -1.259161343195707 4.466424130771613 0.6177087437376549 5.220099326011232 -0.1603142399181792 -1.669992958146036 -0.2792494825620109 -7.105165889384342 554 583.2066860198975 2325 1 -6.851075797380257e-06
 -3.122147865822651 0.3039923237517465 -73.06325802361538 60.39596095652446 0.6983255827056195 0.1460299280741785 -5709638.34543855 6506.437601350893 80102.96568776824 1.28250929348032 16.29666093129754 2985.465452422139 1386 127737 1 -3.356224917895455 0.8319970727459109 8.343312295560715 -0.6504386242308904 -2.206698536455439 -0.2648799845302321 1.338997002222878 -1.806732215010182 5.400324735202273 0.1825510202409269 -1.05988777197908 557 357.613461971283 2325 1 9.412650196270269e-06
 -3.073101719893387 0.8100054021562231 -0.418730711604075 2.245582347057441 0.1628050379660747 0.1779649971250873 -131317.6731172394 5966.170778006902 79829.40462272646 0.8864215327018908 44.1169908864485 3061.330481133532 2837 127772 1 4.503542971041464 -1.806028392514902 -4.228458860438622 0.7690793726881711 0.284729844646213 -0.4911082351332983 -0 0.6833091186392428 6.317387011773326 0.1595628885968105 -9.49565384099537 560 357.2143650054932 2325 1 -6.814896814342826e-06
 -5.996801082706316 5.640966585749046 -0.09609880658735045 0.03874074011876473 -9.247607027866416e+20 0.3167909570182629 -1026.155089315263 128.6394481907259 47.80912179151084 1.267845889242816 14.73409520996325 2869.14308169819 2764 191661 2 -4.640024690539187 -1.764823862097626 3.582973507282999 0.5690381724824407 -5.180589239260818 -1.763745259248921 0 0.8057602530230613 2.317032076844473 -0.07597155793221602 -0.4583062339466624 563 512.090343952179 2325 1 -6.936830382614651e-07


# name: injParameters
# type: matrix
# rows: 1
# columns: 11
 2.04 0.07999999999999999 3.1 1 1 0 0 0 0 0 0


