# Created by Octave 3.8.2, Sun May 24 05:29:55 2015 PDT <charlie@yukawa>
# name: outString
# type: sq_string
# elements: 1
# length: 114
Slope	Lambda	Gravity	Lambda	MagneticField	Lambda	MagneticField^2	Lambda	AttractorTemp	Lambda	AttractorTempGradient
# name: om
# type: matrix
# rows: 187
# columns: 31
 -10.05281433119151 0.1464860075198268 -1282498.737766885 2.808367127921347 0.1182250235577826 0.06479642243246556 -1096711413779416 520.3997216121978 639.8313629791267 2.463765265446666 6.1256557531697 3001.000381955582 939 191616 1 -3.080114945117349 0.3372164513012698 0 -0.5189436971808963 0 -0.9388705549297569 -6.577089116166896 -0.2897752971170018 6.656335693794438 0.09024376910330548 -9.106524955160424 3 842.4342958927155 2325 -1 1.972592560929129e-05
 -10.16508440424779 0.2549539648336851 -355.7219769756124 60611.49684937532 498808.2388657877 0.04785473941698221 -1.750299410259971e+17 39.17997870821311 5.743569786198809 0.07681699841246192 -525373619209.8018 2964.293256842791 3314 191664 1 -4.603478305932585 -1.856483182489793 5.010357821782569 -1.264751385655787 -6.216259071005584 -0.08884375213067404 -7.090746415199506 -0.8695653773860768 5.975060517678311 -1.864902900839946 6.917360808726928 6 700.9910011291504 2325 -1 -1.214002527476543e-05
 -10.38331342921765 0.1476345358330921 -410063.1171061042 0.03985183755750771 9.977709906708104e+20 0.08359874513531652 -72313351399.48312 421.2906527581621 448.7707860245951 4.595947855586741 1.561206561666457 3066.253771624139 782 191391 2 4.670288547752791 -0.9125535881702032 0.4788033828056584 0.975795301984526 5.749655778418822 -0.5688970253255334 3.962169876942303 -1.548253292731933 -5.566485698758133 -1.477315091040942 0.7126932033907032 9 703.6183362007141 2325 -1 -7.777555139785238e-07
 -9.725471346936763 0.2069625886461985 -2916.481750926561 0.2587510623602107 709.8530168643581 0.07097669530416208 -2544021693625.09 50.89174940153766 8.977945735027269 3463.270266458041 19346.31800476383 3154.665340357945 997 191635 1 -4.544770186504983 -1.031124420178593 -1.218371089596781 -1.238253366784669 7.848656662123446 -0.4859170980048848 3.975493138351085 0.1613965047878141 -4.282746801157219 0.03080741201069818 -2.513061754124805 12 693.1989879608154 2325 -1 -4.525984821665321e-06
 -9.899245181667682 0.1103145417909024 -4700322.958520732 2.637016583526123 0.1835496019093439 0.2006579544994426 -42425.94701209819 4705.01417253725 56808.93742675234 157.247320731371 81.15102578268902 3113.144744461147 2935 191664 1 -4.1454743989772 -0.8764860466426407 0.361912020013488 -1.844945720950852 4.948117022911547 -1.583763390283625 -0 -0.721811267548695 1.328308901723394 -0.03706082032934348 6.228628735508278 15 695.8846111297607 2325 -1 -1.184344116578394e-05
 -8.911212007301557 0.03716662873983602 -9.99726801612274e+20 4501.217293052782 3617.474009602699 0.2650860715619688 -4068.986481582752 24897.48493460965 1707544.705523301 1.521411677691951 10.60871933496328 3047.87690292204 1769 191648 2 -4.680628198020434 -0.7643110909077597 -5.116862095597059 -0.470635688090244 -2.343980033959321 -1.072481354686103 8.931947567672957 0.5160207654779567 5.484643300273426 -1.783894381355594 9.031695896888092 18 556.2067518234253 2325 -1 1.293633990838443e-06
 -9.191720020448297 0.03829323258573427 -9.996974128502994e+20 2.006005983376601 0.239667944330957 0.3316654705847151 -754.4154126058885 33585.26686536954 2749291.267726802 18712.36149010418 -277118.0489839881 3038.219349689035 365 190644 2 -3.26837666313082 -1.518789760717972 -1.317136349584074 -1.266359437268317 -6.292234220213671 -1.911399197073234 2.788534495610319 -0.6421338063049955 0.1560609547379608 -0.972020345343549 2.331395901143127 21 558.7642722129822 2325 -1 6.003360262921933e-06
 -9.686919898015127 0.17049589673826 -17759.65191857599 2.909233616540732 0.1190382676968704 0.1325386490862031 -9497539.765070105 358.769209110956 415.9032097952455 11040.10834452588 255464.0329982735 3004.186649970628 222 111458 1 -3.8942822720645 -0.8102747345030838 9.85546811590137 -1.469962181552114 -0 -1.981655139026691 -5.644413324067498 -0.2236172612015741 4.687154300059957 -1.179163784329771 3.577539009301766 24 327.5590240955353 2325 -1 -6.9990544376695e-06
 -9.909089899991338 0.2140908699202818 -2774.589028857969 0.04671062978226972 2.061741425602199e+17 0.1107880404241309 -79263622.5714054 23.97756598157683 2.212926897651578 0.3132191759542366 6157.580629388715 3013.588593045914 2144 191663 1 -4.456758680125412 0.5190736226690698 -0.9290472741871838 0.8009387575737934 7.450869441031914 0.3055906592880726 -7.582439076509266 -0.6243015968875936 7.300640846390962 -1.14395709655251 8.107627406239642 27 557.9412219524384 2325 -1 -8.988083333867531e-06
 -9.907116754636624 0.3038144012952987 -109.0412346996855 1517.103136798981 267.1258421986361 0.2799638776169391 -2878.953506251838 7027.044685192003 111399.9176024463 0.1712312437909045 1638205.836235899 2960.723385116368 1296 191654 1 4.48823938241298 0.4220066528964863 0 -1.108636331448303 -0.8001088658453845 -1.066958446868471 1.748858201850345 -1.544229196766629 0 0.5775970975710649 8.003024006293048 30 557.8800220489502 2325 -1 4.336275705145999e-06
 -10.00592273264882 0.5187452186592543 -5.890919769060485 1991.0858221728 1166.664771493909 1.579316341662631 -1.098073057749019 78.19014208856989 17.42486386368295 75.46511447626162 15.05716081447182 2999.78340127812 480 191508 1 3.935512568502971 0.6035518450525936 -4.847293271239942 -0.9165833998498201 -2.675412770583092 -0.2400207927098439 2.014970816397563 0.6728630047589164 4.240910665067664 -0.6742880175295793 -9.600060982494155 33 550.3509719371796 2325 -1 -4.323001321752164e-06
 -9.959140674156002 0.08898012623654528 -15179691571.37204 1.528191041905492 0.4265609244648602 0.2376897466277003 -29937.23632545685 10636.35561911399 269062.3821318357 3.306299577852645 2.388133652798268 3210.786078797239 4355 191664 1 4.674092214745809 -0.6183558432243377 -2.184566539508376 0.4648266881228942 2.125707675972473 0.3172464593647954 -1.599864981454711 -1.623678479380627 -1.475341019467106 0.8237384446394191 -0 36 558.342756986618 2325 -1 2.171251721327941e-05
 -9.469621987122732 0.3369094511885443 -92.66958485501928 933.8771051386826 101.2365603565488 0.1071826062989866 -2163699518.168758 115.8398867117474 40.25770096979054 1524.327442150362 4393.095447389695 3052.310508241564 1272 191605 1 4.455260460208826 0.01432142355789214 9.437437933897693 -0.2154596733469809 3.322984985576967 0.02038865224411966 6.174713300045454 0.07344868782858652 -1.19878379098012 -0.0006047146422512292 4.208582955738469 39 555.2461409568787 2325 -1 2.78922868648505e-05
 -9.758865316147062 0.2383173310932567 -2458.941551881818 2.562090279339601 0.1714922519633333 0.1651115345282897 -1208367.474595079 54769.05771372939 6897346.699913925 0.1274442641666973 -252002244.3392399 2939.278625415417 1153 191199 1 4.29971793904356 -1.642515988470298 -1.11474009212267 -1.677046549048163 9.710426725169434 0.8328219898253844 -8.365717742140191 -0.2688476766521629 0 -0.7316025231585375 6.43196872709828 42 554.5801918506622 2325 -1 1.832669452481307e-05
 -10.15431026467198 0.3257902531580893 -210.2382144367278 289.1508320092175 22.33204088718332 3.446434239526273 -0.3547239572594171 119.9102675233284 46.16935430426587 1.507299394583819 13.05537928809046 2958.372738807513 771 189006 1 4.678525043531237 -1.427651260383221 -7.856270995973331 0.5075697210806069 2.953887661560067 -1.621599181167122 0.9430073247726121 0.5123488612375469 9.970754683136921 -0.3332465697862289 -4.46260347330823 45 554.6440877914429 2325 -1 1.357681636042764e-05
 0.07904176435721659 107.4111807860264 7.017311092772467 0.1614243631321664 -86941.91429016834 0.4892604897210271 -69.11636171951866 308.2761607101065 213.0088631222561 1149.46454409844 2268.092971085915 2961.578303783925 498 191515 1 4.102229327576453 0.4452959691830465 -9.512026310679884 -1.530962399956684 -8.286788177602013 -0.2284215925702595 -3.178000767201882 -0.8224178561766635 -6.586892697152775 -1.04071798536016 -3.686149102760321 48 553.4554769992828 2325 -1 -1.837176946482619e-06
 -10.71096903516747 0.2776090893838059 -380.579714533256 1.394101256412696 0.2485407919799573 0.04986420161759656 -4.242851420338835e+19 100.9201822049382 28.69314781250846 0.2632813562219424 92733.10675378429 3005.263183388402 483 174631 1 -4.678722116639993 0.4383265394722669 -5.793407074880291 -1.051497517047784 -8.115743327246498 0.2591836326983747 1.819666549467651 -0.4670999809884311 7.157775157844549 -1.643348608629123 -1.229025983346236 51 505.1605849266052 2325 -1 2.306993711487112e-05
 -9.774525087754927 0.2974936107208996 -159.0296528892206 0.09942860803134479 1914490486.763393 0.1943737668896007 -147661.6141342374 128.951481210203 38.40662579231253 2.928864660141151 2.973160697887314 2853.297755969451 1274 127767 1 3.431429346991334 0.2245254048796061 -3.977260892172894 0.7241952507948493 -0 -0.9981192164643762 -9.710721004822847 -0.5387813698505903 -3.164217113042509 -0.1586175522948263 -2.388595884059489 54 372.4905278682709 2325 -1 1.023254978385761e-05
 -9.322779935515346 0.1546350758223415 -126550.2410893732 258.9344123500265 9.829624343657077 0.0692462046062422 -5268502937984.785 5573.946848014468 70924.42798041947 0.2153357704337077 -83861.88371580151 2992.207726133766 1086 191630 1 2.381003146402491 -1.569442535595684 6.627635757144036 -1.662897129628248 4.294152130442823 -0.3783683541266925 -0.5797076496878226 -0.7189699100152191 -0.0653757932698058 -1.324345018090611 -6.075522462122487 57 550.7549839019775 2325 -1 -8.779321944857309e-07
 -9.768421609838462 0.2556887673113454 -281.285862589181 2134.820842332413 1427.18909773764 3626.442858485192 -4280.573092140141 3095.341356807183 23559.70643044264 1.540497634751418 5.14790656539738 2936.854971968521 158 179192 1 4.573805464232131 -1.576877292378697 1.565425974711955 -1.763114245463428 -1.603458820392014 -1.739562275613642 -0.9383851673318775 0.1866849478311527 -5.631163619561626 -0.8478456312240779 -7.694229697277828 60 560.2242450714111 2325 -1 -1.841038839188672e-05
 -10.15715661093284 0.2460841698372739 -801.2799275707752 15479.20417207218 6483.534590200762 0.2012244924380555 -26197.75122700499 330.3571465433515 263.2974473262282 0.04845846422682912 5.646225382189526e+17 2887.51859894318 950 191496 1 3.523938794011357 -0.3371531001131043 5.42559903607499 0.5349828786032433 -6.023365020998346 -0.6736153843993309 -0 -1.243246396230795 8.636498150285513 -1.118775090377752 -9.579555777365393 63 558.3693678379059 2325 -1 -1.604263842073424e-06
 -10.35553464036188 0.1219103555028084 -1485217.280647835 1.155149873515825 0.7991555710204793 0.1449527496767246 -1220578.664295905 824.489592059069 1474.717336651051 4671.172461455056 56410.26173300814 3080.835160545798 1375 191641 1 -4.192164903223788 -0.7630208122577296 1.733189038476175 -0.3315002239795923 -2.561944353030054 0.633173108261043 1.395049999862477 -0.7245664142712904 -3.478778743325795 -1.642188407176055 -2.657604109965554 66 555.4755787849426 2325 -1 -7.649184303812389e-06
 -9.444426118722744 0.03578378879401042 9.986623173599397e+20 204.6692301724207 4.245506995681595 0.4616480441620389 -62.04339457126667 4027.440597628934 41516.35009827448 3.950696058148891 1.671008650396541 2849.960729014992 1807 127668 2 -4.557370030387695 -0.6898798911946251 -6.203068097938242 0.1846354786925546 -1.255828323077491 -1.490427276804841 -0.8721792104181607 0.1266644544580866 -9.305201805752166 0.1187646071158692 8.557376723748774 69 373.2187631130219 2325 -1 -1.493825916459225e-06
 -9.639760247282883 0.1379069925005117 -661816.8812692526 0.07598273250883376 997456860037.2271 0.3825414760160697 -271.3192137478944 432.8118233407083 461.9933132908526 0.1273961778678259 387828329.5911908 2863.116248527729 2818 191664 1 4.551990377027415 -0.5844933760870088 -8.490489271578323 -1.856873490670531 -1.941111954740141 0.6724834767246297 5.843304575063449 -1.897414930112001 -6.7643039035748 -1.379351361172174 -0.5015454023495622 72 554.0776300430298 2325 -1 1.169700250587482e-05
 -10.19926290817526 0.1899879881481911 -6009.504019963928 7.931890507180963 0.01371130821069704 0.06212942844708334 -73996829882734.45 10229.61964352902 193332.0614383753 7782.382700627334 -46171.67129045436 3004.235442627565 188 187885 1 -4.60200616022888 -0.1196722564988164 -2.127205818170802 0.8532243008054401 2.001539901063214 0.5412522846086549 -6.387051732127203 0.3218263373943526 -3.775414089131351 -1.948377707398324 9.537434013168294 75 557.210266828537 2325 -1 -7.131623490153053e-06
 -7.30358838014724 8.520139856218842 0.07583879829716944 229.6617406437525 4.075478442420023 0.2912078742675675 -964.292641320567 10291.64321825087 222075.6991424721 0.2234838382604518 98352.76457712984 2985.288247418214 1119 191491 1 2.837998895723945 0.4300584186499012 -2.440607580512886 -1.496800431026889 -8.171111195657513 0.3218639292113571 8.794562246859254 -0.839402711413296 -6.248988416518462 0.3164883603623188 -6.013831427238759 78 561.1233208179474 2325 -1 -1.253502441702365e-05
 -10.34707582786552 0.2398852799843072 -1220.728719969925 4370.01417893967 1434.966144769039 0.1372174933473652 -22519869.71233123 911.8964361990234 2327.493610654995 0.0572119972932357 -4.694910105970622e+16 3087.453369322754 614 175592 1 -3.206180142731879 -0.9567849953632486 -7.006760182641766 0.7134581632277359 -5.010919272585615 -1.045170444226573 -5.438246644238592 0.5647565598876674 -2.554967230508856 -0.697560961506114 -6.643213354178237 81 515.9829380512238 2325 -1 1.212854802111098e-05
 -9.653388601937122 0.1378267379610061 -51997.00216843902 54.73011509667611 0.7346064932748128 0.04398042087547273 -1.872762993944784e+17 86561.49444435262 13566897.21865983 1.203692749264992 2.944649287717437 2977.552359175325 1734 191660 1 -3.996100924753539 -1.538480124221446 -7.080356091697992 -1.819499066510654 6.970638496557231 0.2981750596886141 7.884869862040887 -0.6613828615819815 -2.254601598232092 -1.476509376715198 8.833991433167727 84 553.8899700641632 2325 -1 -2.486918492885603e-05
 -9.927266738341766 0.1999347476219292 -3400.315715029662 3896.802287687983 1036.098633570872 0.3296821260002084 -572.0043278308592 100.9829037120382 28.77064814354732 0.7477823623804013 44.37382911969564 2976.478366851402 1811 191660 1 4.382026062729418 -0.9224009975795626 -4.360482687338878 0.9792442140605422 5.658397344164874 -0.2104410389623662 8.09914353293104 0.258136342810336 -2.637500019030851 -1.712837757158264 -5.639344216264081 87 552.1789269447327 2325 -1 2.614066027976456e-07
 -9.660223261554664 0.2701832539457382 -696.9173632119479 180.2601072816107 6.840904995489578 0.488471825445416 -51.08885501703299 462.3477823497089 566.4428421772598 0.375949548214943 778.7155785834231 3029.633732221068 633 188569 1 4.66589967489938 0.5113527867748981 -4.380023604402555 -1.719234038840317 -0.3527087124381318 -1.052239685624737 0.8166157285694453 0.6903562315315108 -8.560376672523573 -0.7457932712997035 -1.477428091106118 90 550.2168989181519 2325 -1 6.797956537433876e-06
 -9.710036588518442 0.1276282133957273 -3438754.717859324 257.2899508218372 22.84688167294315 2.355952346477825 -0.7091429513736558 707.7479354343234 1416.3280740083 1.831878635175021 12.79515116296524 3066.518142808679 1721 191652 1 -4.564246348433419 0.4075891920085311 -6.031386076750436 -0.1751009614725012 9.154566857053348 -0.2627307534358643 0 0.1122355876577621 -0.6511858507056658 -1.391134987252295 9.325419042299004 93 565.3955719470978 2325 -1 9.723620278613501e-06
 -10.64595736891902 0.2728780179160551 -402.2109510583607 0.1602795804714159 -114695.6824627881 0.2450835253786046 -11706.78429617541 465.5629213925253 551.3350164319414 0.1523372865878833 10596754.27729422 2886.556983235543 1316 191601 1 3.345502604875451 -0.7007477413015666 -3.227508845305353 -0.656554306202903 1.110559101252222 -1.700140510061655 -0 0.4416866179914551 -5.88044284009677 -1.840847324301397 -1.496980268456395 96 565.0394549369812 2325 -1 4.497721862839534e-06
 -9.803863663556214 0.1665753660707602 -23923.84439593347 0.03925631607783433 -9.893770476931314e+20 0.1927850041983916 -62903.48584387651 831.5147745161452 1886.862765365747 93518.38215861816 18981309.01084598 2973.857971302099 3588 191652 2 4.503041207658763 -0.8470728103627616 -9.690428713088355 -1.760996137796091 1.834386602234512 0.2990642605440809 5.986307739430351 -1.051067547178636 -3.896273035755653 -1.827723491652793 -2.704650572925524 99 564.979957818985 2325 -1 1.238218874334078e-06
 -9.698647118899169 0.1836199821762222 -18131.01054244189 8.285972362832977 0.0597870293136492 0.08231967392465667 -105450160180.6632 471.6682039007516 612.3127811433055 2.462410980561 4.642238586556531 2999.972621102443 1842 191639 1 4.438494555067091 0.7640835828806907 -5.408004592096907 -1.488426770357391 -9.653982826691458 -0.6127411706854584 -4.842502343040317 -0.2522793418572374 6.994274984549541 -1.899086263967199 -7.627417427595168 102 590.1433379650116 2325 -1 1.250489038667259e-06
 -9.884166313300204 0.1405572019796967 -2318465.250424562 0.2256460464145197 19093.80528005933 0.5694033590676538 -21.62253919452604 2499.289733072624 16014.99968467408 2.486740929930259 3.871598388056839 2974.984697253424 1205 191660 1 -3.819553114009233 -1.442066063276114 -8.155968721716762 -0.261006770352843 9.071291921335122 0.3744332327474114 -2.105332505249574 0.1708383226031285 -9.676755777083127 0.3526946499664416 -5.078815914618541 105 584.5784640312195 2325 -1 2.013224717141638e-05
 -9.764646521921431 0.2911071930795353 -69.05931418349348 27.8670753620975 0.2651176600881508 1.06195542372336 -1.348139850865719 817.453162269721 1944.927185741601 2.008065134394927 5.457936021420149 2916.429031273613 1322 189575 1 -4.248336524250504 0.9102181647837089 5.313081793252395 -0.191458976946504 -8.299299871399874 -1.398589128177216 -7.880262769173882 -0.8870318687324037 -7.166918764766988 -0.02995105344831029 8.938615840668124 108 558.0596520900726 2325 -1 -1.710299382785726e-05
 -10.03788173948918 0.06712444357405475 -123673185310.3318 1703.54044694522 355.6850735699055 0.07266607144840713 -311120286793.6896 65.09568688596914 15.78433651076474 37507.53102074335 4288643.855231006 2776.37338783366 1274 191126 1 4.457649836160712 -0.9206910257451231 -2.07954201843867 -0.2947208008629741 4.391884015133019 0.3148166692364053 4.754968106200668 0.9386202644369757 2.04224209682827 -0.6102597285790754 1.433103605817124 111 557.0433881282806 2325 -1 -1.397858258826864e-05
 -10.26595208049719 0.1624351243943649 -89778.31392244899 2806.467288912316 1023.832446852035 0.06018171748477264 -151481906748941.4 1395.299929565292 4801.995979881679 1.062989169777159 12.14270728111135 3066.529607033212 3740 191659 1 -4.359958668233025 -1.286982907542747 6.731481359689096 -1.221004530005676 -9.563430331969842 0.02600623758620683 -5.972789484344167 -0.2478831452617998 3.284862706717745 -0.3678222670484904 -7.531592694602439 114 560.0136089324951 2325 -1 -4.701617940811435e-06
 -9.619904077047808 0.07576895943120507 -29497325479.40987 1018.846796531592 63.94117823663665 0.05733841098482718 -1259363143082712 110.7801519691366 36.5904744334078 71409.18636109313 7526042.661488277 3034.303347905944 1615 191661 1 -3.995028950310223 -1.350563405687159 6.51799548484485 -0.109487526127011 1.149496399178565 -1.867427575579941 0.3954514043242439 -1.737253121165311 3.989880510811302 -1.396172095839559 4.054523400005281 117 557.7897891998291 2325 -1 -5.535547166234889e-07
 -9.281317482269644 0.1780705847697761 -4390.298960957759 26.37334094072637 0.1615463272908597 0.1799834778789328 -389482.4867265968 101.451292122697 28.77479047966504 1.60094683984172 6.190471858082133 2990.838928968035 1351 191649 1 -4.686328793365817 -0.7148425700851266 -9.523611242058708 0.03713180105576042 -0 -1.696595700793805 -6.670714375676116 -0.3815041294067374 4.844896737988792 -1.274456350932921 3.087949449431076 120 554.6814649105072 2325 -1 7.783101118114402e-06
 -9.847192085621034 0.2136288892600473 -527.8690245479837 5.351614124726511 0.1337517770712992 0.0757390094004597 -50651225921.88869 30.7639416253282 4.468052594971777 1.639843050738667 6.581054244349404 2865.584471367824 630 191520 1 3.409560111792999 0.4578039051179429 1.573456321922623 0.7845453513181857 8.69721454192193 -0.9883779945674069 6.904992090845059 -1.899187985865991 -2.062576792258192 -1.182594702839855 5.49387134856802 123 562.0867011547089 2325 -1 -2.106770554785734e-05
 -9.531409221862441 0.2404988881839117 -793.3292692673155 977.5632929784905 72.87835391067476 0.07983808709855474 -152183180452.1752 2361.137646794871 13851.90829206458 1.504460228658663 14.5856655653659 2885.851308297033 1456 127773 1 -4.294715605654228 -0.2225477349818616 -3.534440280959105 -1.866335680249756 1.749175941066786 -1.354633150038837 -6.943120550965386 -1.073710614370001 6.338946462322623 0.8268721090798508 -2.952378994491861 126 385.0209379196167 2325 -1 1.675143733760263e-06
 -9.902369526590418 0.3015627448115902 -81.4817830273614 0.07170527490865147 195922707439.1456 0.1836254876826361 -50966.6000084273 138.989865759599 49.69199215779945 2.649001050819616 1.872011105506521 2780.468035266071 1223 191471 1 4.63643540403416 -1.221363520019269 -6.669577911805681 0.8199234269544204 -2.04065560448346 -1.306471181525442 -6.546122268288136 -0.6759146654829715 -2.957916618038376 -1.992258694444159 5.256352338537354 129 565.5615310668945 2325 -1 -1.40836026913334e-05
 -10.34254290137605 0.04551280400115854 -4.850112351961284e+17 39836.81595943569 190329.9291610997 0.3018053446602942 -1167.518684090781 52386.23003307651 6467342.515462635 1.382270311978107 5.138705980122042 2898.559281414787 2229 191642 1 4.115240344642319 -0.3221090392852206 0 -0.8877665405661741 -7.33597907957091 -0.1670698526615029 -4.257656383895977 -1.051362959456469 1.068731484972857 -0.564099997687622 -4.638335554133887 132 550.9784688949585 2325 -1 4.976801932591706e-06
 -9.812579359649943 0.2536901755094614 -403.5788147473541 276.3146065877454 9.908568780734887 0.159494364312991 -196073.4668914134 222.1837577522016 139.9025744720825 2.014705807785797 6.872837657320216 2807.797222221905 807 127700 1 -3.898103455126219 -0.4441139144066888 0 -0.4717507726756952 4.819906093096445 0.7636614554844359 -0.2044365386407501 -1.29700384875848 -9.697908887587737 0.3714236186695068 -9.084183010134844 135 370.6504590511322 2325 -1 -1.536093817412723e-05
 -10.14910039155269 0.2472208164387513 -739.1016155550286 2.876744340277265 0.1425224862940149 0.1364584491028965 -18586196.7987436 1156.890250424893 3079.06888866779 2229.817982342401 11362.11541417279 3039.862061757028 253 190284 1 4.488917968809941 -1.592881823084751 8.843910666227648 0.1945434022552081 -0 -0.8520711201979321 6.780631165243172 -1.412711025680029 0 0.330855931007259 -0 138 573.706845998764 2325 -1 1.037882483312009e-05
 -10.09098183146872 0.1065180630878768 -12914801.93658633 87925.35167679444 300239.2677145907 0.1226254351439763 -11018107.16773549 2057.974158149003 12353.05462641979 464.8294785552195 764.8091215031579 3002.727408021475 2497 191661 2 -4.44778915288827 0.8513288589592358 -3.065780777525395 0.06317384193093148 -5.742256049360617 -1.778204255329883 -7.366447329666013 0.1851675853988084 3.08222281663653 -0.8212414582783758 7.84198034101474 141 592.0088019371033 2325 -1 -1.296348462750591e-05
 -9.789603685787592 0.1192479735824247 -6097031.589525184 21361.75345550338 70794.15322106387 0.08892016528944208 -10889788644.04079 509.7548860942096 712.7812826237965 0.05281723662434155 9.737938420934894e+16 2849.294150009539 3590 191654 1 4.654303275401429 -1.207837553828957 3.251167489627642 0.371881557181831 2.150563450681048 -1.700228336018676 -9.107638842557876 0.3767829925298027 0.0880488516735074 -0.2618910173932338 3.328069842456103 144 566.0225110054016 2325 -1 -3.758771265696879e-06
 -9.941152804056278 0.2545136690370598 -323.3481846856801 5.226026737324738 0.0860211699315256 0.05850477099742649 -988853170798013.2 22063.12077541879 1136137.308239465 30128.11535532077 1273114.404762333 3011.438636345865 1083 127775 1 -4.226212701168071 0.508576041914917 2.986147289316358 -0.05533494630465886 4.509986937331838 0.2983875721331292 5.210478192090512 -1.602908115712876 7.623148860610726 0.1295434736062621 7.465099699041557 147 371.9906461238861 2325 -1 -2.334611957453854e-06
 -10.04439644962504 0.2058355812651055 -5054.139348054251 10.8286618727417 0.03381934918035019 0.109087871502424 -1644369509.395764 1001.824445041305 2831.768924775468 1.772097678243203 6.76968819101768 2973.933164017702 962 191122 1 -3.116645253182987 0.4677227159984221 6.465724370012299 -0.244185285282633 -9.092362102646852 -1.108768896329763 -1.082976959106362 0.08370466402454646 7.960571692057076 0.02896386290990002 -2.699671731095423 150 571.2826461791992 2325 -1 1.969115348336725e-05
 -9.028460733313517 0.2179013776244947 -3698.027011528975 8487.346832643947 11384.83974899014 0.2626577247310958 -5465.263319342055 104.8209656186134 33.76585901886534 0.6634133461811345 170.2346880375541 2957.036687707442 1064 191621 1 -4.203134233340255 -1.818319964301895 -9.606483588829194 -1.687959924733621 4.708740363612458 0.2034082330947999 -6.571703641867509 -1.792587927566206 1.093429337030913 -0.888027947501925 -4.655945200498717 153 576.2838609218597 2325 -1 1.021218127981337e-05
 -9.672286753894173 0.2721640426230592 -143.5160985844923 0.4259966797451604 -12.88631278985294 0.3728524913553877 -119.5883702889194 396.4393825562478 376.9163991993511 39926.93696681186 589777.7579621973 2870.015564252057 316 126592 1 -3.658077403669744 -0.3218069060887761 1.744817907352841 -1.257063736481857 1.923035397894265 0.8558700082907236 -3.887010881276943 -0.3291669364783827 7.458697716329134 0.6870513053524472 0.5804812610896244 156 375.2385029792786 2325 -1 -8.172323421470782e-06
 -10.15167307950136 0.1723432684735132 -39689.7127295088 1.373426012099294 0.2033082137284062 0.0865338716801569 -73474589665.80473 421.4939531535373 379.4842899093299 660.9689974831246 -520.6149256153299 3032.86783103291 2314 191642 1 -4.595719545252424 0.382250876494624 -0 0.7793538246178073 -9.619230894912222 0.4236312554958643 2.878094103945128 0.01226823009797285 -8.184060089277015 -0.9019807491464027 -9.776164606615319 159 567.2189538478851 2325 -1 8.436323644937097e-06
 -10.26878167262909 0.210066190158417 -1032.204209118447 2444.864405869381 625.3041084837024 0.1023575210691062 -211257893.5375715 84.53481002625459 22.40581684156828 315.2643853900827 354.4853392951227 2942.999237988784 1185 191631 1 -4.27899864235076 -1.312328882237624 -2.198275691783369 -1.414921274910921 4.163208192689846 -1.351111687729148 -5.501437491568349 -0.4583940047526278 -5.855502544141336 -0.7174410532676775 -9.545830584442202 162 569.45063996315 2325 -1 -1.518182029133748e-05
 -4.215146417960222 11.08933082342025 0.1804643040477648 5798.614829325294 5429.725167966179 0.279872230656095 -4882.843930515334 102.2735085265088 33.07269135749219 26626.73184207712 717395.1243450232 3141.243006647891 1791 191581 1 3.127320037874934 -0.3340643825078403 0.2757992325260048 -0.7968897163022959 3.657415976137066 -0.2205173952713358 7.83677210383375 -1.961862328059888 1.55274732751319 0.1342819829769225 1.189229863541938 165 559.1336989402771 2325 -1 9.043995186995964e-06
 -9.771737267052004 0.1925412842559018 -14418.31119796383 0.04033243600519579 9.963940959818622e+20 0.1268044393266066 -105963939.2835204 66725.23716037854 9062517.857316237 1.206045842859402 24.63912343052656 3058.638664789059 1018 191493 2 -4.276155248187496 -1.247227656577921 9.876818193118254 0.6530172460591519 9.779058313642764 0.2040637939241141 -4.044070665061761 0.6707333458867373 -7.889478950140957 -0.6568669296843463 9.765733147687538 168 575.1336050033569 2325 -1 1.263310336605962e-05
 -10.1876336851717 0.09674365135960171 -39371619.48026381 1944.090043508299 -112.8080309557771 0.08898156916881687 -2006354096.034554 44.91721107834404 8.570403868533493 1.311968613279977 10.30102232900482 3128.767886563232 2364 191611 1 4.616619288118945 0.6019523914542781 -7.086164663637076 0.3437317143594907 -0 -1.063969744726672 -9.893369683109862 -0.0432265646659902 9.997381260073777 -1.981166643191481 -2.043741565389087 171 572.1134459972382 2325 -1 -1.884160855120754e-05
 -9.719425222020408 0.375522568004825 -19.94227812835671 426.5206662929038 15.09301426592972 0.4227117024183282 -182.1355496271316 742.1954699964683 1487.848614875221 0.3853474665225163 840.3196236309047 3056.478530045267 1315 127772 1 -4.659885582455265 -0.05219014447210137 0.4683616326923254 -1.630932576309833 9.373911970769335 0.511003655465232 8.214921336159911 -1.876396375071247 4.910564158601325 -0.7689185581703537 -9.138918985677842 174 395.4045691490173 2325 -1 4.822727848989642e-06
 -9.827653775976065 0.2322640192902485 -1902.337258617028 21586.71896162543 60973.23957689963 0.2286669841068536 -18609.73136912422 8267.676796174084 141735.8526128028 0.9318337824815283 63.03242740941185 2978.069897497447 1331 191624 1 4.671952518767451 -1.837548839443269 -1.304076780560045 0.2865584877352262 5.617701652571808 -0.5872266047865775 0 -0.1225134928028818 -2.99876141872291 -0.6366140656744107 1.304033511724294 177 581.6527490615845 2325 -1 5.480959619188759e-06
 -10.03636361849989 0.2026357789834157 -5134.412918149143 6.528845239688781 0.04512159529326087 0.4889265330110407 -69.46362629624963 9926.354243261407 199776.2873596863 1.344812244655548 19.41167580316243 3031.300733799149 460 189190 1 -4.463996430541612 0.6128150664111436 4.921931252951101 -0.4811931186202116 -1.498758725867678 -0.2626923402539046 3.952944476751735 -0.1837095125901929 9.894757892920843 -0.8506136449325723 2.953511167581891 180 555.7121429443359 2325 -1 1.209077958056667e-06
 -10.3403742896224 0.1044764724621702 -6301887.80786451 4.812633654269065 0.07383016106278052 0.1366024310014117 -1807100.000066677 106.6071768852219 32.50439278527722 12.16952679824847 0.9833001667235713 2915.901765320048 1897 127763 1 3.825325979797859 -1.669751766507185 -3.419958973687314 -0.3035036046328142 9.632886275855363 -1.323609793571672 0 0.6813419883989211 -2.847577115930374 -1.263096611938147 0 183 371.1638631820679 2325 -1 -1.813415350260164e-05
 -9.874974249660504 0.206533456712773 -6502.748421166825 8562.033797928427 4170.946636119031 0.4851835931489331 -86.81595811457493 581.5864421155508 941.588573078129 3.144066417129844 2.045798930170707 3037.143453872303 428 189821 1 4.123315912498853 0.04567379683048853 -5.923238476469146 -0.1026331006450629 0 0.03646173199987546 0 -1.756098466050064 -0.1137829653856719 0.5342229824929836 6.430298361710767 186 551.3705739974976 2325 -1 1.643458399356977e-05
 -9.054327152599148 0.8870057847609433 0.2212042346528138 13.29136362514154 0.106098565356218 0.135333662655521 -4210027.030053933 65845.42940520568 10788403.86880703 0.6004255407868593 101.6521442279101 2964.142840950189 1749 191659 1 4.232267093838606 -0.6630496775884964 -8.746376219528559 -1.593824149486935 -7.942078513030985 0.2120535680503482 -4.293687175780296 0.8583793872524175 -0.453719459338906 -0.9938204156304327 -1.096423364530495 189 552.9051539897919 2325 -1 -6.919148726401713e-06
 -9.576574734030466 0.1793978580336535 -15834.51514425814 1.662662260994295 0.3850676770727635 0.3292470590098734 -450.7675717652951 63797.3761020475 8816226.344552722 0.07912143638675383 467988339374.3446 2875.035320653824 2127 191653 1 -4.644048649974806 -0.5346979919478816 -2.186396296261714 -0.1900970635411552 -6.960785858465459 -1.014248406990387 -4.885515537727192 0.05456651678151166 5.599150256839559 0.01659872878324183 -1.80804944918455 192 553.4473571777344 2325 -1 -5.955331266057502e-06
 -9.758124198431275 0.05397259153716881 -194576717768271.3 32584.12172602061 62826.08509382329 0.1191778204362117 -30006163.85021676 95.87396312700962 26.28090372018772 57703.53671464111 3052067.207085782 2763.858796995763 5141 127769 1 4.042814844322755 -0.3223512417593444 7.219362367398375 0.5513370848114252 -7.826333074101886 -0.08969762642695048 -7.587053923790283 -0.5059796885371908 -8.339821748034378 -1.4593327036792 -9.224844647186965 195 378.2050411701202 2325 -1 -6.672869487011601e-06
 -10.26940909671412 0.3061794869210497 -204.9972570406534 301.1500143924913 7.852918608843048 0.3665254449823629 -265.6200631948251 491.1739544281724 671.204720578554 9.567334338672604 1.082920872811737 3039.868700042004 309 126080 1 -4.164445810822487 0.3138232723216489 -9.095886761315588 -1.748799689742291 -2.451867484545242 0.01194552631111679 -7.171487928805718 -1.618972378707094 -4.360983309137268 0.7305951919666347 5.032060663540323 198 374.5104069709778 2325 -1 5.628990766487389e-06
 -9.411842173195197 0.03720466925168043 9.995550515900187e+20 1441.673105243071 455.5702958583804 0.1522286830127788 -2460040.725101631 175.7022349849638 86.26716801916295 10907.53897108053 274044.9004470353 2890.885355362246 424 191638 2 -4.58050170646575 -0.6973759646074509 7.125122313819874 0.3042907217449962 4.293198754053884 -1.487702193720628 8.522262792116996 -0.2466541294097589 7.470851357012716 -0.1720052143755107 5.286843702771924 201 557.8661479949951 2325 -1 2.661471386948128e-06
 -10.49637356742154 0.2132215040647863 -3707.642865390523 4.063055729406029 0.08052278970817456 0.4217258632058743 -80.02990572308765 15667.2978589111 642876.8550576328 0.2694406087630238 9642.806872746227 3138.799322791364 980 127086 1 -4.689259157081318 0.01407173067420862 4.918472962970738 0.8859696146049347 9.282061590527238 0.4657568385073567 6.88518976126328 0.568079627245226 7.349718604728983 0.8158887214842133 -0.9977741931783606 204 372.4099948406219 2325 -1 -1.990850929420653e-06
 -10.45667930201397 0.2232821620041242 -1153.299354713825 19077.75970498184 36894.75931458043 0.07857455226228317 -69089893367.40117 845.1751016453934 1820.053987369421 38.54803750463529 3.272312453995247 2920.501786751098 815 127771 1 4.555104316890681 0.05281219433358193 3.016500208184899 -1.585574536951431 -4.944356145428409 0.4909938008543859 -2.418928157181699 0.2703239620524522 3.711061953441062 0.5390459096475069 -4.523280816438583 207 379.0722961425781 2325 -1 -1.028919644121709e-05
 -9.994706463778067 0.2938787574025598 -313.7660056630972 12118.54738881574 10370.18631732452 0.2650716040171449 -3430.183839459413 15713.18278256246 697075.234854711 2263.916743956639 12090.54541948686 2926.046218667611 1827 191643 1 -4.637737795408359 -1.168078628310332 0.2818674196430964 0.5389142622733401 4.991746989095269 -0.7237771310594461 -1.274464049967623 -0.2308732479286153 -0 0.8142498544061855 -6.358518973269754 210 554.2630779743195 2325 -1 3.637850895541585e-07
 11.58461077482519 9578.837833827369 100516.377864403 962.1707503564998 55.10310263249425 0.1758617281361121 -198711.0416362932 249.5570282224349 165.7630533598716 2441.419492814233 17242.10466386435 2797.913399362537 1391 191663 1 -3.221596923014609 -0.80741308034957 8.655413348836021 -0.1562356504250105 -7.188858538650344 0.4432258134955953 -6.887829373709191 -0.8300628287497158 5.71554026793946 0.1659942951501616 8.468789329727691 213 553.7489161491394 2325 -1 -4.97232419889818e-06
 -8.133278805052054 10.97587439151638 0.05838810289539072 13406.02804187303 22834.60709648663 0.04907024627485124 -1.355300206015046e+17 129.9469264101671 44.2906034523867 1.527770153272973 10.49242973331932 2883.052615183269 1245 191651 1 3.641953498080015 -1.958094478602521 -5.973248975470187 -1.766099916418534 -8.450788497134333 -1.946737459299483 9.404706329305839 -0.3767154090922595 -0 0.7119150334576467 -5.035784932592357 216 552.0598268508911 2325 -1 -7.061520935021515e-06
 -9.591552376230966 0.154873375127381 -177075.6915871325 314.0322056164256 1.903086269531631 0.1650642065612859 -569138.8099045613 291.7533383695695 240.5512660516598 1103.245248540295 4730.555764523737 3048.633497306406 2447 191639 1 4.530039937473902 0.8676768695378758 -2.348926335829026 0.1209862669016335 6.739489515517195 -1.596735918554435 0.3645516364175587 -1.02965905402209 -8.749892315366891 -0.8490101457060115 -1.431431956258165 219 550.0054409503937 2325 -1 7.562236805789751e-06
 -10.51850036928787 0.2729873162527938 -497.6782753777482 48.2357939876735 0.4178420540707081 0.08186717780112285 -411559407439.3504 875.0856279291464 1827.255713272072 2980.548107577052 14569.99618422281 3108.841301310852 334 191284 1 -4.284787545643931 0.6509163058916152 2.644625117100982 -1.238722660032733 -7.85819829985113 -0.03676912964416527 5.010420551208402 0.2502028764943871 3.47132597480197 -0.2310642198974646 0 222 550.3228089809418 2325 -1 9.067422197774151e-06
 -10.40948765046533 0.1922407402306855 -4936.442337662505 0.06781379218285899 224313597306.9472 0.204263999991327 -16018.90965238864 9.814638961651839 1.453738511652757 117.8467786672477 12.53609436779617 3015.615736793696 1480 191661 1 4.000678429473596 0.5702923987819868 -4.084150208286829 -0.5738192243671953 1.943102922699397 -1.770551694439162 -2.401273290250953 0.2152969805731363 -7.875031913308321 -0.1496207714007892 1.552271494464422 225 567.6563758850098 2325 -1 -1.881504147114075e-05
 -9.593815116174374 0.2149998312739239 -5165.152426688995 6075.740108892961 4358.116929417323 0.04973063489079715 -1.243422274984328e+18 99.70445164209093 30.86425693747652 115.918640697615 18.89591972039175 2942.093786540727 1998 127768 1 4.118343737451004 -1.320169889432482 4.281148324892904 -0.5269054818259118 -9.640497833565904 0.02871895598107033 0 0.2239371493754571 -9.830239465062306 -1.905942475471242 1.165119339907782 228 379.4331929683685 2325 -1 4.743637010058809e-06
 -9.883304042613446 0.2560237917938812 -282.8036295579661 0.965743786240022 -0.3281498815909378 0.2750563923411581 -1341.047522722899 710.4633730840602 1275.379349625886 1.203917544975154 12.2412771726589 3121.199975453692 2639 191648 1 4.193333288136115 -1.775879883684683 -0 0.7283267642054052 8.209635293843338 -0.3755140210823171 -8.57874910498815 -0.483828298746702 0 -0.0623221237091398 5.267462645668576 231 567.8382728099823 2325 -1 -1.381227141900965e-05
 -8.921101755806031 0.04146199999389218 2.720966968555708e+17 3.85839085045557 0.08615743974243244 0.09068607347440123 -4352605834.863925 5612.136431294224 94580.86842613564 1.92961743465289 5.342299469317457 3080.595957123377 1398 191621 1 4.400715316492618 -0.7980252371196777 5.706182900460819 -0.5295863884182266 6.338939600591921 0.10528873555105 2.048408835176564 -0.0782814245768986 -2.10762195697108 -0.9277070827479381 -0 234 560.8460521697998 2325 -1 -9.805243634226609e-06
 -14.83695093714591 11.08463916919464 -0.1648603759309291 4.02813669189432 0.09697775467866758 0.1110605916224819 -207464630.2513125 114.9642788615412 39.75093715373037 13.69986595132223 2.469863454624017 2872.361402097494 1968 191659 1 -4.660776725128474 -0.68063460428605 0 0.3734692035587091 -7.089325366280564 -0.3382873093126584 1.974059870961243 -0.4443153640817919 -5.218100146553864 0.9049278778976437 -7.198396808196463 237 550.1784591674805 2325 -1 4.782016752254049e-06
 -9.179581371692484 0.1350717704441923 -80232.70565789167 109.3017290944572 2.241600764192549 0.2418672276312439 -1530.036918708574 273.6679175312261 225.4312641497949 106.42295378738 30.07406879208274 2976.157526449218 687 191596 1 4.579454226098123 -0.7211522841595279 9.348975872732852 0.4474095207063087 -2.361076996510097 -1.879820126660477 -0.7578078879450132 -1.358525066147326 -3.507182552094692 -0.1430098567286394 -5.646195507625856 240 552.9142990112305 2325 -1 -3.557137479087622e-05
 -10.08679559495331 0.2499166929968513 -291.887341534208 0.0615973893537585 -3957350859452.232 0.04855709256729389 -5.07864665814233e+16 46.48106853114318 8.208237573066659 1.538599555992826 10.88119164697815 2864.116886639062 3649 303451 1 -4.635478358077396 -0.9307080716188185 1.020934320402208 -0.9994297962901557 9.642691262172685 0.3073728358299492 -8.98170354736288 -0.2490945803162843 -0.8940289537023394 0.6100293968867803 2.974918370144743 243 868.8197519779205 2325 -1 -1.501063401897338e-05
 -9.564340576414978 0.1889492668020612 -3746.171579684186 591.5379295140297 14.57238825605578 0.3078298226634747 -863.1077047797576 38498.49772754274 4154808.667338531 51313.56997873403 2842995.603279894 2971.778244685268 2310 191660 1 4.358461148189802 0.3163357077441975 -7.149893668642012 0.3083436396854812 7.889865434559956 0.2909318409933652 -8.970995109386902 -0.2901732101266603 8.611385986729697 0.9975140467662426 4.313703369614854 246 556.3674821853638 2325 -1 -1.015664021210087e-05
 -9.793918201206681 0.2453190510435355 -363.3783276918697 323.0584550833094 12.36358926942174 0.1653066418578446 -585518.6684686296 6740.37036916081 111195.6629889825 3.448287904031817 1.693544125323632 2969.70481166093 198 173975 1 4.215500627107531 -0.3091659108602763 3.906816021640569 -0.05511281792496096 -0.01705916933855978 0.2426327348282866 1.192766249720681 0.5731543925317721 3.236806749219655 -1.990401470805874 0 249 506.2854239940643 2325 -1 -1.320721552852973e-06
 -10.44820401142104 0.176726175073805 -11049.34492964968 0.1064728005723795 -11677047.83575473 0.05203599393391956 -7453010742833978 157.0568028168987 63.56273225462347 11721.81437428375 -102968.2875990985 2862.581753861121 946 191644 1 4.334421866033016 -1.037169488396958 5.370346292415584 -0.4050941917980841 -6.097118416436214 -0.2173261994851341 6.16991343380943 -0.6467684413456309 2.125392855351723 -1.708279409226625 5.838287882005971 252 570.6575260162354 2325 -1 -1.057475678101926e-05
 -9.869138977915075 0.1810760536130632 -22486.95247446953 276.5005557145392 0.2284067258845303 0.4969908238091173 -47.36135330646749 17.65427859530137 2.321815346698954 0.04119467788243256 9.999259425780335e+20 2851.291414906273 2072 207612 2 -4.064117538110994 -0.5498165595834301 -6.145784061977592 0.855197618909842 1.3420154939708 0.3832114390763177 -3.481858063703219 -1.210047050157401 -5.970458692083356 0.4139541327476861 -3.66338832786669 255 602.7475290298462 2325 -1 -1.524250643751611e-06
 -10.03544057109643 0.2817809031901925 -578.8725306888011 2057.350179162772 430.3652201195017 0.2730851414690972 -2033.164320329638 64353.04764432849 9809688.795782678 763.5325031800415 564.9387591371136 2870.560512214531 926 127767 1 3.577622031294525 0.7924616937799605 5.011761080747332 -1.576920779944443 0.3283536391059898 -0.2139496239289081 7.649654909878722 -0.192853097041561 -6.972832460119649 0.6378583494534 -6.627759770128783 258 373.5049359798431 2325 -1 7.004246245188163e-06
 -9.834239915710596 0.1164554415273094 -1085783.508636831 0.707744064590602 2.201739391497892 0.6103900550329798 -10.61247702030136 914.6793383708439 1884.006910560016 0.4446071007119594 184.5176728414351 2882.049970446306 1108 191407 1 -4.384168758943041 0.3341804415813212 5.145779306592719 -0.3559362209647734 6.595487281456257 -0.6826066485958826 -6.36860068691275 -0.5599174586039304 -6.586767477632268 0.4559038219260581 4.248680677729022 261 563.3100049495697 2325 -1 -2.524019966037212e-05
 -9.521092501950173 0.1711928038478528 -27218.37333015526 264.1169676849149 10.73255259870148 0.3756098834663291 -315.7588479606817 83208.218131216 18345640.42841231 7341.030288428851 78451.9757169478 3131.462252625785 754 191635 1 4.442802689943815 0.3157404468756342 -1.423398627126759 -0.8226390781069384 -0 0.6447613498307176 -2.908808467786951 -1.221161992508517 2.035332120836498 -0.5642194460912533 -8.21390120934225 264 587.5721690654755 2325 -1 1.579035695686024e-06
 -9.63255760725413 0.2545311305052481 -1519.00709402511 281.5657831603843 9.837695586747909 0.2514900516537732 -19325.78618764249 55047.40224081109 7472552.596155503 55664.73795363698 6029408.673373573 2917.878167222443 361 110715 1 4.608910408604743 -1.058258632459089 0 0.1309522314060381 -3.707797704389044 0.90268514060504 -2.965728360697948 -0.2786719924205059 -3.40847633057897 -1.668232831618067 9.250375193989944 267 347.0769319534302 2325 -1 2.765044911627579e-05
 -10.13077901040832 0.2704401153054999 -137.4314709993612 0.06498840093691023 3383731282014.994 0.09718823597697503 -1775940166.291256 6641.999305266827 102249.7640649552 309.4424916646439 179.938599947742 2915.292814888905 255 111554 1 -3.673198146511162 -0.8499018751918177 -0 0.9036453601245982 -0 0.01356512068145842 1.930659919873259 -1.806089991333284 -7.698581592932994 -1.663068740480547 2.200022661770558 270 346.736270904541 2325 -1 -6.877556319099463e-06
 -10.61128250155518 0.4294820785144375 -12.98752652942688 3.509903847978123 0.1388933612624859 0.741525855182087 -7.706061559325109 16945.67328393876 683846.8772032131 16908.33385244295 109215.0516881795 3060.823481175879 220 188736 1 -4.614863214413663 -0.318452003475528 2.041454667966321 0.5146368010053473 3.837442523899258 -1.687140784524675 -5.618595848934486 -0.7973682758758756 7.705412132293969 0.6988448148630275 7.181553031452879 273 570.0782608985901 2325 -1 -1.115788518115727e-05
 -9.786864863430164 0.3006741520870274 -76.54488472205759 1940.588513062028 575.3708439442659 0.6292922794336938 -12.64420708300833 160.1521748160589 65.45980343735221 13.7800001873016 0.6277832143224619 2813.031378118304 1016 191633 1 -4.680643093505344 0.932131307833199 7.20569314681034 -1.419715331889758 -1.870098872673545 -0.4288149954338802 -7.500793862076675 0.4777442010734729 8.937286444129739 -0.5294725535828517 -0.9310749153866098 276 578.3669281005859 2325 -1 -1.693480306107746e-05
 -9.782773974023067 0.1775331493616644 -30547.12874245787 3974.130170062376 1252.95329092464 0.1322501782258526 -14369087.83760237 1457.104619654281 4682.976886831269 17395.22295814043 349418.0892324302 3126.267377461458 1066 191620 1 4.666295220118986 -0.7203626060123778 0.9478980572903897 0.9166111589870445 5.538941636750387 -1.149247650581229 3.853013200817001 0.4248610914031769 2.705629087684393 0.7752301948699101 0 279 578.5978989601135 2325 -1 4.432856107931374e-06
 -9.482338323552399 0.03324618831685322 -9.998001942427967e+20 4.146608560998679 0.09062906263567645 0.04436462541808456 -4.702853510283849e+17 17.48578920956458 2.359300419290859 0.2336571147649162 43691.3829738787 2951.939110840046 743 191195 2 4.522715644287507 -0.8755112797548099 7.659578377219761 -0.129826509114757 -5.751239406227637 0.2467703115419049 -6.249989158878038 -1.3732754500388 5.315245141906692 -0.4615811300497628 3.754846591168024 282 586.07093501091 2325 -1 -1.912740247144586e-05
 -10.27791707755257 0.2447849908243464 -1360.483232759876 0.1350382820052537 4322415.083024688 0.1076265370115007 -2289676643.712934 79376.7725128984 12827955.74962899 39195.50789110189 1412949.102640511 2996.658267474042 656 127672 1 -4.668696310532712 0.5429102313437486 5.962192582061911 -0.6668910490727926 0 -1.630224332561099 -0 -1.445187737209904 3.409000086475919 -1.070091615162751 5.541870388299976 285 387.8021850585938 2325 -1 1.715558968656555e-05
 -13.13977853277983 8.537488903208484 -0.1152214751030158 1106.756963702638 222.1709463458581 0.305383276016934 -682.5178605124164 171.5786797698594 93.59403015090074 7109.134439381107 51687.52272238502 3150.515516132289 3188 127766 1 4.178846719447979 0.6296352703956245 2.44318098714641 -1.387581197405233 -8.479847267188298 -0.8952605835160874 3.731811112181676 -0.5984002325875011 -4.329689116505812 -1.832763615337749 2.420600416849311 288 393.1258599758148 2325 -1 -1.913877525351719e-05
 -9.915645182377659 0.3183425953363389 -270.884692119431 535.7478038680747 26.58642425064655 0.2734728661105994 -12785.71333882388 82.67098695976323 22.79038593757751 109.9374278772013 22.65768747953383 2896.209796493787 2452 127776 1 -4.57376245113738 -1.248083805134206 2.004824575118311 0.1550615711531753 2.198680818095166 0.2626580540825874 8.410630696600666 0.823693703381398 -5.9815999218106 -1.220760820796838 4.256574487056805 291 389.4572451114655 2325 -1 2.665341625627171e-05
 -9.695696499805981 0.10466251345606 -132629468.9425077 0.6426927464966286 7.788488571693977 0.04602696504343484 -1.008311105841722e+20 13079.44817851718 464209.9246665521 3327.030638724216 17373.87299334458 2964.331324635409 1534 127758 1 -3.754197184265844 -1.416941784004318 -6.116922732466478 0.4708776389331142 -5.554118362998626 0.8833806020094537 2.427074263466002 -0.1175167320114845 -0 -0.8404992755954943 -6.494324795444892 294 392.0208349227905 2325 -1 1.308246413818164e-05
 -9.956246617345018 0.1805279633859161 -25189.45364278688 443.2999473847144 5.154243909068953 0.1354569166858882 -6050491.415489346 672.7836705882436 1069.398408463366 4.663274946812194 1.741894890103374 2834.89615753784 407 191024 1 4.023670162928648 -1.174574063054747 5.23202117582496 -1.587316853873042 -8.465234907157548 0.3542955237063938 5.635492923077652 -0.555087510205432 8.61030260095375 0.4710141527232058 1.385155615449765 297 586.69114112854 2325 -1 -9.118660149245139e-07
 -9.636497432929454 0.04251004424697451 -8.650542634507266e+19 27898.5643855308 71205.40530140723 0.2842617678234702 -2102.710399569063 64.30730931688601 14.63742327940183 1250.156927936499 2241.764600041158 2956.936476030643 2679 191662 1 4.46439937302036 0.1393610181052769 8.78366385301188 -1.951586369266315 -7.209292919525044 -1.431668665996918 -2.598585103292045 -0.7409597617385835 2.933358791458663 0.3846853948205284 9.753390165796715 300 564.6816160678864 2325 -1 1.461263420452917e-05
 -10.28201822055193 0.3114851481926474 -56.1961225433617 610.7624414068257 20.63372674903585 0.05475576676258555 -676082085974454.4 637.2208211781482 690.060292671758 0.1949359452364005 99314.7025894806 2999.192934324174 2432 191660 1 3.353646275635177 -1.797828092750336 4.742501576830243 0.7596146846691041 7.089774905065418 -0.128994826559282 9.430395625530913 -0.5469062962228746 4.954159646757598 -1.348957562127362 3.784358162220112 303 565.2970349788666 2325 -1 -1.4679542643112e-05
 -9.534171675539104 0.2423944244985372 -1243.129548922398 1706.548814319974 105.9035763515732 0.1838883281454081 -237866.9328429413 912.1959074024676 2101.311910005822 5.135025130940025 1.374756052175108 3038.06894017279 2282 191640 1 -4.407090313931096 -1.619375811625656 3.662753060809854 -1.887163019892798 2.20237220167395 -0.7509168907470382 -6.009238596515208 0.4910208152736971 9.944975778105366 -0.3775435364618946 0.7621633169314999 306 575.4530389308929 2325 -1 6.310838245094782e-06
 -10.03090444234366 0.3119845224261487 -38.91610677001561 825.9638752409486 69.27567569978572 0.2327122102870885 -7162.07326253246 156.3667328579092 53.34453634309326 1.895751328713695 1.833300611009851 3016.471236694851 1378 191663 1 -4.479161886548928 -1.301419568000687 5.226977991185203 -0.3844295353226937 -5.177418110579949 -1.213620200639131 4.26612374630179 -0.03047279086178814 -2.431494059370663 -1.600688449466245 -0 309 576.951721906662 2325 -1 -7.230853503403385e-06
 -9.50605003285059 0.03809398889217779 1.316470963309393e+20 116.6071703164175 1.75291068055234 0.06177137604504027 -446197022070556.7 41590.24080310782 4081934.949287611 0.14019470411058 51481183.26245016 2991.928442554643 1746 191631 1 -4.393993177263043 0.3525656366731269 -0.2454421098352864 -1.615907140944143 9.005865265912513 -0.02519170056223089 -0 -0.3797382338652922 -5.890284789979666 -0.934783155507219 -5.069618798537324 312 578.6278069019318 2325 -1 3.580904642323387e-06
 -10.12568926935263 0.2027168183317539 -4811.770145961988 3386.94129914893 1462.052330468559 0.4284228888738231 -121.340913497133 84.81341703371329 25.53916322372122 3.243407883582362 2.261288725512599 2984.505665557795 2291 191585 1 4.209018618954935 -1.513451147705394 2.399262583237728 -1.976068297869744 -7.683234407318054 0.285839201915139 0 0.8039552009917843 7.018068261380606 -0.9841825801563546 7.124878727576993 315 565.886302947998 2325 -1 2.342683521897426e-07
 -9.98478536838301 0.1675413095312217 -99329.33854211959 1.371861981098194 0.738576563545726 0.110759579401078 -678866467.1180695 5.482978507113902 1.863652551366004 960.0190570610993 2018.040532513668 3047.091007467727 1266 191657 1 3.880566352839301 0.4045610615977639 -2.526057560968215 -1.07602397234106 -1.98189538516647 -0.470505326515485 4.86755192418799 0.0508517172975407 9.98650396722571 -1.87979028526938 -4.963679775469537 318 561.5542531013489 2325 -1 1.227050714179971e-05
 -10.07873235325722 0.2502234194226543 -378.7024680595887 0.06310449089876741 2164070982595.744 0.06739715781496473 -3609356454951.132 31958.02659246617 2363507.357023499 0.04076405731882343 -2.580749390949966e+19 2962.633103549217 2423 191593 1 4.252068632597213 -1.201192750156111 -6.026767764528983 -0.8825258518691825 -3.573899425553463 -1.517330709207828 0.8112651337922938 -0.2409377791471226 -7.360795175749995 -1.097912812454957 7.748948829179019 321 559.5889711380005 2325 -1 -1.082400773784234e-05
 -9.714595323119614 0.2477759524380461 -1099.705250584079 20665.90786168785 136240.4173739802 2.453706373320221 -0.4516412556603178 14601.98016933446 537249.0710887962 2273.851924412091 5592.244760699386 2949.908491801203 450 183257 1 -4.268632255136445 -1.279078914544461 -9.844344162587852 0.4385069321301174 -7.336134368615374 -1.941033896853809 -9.771623902536366 -1.598358854052877 7.684345876531852 -0.6549478104570623 -8.588319435154995 324 552.8616468906403 2325 -1 5.226415123587748e-06
 -9.193272168224867 0.04807282424289177 -6882429707465470 2.579076115338772 0.2177481012517106 0.08402372284592818 -44555091869.32826 95.97667858908011 27.08894392135182 40437.02504158139 2807893.487090229 2975.184500249653 3677 191630 1 4.291000141882158 0.4151858606391805 -0 -0.494058173779111 9.314085357513276 0.08100442639718872 5.897774764678005 -0.07662926112548264 -2.146025527267559 0.4994093265062656 -0 327 558.8229079246521 2325 -1 -5.141625445957223e-06
 -10.56069726901912 0.06286099837689209 -32079424431747 0.2493926760729449 -3603.651623021976 0.2675352990716041 -5371.548140683569 21527.81897140481 968684.5527605023 0.3038433353188465 10763.38765656546 3024.032233211886 2413 191611 1 4.107334126896907 0.0154012873679843 -8.695140870899982 -0.2505498728733943 2.916658026571818 0.8285750111618841 8.012000140570549 -1.063106517800236 8.903723812024705 0.03712960061664285 -7.272793525945293 330 560.1030030250549 2325 -1 1.625222875782931e-05
 -11.93104015861899 14.67732618514327 -0.09529748917515933 65984.39429889673 534742.9258949044 0.07094210297293201 -3701264418634.018 64073.94368980216 11313968.73491936 366.7501701211531 357.4066827193028 3056.049192011541 1384 191640 1 3.815887971423862 -1.118631610423838 7.045160849322144 -1.320337399589599 -5.248173248930685 0.8707468714204896 -8.611435365167033 -0.07212552548826777 -7.072892699436464 -0.4377901243452361 -6.399817339150076 333 556.3236718177795 2325 -1 1.2172737690528e-06
 -9.80490920762492 0.3086562552160326 -177.2665187458787 15679.22989049667 65206.32984576817 1.195095907033931 -2.094117627139624 23790.52145571819 1389214.584522732 1.05853331988328 42.42344352926097 2997.202855997838 201 178311 1 4.517801936423143 -0.5311507360442578 1.527820802444876 -1.402718685961279 0.1958632956159665 -1.473330173569494 5.277991867902466 -0.5731293071111843 -9.256902982866414 0.2398900273954591 9.199917378780651 336 556.56964802742 2325 -1 9.868984663408418e-06
 -10.25622910290314 0.04039167217657254 9.988406970051802e+20 2.377717111074844 0.2318980566380554 0.08210591293010001 -797507832274.8394 73774.62528705015 11618092.55065406 3.184998811912495 1.883978156345005 2808.986073599219 1195 127671 2 4.43676026821228 0.2363052803297392 -3.668094070934031 0.07965458434678128 0 -0.03312311364638277 6.602618747157732 -1.074802561101103 -6.164477341648841 -1.031773995420017 0 339 374.478217124939 2325 -1 1.735420972221522e-05
 -15.05546561019647 16.28887337272497 -0.2317474238845968 14126.60947930429 6751.654462418912 0.3859825302607558 -270.5994347905815 162.2033197707475 72.54375959758742 821.3285644286719 -743.7850799772331 3157.757922286497 2903 191645 1 4.499543796803185 -1.132649338429522 9.858173240049608 0.6120288315659302 8.821303189616323 0.2577801492606242 -3.526675116738657 -1.758886814720875 6.994201800073062 0.6888114379864918 -0.3042319182370861 342 566.0733008384705 2325 -1 -1.590874088226712e-06
 -9.826091894640179 0.1780349009426632 -14142.36086354525 66375.16034494927 444840.4325638174 0.7607763331868406 -7.195775776062579 328.3925630218698 267.2991264352449 0.08673937155978483 81379755266.08008 2796.191160335937 2207 191640 1 -3.675307110706187 -1.751482567435763 -4.855170437498172 -0.9302315977407547 7.412058980274072 -0.3060076094787387 7.385305732786263 0.01392967019366906 -4.633338253410766 0.7682056832733166 3.350460225726599 345 565.4789528846741 2325 -1 -3.332490731878533e-06
 -9.907747525151253 0.1833158641474018 -1236.220081678797 2.697373415284061 0.1968080162200423 0.840172234122233 -4.317692181722404 3565.264476297161 28945.68762289061 686.0568060225054 825.3741656160299 2987.419169251611 1352 127705 1 4.024539860099038 -1.806463640378796 -4.038479295482846 -0.7805931442240954 -0.5408118057225537 -0.6335958358020708 7.686796338443706 -1.857572294095493 -4.435510206461523 0.9255417645771788 0 348 376.8238949775696 2325 -1 -8.529550996251225e-06
 -9.759103821502762 0.03984734726543551 -1.789031068193729e+19 1282.291062784302 224.4944093346407 0.3942486758311297 -215.7233618039525 4480.540880520734 43034.32193450332 7139.515546579654 61581.15149669915 3105.878960833178 4210 127725 1 3.27453914248626 -1.365484391689643 -9.285352618560346 0.124898678093031 -0 -1.08311912425985 -3.623260995718444 -1.687715306906365 9.613192586829953 -1.646346223492177 -5.508269007126126 351 376.7799320220947 2325 -1 -4.465022316146235e-06
 -10.21405678456502 0.3041535714574896 -89.78262734162001 2.21028400051874 0.2124778865933214 0.1502807457424235 -746389.8358736979 1494.198611727631 6188.590274968003 0.1195135372340632 208043489.7567673 2938.95107112743 691 191642 1 -4.658079832983095 -1.135661420634889 8.29336405062878 0.6717347860081713 8.987810367707336 -1.729326809022124 -3.027128096311151 -0.3729076454890414 5.239350944903673 0.5354382795783637 -8.771164283880431 354 559.6948339939117 2325 -1 -8.471662096880876e-06
 -9.646020583271573 0.2224029542076367 -967.6609043058889 1869.70003411821 356.8405050607442 0.06555107383338826 -263790187929012.2 9631.981740247198 211054.8449738726 0.9854708846565704 17.2087827750256 2926.92351985254 389 191580 1 4.365643676476539 -0.2168471167080703 4.126770684694959 -0.5061416262962535 3.605209681995404 -1.294444107748028 8.27302749190418 0.9712451205026621 -5.117225121360462 -0.1223751612087983 3.761079462970018 357 557.0791449546814 2325 -1 1.118494147702495e-05
 -14.05582158661074 15016.66685736059 -54740.83052324456 10.93440276943701 0.0893346957313383 0.08181610860450314 -188619091531.0822 63.31898871179445 15.26895648784256 2.008823634955395 5.20999031394066 3009.179900614101 1730 191583 1 -4.593340819192965 -0.09046542308071896 0 0.7910088350901949 -8.200894967827811 -1.881232341209607 -1.897936538626954 0.950995697477611 -7.403513980050999 0.19661983119587 -0 360 556.3538980484009 2325 -1 5.971270469242357e-06
 -10.10198152760744 0.1384317668834479 -458398.7336618151 0.06146778842727254 -11424162474476.64 0.114074550235288 -75439663.48088992 4577.897020622276 47255.16927107691 1.072639488431461 -8.308104831659774 3087.993651412116 2936 191662 1 -4.290221203820418 0.8756332380400629 -3.833270695881331 -0.01775307639309795 -7.579986167770661 -1.791852899404072 4.431961867835198 0.3821845715483256 4.78735628610205 -1.167151856581288 -0.3327304259021604 363 559.5219628810883 2325 -1 -9.181879599166882e-06
 -9.937000423383935 0.2706736339282633 -258.635036213412 84.88914423498188 0.9605291932775398 0.313463130585834 -791.3072690644602 122.0160639798823 43.52250424759669 0.03949676622483678 9.955585650574729e+20 3088.024503597114 2196 127757 2 -2.659134549295126 -0.7400696818496906 -5.265491963222567 -0.02572031502764822 -3.688854041108314 0.8382515895051412 -2.936621534532594 0.7146566147143059 9.105010941755751 0.3002283805297723 0 366 373.8390350341797 2325 -1 -8.990954221893299e-06
 -9.395241626422212 0.1545076118532101 -56274.60418952402 1.517020474115161 0.1073629208671266 0.4600837979644871 -66.18931370976685 17361.12706105031 726505.8334582322 215.991571598828 -19.40352643002739 2876.352080143838 420 191324 1 -4.673868514144786 -0.2206380817253377 -4.876840856165071 -1.484318093988394 0.9606345025710104 -1.275331145100828 8.192483378343612 -0.08228847781338547 -0 -0.560365402831133 7.03805668983764 369 551.6340389251709 2325 -1 -1.29047768349683e-05
 -9.688862348484861 0.2990753168195544 -64.18975340878073 451.9230052473958 42.94254370763461 0.1165620215469837 -188270759.7563429 106.3808531648282 37.19601912489158 14.13366176498019 1.981696804265615 3125.017687153334 1315 191656 1 4.516937923571996 0.2912466566435797 0.85710095377752 -0.02489958155150876 3.434920714010429 0.3424390507602002 -1.008551983878295 -0.3440245630443748 3.376803275685696 0.4027023018643953 8.981869651163489 372 552.4660658836365 2325 -1 5.91648605715099e-06
 -9.534055062923883 0.03800475072630568 -9.99187137065141e+20 624.8794559712611 41.31670768550291 0.1807793837455162 -336851.641282521 82.74104496874693 25.71260679912679 737.6688356891865 937.5733859802115 2929.130314109252 3281 191645 2 -4.666764689519939 0.2070142550954963 9.142828088433149 0.3680656074182477 -8.721507548302663 0.6292592562137087 -6.213475014066515 0.2854212873346649 -0.6251781489700887 0.5755494864143573 -4.226097841528896 375 559.6997439861298 2325 -1 3.400992083782962e-06
 -0.4843948331638993 301.5687963520501 47.5611741458986 3.270196725536894 0.1651383959922508 0.14575567630319 -4032309.038022098 20238.40429237803 1034322.969467601 679.8972053604863 739.9688286844599 3047.247394990136 413 175406 1 -4.466820753655628 -1.726972271387579 3.876058162677552 0.6850614985597945 0 -1.526212764345573 0 -1.230984970781613 6.038257774382853 -0.4773757869522033 0 378 520.4474990367889 2325 -1 3.034700647608517e-06
 -10.39479392070698 0.2209390258350877 -1534.500877511137 0.03901150842996243 9.211031086568659e+20 0.2771069590068913 -2369.726005460348 5440.024210135911 80611.03219734044 143.1200774182333 59.46428012814369 2896.83959041387 661 111791 2 -4.18883240250735 0.7503945867065278 8.867263757622826 0.4556447406242485 -7.679978309048217 0.8731683272504265 -0.7630711198477167 0.6091283651321024 -3.979564259406566 0.6794149650923522 7.189058312079911 381 327.7315809726715 2325 -1 -4.550780038883101e-06
 -10.09662299691581 0.09041209029768643 -276634573.0028995 74656.36359619629 797459.3707643728 0.1246937288534247 -27480422.23847792 77.78480117594056 18.66188221812969 0.04971350031746416 2.123213625982868e+17 2943.793417691528 2125 191641 1 2.493094722237141 -1.85784696949583 -7.884771978739654 0.4007508186995956 2.783877658578814 -0.4829968508438487 0.9302006880723104 -1.426773893636206 -4.442901513543601 -0.07098980760140709 -4.277655450750995 384 556.4662590026855 2325 -1 -3.526334030821593e-06
 -9.89920393162927 0.1388394839788681 -1222474.0332605 159.3307817726325 4.074188884530777 0.1451815575497254 -4967361.200249751 2819.142254484884 16711.23239835592 7548.415200918516 54304.40387352402 3032.924463588417 1489 191581 1 3.880011705752306 0.8701921027682733 -8.432234928095824 -0.3282575561136705 7.940540464496882 -1.849456391309052 7.439769406736817 -1.677453463544094 4.644230503768943 0.956950864344055 -0 387 557.7011480331421 2325 -1 1.280192524441305e-05
 -9.440192811566909 0.2980243529543535 -223.3283424934405 0.5982810849291669 -8.04514197959165 0.3905722831196773 -175.1991153917955 7.840859363479233 1.658903939908069 293.8393329976229 219.6236693528249 2979.311563925469 4446 191662 1 4.694652050612288 -1.454627899632962 -3.019872439401277 0.4424535798265001 5.481200597690557 -0.360320299922103 8.841368874613229 -0.6573039779551717 -0.1338203074923037 -0.5824409059662417 -2.263306326655405 390 556.7335669994354 2325 -1 6.906118391075277e-06
 -9.719320329065757 0.2845257576287523 -309.4336280232461 0.1350385894878217 199462.2604537689 0.6772794367778562 -18.12134562953922 183.2493430660483 99.73324053844226 488.2462315177145 587.4195854431937 2917.065346154076 6882 223608 2 3.660607923776046 -0.8433635818490446 -8.81698113466282 -0.418903190775433 4.944481301890264 0.7615129286981484 8.040113980535766 -0.3945872873195411 7.72623477100519 -1.533971607348151 0.04701129070316945 393 653.3065390586853 2325 -1 8.534946496655252e-06
 -10.55470006312673 0.5628780877419564 -3.657476045952245 0.2830385881763307 -141.258532676031 0.07108609923167018 -719037965453.9041 1468.171623400945 4914.362015585231 10799.69323422475 100097.3410387656 2964.139697573214 795 191392 1 4.575148959721698 -0.5887545367873264 5.339300715319784 -0.3125427944917228 -8.223286297135509 0.8924299452004196 -0 -1.791068076170057 6.597035089043623 0.1544204350039377 2.5249381360858 396 557.8092381954193 2325 -1 -1.382089977628e-05
 -10.0482727741643 0.1238245313731767 -4881524.475362374 5.358362026801391 0.04649893680568777 0.3993961825839039 -237.1405714369444 51.31905720848773 8.304042623918997 411.6466914531655 270.7582657571618 3154.533391918684 564 191641 1 -3.673410922499613 -1.504400645323201 5.710794567722404 -0.4194546384425522 -2.284305132031659 -1.429608000201958 -0.8692972118786564 -1.251393026410932 -9.700759719915881 0.3965490299177947 0 399 561.9846940040588 2325 -1 3.894059970742109e-06
 -9.957488364763618 0.1594269739361009 -31344.79296241033 19959.73619832778 44364.79544247132 0.106355634716644 -95574768.43208289 129.8070218806487 46.80537804177147 0.1884096142441988 -333816.3795439625 2962.241844035976 736 127599 1 4.541305405784112 -0.7612716229373984 6.611038270073428 -1.679724489143629 9.201189313934703 -0.7572131290815092 -1.713056344799932 -0.6762620798113952 3.098424780923211 -1.621101578461278 0 402 377.5675849914551 2325 -1 -1.594478749786928e-05
 -10.01283656549171 0.0742907130544434 -43563407978.22581 279.1768669905247 8.35849389593688 0.1273600342512017 -22199645.58625171 69.99125831738868 16.84222361489265 5475.583751194666 85035.9667121317 2818.674690226759 1639 191650 1 4.286112695896093 0.3441856040579379 -3.942481538491388 -0.01592743927267026 -2.127740113927326 0.8125813506855883 -0 -1.318378572011613 4.052004580936141 -0.8079189400276663 -6.238811971310639 405 555.0682919025421 2325 -1 9.783036140190573e-08
 -9.993113353738082 0.2656095902731048 -586.30615687607 771.0578901333736 48.13769850352505 0.2032398458185324 -52372.81628889239 95357.35638660574 23984487.53424843 769.3983401907943 1036.274572683034 2849.030634686194 316 191494 1 -4.247819958298294 -0.1457812931481489 -0 -1.358834813719599 -8.468723666329819 0.350142875730044 0.930631591451307 0.2441645427834075 -8.612753482048001 -1.42952586801101 1.49220869249707 408 558.4343898296356 2325 -1 5.105847983972177e-06
 -9.707633519656065 0.04442143636978069 -8.068245407356827e+17 107.5845477492753 0.6991723225326449 0.08470076404264112 -101190217430.83 3680.619898953507 29983.14885502447 0.04264162006988895 4.295234488046284e+20 3019.990432076765 629 191604 1 -3.936524980967302 -1.518609351770517 -4.439939941589026 0.6988287211607784 -6.445042677579121 -0.3223679986883541 -9.914403061051718 -1.960164704641283 -0 -0.4052855836921579 9.185467358925072 411 555.8440718650818 2325 -1 4.035572347649248e-06
 -9.993382009827581 0.08600682134517995 -2778590347.431463 0.06295506808761597 131201076569358.7 0.1848789320698917 -142840.3566571407 6.857236448003894 1.267128073344471 0.05439936537410749 1.458993177002499e+17 2772.494949946221 4105 191661 1 -4.688566342259285 -0.7084754107425688 -2.699899965131772 -1.572796989315795 -9.361441542559151 -1.236940265593725 9.171582900829154 0.5814931211798235 1.796153725799085 -1.003992983593234 -1.05514220383359 414 551.0232319831848 2325 -1 3.684369346132405e-06
 -10.02597380280073 0.2438420372984148 -229.6431751594465 2.720312951312398 0.1884809913751615 0.2936967684532771 -594.2950895656147 96.12598604637937 30.62840914524391 4970.793570037253 44567.77690298102 3032.149283617497 1154 191632 1 4.553524598983503 -1.321416059196796 6.688010648515549 -1.161112664844479 3.039377613510267 0.1879959877071959 0.2208040021223665 0.9688208083325014 3.188788670454114 0.827086822453813 3.814344178380646 417 551.4985229969025 2325 -1 -2.800412744529968e-05
 -10.38819840149936 0.4683822228040153 -24.18945506116929 603.855277537987 19.02970917268079 0.09035372360167462 -145508399728.621 9170.973566601184 187716.1182826929 1.140891020185059 23.15786882879421 3007.510981140589 1172 127696 1 -4.642537380855736 -0.306387163506967 9.644448081514735 -1.466076274039343 -0 -0.02209194271350958 5.178607412700961 0.4937361275975309 8.625885378905254 -0.6326896821510823 -5.264860444547878 420 382.6431829929352 2325 -1 2.401150490300958e-05
 -9.745444461802101 0.1662517508515265 -31020.93271424239 0.107508776280546 -15776521.13397009 0.368043167270198 -353.1661811636449 383.0275715022677 370.8554827870874 1.463267654864794 7.300867372941639 2898.188457514456 329 191387 1 4.672475294256929 -1.491423120915931 -2.316927223877576 -1.203730789318641 -4.571130918821928 -0.05302791897808579 -6.616544613701191 -0.9603921142002676 -4.1700976810522 0.2864022173145963 -4.140801992144314 423 563.8048510551453 2325 -1 -1.369727467347926e-06
 -9.789910348554962 0.2590807212057227 -319.4928784522776 680.0748035361238 33.70671976524142 0.4916795872221988 -55.03377579759486 1182.292966795628 4212.988669046108 34238.5087659277 4474976.256505214 2741.888403175863 209 185723 1 4.614050718885381 -1.671926812040328 4.610067244728293 -0.6488060108772951 -2.26466519533667 -0.5811513102299077 -6.198362314942345 -0.03535583936558952 -5.677068614267917 0.3412810356950091 -2.404036764840275 426 553.3026149272919 2325 -1 -8.854766948736441e-06
 -9.28931027647879 0.06996893912590256 -201364697575.458 4657.917168014353 886.564009729456 0.04839756918027639 -1.004276191383271e+18 310.8260648897574 263.8551792029956 336.9868626766547 155.077871326069 2887.20024616819 3406 191664 1 -4.411151340571458 0.8439866451149411 -2.105618875615588 -1.958845730516707 -8.351522557731077 -0.6007602262692124 3.816598949868588 0.01121178865059225 -9.294800088111995 0.745300396921857 7.951598825286034 429 556.5384058952332 2325 -1 1.768413884169523e-06
 -9.938803395251984 0.1223419067405333 -7666275.58941258 7914.362247487004 10277.55302886329 0.0555135029948047 -2.015780845224244e+16 310.0813573227572 256.1161939854229 32954.71103583102 1069661.058650388 2814.284249193934 2327 191662 1 3.889579087492183 -1.877845473592068 3.65546797914045 -0.1659218109460845 -7.444121793156786 0.5419435501154188 1.733797071198901 0.4468412087815308 0 -0.701502013460834 -2.421223123515567 432 559.6822469234467 2325 -1 8.534779067272196e-06
 -9.070661494953216 0.3290584217558312 -86.63638966614641 31.6325462296538 0.3244286178892999 0.09124594048609483 -214228313934.5717 32690.76510466162 2551790.136025324 295.5100836289847 39.83254263057794 3110.938622057101 1853 191640 1 -4.270236691303822 0.9108276383444042 0 -0.1064912725974363 4.749042267715227 -0.3941481942178555 -5.73227812460822 -1.372417015222034 9.426611310919522 -0.6653758795634408 -2.692865449463215 435 576.4453680515289 2325 -1 2.929656377044221e-05
 -9.52765756698045 0.2519190389662501 -460.0772629168137 9364.237659805984 8518.633572801409 0.06450465951568995 -6032378562583.541 447.0538273739747 438.356425483766 3.513141318415864 0.4922284808919614 2798.984350222233 1738 191658 1 4.520966496294563 -0.4679567046771958 9.924024864613303 -0.7271202365770516 6.283266720687269 0.1479254353765542 -9.36284068606067 -1.635894340813629 0 0.390479094329037 -0 438 556.8305089473724 2325 -1 -1.605293833417894e-05
 -9.83552442340407 0.3061538425965188 -257.0130418576629 62.73907676624786 0.8875581135820039 0.5024315354036354 -74.34953207648164 51354.60529654917 7006686.000629283 0.06025185742159551 2.095186163622652e+17 2850.939957228034 1228 191641 1 3.724634113704985 -1.107856352531033 0 -0.4723040038219519 3.227402329681157 -0.2187423366456054 -0 -1.854658510685771 4.016907954470958 0.9702533375442751 -3.386955300053332 441 553.8984830379486 2325 -1 2.568685189062714e-05
 -9.755822734832758 0.04364449862892662 1.097051031547325e+17 97.11976364132327 1.264538263437637 0.216400285889129 -24492.73545990921 95.09385427448372 26.21582660312724 2179.205591523872 15075.05306039822 2992.606461128568 1930 191649 1 3.950692376847246 -1.824944759585668 9.395907689632033 0.9648632769700303 -4.400891325304666 -0.5881971227317448 -2.223666182579725 -0.1135751977228825 0 -0.1246726908316269 -7.894214275696442 444 557.6225681304932 2325 -1 -4.303240316930118e-06
 -10.39420246404614 0.06862738914640641 -208725054381.4182 3339.062041339002 -701.0010917714368 0.3439149223077551 -398.8677926556168 173.2775204245299 81.28755038091417 0.09643794973234981 7924011487.408327 3146.479393055461 735 191117 1 -3.953622400756437 0.6230433730086076 -9.084919472504941 0.7178126985204528 -0.6233159084916391 0.2447137403452926 -0.8096545359368257 -0.425581566044599 0.1628047743106826 -1.008428300566955 -6.984906881454133 447 582.7445180416107 2325 -1 -6.575220474030344e-06
 -9.981343923670151 0.234930878288931 -978.0049606512287 82644.71163933842 2231649.985504868 2.256051360999335 -0.800517938444318 4424.457234643851 50469.0513636124 133.6964508129028 59.01678410271384 3010.904541643084 469 191370 1 4.59100251741632 -1.938977231216734 7.08885600864739 0.3047579366337771 4.034244759645762 0.447182874687602 -5.36172896975973 0.007122965516805009 -2.792754077138144 0.5501851820251322 -4.90160002681746 450 576.061047077179 2325 -1 4.878785454495565e-06
 -9.748152007148807 0.2761592420735889 -209.2670022621808 17593.73372839962 -4638.256347018602 0.3856517587348501 -312.4945414735637 942.482812829145 2359.989985101331 0.3039966301544748 7175.777636736511 3054.859862090342 369 190952 1 4.62974753911829 -1.524747579454184 -0.2205562945830355 -0.07650133505210562 -8.490920316935133 -0.2392520467672927 -0 0.05857593475529561 -5.940755942313491 -1.300692319042889 4.789715856327473 453 556.4544720649719 2325 -1 -5.229395894374178e-07
 -9.75470567276273 0.04417347595984127 -1.26931420515536e+20 0.2547427731098997 -5505.40218355566 0.4114925334002346 -308.8718493600721 123.0765105343084 43.59054031251124 374.2221458182745 305.2989286024165 2999.551118098917 2540 191616 1 4.506937081473276 0.4206463546435679 -2.767736386708405 -1.608349851787064 3.164032145224911 -0.9145584248183267 -2.818956543145029 0.4194341389387448 -0.06485400948155551 -1.601140253235926 0 456 575.3565020561218 2325 -1 2.233814257018019e-05
 -9.290455249872771 0.244587202321072 -869.9380830895041 4.372278850121434 0.07127336969424847 0.06771912778370062 -2879466783984975 315.7638940622258 289.8047765824779 0.7050759956049675 236.0267953241848 2889.143226335849 187 189855 1 -4.264893641513939 0.5444769370851561 3.653808370238774 -0.4844900904355809 2.863720453734128 -0.5262280742402137 -5.650796755607193 0.6686466058386031 7.525987741281771 -1.420427726332447 -7.697554575358097 459 556.3256039619446 2325 -1 3.7052456773647e-05
 -9.99291997962486 0.2775166943834871 -294.5283894192283 31.35769137669514 0.3011608207708424 0.2363253142470673 -11346.48618435057 491.1771957608224 543.5348749674597 13.70097177930906 2.271440689428123 2931.998044481345 1269 191641 1 4.080962357087001 0.6762909176434899 -0 -1.545851511433281 8.398435694891203 -0.9944574157515245 2.522547775074739 0.7768402881501135 -0.4461181849976752 0.9548399036601265 3.022422447200252 462 564.6016359329224 2325 -1 6.338466280866749e-06
 -10.58132423508038 0.1839429005474139 -9026.018187778112 2802.880874495888 2667.622236956953 1.779637745928963 -1.363909872797311 142.9612240815441 58.93358259148572 88819.70064898896 19210000.17491386 3119.927690112414 1633 127704 1 -3.816138257361485 0.9869132512451753 2.654299219293629 -1.926982159006152 8.86605483193898 -0.396557461438424 -0.220795516231723 -0.8644743154758157 7.695043470713399 0.724119147651729 -3.491748281148917 465 378.6069059371948 2325 -1 4.581212384578575e-06
 -9.469272558793529 0.2639899948932183 -231.3546021899224 1178.978976903551 188.7084830230284 0.112205236846557 -31252346.49378623 5575.203105917209 80956.94496692721 36556.77499840219 2395344.308000102 2767.763920919207 829 191663 1 -4.443447153739534 0.1646848056746521 -2.679125241018693 0.5495849909100299 1.665587866067482 -0.250505242218626 0.5181952811668049 0.9348104001500301 1.900045055300122 -1.876805960509446 9.014584886677209 468 587.3134069442749 2325 -1 -1.555313524444831e-05
 -9.408596923381326 0.2398782627311116 -725.1871894249481 18600.18385099041 46710.59707523305 0.4683380414554329 -85.24397829518568 2961.707467997832 18492.42138301035 2.003680299657211 4.587373353801735 2960.900370938974 1798 191660 1 4.369455523570952 -1.385893439741402 -6.629915219166183 0.2686851314425111 -4.336546309027263 0.3861197165048726 -2.5837285600671 0.6169402436614505 5.746270759817555 0.9519011148915082 1.364400858064884 471 568.7145900726318 2325 -1 1.261973298826279e-05
 -10.09550361392261 0.4541943960734625 -10.18019894924437 0.04238943583122549 9.977281383752624e+20 0.5918883865547633 -20.99629419273656 33860.52228227058 2691984.169654229 95225.06922169757 21371169.07218753 2859.405832800961 4089 303420 2 -4.443836053218752 0.7448440766270243 -7.217868149621358 -1.84833794066498 6.33161675617816 0.764354062762826 3.265658498166299 0.7556713773481079 6.267855530641284 -0.9852779096953599 -4.910054918076726 474 897.4241659641266 2325 -1 1.816021006709345e-05
 -10.00910542553169 0.3345937231472935 -40.94915608025077 0.08369266656752725 -3405291128.774173 0.085808840728506 -12664325392.00583 78.18332569584736 19.54093527402413 2.126369489525317 5.284041284414267 3005.037507866122 3218 127770 1 -4.298566888551981 -0.6678816949939756 -1.596577528348377 -1.839673291140977 5.282531634295803 -0.3098503686228452 -4.77335709550109 -1.010084610240426 -3.228116935383061 0.06887416377404508 1.230483323449144 477 381.7623100280762 2325 -1 -9.531888684985019e-06
 -9.957154231041303 0.03051702279886327 9.994138545603436e+20 527.6705839788804 42.5664060039746 0.09915085313759822 -91266293.08586292 2205.342632993344 9856.835333477347 0.2530064974143909 7498.990600382484 2980.336496773878 248 127763 2 4.61263025635578 0.2450404923202725 0.7548241068029249 -1.953036709898321 -3.3426518335877 -1.987906776873433 -8.777737528067922 -0.4137941387257289 1.154928182862435 0.3628660944377547 -2.245968684248217 480 380.1624879837036 2325 -1 -2.834506905170699e-05
 -9.177795686944421 0.2122634526013976 -1655.034991474056 2389.943354623755 2767.380191065683 3.821732246077133 -0.4148625741490905 770.5782682374862 1445.084631433514 0.08671848330839713 481012480105.9645 2921.254321309152 883 191625 1 4.196879459400121 -1.744842549512314 -2.627748823420278 0.297482273920063 -3.096575070737533 -0.7446136974529285 5.447385407786117 -0.6976776477447721 -6.361160241855706 -1.04283605427597 0.02594234311632038 483 562.8833789825439 2325 -1 1.177178750261409e-05
 -10.429578629518 0.2363836327951943 -362.6497239554698 73677.23521780498 403627.40216046 0.2114228020008383 -17130.76735541066 1005.157750872416 2817.482454918994 0.1057142993335891 903227339.9812981 2828.322650984642 2226 191664 1 4.267082737364992 -1.37591768225928 -2.753278245457721 -1.423099769098966 -3.33827347348085 0.7262053559833865 8.556432647706208 0.247220903691022 0.4538804403433172 -1.303497701957998 8.706527379010904 486 571.8574030399323 2325 -1 -1.561144473685437e-05
 -13.03259972724009 11.05802202382071 -0.1014754703450696 7.518813245336291 0.1240390521889883 0.8045980730405697 -5.100533922734122 9.456372633959157 1.705575253949943 0.09192025980984304 40459861030.96564 3005.780029644422 1805 191654 1 -4.199999517797137 -0.2075668012904988 1.742986848980114 -0.5714869743695052 9.533322017492143 -1.656272574460343 -8.134217737524688 -0.4298252707423159 7.88876928960504 0.3643371387463556 -4.095258260144241 489 568.7104740142822 2325 -1 -6.953668408111814e-06
 -10.38122436979433 0.08384639819175492 -1458066362.051311 5000.132504427049 3933.124890729835 0.06404666208470995 -21003276839518.95 50612.97683128963 5748595.945116049 146.9372329779427 36.3112224091855 2831.882200387357 2386 191567 1 -4.446777494146179 0.5341610085176693 0.3797701730192511 -0.04043250439509016 -6.322421146938328 -1.97866431755042 7.810788275874131 -1.911775663063366 7.372380993643128 0.3411030078284338 -1.839229277515609 492 572.8320369720459 2325 -1 -9.202396478098134e-06
 -9.746563878740544 0.04035840262626897 -8.082735084235074e+16 0.2214184648740758 1245.447238420177 0.0680264377200554 -568477867696.5469 136.771223451525 43.63603774417671 1036.74693626719 1407.142663730163 3081.69070634317 4679 191663 1 -3.807788013633443 0.5072459113272041 0 -1.068042111266914 7.566100776971078 0.665620857642362 8.03991755016542 0.3776756525862321 -3.215313234071125 -0.07748123301898599 -2.333697397917731 495 566.3719961643219 2325 -1 -2.31178316142519e-05
 -9.825263899864758 0.2720612405283354 -113.5575560111712 0.1930090543612479 -12994.31342540391 0.1572247529019582 -321441.1725251362 113.9035883871389 45.33420035132132 3.836304222072771 2.550140536697515 2826.808735544861 403 127350 1 4.535549666219204 0.6793947130242621 1.874504683906254 -1.490979228982143 0.6522649978245565 -0.7343963584670163 3.148315645808106 -1.571110460710434 6.139480604236041 -1.153134712943868 0 498 378.5139629840851 2325 -1 -1.067610809336173e-05
 -10.05619758211905 0.1118754135018802 -16861564.21227987 1159.593771990425 93.76389646351731 0.3618523994708818 -462.4614851906503 2248.32656098692 10949.90695199361 0.1478855929071367 -8699455.936151093 2925.392643602507 1425 191554 1 4.30844014744154 0.7660177274894635 5.757773864491802 -0.6465753760417687 -2.094373797177608 -0.4245438045967296 -1.000400522531628 0.7884547151268624 -5.127623804099041 0.8945531286240991 3.077665890833159 501 572.0328710079193 2325 -1 -2.730620077269011e-06
 -10.27448257449395 0.3681061252731349 -28.38801528323876 0.04937348068034771 1.208837725698081e+17 0.1091112698972326 -386356648.5417275 1159.630931900623 3238.638498091816 732.8322022362466 1049.619451769035 2910.143317953906 1714 191653 1 3.354786211362272 -0.3027373927311068 4.280661415854652 -1.884289938859384 6.084376913043576 0.3403890497662715 -1.663573859179099 -0.3656123450264035 -5.837028940934926 0.3565625969175361 -6.356696754306373 504 569.8104820251465 2325 -1 -6.742132545935438e-07
 -9.59106743633088 0.1974139356983047 -13115.96959732238 35.55553023304486 0.3179128625051078 0.2937871022167669 -3443.663275313208 57.53668531615605 12.63543116404395 35.03858205333351 4.709598928109138 2724.624410929956 1584 191649 1 4.531291486125147 0.604713605383142 5.041556328133065 0.08273699187108899 9.608528165225747 0.4047624317546532 8.711533723890939 -1.910001440630893 -4.491698334051579 -0.1417709952721005 -3.79644266623814 507 568.8550710678101 2325 -1 2.591159129504238e-05
 -10.13865146287133 0.1639309529343043 -38627.62998370896 0.9113433810392275 2.193904137531461 0.1295864733887365 -23151470.13079825 488.9555528131467 703.4167743204266 2.739698191051594 4.808645102250262 3053.162335934525 1775 191664 1 -4.229945125776636 -1.349579468620792 -8.145413214080923 0.5490519804008782 0 -1.314575696704829 -5.172018262553877 -1.091438691713573 -7.962941626696793 -1.234203824706737 -9.598464197485018 510 569.7871069908142 2325 -1 7.828258464383447e-08
 -9.823285648476896 0.2363493820726819 -559.6875436208389 3190.776642284856 1369.804843440631 0.2624007389051688 -3646.375385913055 637.4388869731696 1038.675023667643 2.835309350185877 2.52767374538723 3024.51489835 1116 127459 1 -4.495496071852972 -0.435817739563218 8.346195879830935 -1.637626147931773 0 -0.3154116815490715 0 0.7550774872296482 7.902898446460377 0.743966244131292 1.154544866510544 513 383.6952588558197 2325 -1 -2.058473680733533e-06
 -9.581818922766564 0.1594195823046904 -25877.52810220461 0.07286220815330594 328747374917.6674 0.8508517767397029 -5.677001186443812 4395.960288732567 43740.83498356607 1.623756700534079 3.349590140732868 2920.137367431123 1982 191639 1 -4.676316130445542 -1.005733005029376 5.264168845095666 -1.57887605173429 2.096902660375774 -0.3327720843700925 -5.855864540639128 -0.2572892174265355 -7.962948606668961 -1.434799082668055 -0 516 565.8872361183167 2325 -1 -1.535709408641766e-06
 -10.28288684356085 0.2625613214757685 -376.3020573775305 60898.90449660552 330794.9567461681 0.212889987142064 -23596.2019099818 58550.86496217434 7890309.154406983 0.03853146785369667 9.96955890909799e+20 3012.368672782064 546 191415 2 -4.683988748995085 0.04339353677764368 6.508342690366155 -1.113940066919541 2.435680370389552 0.5955671009536223 -0 0.2593797289173163 8.497890095976471 0.3611880957449882 -7.515892419258339 519 569.2075779438019 2325 -1 -1.123528076902584e-05
 -9.901659953800911 0.1155140082390221 -42491437.41737901 0.3240662420545726 284.0305999140006 0.1842690144786724 -442679.1948127095 6614.311515387475 109918.7372944199 0.09762605770081294 125600666866.1033 2844.301154688942 2906 191664 1 3.199891948808687 0.2034617788822546 3.181986910086306 -0.2113440520895962 2.962263858215785 0.1127999949005702 3.894566963480958 -0.6182706052212694 2.131336914847157 -0.361551968485057 1.507997955724687 522 564.011528968811 2325 -1 2.163892903834724e-05
 -9.260509386584243 3.420331347082043 0.018189301316452 4352.928945165893 2686.17321253147 0.2884530460570158 -3088.482737842675 41.03323630541823 6.624144866610028 0.6311964268776828 95.43230244075144 3081.340877340748 2581 191662 1 -4.212310818433877 0.03569926311297598 7.542553672426624 -1.715791665025995 0.4808752090101907 0.3504234983001555 5.332867453267657 -0.8754811658920421 9.340588642264365 -0.9073338835762909 4.164078672307606 525 572.1606030464172 2325 -1 1.091821599077566e-05
 -0.0855053779268487 982.1915210972702 505.6451577688325 484.7509332439077 14.08113372381253 0.3100812891891662 -1572.198274328106 70136.29301520558 12207970.15807811 4.878407444968862 1.782614729637352 2783.608030209513 571 127223 1 3.061524434519045 -0.1634739511934687 0.3720808553423138 -0.9680551926091114 -8.243179517072404 -1.610790854353738 0.1116342821483829 -1.98233036105285 7.051651545480954 0.5650135909618648 -0 528 384.0399031639099 2325 -1 9.462451096226243e-06
 -0.008087855232043877 97172.76641010401 4763237.548535091 5670.079769506111 3497.368066908964 0.2442503891461604 -9146.887693788325 39425.19711656076 3327901.496929086 821.8533074442299 935.5720011051103 2897.21278409413 1293 207570 1 -4.692992371434958 -1.583823047028197 1.872663019927701 -0.8820015982935905 1.90753235491334 -0.2728823713411881 5.701969128090292 -0.8932596213922936 -2.199560696145866 -0.2885273623387032 -1.632588072486916 531 618.4263598918915 2325 -1 1.950301688248252e-06
 -9.451113195861659 0.2828159414644503 -89.02648332473298 37.87019736014287 0.2280334614698317 0.04843262335137621 -7.639605241204534e+16 134.6143516750262 47.91413997913998 4944.538785606885 35800.84168982074 2950.864239165286 1861 191637 1 4.630519643889777 -1.005846157184526 2.695394609049431 -0.6922958360188964 -2.440254497297649 -1.194735430374386 6.246332397675593 0.09835231635238008 8.624100002645296 -1.921234977870262 -2.855292573247898 534 571.4581019878387 2325 -1 -1.304483473764149e-05
 -9.818037221927025 0.1510988767039683 -50712.39629516448 1.712442499422734 0.139680033168715 0.04030007025398989 -7.444661058536097e+19 78590.33269841272 15520507.28556807 1.835189035391787 5.359562162605424 3046.495927289014 659 127768 1 4.538872989274163 -0.8361533987889835 8.887926811320201 -1.756199481671605 -5.689004792667654 0.6234398111100106 -8.462084930467 -0.9572712406501803 -1.375681620705042 -0.05785576259617463 -3.277610957313731 537 384.1913709640503 2325 -1 -1.34844703213894e-05
 -9.392291428880728 0.05371663889824541 -450169649363585.8 0.04157395460785674 1.021347757545561e+20 0.1559578950326238 -1281858.684887687 2763.272487234576 19464.21138017927 49.87572802487315 5.456111269539426 3036.588423082109 2797 127768 1 3.855848971226647 -0.1604712739124885 -0 -0.5715855942551826 9.395500463989769 0.8241865050419248 3.263531756188899 0.328585468167542 3.120096631864957 0.5044898057150045 -3.933481167076568 540 382.3017439842224 2325 -1 9.956777157274675e-08
 -10.0929159605616 0.09157707184814462 -1843742216.960173 469.7143159870461 13.04944181640622 0.1047762870319215 -1876440660.216945 244.9121386689361 169.6241041249796 7116.081302645581 153583.8586936113 2937.318398333563 2348 191656 1 -4.479810609021502 -0.2909401896194482 -5.58158102545571 -1.985435966927366 8.909266040848141 0.8691945528537399 2.321825324576023 -1.218625617778407 2.80724598514289 0.07358221522332356 -0.1130163648906923 543 568.5164818763733 2325 -1 1.104052471398236e-05
 -9.650623052062375 0.246873776399006 -780.3695103922712 165.1177422658137 2.179944369171527 0.07196163145646514 -11365374464346.26 7438.569287760835 119969.6678906212 0.8508793232900449 79.10875694068844 2928.467905264754 2261 191658 1 4.676172204428649 0.2649880024152189 9.301004742394818 -0.5354082409362482 -6.374429527292056 0.5729290963721843 8.527375501918073 0.868264547779412 0.8953612384426246 -1.655598110901364 8.99447435695008 546 577.6170399188995 2325 -1 9.783709705613228e-06
 -10.18981160707304 0.1457878413215431 -695602.7783267355 300.0199813063745 3.565896722914006 0.06525730220819055 -127174377554977.6 35706.13895891474 3009868.416857264 1189.42332325365 1036.735787394407 2892.789799931791 1594 127750 1 3.566530998393479 -1.330945120006686 0.46744844357492 0.1492235050281044 -0 -0.5273308150289555 3.790522078887288 0.4737944190130707 6.251804640169031 -1.6806677274454 -1.28898800236524 549 375.117840051651 2325 -1 8.886998822438713e-06
 -9.833693897056634 0.07202477027049631 -2314133943164.996 2.125661345653867 0.2833655012789679 0.2166424933870736 -53760.98603328524 104.536047001489 32.55310062600278 2.404515182965064 4.745257287589556 3076.741631599739 3626 191662 1 -3.995858207290679 -1.493856066352822 -7.980913206489802 -0.7850238372145029 -4.818069755702676 -0.1466540068131837 -5.103712217168438 -1.238506713720918 -5.020815313052508 -0.0140681753773802 -0.04010390108595985 552 570.8132281303406 2325 -1 2.03890760268967e-05
 -10.03638757574039 0.2724447671263913 -129.3502819009164 0.3137879233781052 -87.42282862560465 0.05003231324238467 -3.92115605859653e+16 14614.69191229528 572828.1794633392 1.086684529446465 26.59317534071099 2790.871585250592 1434 191663 1 -3.683971576603129 0.03129417600323232 9.762386735670308 -0.6773015144714591 3.6882830211289 -1.700946076728798 -5.16121747738327 0.2475504159962139 -6.671554887148857 -1.047096538856442 -4.708101954651002 555 570.4906778335571 2325 -1 -9.900698675402953e-06
 -9.537977341133789 0.1814215009612481 -10481.91845027246 19609.85932944428 59514.88417112223 0.4258678573793509 -192.5122904772737 2231.068357458076 10445.20358501987 47015.3275378149 1928157.982290245 2926.778709203131 1033 191412 1 -3.958653972811906 -1.609660355263986 0.008511422937564461 -0.01417512705705808 0.04256075299630346 -0.8535462305317427 -4.636634144725863 0.01863212246344801 9.766335059781472 -0.4205769518922953 -6.804794970959152 558 564.1533050537109 2325 -1 1.090937909964358e-05
 -9.415174758205115 0.03524532873935772 -2.42375665028768e+20 2.579313337604541 0.1928930064184753 0.6111925699078385 -23.0060617098668 7378.855193541533 164908.4843528534 10.71407707464832 2.042080786000276 3042.307411016362 447 191664 1 -4.544181961609501 -1.790354558651309 -3.699716062868897 0.5872953036735042 2.084552102685911 -1.457481528457285 -1.226967803120257 -1.534852122650908 -7.609931108876673 -0.3723360811889789 -6.905208522191821 561 532.6415679454803 2325 -1 -9.323991113226204e-06


# name: injParameters
# type: matrix
# rows: 1
# columns: 11
 2.01 0.03999999999999999 2 1 1 0 0 0 0 0 0


