# Created by Octave 3.8.2, Sun May 24 04:50:47 2015 PDT <charlie@yukawa>
# name: outString
# type: sq_string
# elements: 1
# length: 114
Slope	Lambda	Gravity	Lambda	MagneticField	Lambda	MagneticField^2	Lambda	AttractorTemp	Lambda	AttractorTempGradient
# name: om
# type: matrix
# rows: 187
# columns: 31
 -10.12865150227927 0.2293312837768279 -3339.706251295083 27.76013749996656 0.2531907068951561 0.3615595133128202 -545.7063865943676 180.0876480859152 88.27882195029412 0.08662713113665485 -160273769024.7584 2950.950047315714 593 190158 1 4.574770695619867 0.7504635053151372 3.436035523805092 0.06677227899025069 -5.309150258545364 0.1431811324586003 7.756116862928192 -1.390251714692455 7.692224636193268 0.9311490901836654 0.2861662697688536 3 845.1180658340454 2325 -1 1.096401464123021e-05
 -9.671730568025275 0.2591339935831078 -570.8277010003218 0.3695846946542063 143.7197384632013 0.1915686971082445 -232287.8335385006 3547.053922656359 27932.506144853 0.9505993118540068 44.4495535582366 2933.14777458212 3389 191647 1 -4.056518246767411 -0.5221358929597075 -7.694445568686135 -1.281769712260283 -1.935789119410379 -0.404007854183229 7.571594903587972 0.8143962954622861 1.585736017706897 -0.09327114580245784 -2.934317843374609 6 706.8611149787903 2325 -1 1.216212853063567e-05
 -9.838219654134654 0.2160835637447933 -1455.870345544918 563.2829072956494 -9.647118712829279 0.4448800356237887 -52.54321617536419 75877.7086500475 14291926.19950455 3.178941393308871 2.771104450641946 2875.515358388517 2997 191663 1 4.221348414657031 -1.1780552797888 8.922547184953659 0.5354700927971838 3.416909938013497 -0.205966485807135 -2.649758295451498 0.9827247285978205 3.083405981897346 -0.8759027044642737 0 9 702.4750590324402 2325 -1 -2.024728007319978e-05
 -8.608351320712679 3.346373821893324 0.03528116379631072 50.17811837937502 0.3928508775438824 1.016787883348625 -2.42328062784245 742.8720279617968 1632.832527135412 1.672438947805108 0.8870740455241463 3072.382753767999 292 184681 1 -4.618607183198089 0.6208896566885174 -6.501800422382555 -0.1649839415012621 4.34252994772689 -1.710054364336036 3.831895208422448 -1.978742623354047 7.820082746502399 -1.647592019707152 -6.339468141494074 12 696.2773568630219 2325 -1 -3.930244347111698e-07
 -9.54908384181781 0.2590844946944757 -716.6202001000079 2.817174641372998 0.2119204401498813 0.3704023496414174 -86.35528694882193 345.1916823490309 301.3746540423177 3221.975168832152 12816.65587564635 2970.639500485426 815 191624 1 4.475381358548397 -1.888982985984041 -0 -0.9761172174157053 -9.724651704838694 -1.653904720176643 4.573096959345504 0.5077790463777978 6.107139464974424 -0.7862119769789526 4.626769978713932 15 700.5408217906952 2325 -1 5.068188581950843e-06
 0.03177486075468122 6441.90612351255 20087.43969473338 661.8980398187596 59.91012871379643 0.1154824060123802 -524507525.5256408 148.0820495287694 56.24839033505393 1.178897952801604 24.30216445911284 3060.566675245356 2032 191648 1 3.962436488333458 0.2787814131175809 7.990863042512125 0.686956404623396 -6.928557336677074 -0.1717677943190692 -5.732351006406536 0.3141780613066011 -7.043476909492925 -1.926572908893045 -7.599375414203713 18 555.6194689273834 2325 -1 1.704966228983878e-05
 -9.666535650384391 0.1451859427403837 -483465.461914937 1395.006383734048 113.4038159187702 0.297040637097405 -2762.773876156298 152.9417679049248 74.00834984541368 81.5815522299398 8.051760313444429 2902.085863672326 2668 191663 1 -4.557191119944147 -1.060567826591207 -3.063359872058034 -1.557063113539117 9.462191747779123 -1.36368969022743 -2.225335739532535 -0.7722868611737504 -4.930149457552268 -0.6676767493527321 -5.918299756899696 21 557.1386539936066 2325 -1 8.139650633897702e-06
 -9.69310321598271 0.05592998282086585 -3.905966127196002e+16 0.075854912934222 6170458546144.713 0.1842474710992393 -682774.7113500568 4654.888640650889 61184.69064136378 5736.202502107501 115833.7256586911 3039.815919260594 1338 127650 1 4.688108963797475 0.4789676343128901 5.62736583739042 -1.117797729788961 7.300399424373484 -1.855202195761854 -5.128207216301662 -1.801276969415814 -1.903231730813444 -0.8935414520915446 -3.94210039921323 24 373.0101759433746 2325 -1 2.964632609549939e-05
 -9.993923780823311 0.1308544485801254 -2150926.574470919 0.04050482262526199 -9.964979572283406e+20 0.07040637750670889 -12100887611097.41 69.3086250765835 16.5039400868741 111.9790713478411 10.28571043534832 2992.511028299036 1345 191655 2 -4.45637572667358 -0.8444931859516753 1.809430957897819 0.9323645516508877 -9.400792772305115 -1.417401070764972 -7.895222574584075 -0.4122862331885547 -2.058807714850072 -0.7013053400409035 4.199947265223756 27 553.6496801376343 2325 -1 6.069184620365235e-06
 -10.53830486981958 0.2669914916260464 -290.4386634428658 8920.309544016098 4800.821882990463 0.4095628922606798 -95.31209851033755 4967.822011120876 49679.31396520066 66713.15343529091 7732542.77799268 2944.875228396186 651 127575 1 4.299313806917077 -0.5417203652760474 1.912936288909322 -1.141463613160544 2.168068794570293 0.5398216426735702 -0.4172723112359686 -0.8938446838891547 3.416607954354075 -1.817801077610205 3.86764551226854 30 368.0548369884491 2325 -1 -1.511914106033176e-05
 -0.9401197849875946 719.2176833011573 251.0065218808242 4652.603364727826 2312.22208881761 0.3533817687451967 -346.5161279006914 43445.1063855836 4894492.846856228 1.034685553692818 9.872642781067253 2830.553375968258 1877 191641 1 -4.606116690159322 -0.3433855515542437 -0 -0.2325318512381536 -1.209393312079852 -0.8809296279112839 8.513038572393503 -1.997555453441391 -0.4941966995510971 -0.4056874601959244 6.600087177105324 33 558.7118899822235 2325 -1 -6.908492570394456e-06
 -9.396965686528491 0.1694757248155151 -31562.24298682936 132.8376391962492 5.730916449122244 1.122065057492302 -2.468589684368661 837.291606022906 1849.786884245095 1.416949170012364 4.963525926810192 2983.338212098004 2914 191634 1 -4.586800142572249 0.2610316150529707 -5.133121351339291 -1.982213633782651 -6.723938331405316 -0.9851239439250348 9.791448964075617 -1.358837751218713 4.907799346783687 -1.53339516446437 0 36 549.851814031601 2325 -1 -7.373718826717398e-06
 -9.090367106585949 0.03667864836225574 6.93800668992007e+20 10229.20762987701 14813.61644001993 0.1728395732376198 -440083.0146200245 3692.540584288911 38791.15756154042 538.7582900516053 1494.71877002943 2992.459456511022 445 191613 1 -4.629532251700525 0.4549874018691477 5.470206477597985 0.003876409130417476 -9.709207404649566 -0.2696145001939829 6.727621113437961 -1.000513997307293 5.050753655633296 -0.443607128293201 -7.209132189303975 39 546.3663959503174 2325 -1 2.144624726364705e-06
 -10.04595342622157 0.2283192718799567 -617.6879637671675 532.6998046795438 20.61463960703046 0.1940291924033568 -65200.43787418209 356.8448042934012 313.8401608662082 857.1866048493778 1945.63110285622 2986.526806868049 498 111803 1 -4.017212902396275 -0.195994776808309 3.709008123059295 0.4429594275178661 -6.901152060933206 -0.7257443733552522 7.063821511164626 0.262866051072856 -9.034525847908474 -1.159027657831595 7.089789695713991 42 326.4540250301361 2325 -1 -8.036294323214152e-06
 -9.564812731443187 0.2988066433817724 -248.7157891503734 326.2674663962528 18.63987895026073 0.5893261000924688 -34.63748632656172 92032.97600200083 19139324.80035909 448.2694845276411 146.5033797781172 2930.069110004392 2681 191452 1 4.462170813777635 0.3203664157110948 -7.071343858915107 0.612546085833359 -5.400381594378736 -1.315835134589175 -8.466632002635567 0.2016590223497707 4.803598143655617 -1.872523887814891 0.3768106588400029 45 552.2996997833252 2325 -1 3.218519570968854e-06
 -9.807331267124521 0.1795463963279037 -3544.78341497229 30696.62326349228 54485.27950078709 0.1075311581929388 -141989763.2009771 64016.40681434657 7366800.238210901 1.215620011679927 8.005111631545653 2869.592833786035 292 191182 1 4.214200805901903 -1.044186657196932 -5.639593287844139 -1.257055930085401 -4.104492114127502 -1.645867890285313 2.579341550408655 -1.755827416416371 5.900859140701689 0.4234299325009605 -9.385539871347994 48 554.114706993103 2325 -1 -1.588274563410901e-05
 -9.976181520554221 0.3310920220774413 -59.50126105373683 5209.282945215563 2773.386965413129 0.0544166036446574 -5.315885860213117e+16 2690.141408179136 15777.56000882217 2.624020394452722 2.255351773125708 2988.989062692309 2111 191664 1 4.137903522557693 -1.285478181633738 4.173441770091658 0.5196962724529888 -2.273658320578262 -1.546911812396946 -3.96121336157818 -1.57735509002824 -2.423792651497079 -0.4385980681221167 -7.290574398124708 51 556.56454205513 2325 -1 8.068671876140869e-06
 -9.820836854162854 0.2295929528731478 -1367.250105943866 520.3200341718671 27.07730818240605 0.05430123355410271 -8805009515447292 3514.116686043075 20939.09470534373 1520.252412337881 -1286.133239784457 2924.931247819368 1608 191653 1 -3.814866359257848 0.1374588597870482 8.279559189574034 -1.389455647000281 0.35938376270453 -0.2860537418416707 8.733592960633441 0.08948920789724996 -7.016994155130295 -0.677275719267306 1.644686815885581 54 558.6244959831238 2325 -1 -2.037460612364699e-06
 -9.301976588834492 0.1562890096238706 -27497.81468085534 142.1756406695822 2.448414026609692 0.06484422604105924 -3070248526526.127 4600.752205879314 53848.58214088347 18741.45125839953 888924.8389074877 2859.62782330666 1680 191613 1 -4.608756487033704 -1.41294989321893 -2.545886122330818 -1.043625597980478 8.982953048453412 -1.003731451857588 -9.756737894871637 0.3529911560109471 -5.940635176380828 -0.7379502878756075 -5.264562631944486 57 557.5675849914551 2325 -1 -1.731618161115603e-05
 -9.496066350925052 0.214163939219925 -1407.447976479873 238.689982745554 8.109458107084869 0.04699005716650994 -5.841626683900338e+16 94193.79122129765 24045134.13642576 0.8875473883270145 39.51684003692348 3046.337906739638 1839 191664 1 -3.725920146388169 -1.027684026654587 1.449544124448151 -0.1195989911598074 2.133118108852145 -0.02975486715513668 7.058173422099262 -0.8628115146646174 -9.755426703754011 0.8123685338160386 2.146847220204611 60 549.5777590274811 2325 -1 -1.850244017335901e-05
 -9.853476520443516 0.2905101575980445 -139.5540124934044 5.601957243996861 0.124529295344573 0.06313108557688014 -1591380674444837 66.83433284153847 13.5393084568014 3.602578885869493 1.195072668167225 3028.297633782959 1101 191655 1 -4.631020954250987 -0.9538633115142225 -0.9410147054263946 0.2012484731126225 -6.761564853825707 0.5141856690124142 5.156549681315388 -1.1387939466272 7.278169573467576 -0.8002235935544952 -3.708044855951659 63 553.8744828701019 2325 -1 1.363420962281874e-05
 -10.42388979462268 0.1236324008774275 -682970.2172646134 4007.939236372005 1067.38226629607 0.2832588576392041 -1279.993160080206 121.1512453351512 38.26373734408247 0.1500185621676923 3833542.598098455 3069.270421148079 2247 127721 1 3.806152688513958 -0.8658267239721447 -6.63325533943305 0.7213490464711292 3.613738121426637 0.7372034031988122 -3.527058352313908 -1.317545454288493 8.583177176217855 -1.482121703123643 8.545065739813301 66 372.0974059104919 2325 -1 -1.385440999052993e-05
 -9.697251449051214 0.07576332132996677 -12017751812.31549 8571.924221394996 17151.13296519157 1.536327587805675 -0.955940401831689 76.45814655584292 23.536343798452 2089.643170593616 12214.06633805753 2933.150459473684 1435 191601 1 -4.598785312386545 -0.4740056289662213 8.3054841261613 -1.153029499974949 2.290247760619605 -1.939127201335577 7.8874935566697 -0.4076106296525781 5.837799052817284 0.6577125984395948 -1.323528106364904 69 556.3512101173401 2325 -1 -6.484707145695845e-06
 -9.653993001599009 0.1192116146271878 -1462508.637045081 9344.571428490583 16535.74446637765 0.298806156436474 -904.7711372985038 162.8182290051992 78.51157198480392 13641.97527104655 366225.1587826325 2945.091067374014 629 191418 1 -4.379076871619142 -1.780885951512349 6.531798903342853 -0.6532737149799317 -7.574892390507866 -0.2479863104206208 -1.100406327157353 0.2814933665423101 -0.7117871010459016 -0.4449520979886349 4.563006220199114 72 558.9859149456024 2325 -1 -9.157534924322039e-06
 -9.656945974120729 0.2279408418102737 -860.4985367418664 0.2598555077738845 -779.947419175616 0.2200205285404854 -19974.31952039321 1486.811119578297 6476.97658856522 758.7207795348701 1319.698348023085 2944.547312875332 1284 191656 1 4.549178676530578 -1.907880547734235 -0 0.2969091937659156 -8.568349010939095 -0.3663239432579913 7.532220024408641 0.5153315728024497 -0.1651397943897077 -0.9940971962354253 4.845402424003594 75 561.931186914444 2325 -1 -2.446940785932323e-06
 -9.589989573975059 0.1168928817715807 -16211594.12770285 0.7437779632762685 5.452665739368141 0.7220086637600833 -10.62549099004002 18443.83374522979 856163.6487322415 1.123075702559501 20.5159544007429 2910.689312914075 1612 127734 1 -4.062320395844503 0.3760132402138914 1.026590631457654 -0.2278920445269357 -9.410951537212592 -1.699097377673275 7.745725519911904 -0.01787959584557179 -3.006699644185463 -0.740419596538211 6.781695849627891 78 369.1961071491241 2325 -1 1.278596017955105e-05
 -10.43298792598031 0.2325396081996295 -759.9427823063867 50.49015734827731 0.4711073304785744 0.04514569648279038 -1.455023846018447e+18 35858.81482997747 3430119.191444092 0.04592788800125153 1.517318037155026e+18 2940.398148292685 2289 191659 1 -4.204022244438915 0.1701390967947933 2.360502821105513 -1.744806203200849 4.058173965496892 -1.462634864698837 2.833909127969052 -1.802925884278702 3.629469334926737 -0.2047971338227796 -9.21319164137336 81 553.1746938228607 2325 -1 -1.128109275643417e-05
 -19.4102630625402 14.77971001255117 -0.4201762982446553 2.66448890990399 0.2611428684454095 0.08528999615990748 -101445994276.6422 95.94959411227728 30.79576076890562 0.2326873335324302 47524.77318255827 3159.81162778997 1280 191600 1 -4.641165958750775 -1.651544581063708 -8.131024011739745 -0.6844806286597295 -6.087601712883791 -1.720329936276183 4.57751953918965 -1.140000985456128 -9.979217469118741 -1.278867760501586 -7.216738550785536 84 547.2547359466553 2325 -1 5.858109297087349e-06
 -10.1466648569629 0.4241393177134817 -5.535391793417918 51461.27566210512 217104.7507780458 0.2598735030252055 -2010.004028133397 225.7475952072155 117.6060700602683 1.09298537931815 23.06278963571907 3041.494866236175 1063 191559 1 3.977762033132153 -0.7989813289591368 8.115439504879516 0.8002305759593433 1.970412760477694 -0.8538627690376259 7.394382460014269 -0.34678290221831 -0 -0.470395145594007 4.008611642474962 87 553.7593929767609 2325 -1 -6.386497489515082e-06
 -9.594204728728974 0.2575263323034064 -305.8944503884483 1.149207102099523 0.605479862596166 0.221530094854938 -10975.93048387633 1509.203989131734 6462.473718468124 1300.535171000509 2331.168606159644 3072.447630194457 316 191316 1 4.572606752586708 -1.674680507821025 -1.09632664378185 -1.307525903644765 -8.831708454221733 -1.698034678406075 3.800901846925103 0.3618686133125797 -4.940381989380385 -1.205519115397333 -5.244349416181323 90 557.7438299655914 2325 -1 -1.483451413617814e-05
 -9.833743599691299 0.2670919365227191 -670.6126217144848 19441.22302300862 131374.7330084238 1.327934335283896 -1.834264898292423 1265.293401450147 3465.858083995313 0.04766740977328314 5.138737456560126e+19 2797.093246360093 830 191598 1 -4.649044650106711 -0.7922751119895945 7.363762116391923 -0.8544144431087366 3.636000322931626 -1.493040714607901 -3.521428268176677 0.06683516384079888 -0.03098360740125639 0.8238781939754869 6.223516580031828 93 563.9430601596832 2325 -1 1.062600433201178e-05
 -9.630450105021206 0.1507313785482317 -19207.17746206173 0.2949203592625298 413.8556185739243 0.1862446078093976 -47436.35356058859 7278.903833347777 152778.0570371016 3.848733612934355 1.663945826680104 2862.465757438695 1591 191637 1 3.712307327670071 -1.600646458364313 5.218146976778004 -0.1748380216567113 -9.262078371632379 0.09538115291766573 0.2340089242364183 0.7542873884751433 -6.207280283441259 -0.7991510849309265 -8.636690918432127 96 587.1532349586487 2325 -1 -1.837312948452829e-05
 -9.855825322975969 0.2661826454690718 -983.7871801628863 1525.705457955485 144.6350598603126 0.2932339596406967 -1588.515716224588 49.64575938723996 7.753647466133444 503.5325676225736 240.7632305711497 2899.205261590249 652 127717 1 4.267589213747966 -1.559162484752935 9.258211759151258 -1.823689916758424 0 -0.9269475159815492 5.529922335064898 0.6340317249394083 -6.824936882973358 0.934595788218187 6.072246177495483 99 389.6137099266052 2325 -1 6.085768078649265e-06
 -10.10445561925637 0.3398672458050146 -50.11939427427473 0.09685475049865064 -187602312.9202137 0.1282872369581197 -8131259.490147244 1281.900437058186 3717.007846402227 3.10456824715408 2.301142211074025 2927.968097034061 2493 191644 1 -4.636907554111877 -1.354362557946053 -1.271311032163359 -1.668454332170931 6.315502066435092 0.3756723495865444 -6.680987279987952 -1.427924159913054 -0 -1.418675090503835 1.620355743579993 102 562.0617921352386 2325 -1 -1.254302784955804e-05
 -9.804626158606597 0.3316803169095922 -11.09937478870205 2968.834056025878 1070.332054981528 0.1332900862410417 -25601130.74025939 3548.292028757642 31006.10172104457 66349.0208670149 11164959.2183688 2977.893103530389 200 191639 1 -2.200249173343231 0.765204966883402 1.159493081851695 0.6314507164280232 1.56308068914771 0.8583142477704029 -6.198165514498858 0.5803738211257641 -8.225725346189458 -0.2691073239758558 4.540518157573884 105 553.0589179992676 2325 -1 1.206280735220794e-05
 -9.697754008226376 0.06771256152623051 -696563953848.8757 0.2578490340738781 1162.769904938157 0.2181671854517402 -29711.21857387539 8783.594692392859 199508.4497878598 1366.714939838596 5471.240856598062 2947.676505478449 323 191597 1 -3.648145771285512 -0.2468469775969027 0 -1.249118278907806 0 -1.230910887394134 7.283533772334039 -0.9999790345294102 -4.439319279229293 -1.349036554823998 0 108 550.8751361370087 2325 -1 5.017719929079176e-06
 -9.514034690342797 0.05403548087189326 -695006970062568.4 474.1931890002389 -4.117980312689395 0.06592219119606767 -33677966535068.23 31.49062607408675 4.392065075763887 3284.242124711408 16565.91259877572 3176.75387657278 3960 127769 1 4.179002321151367 0.4864739958695186 6.828712980467335 0.0868688092928207 -1.837963034406735 -1.524649353923998 -0 0.08305855406611946 2.162839703494228 0.1006352487197338 7.093322002875931 111 367.1031301021576 2325 -1 -6.600629859338625e-07
 -10.57661357831063 0.2582929579378093 -1473.637986867387 57108.44411644179 323700.185477845 0.1315563865646452 -28811942.16856446 54.44361505044252 9.150803779873792 1.276449236558764 12.6071311135384 2993.804909826903 885 127705 1 -3.151615676045844 0.179126433550012 0 -1.826345795533607 -2.636432171470765 0.3103322201424379 -6.931891929241543 0.3237448330870736 -7.784382830210422 -1.050650621641378 3.470091977903354 114 372.4210031032562 2325 -1 6.158044754312706e-06
 -9.82894660152421 0.237916125330992 -678.6069488601987 0.2316971935598205 -1706.738727939957 0.2048561076251191 -19211.04681111627 4073.281234697984 48221.76192452611 1249.919774933104 2413.12456453142 2984.439263521841 840 191550 1 -4.233997627212687 -0.2413449077834767 -4.816850495507993 -1.81625666797125 -0 -0.7866784824044339 1.964852397877584 -0.1241334234830411 -0 -0.4490992846563877 7.514611264332574 117 557.7022879123688 2325 -1 -3.211167606274194e-06
 -9.485065168267544 1.30079198552922 0.06364244518759617 25.86937108111387 0.3383687750205797 0.05845346301356542 -72916553491886.81 827.7886650031596 1863.261993785382 1736.766831985872 8408.986492204618 2970.311705980756 1157 191657 1 -4.621215173991287 0.3105910540522298 -1.505199227382961 -1.948789079199726 2.588804057859945 -1.359165594779668 8.465778529353599 -0.6978517508912425 -5.799463215514398 -0.005899792316089524 1.814859212326837 120 567.2600917816162 2325 -1 -1.696115702227635e-05
 -10.09739176625532 0.2140468215607706 -4641.416722464643 0.04041023773863422 9.98186352127747e+20 0.07706120509601848 -1495636715406.063 5090.651991548502 70286.82719508138 2.545526192539205 2.179625733500678 3047.323424519593 1110 191314 2 4.54953208777809 0.8360027596151678 -0.4284498307654343 0.380666127846216 -2.190224970707046 -1.843872370987902 6.935723323103494 -1.174802367581961 0.1264641590792186 -1.689257869076925 -0.1583222246597988 123 553.5486569404602 2325 -1 5.609402533649058e-06
 -10.31469049142153 0.2395496828920473 -420.3685761090422 44556.63283613772 144469.8634614531 0.6944530695780788 -8.875024274600653 19.22496810257324 2.674668333328171 1.44476368249649 4.830318790920518 3004.828999123681 141 176628 1 4.617634503697084 0.9779175329110608 2.190178431923566 -0.01178654279456916 -0 0.08786924072782519 -2.394807463970183 -1.448009605790221 -7.763393349599333 -1.407633881397141 7.533715780390981 126 571.192498922348 2325 -1 -1.956393379051324e-05
 -9.802098054704036 0.2359915072868714 -626.7554221635093 42475.63513556148 395053.2029515407 1.925436913016759 -0.4200541668792974 23146.92354138282 1194429.869481139 1.651075021386715 2.584290058843922 2918.481164783617 366 122379 1 -3.796828765689932 -1.526105188418319 7.361373020663923 0.7084308382401998 7.492693532767433 -0.6393028073164437 2.392067408655768 0.8058828837862206 3.849679711648553 0.2902612923171715 -8.543055624387364 129 374.43559217453 2325 -1 -6.651265690327587e-07
 -10.31362961554758 0.07433506893925484 -271939353572.8317 35.70268912073861 0.1571057649024844 0.5610561385286884 -35.9989840522867 165.4995815295574 70.06887228057201 0.2638363070612578 8166.03886993814 3126.820009089286 1016 191618 1 -4.631098263294274 -0.7726466357767281 -6.858162244686051 -0.9019895525986117 0 -0.2667772265983075 0 -1.252485266280601 -5.218802236123627 -1.530058863619072 -6.568649033033646 132 552.9813261032104 2325 -1 1.119190912522111e-05
 -9.962717012042475 0.04874195704162804 -5.763667303021776e+18 388.5653437538375 5.875237804439322 0.08314128805097 -2173146304946.716 26372.27495475064 1701312.007409318 1.387751131356942 22.6887160956021 3038.921790855644 3657 191663 1 4.65488304543706 -0.8633073308040498 -2.738274674132928 -0.6916427339725333 -7.892918557681579 0.4843120166603097 3.726995873785933 0.143004436102438 -1.824478716690928 0.6860302619414371 -8.249447615312578 135 562.4664869308472 2325 -1 2.940612748585914e-05
 -9.925900018585278 0.2367276513607011 -516.324691939857 2.482828374404649 0.2212480097068757 0.1543432593214699 -856554.8125348341 4575.509532586351 56141.57921606721 2.91824301421595 0.4982582998979115 2990.102154002478 418 191524 1 -4.002882991815278 -1.766044820198978 -1.727362905990157 -0.931219542449174 -3.299395282248148 -1.762760227747305 -0.5914170985293126 0.06573363430443498 -7.280227941337966 -0.2692545314551316 6.293707728324929 138 579.2946949005127 2325 -1 -6.245728901168183e-06
 -9.820517940746194 0.15016828156662 -483663.5665492731 1.052099391848465 1.429896597636118 0.06139487817175534 -1244075297047287 6102.29791819024 78436.73197962342 0.07467537292249686 -5923886674902.777 3103.638143519315 1393 191412 1 4.695085603965442 0.7649154429665024 -3.894527155545211 -1.503885337171153 -0.7462549002096805 -0.147971284901752 2.048751313437142 -0.750128149947364 0.6689964180945953 0.534513952939256 -4.397725903213162 141 588.0065870285034 2325 -1 6.320328919864694e-06
 -9.45515908064456 0.1696058725191703 -34083.41500287102 887.825833023353 87.11569825927684 0.2941172426380834 -1023.610056105804 77733.24288421521 15509372.40646689 0.6382237794495412 145.483546983846 2691.506946042492 866 191336 1 3.050318314404104 -1.127560003029508 -7.030028398791728 0.3870105546808396 0 -1.34390101425312 8.014079962527155 0.791645525002501 -3.570797683237674 -0.8762337458837184 -0 144 565.7712790966034 2325 -1 -5.505885134950851e-06
 -10.06042587714824 0.2152761100152417 -1170.446868135616 1.171394764738636 0.2041680945992169 0.1232829341486689 -18988515.10311981 6319.022435282654 98212.26893206871 1.157702144737394 6.440302626372935 2910.383291204532 776 191135 1 -4.442543267428161 -0.4341328987342426 1.418248517843167 0.9209428016808952 -4.596875691680815 -1.379489323656203 0.8019266935939973 0.02899550980202429 -7.47837748862289 -1.306092626345014 0.4319189965534065 147 569.3157858848572 2325 -1 -6.706146017470819e-06
 -10.87190444055317 0.1481083053759804 -281590.9585107398 0.8779935660860629 1.374946956944902 0.1188760903675253 -80091974.74419631 123.4315470188698 41.09261624436973 18703.98581443137 603307.6336202848 2854.304229495541 2211 191643 1 -4.564797370133746 0.5542741690041124 5.150080164962774 -0.2739240547680648 2.502784466542741 -0.9026442687631784 8.776469623825914 0.3085149025514977 -1.394436241941273 0.982914100944864 9.649545982508972 150 576.7971820831299 2325 -1 1.255787337069103e-05
 -10.60392567012424 0.4667587295807642 -19.25515582945109 12306.6325298427 6651.456475744765 0.5005312177060964 -103.6339563702586 7982.018360443579 107596.6848829836 0.09067137241561174 458499867440.5767 2908.33209834774 747 191362 1 3.039403158768615 -1.453214856004214 7.419722711572046 -1.186243620925167 9.356254493806896 0.8894420303898247 0.3668808910359282 0.5702759325520059 6.407766250420385 0.3902938809259337 1.046516405596934 153 562.6035780906677 2325 -1 2.484435103400397e-05
 -9.324099291718614 0.04483913938611744 -9.233086310903625e+17 726.4649785927037 27.0557859500108 0.1431130163355819 -5167287.85991307 513.9450217129615 640.8505746833459 0.0432839148356202 9.989594248506131e+20 2933.117917009804 1381 191627 2 -3.787314278325939 -1.241019741319494 -3.835106073350065 0.9929291788227403 1.013692964189812 0.03368210547699933 -5.571192231952637 -1.674048610756137 0.6099534049408435 0.9268662853921508 1.112194451875959 156 564.2091429233551 2325 -1 5.669564928909088e-06
 -10.2886506287389 0.3073273796073085 -152.4842016521177 1.398763746987793 0.3491401546861594 0.1327808336796083 -9239410.467790416 28887.34568401307 1897808.185837669 1.517492876387763 8.974025236310188 2873.148265226992 309 189137 1 4.679988774989188 -0.5414971776156801 -3.951554867998504 -1.9704409949147 -8.098806975665092 -1.268653152390139 -3.121520268260096 -0.2641390519019247 8.400120275280266 -0.1495745691819411 4.21070583616531 159 556.7118520736694 2325 -1 -1.897578154994139e-06
 -9.678577394746622 0.03479434569387566 3.446665017682575e+20 958.8313179456064 107.6357872000156 0.2912072330314207 -958.7076792577053 11321.22422139454 394567.9916537891 17627.27139464362 729479.9468958987 2966.846716102578 411 191376 1 -4.59039804380556 -0.760687870488157 6.741707973521446 -0.5868343473844648 -7.502112876034296 0.5089396895652709 -5.290434463761723 -0.2631002591533634 -5.446591134957086 -0.8163386079917228 -7.534303640504465 162 566.2583260536194 2325 -1 -6.870776177967076e-06
 -9.678477001703603 0.03584237816522109 -9.999127671832459e+20 0.2402867738863217 -2889.6252109823 0.08330473314134003 -32896735286.03561 78.1041488384284 17.45583172849061 0.2202635438011179 18295.10094425353 3160.837533945783 1965 191622 2 -4.0348703605631 -0.8994837754847866 -0.6487744798105757 0.259612740782746 7.263030565143907 0.587934557135863 -6.842925617107538 -1.089350732543753 -8.447690245453856 -1.065297596750389 5.388823025254273 165 552.3062529563904 2325 -1 -5.811321197889898e-06
 -9.299052306891383 0.1484548772969623 -141355.6351075255 133.316493121492 2.678867759158621 0.2459868472965996 -8142.864769625953 3567.804583702098 29553.97174228543 0.6518701134028951 106.0098636485033 2978.48282837307 939 191578 1 3.96961472716336 -0.9742751397227369 -0 -1.627019541403642 8.51852080612387 -0.1448396550575133 8.233938013453079 -0.4449693695167652 -0 -0.6178380748340775 -7.254211982912913 168 591.6724290847778 2325 -1 -4.726019024959596e-06
 -10.20604556410911 0.06539928396688596 -2704347653360.23 18536.1051766789 38784.39383827942 0.08696154719213531 -60290347213.93764 37.56658220008807 5.034638566307573 0.05424257371802853 1.168637218460871e+17 3058.971679477819 2963 127768 1 3.827704970232446 -0.8604192191419076 3.596144384530697 -0.612478392146877 0 -1.61746110661226 -1.617147654869053 -1.798225877890651 -4.675185186427401 -1.09643519763772 0.9049872304423427 171 396.7784600257874 2325 -1 3.237550616229e-06
 -10.21877652137655 0.3803947501294138 -34.23191232079274 0.1332115410650641 2658524.162437439 0.322994072923082 -794.8972525195708 25730.47510925641 1418229.351854881 0.2749007575804192 12459.78999181556 3010.59561412133 322 126700 1 -3.636146120020405 0.07474250877968205 -9.825508365746217 0.6595976030317052 -4.560064388528696 -0.6315811426155333 -0 0.4181829876272367 -0.7544689132235605 -0.775007424415425 6.949649923927296 174 389.4954209327698 2325 -1 -1.772261645284684e-06
 -9.360450221651812 0.06356366676650813 -801383257331.2736 1914.896283833285 434.9824139521014 0.05586117885219545 -851265869974477.6 60.14664126527229 13.69370911805886 0.5852776248714192 144.7868390449159 3024.210510073184 4910 191659 1 -4.040449371702659 0.6666297566039887 -0.6393491018461188 0.5661603164672409 -7.610739579204195 -1.595367735020801 1.849103606167325 0.1186360805200959 0.4133373639253497 0.8361123606322471 -3.638939820431071 177 577.9625680446625 2325 -1 -1.186336731469208e-05
 -9.852289093261827 0.3070972341506099 -178.7491800298731 1.977770859434794 0.2657149412489446 0.4274820038372379 -135.2983196871222 65134.9172227598 11272240.75969149 36939.73088904037 2730637.896582841 2986.265974755992 1369 191632 1 4.526853138321334 -1.436257179210243 -4.641528889728648 0.9622699818740257 -3.545598890379762 -1.15294096709313 7.563970902990915 -1.9063111551912 3.139257495184118 0.5065109247126962 7.622606836046794 180 552.3118271827698 2325 -1 4.872312006849684e-06
 -9.501046168263718 0.1446614847196067 -818650.4505225696 0.6663994600476125 -2.358536731170246 0.04920017084268923 -8.92771308649863e+18 196.9782916387366 110.2938650655493 1.29796553306305 6.522823278535419 2939.012426107291 735 127729 1 -4.664486690339426 -1.839156358302662 -3.198098211000518 0.2330107865493702 -7.798805221376195 -1.082403067408975 -8.024757491545046 -1.045657172170206 0 -1.117644093760783 9.467096686921961 183 373.2904748916626 2325 -1 1.635964908270447e-05
 -9.740606667680661 0.2226812291522247 -2119.905488953204 1905.261100322216 72.59092726039904 0.231301069980443 -7666.976030591552 195.9704031370937 96.02547198030561 5419.696585872718 -12779.72630028122 2875.763143203191 415 127675 1 -3.949914915605564 -1.967120520549008 9.74275640805619 -1.334983984713366 -6.366297084765143 0.6143972429837405 4.213559577487228 0.4848660418150517 3.083507488441779 -1.99429212120513 0.2416860023885858 186 372.7754571437836 2325 -1 1.285740222417971e-06
 -9.599884998555011 0.2383122470084521 -423.4528876539148 0.03825774911240379 9.907899225324529e+20 0.09034916615161427 -5284533630.231344 381.6198992935263 361.695370460695 1.908164872263636 2.324771819493577 2790.4702811552 1800 191650 2 -3.577760418651855 0.95299607215086 -0.8634073153872155 -0.5835088621027875 -0 -1.344163110523914 -9.833714859801539 -1.743348074293456 8.959220672405232 -0.9086198826576029 0 189 552.6308379173279 2325 -1 -4.720887662373345e-06
 -9.607005758819051 0.04021193570410184 -9.995233931092698e+20 41112.31598849117 368826.2541786918 0.04477077641817106 -6.683400018691481e+20 1785.765622613861 8539.329630598539 0.9464383270998261 75.18813198305776 3103.178272738031 275 189345 2 4.438107677222764 0.630207311234452 0.7189067444259587 -0.3391652642591599 4.124470288679847 0.234097071940111 -0 0.8616122639783486 -8.517480899955423 0.3344723990140426 -5.880671520831887 192 553.4965507984161 2325 -1 1.512673407242048e-05
 -9.881692232287573 0.03467206393949472 -2.011156536127959e+20 721.7128239737833 115.6206756759282 1.386306669192217 -1.527177438279994 139.323076225806 39.02895709003215 0.0710284159687877 696944531177.8389 3178.818627963648 2726 127765 1 -4.484881249860083 -0.284987189411014 -6.734439970475528 0.05285386594210888 0 0.6585556602166598 7.386311228004162 -0.7737169098864722 -8.28549650674846 -0.5061686248234345 5.49121377592031 195 373.6350450515747 2325 -1 -1.80698353754571e-05
 -9.847099217658709 0.2561275368252896 -1088.691783834935 7932.300088675967 7355.351638440076 0.07900794726166421 -310269443791.9958 2377.678918663345 15659.53488924052 2068.4928659359 9372.944102723888 3103.563573260643 2711 191660 1 -4.109954245404478 -1.838331354699646 8.350893387494331 -0.3215164847650307 -9.077030129100747 0.403877880182046 6.941619251527854 -0.9266926223914567 0 -0.983694086956211 -4.32621434555647 198 552.5269229412079 2325 -1 2.151018927031782e-06
 -9.507424875064498 0.2908044030403321 -174.0840993150712 67375.09729114833 669536.9000485966 0.4115523266158037 -293.0427702469157 731.9912792057856 1474.709586546914 0.889126482592456 23.8109698572333 2974.442784801728 124 184491 1 -4.435195261349148 0.1508766123652552 -0.1509189836698179 0.3027175733555535 6.719203273627742 0.6133130112995895 5.90538507196776 -0.1780648132695353 -9.516254410710733 -1.614866445764116 8.617486886615733 201 550.6341729164124 2325 -1 1.96798819529678e-05
 -10.2976494642169 0.3818378770701857 -35.2767154864807 12319.28370015478 19253.31812346549 0.1354689458230708 -23391145.28322943 60.13697260511376 12.81507364992572 61.48226227677083 16.05405882473958 2896.247567775464 682 191597 1 -4.645399713048621 -1.190405960835653 -0 -0.571025747248548 0.7516031422839626 -1.918566327698614 -2.068097338907612 -0.2362522099106483 -7.826803695783648 0.4765831272545702 -4.655089736421833 204 558.1525321006775 2325 -1 1.037146171563746e-05
 -10.40138450541336 0.03941319457153128 -4.225877653188344e+18 1534.955657484652 147.4172406153974 0.2225582865127818 -13484.38633948484 270.7797172455637 181.0510156886987 2027.424774261773 4986.893072626437 3087.877781739027 1656 191640 1 4.084808321312287 -0.9464764090389561 -0.8030763171698303 -0.4266433821512186 7.836053177505743 -0.6334442446613222 -0 -0.5883238040061931 9.017657098597681 -1.780431377694321 0 207 550.3337481021881 2325 -1 -8.706696853137646e-06
 -10.2719474834541 0.08159658591746034 -29869804559.51833 0.2320836804747238 -3536.556836952615 0.2816420825704777 -6547.598358086007 3696.426747215595 33745.11639651255 1.207685000311241 23.4848265336714 3025.428420036238 367 111745 1 4.140562190662123 0.9205293095480469 1.533940670850906 0.4066368459551062 -7.318104883176103 -1.114376901362554 -0 -1.385959833764499 -2.268608088518727 -0.6374057257603178 -1.952347119195371 210 334.2311389446259 2325 -1 1.464211809810078e-05
 -9.818046450684845 0.1862769690457646 -20730.59536904325 2.462870158226381 0.1507451524817525 0.06257006630604761 -527818679299480.9 41.00411537316167 7.207174921242 138.3293896157427 53.30605143153998 3052.603574839679 881 191630 1 -4.621169168373573 -0.7525849829150744 -4.97294388177099 0.569448567274752 -0.8583534205054084 -1.271380017288277 3.44915171299789 0.9873960303500691 -0 0.4819201816786789 3.96306418986589 213 559.5537731647491 2325 -1 5.972115710413086e-06
 -9.134824214842393 0.2198535633882544 -4572.416852840999 2841.728904465922 846.4405160191128 0.04923063133192159 -2.583494092170287e+18 66.69410803155492 16.86701645690648 1.678418981531985 10.03661755367471 3101.125366873079 2297 191661 1 4.070965181319728 0.1646873723719384 -5.570131036269829 -1.34989912952617 -4.365403402282774 0.7982062734250829 -0 -1.933755976657316 -5.445010554104056 0.08323883503654715 2.55249696014884 216 558.4512820243835 2325 -1 6.454577814638914e-06
 -9.235458917713572 0.1970559594042796 -4086.324504150531 3.209556872249167 0.1059911266054893 0.442584723423171 -75.52307474696092 124.1564403430407 46.74626839916694 2300.563310554903 8412.386668789664 2879.792572592993 488 190641 1 4.362043639604375 -1.779609107896263 5.081781222639084 -0.04931348009266052 7.365728964358587 0.3630138323207066 -6.458717644772713 -1.542614712813852 0.986614731806255 -1.57682731930047 -3.93599678336976 219 552.8706791400909 2325 -1 -4.750922904777435e-06
 -10.09672271383833 0.2630929297767148 -489.9608054896463 8.227050665850594 0.1414743367256696 0.5273682986078823 -58.31563846947043 11829.14403676065 380567.1613312599 1.922041488000941 7.801970283813202 2972.072560378614 440 191655 1 4.586676533331858 -1.918220238665485 4.516905444973426 -0.03458621212054157 2.81013907736007 0.8222162025659188 -0 -1.622170714067107 9.528855245323536 -1.53898678799556 -7.908288954030791 222 560.2295310497284 2325 -1 8.810048386623029e-06
 -10.44933364223314 0.06286787041876316 -18789960835641.75 0.251210265088454 -2136.45325772668 0.04541612249721775 -8.40763144728308e+19 1010.547390815569 2133.833617918002 291.9636490394439 100.1534864060737 2959.257240902328 2733 191656 1 -4.409394969305611 -1.08246757583432 8.489365653336691 -0.2451857227210095 -5.550288075498885 0.05421154429218329 -4.530331975523196 -1.289940988236514 4.086104892969313 -1.433431039849704 8.829616217388949 225 550.1191921234131 2325 -1 8.922546680701757e-06
 -9.561490195718861 0.06904407307322946 -237419995283.7112 249.6651742232103 6.389714198167229 0.1997789990891543 -57057.39091277339 73566.19981368072 13443693.38556302 0.03992369764584586 9.796784972875832e+20 3031.717100604788 3077 127767 2 4.634457675458651 0.7129673567966535 9.642774865819131 -1.691231228311164 8.720028793861902 0.5793477353882341 4.957941424898719 -0.9940565407304724 8.609221724023323 -1.35484870911995 4.740348918726191 228 378.3001430034637 2325 -1 -2.898941496934878e-06
 -10.68803228906213 0.2641211151871648 -667.0986098490876 0.142984781790012 1277369.795335607 0.3571823903556124 -342.0535084469811 5042.182960646897 61300.46730716056 4664.742450699631 51481.47692978662 3010.282677706803 920 191657 1 4.667056863814539 -0.620777407231202 6.658888186862852 -1.637092922061049 6.890507446556405 0.7192873669177038 -6.895899159000774 -0.2110271677406317 -7.54065555646409 -0.9291492767541172 8.008266922570495 231 558.9920260906219 2325 -1 4.139383168434678e-06
 -9.754615121528067 0.4284577178048307 -6.483157363709195 348.8462495062568 11.74320495537049 0.08419809109693834 -5596874394.67218 193.2820819809186 112.2414740672611 13043.52288703913 194776.2638004966 3149.055693041782 885 191504 1 3.571776493306111 -0.3206704283725212 -6.076497967385087 -1.593680764031322 -3.255474562369002 -1.171948105804566 9.011780929421244 0.6213529425583335 1.007614007809924 0.4638620444037738 -2.642752923306692 234 553.0228159427643 2325 -1 -2.054353323770986e-05
 -10.07757377882858 0.2643415555023845 -536.2493753474388 10.62890315271046 0.02501866819905353 0.2059515211737235 -38669.1992465018 393.359298517574 438.7884002140405 3683.920143294817 45569.47254498122 2932.097420191925 1112 191454 1 3.990348410668043 -1.112966186278107 4.269990261848691 0.9593140284224724 -3.476055198978345 0.5594574858579708 -9.403553670444394 0.9468002816028389 9.852476700517347 -0.319470582969931 -8.918389472623552 237 558.0739657878876 2325 -1 4.01570560539851e-06
 -9.315951711094408 0.2911888892149639 -47.49426602990641 171.2963385365127 5.462990944812372 0.4247364482491017 -116.1601339598634 287.1566950290442 256.223073025669 1.098621344239159 14.75829162436313 2919.484365556879 364 191600 1 4.189591177051612 -1.647827687400234 0 -1.162464336531511 -4.439475827829598 0.2809998472172217 -1.328782599990989 -0.4641769444475817 8.481800341800186 -0.5771603203788871 1.557814390175576 240 557.1490490436554 2325 -1 -8.943873583845599e-06
 -9.809319723937126 0.1655982693946169 -132296.8122821188 11120.67849140633 15800.80052833532 0.1820892658700013 -452266.8747165141 6871.353421630746 140830.9059354062 2.543184405603556 2.690903095140406 3068.328069754716 2082 191604 1 -4.56042885542313 -0.07759659503514808 -5.687644708524129 -0.9362395899035256 3.068292561279784 -1.077379706781984 0.6123120268841467 -1.742531323051459 1.359369496463549 0.39325831850216 -1.475442399656588 243 562.5056500434875 2325 -1 1.809003708380996e-05
 -9.472599846375193 0.2450842772008174 -1241.05880740588 0.1278044395531018 -17903474.4416825 0.1119660562044633 -1096361312.637394 39344.3382679015 3043914.481058972 0.04550575802882145 -9.961852978179964e+20 3018.938104515832 898 191660 2 -4.62192393785991 -0.1300977129822618 -6.764010716077609 0.1050141564757858 -6.904353040486299 -1.185722856739885 5.85762411169209 -0.05180068999264708 -0.09908513384956308 -0.3731508154886312 5.183493682844318 246 550.0895280838013 2325 -1 1.917331338289326e-05
 -13.16868181536401 11.2154812568916 -0.1134104400212221 0.4443420653972599 25.58828814860959 0.5791932858750898 -29.6762939707372 632.8134641559616 1086.613887709703 0.06312396030870106 1340009224924622 2922.333375382084 2943 191641 1 4.580966748865961 -0.7019153050631806 7.080664201496099 0.9194841628873416 -6.580424203452835 -1.158082618422211 3.443991833573139 -1.121259590843734 4.806274490308637 0.9257467697856105 -7.801938649759046 249 550.6662509441376 2325 -1 6.876940154370535e-06
 -10.24947072653633 0.1317201958853748 -1992439.981354321 0.227138296438723 -2981.365860534573 0.06519093692212775 -200776183165231.9 62.76263437582438 13.18357784985379 0.3410701316308073 6662.49009046128 2882.918359576744 1694 191661 1 -4.334712405208353 -1.419278791881052 -4.24118933066296 -1.141773607858836 7.903420856540373 -0.03201679679259774 -4.802677730739773 0.5840794708802202 6.293505934274347 -1.888020367526667 -8.061335516569635 252 548.8166489601135 2325 -1 1.12652226067021e-05
 -9.974949756822101 0.2664872367131834 -1177.545560201656 1.498628725768896 0.6813812473363543 0.1716172974321366 -1698532.372678023 96855.28857332938 24092819.69049194 3.503655252218377 1.761805058676335 3000.869882591854 1048 127772 1 -4.363784939383702 0.6179624175865879 7.31320431372089 0.1807620952227453 3.994976185153628 -1.384554003353447 3.931674516036472 -0.9092210077093892 -3.522101835114281 -1.382790334192126 1.408804231173508 255 370.7200639247894 2325 -1 2.651717336323987e-05
 -10.3860183729814 0.3643019127754103 -70.4760488950792 94.98149890488943 1.451284508544961 0.06159290962952264 -99574762058702.39 13685.34328022177 493780.0346838278 11834.33248455826 295990.4582359646 2867.223058460865 2402 191560 1 -3.455879152700594 -1.012222570960787 3.112493652611934 -0.6933556089749758 -0 -1.873849453453161 1.799417659997407 -1.478007004395701 1.821925192614522 -0.4600856595322789 8.470607804975838 258 555.5512099266052 2325 -1 -3.14176934040602e-06
 -9.692044315751172 0.226981058049302 -926.7988707194024 0.2580252687180438 1014.822615680083 0.1404810853378564 -1617949.707615119 6523.324886663248 105021.5429907494 0.9266878792780726 28.40141373120186 2825.80484779874 1454 191591 1 3.25090392657981 -0.6999042351995133 -7.50198502579846 0.6010405268763837 -8.618206742485253 -0.5653094912596544 8.379342779027763 -1.759652588344994 -6.967870284408136 -0.1170577141449805 5.973816862425175 261 554.1103699207306 2325 -1 -1.682383538521244e-05
 -9.929076702687745 0.1634832693318842 -11657.59879367345 44769.88085436631 190154.7549811456 0.0888975034456214 -1412357101.711282 120.8404142385611 38.13132396496061 1.431642300508711 8.776832406968872 2776.976183183936 553 127646 1 4.348522163333379 -1.04340695581373 -0 -0.004272105788214007 8.08849894197397 -0.8624937839171931 -8.802290426795118 0.6691295079849255 1.180858093277133 -1.272328749284622 8.598524258192661 264 373.3649401664734 2325 -1 -2.38027273781156e-05
 -9.555516886355997 0.2103823020648049 -736.2627793359917 1841.540169863981 582.4882643015407 0.1152475923847162 -33609614.15748124 74.91681056428466 20.11820342846034 95233.74067907303 20932782.81383342 2933.454717190012 1834 191546 1 4.26106688190356 0.5851076944663447 8.288912402667066 -0.4841275797658637 -2.421996527377983 -0.6072594553939723 4.032775215174641 0.9483207561339837 9.134263556886019 -0.9182974445320351 -8.483105479353112 267 573.7397229671478 2325 -1 -1.624255519389538e-05
 -10.22580785097321 0.03655939451607933 -9.993963003845704e+20 5846.985499915783 5100.755638749804 0.1068613304583488 -519298386.4343931 2708.334155929769 19793.83264549098 4372.604215651807 29686.68482371076 2959.049255818903 4650 191660 2 -4.653087952846955 0.6490938115530778 -3.170414679808498 -1.821194428434401 9.191463005486092 -0.5894520045369447 4.072883100233148 -1.652510345454085 4.075351409834805 -1.071060248679942 -1.70039773314787 270 584.415050983429 2325 -1 -1.190464515569061e-06
 -10.04762210954944 0.2410208493990987 -2628.424483067059 4.622888998970003 0.09171321015666516 0.2957158699563287 -3814.077829390299 9260.261051133411 215794.1402035965 1.377435958666402 17.68002119177604 2827.169425762821 2545 191662 1 -4.435865432869416 -0.8288323959219639 -6.922705607304739 -0.1891160061096144 0 -1.212009201756821 -0 -0.8653742400799924 -2.877278224870843 -0.5557755415013474 -9.915950199884612 273 586.0305881500244 2325 -1 1.930330009522862e-05
 -9.775373806338763 0.298085605135825 -128.8701864934218 2166.874896606575 937.7651708851687 0.5358900169819409 -32.09627777728353 7028.506589087988 98806.32251728262 63.45116980396596 5.163744901897614 3000.329967333445 309 189997 1 4.427725846610736 -0.8089236260447583 -7.653402251064506 -1.99214709378075 -4.663171848975189 -1.091535975103283 -2.532294727012142 -0.1431859772101527 -1.441098397002786 -1.524527824397151 7.68512743435512 276 566.0655748844147 2325 -1 -5.449033802850798e-06
 -9.863887064127947 0.1796293323180079 -15470.36257624849 1151.982362954513 92.60077412616225 0.09293500194310976 -5571971709.624785 195.1887075549187 120.9682193992479 0.09492066189130642 25681536801.57562 2992.858131422965 1487 191576 1 -4.285699190988504 -0.9492514007829236 8.706660061322637 0.8406090423386217 -5.139668741785614 0.5392785462095282 -6.832427850439802 0.8423837167219088 9.713878711551702 -1.998811474038185 -6.751321990649492 279 573.2427761554718 2325 -1 1.657029585408174e-06
 -9.363507602410579 0.05125463265811678 -5.812622269076159e+18 4188.698444212426 862.8709238023658 0.08955610707641561 -1085671511190.233 1307.560144518968 4360.507093292494 0.0854757772901811 1396294157007.688 2947.438091359985 1510 127756 1 -4.370505064475929 -0.8198827516834424 -2.69522322719653 0.66908019883319 3.021820151219015 0.01507718087148027 -0.4114223090672757 -1.698031513698429 -5.122133587604546 -0.9003005905603061 7.408022173141189 282 389.0007150173187 2325 -1 3.703956125721338e-05
 -12.92998245842711 12.46671098812861 -0.1071191279326404 48.50999431290013 0.3139898070600848 0.5448510201114265 -54.83054239277084 19648.89966665766 1012764.612820102 68193.66113050804 14992856.38270408 2888.340799323642 702 190284 1 4.297448853863919 0.1034533501866081 1.712411082931479 0.7875989350588316 2.41232163063587 -0.5458112472588184 3.620294627367346 0.9445283542240998 5.001657336542197 -0.1713138501789597 0 285 582.7592051029205 2325 -1 2.079535016583148e-05
 -8.912313374179108 1.924713980833321 0.0505464519288941 26222.89292928208 51660.97326783115 0.3727811710846569 -324.7461361508738 4847.521371898681 66448.41248314195 327.7781485700531 233.4302550943165 2849.493977837225 1244 191501 1 -4.242040881614416 -1.820841550185528 -7.855468503048375 -0.4175491462768602 -1.109887456787501 -1.873229537248845 3.555573969402252 0.8173498351745252 0 0.6223498563883063 -3.450355638520267 288 576.1753530502319 2325 -1 -5.060448000442498e-06
 -10.1779316787299 0.27226564021904 -270.7811288281596 0.1125872271614447 41026172.63807695 0.1581626203894372 -520060.3306489021 137.5937091184392 55.77119170500596 2.869083984624505 2.509895230387919 2948.790076060825 1746 191549 1 -4.095936543005075 0.4196378904626571 8.254166442047126 -1.210938978357802 0 -0.3733492171426249 1.541188451561705 0.05619967216728521 5.464278055144169 -1.46060000083227 -8.290193583890943 291 586.8318929672241 2325 -1 -6.903962156718239e-06
 -9.330373747029016 0.2092651104205966 -3976.106773184883 56.57333637207977 0.6482933069854611 0.06729438523080214 -58103380036080.8 80.7694255128836 20.83077072485288 1.174435577562515 14.37597576453981 3071.892184331319 1842 191651 1 -3.981196945182757 -1.645916021523902 -4.236695392827281 0.5570583377960422 6.75271579151717 -1.725748812243514 0.8912205334061643 -0.8230903958691114 2.747527074326585 0.07311022987344937 -9.715875012470999 294 587.5981731414795 2325 -1 6.518398393538852e-06
 -9.717091274512647 0.1639735410811798 -295400.849715246 3183.185886680984 1212.542629802612 0.4476450675297916 -184.0817599305337 74.09842518593108 15.87657749800741 0.09233730427412169 242072507223.8536 3050.718591000197 1918 191659 1 4.552379903716338 -0.7625901202677934 -0.3244513366272379 -1.234147967560975 4.350922186951716 0.1976126449831441 -5.334133570694171 0.1701426164672694 8.336578957596297 -1.071125636798988 -5.186193415356631 297 591.614040851593 2325 -1 2.451826802590718e-05
 -9.865796898728901 0.03844691726764952 -9.995256643219292e+20 0.200154758928961 22835.75681835114 0.0728801461539423 -7189733491074.144 9079.910273130037 181280.3092998958 0.1208266069482165 614470162.7643746 2997.408749617204 2571 191511 2 -4.673704042268024 -0.75337808802061 -5.061432482938957 -0.7510770496031274 1.28137127887252 -0.03181495235592459 3.811998254014606 0.1773071504356127 -6.730022569847296 -1.462761508865637 -7.756782947235983 300 587.7282259464264 2325 -1 7.192562334129823e-06
 -15.26176710057675 11.61471927030469 -0.1917562721095415 0.0492734983728248 1.546017524966025e+16 0.04123477731943632 -6.267778317001522e+19 102.3814089470129 29.87561657392215 0.2550731896367516 32682.83694806551 3158.024224709312 2436 191636 1 -4.674521236234455 -0.01672452108486946 0.04626636357409097 -1.154515390614148 -9.828369785452434 0.2236070380707025 -0 -0.2851376676863815 8.10552311279854 -0.444738690478534 8.855444542012162 303 557.6223800182343 2325 -1 -1.121174078093263e-05
 -9.421327750658973 0.2246629430112707 -928.9792760437863 5.754778304219619 0.1316853189328175 0.06069725185805167 -708323473051668.4 6944.018395908633 133778.869999613 415.6211902566235 353.8836686752917 2863.669723439922 1004 191582 1 -3.843146980977235 0.1814771066438223 -4.541820176109885 -0.4099856796359811 -7.985645272748625 0.4705576988345079 2.149126561983158 0.6679117152141845 -9.042466497760536 -0.8588928608955158 8.115146914796776 306 563.8389029502869 2325 -1 3.334780575634895e-06
 -10.33707996670453 0.2447844448305561 -2013.436655371429 2.40130266492992 0.1103608356857697 0.2208321479798126 -18070.17602199832 80.58597931326666 20.07161613735471 0.515773241514265 330.1788479883891 2935.898653557266 3360 191655 1 4.589589940543612 -1.358066868302686 2.72183564896857 0.626041245740665 0.3021672000364601 0.9670502778621954 -9.565097986509578 -1.040601021632339 6.911829206149555 -1.945315480420502 -1.809012187462406 309 583.2554898262024 2325 -1 2.036544003426893e-06
 -9.744022506054002 0.04018701868949506 -9.921256232564496e+18 31114.22170287549 8006.350228005706 0.09990896045854786 -725403047.0677309 267.3449254085508 194.975233661807 791.7727489347587 874.8182255535274 2949.491678629394 2272 191637 1 4.676455649070648 0.2664875931547085 -8.827079463059151 0.8323080051097711 3.336741925768885 -1.4555665866412 0.7642524029150088 -0.7591579883668294 6.300842263202876 -1.844059712390106 5.017671967441772 312 560.8320250511169 2325 -1 -2.314228329211471e-06
 -10.26625538478857 0.276275244533436 -397.8038702179337 7.064812052406562 0.1030882180876926 0.4701749207360034 -75.79778101647126 659.9025938495428 1148.68957863356 8877.541345554378 181099.3963254097 3050.484185642381 1273 191529 1 -4.242671400865692 -1.195478048279579 1.370481568661322 -1.262075827842923 0.06145021195618661 -0.533971319459007 0.4661913729043308 0.8561193114584116 -2.558012368346351 -0.08401242236845889 2.282355058287315 315 576.642874956131 2325 -1 9.996942116964834e-06
 -9.722880003120316 0.2546996401141762 -829.6862483427685 89.51646418671166 1.613612229766403 2.044784111632885 -0.4190315890486456 1935.149599319912 10595.94960290046 1.895243468468255 6.00013983330753 3088.4464414261 482 126288 1 -4.447499271714491 -0.9451724559415702 2.578796526087896 -1.314354815265567 0.8630070689520197 -1.111611292275496 9.702457155119147 -0.7480831790583196 -8.224759512024232 0.1933890363290977 -5.857281732576459 318 379.3133189678192 2325 -1 -2.511812762992315e-06
 -9.977980197555674 0.1375405561437773 -93927.19184337462 405.386737321662 18.89835246290933 0.04997277275887666 -7939509792313989 626.0842055820217 1138.511872774652 0.03861160734708827 3.775451263172004e+20 2947.306990869838 2325 191615 1 -4.447669508579235 -1.997571185334703 -4.009851638011376 -0.9314376429284881 8.844254765298905 0.5920576023679169 3.524253057366876 -0.2484393203873143 6.700448039285447 -0.7263089172992103 7.818892174205804 321 548.8510549068451 2325 -1 -1.882807262691518e-05
 -503.8011932186019 46985.50971203151 -56602599.9839724 1.749149799584643 0.4038542361360458 0.1844389356891703 -175193.8053628192 6810.206317667647 98117.11122706032 2.480949246759439 4.783031874973004 2754.806452785529 189 190557 1 4.610711790587111 -0.6005639307175832 -3.586397169009274 -1.140042186517261 5.541615764277839 0.166101838869062 5.824982299665503 0.704874820972607 9.839534633184192 0.4009323173761374 0.4032723470191475 324 561.3527390956879 2325 -1 3.038679104544608e-06
 -9.231402591433557 0.1943622429375781 -26498.95852428491 23084.37426768713 117757.4337529336 0.25215810034581 -22908.40447445592 63.44036184498711 16.30001660474062 47.17017571176604 6.37052171001261 2935.231726059433 742 191611 1 -4.507516677675919 -1.521827565176555 1.117088718669985 -1.079402347582206 -3.293735611232399 -1.921137420947404 4.173433421418766 -1.387763301165275 5.543932052958597 -0.8339982203891303 9.810967308473984 327 557.5692970752716 2325 -1 2.399208048270424e-05
 -9.821446296365114 0.03183943607240979 -1.44801515008468e+20 9086.906823629199 8860.912564781514 0.3117197545046024 -404.2488352897199 1707.374114939525 7053.728421294803 47708.29686542959 1353299.494988332 3132.021519862516 3404 191655 1 4.467837793920066 -0.3360146230247523 3.19353713952021 0.5706062163952996 -5.230346333856129 0.3339442325537036 8.364298246637315 0.3550227899177827 -8.97968858659628 0.6778188450220122 -0.01347632516734354 330 551.2874281406403 2325 -1 -2.855426136121738e-05
 -7.737040464428617 5.785292415847769 0.06496896812873722 12584.99432315853 10605.25571289527 0.04871727406273158 -5.59233592762349e+20 5093.77669431507 61028.39409494569 0.06352457187711133 1.82035359649504e+16 2914.305749349043 990 191640 1 4.564003836206657 -0.5849916280111573 1.333076817174667 -1.911059434789526 -3.339418009782518 0.8602040433938307 -0 -1.256650635897101 8.566793753029112 -0.8170910253254853 6.016734601731715 333 552.2542078495026 2325 -1 3.154832668626783e-05
 -9.41497474794976 0.2864671351878728 -107.4537665999525 221.0045842966728 4.595262391614395 0.04281255386754335 -1.745336694191065e+20 790.307955025739 1630.918065240116 2411.849846884131 5236.09975509393 3050.827272463479 280 191579 1 -4.473911298316196 0.1347035728087471 -9.402537485443535 0.6596787249586411 -7.959447693121868 0.8154262306339737 1.677680018672625 -0.1947712492358864 -4.587342794773241 0.190423095994916 8.386336250125749 336 558.5022740364075 2325 -1 2.102516844165754e-06
 -9.801247144920628 0.3128518784984118 -89.57256337888215 0.05663666533688461 131609455194093.5 0.0557018190861563 -792549288687700.1 38026.29706119969 3879745.578859511 0.8767883342344562 54.065049818579 3085.137096396894 863 191507 1 4.402484608399218 -1.890732745029132 9.905313615420857 0.2873857613403227 4.231567587095748 -1.879460875825393 -2.20556831043104 -1.620110196476517 -0 -1.435170210946225 7.156269769623162 339 554.7781329154968 2325 -1 -1.11533093511419e-05
 -6.673475082981781 9.182372320613528 0.09019314685368092 6032.76771040379 2907.422501737828 0.05194700020935241 -5.651764482353019e+17 50.28748592962926 8.692383504457716 2.678161959722116 2.754957214118018 2917.898412770467 2066 127756 1 4.384929423675586 -0.158457477745162 5.886249697230139 -1.091936688107633 -6.32979304497378 0.3355056833685172 7.672785901233498 0.01841926307655625 -1.272910088750458 -0.8819191908662578 6.395676159770895 342 371.0436770915985 2325 -1 1.201845121050083e-05
 -9.964858186096501 0.2559004787544217 -134.8734729279007 8238.444946325568 27701.00422903067 417.1208587978153 -70.08188230917298 383.932926084378 297.8230835498716 1.885671376171661 5.881470080845724 2918.453377053677 237 125159 1 4.388188597703769 0.4682636089366805 0.7754750400175152 -1.204283836125368 -0 -0.0409025858091257 -0.5004848105983761 -1.829734817754784 -9.901210710809824 -0.09999751750117984 -3.5058891412458 345 383.120952129364 2325 -1 -3.261302354037121e-05
 -9.827747015080552 0.08575203746430329 -1144903385.037314 1.946349584253889 0.2064436254878108 0.07919315235097696 -299254026571.5929 335.3601506660166 299.5533348646304 5.180322401651594 1.574878620785955 2930.078930678492 3810 127775 1 4.513986529143315 -1.394867829716704 -6.334514114988395 -1.526533950749029 -7.18439241294266 0.8967529004908115 -0 0.1041199575728084 -2.897564795166453 0.6234347572964172 1.796990055474662 348 371.8238151073456 2325 -1 -3.026880499954276e-06
 -9.976272181409469 0.07424693174295721 -2159707351390.643 0.145024336305616 -3686463.777654738 0.1320788741357597 -97654899.31830981 873.1190315059027 2060.530347105157 0.1313226333156848 663950346.8307387 3161.411208777002 2320 191634 1 4.271270607733051 -0.4552903511268154 0 0.1488174311810555 7.325159899695787 0.961177442399328 3.092957549221048 -0.2971656857916383 -1.143526216997824 0.4196632592077649 0.3123801963519619 351 557.0749328136444 2325 -1 2.727950603495339e-05
 -10.27822101909737 0.1708095233336124 -39428.48305661387 11198.17002636535 12565.00432111102 0.2017908937056797 -28637.82323397204 2451.750053861182 14273.96427162805 69.47884325985686 -4.446742821198187 2776.326617081324 244 126530 1 4.677392865422028 -1.566737123125166 -0.483278388050111 -1.717276730283335 -5.021186484502714 -0.9775333631873542 0 0.7544876444962219 3.040483246742912 -1.145331231442811 4.607223749417724 354 370.6976890563965 2325 -1 -8.272656656332079e-06
 -9.768055058146354 0.3322979211087094 -117.1235922983254 56432.55511985361 234080.070892225 0.1109813274482903 -1067666465.203731 101.7668919125192 32.9444849289215 1.696286447777962 9.311791142918709 3059.828164967161 1223 127737 1 4.26478105804207 0.02746622776894102 0 -1.322322100259019 -1.188834572965521 -1.415663862806776 -8.412460640380914 0.5002824691273253 -7.673869300271125 0.002449915627272106 5.458481593910025 357 369.2505710124969 2325 -1 1.414221271753542e-05
 -9.779954115327293 0.2130244529582974 -2031.495952990471 1.949002021205618 0.2120343864888175 0.7605654733816164 -5.177302098591194 134.4311146290709 63.18085167046966 3459.839672218703 17737.20114100793 2881.515918957298 897 127586 1 -4.283482096495973 -1.870590289213422 -6.920976583605245 -1.30434689861988 -5.260198451398223 0.9657904774417831 2.2032946358401 -1.039158010337115 -8.18541072446817 -0.7396482895675156 4.552259704439814 360 371.3366830348969 2325 -1 -4.300974285385782e-08
 -10.16642011770061 0.3386947163349078 -48.82008819988163 54100.9172240862 160784.1344809392 0.09323920368329636 -1019752196.275584 4530.812464903774 51866.2902508503 1.33037461272887 15.52436044408448 2884.5774650865 506 127702 1 4.053348024679617 -1.790351547655557 2.529583455796339 -1.051185448931898 8.910316044849109 0.06932945871000971 3.697479411351339 -1.364632434673902 2.446867712732757 -0.2764246306924525 -6.571621067607753 363 372.3893399238586 2325 -1 -1.305340570589519e-05
 -10.09592944684109 0.262328150857573 -438.4751680610216 25703.84090242126 125953.8629083082 0.06392217070488547 -692052413774459.8 76.67624466846684 22.29336418352361 9.563669817817924 0.7868911670426588 3023.390332217527 1074 191479 1 4.368193034891989 -0.007855321051284459 4.795419505697467 -1.485882096892063 -8.208787400022343 -0.5854445171026095 -3.308726926349099 -0.2430447920822943 -5.938526470399346 0.3980489352114454 0.01756166712233753 366 552.0780980587006 2325 -1 1.503798932886012e-05
 -13.56338803964784 11.15457868441779 -0.136292039501393 360.1601407591074 9.002535954369892 0.3094857853532832 -2281.114252763724 1126.073046357914 3175.608010200218 0.09108387203401659 1158632231266.364 3139.126343106007 2099 191653 1 3.707448097102131 -0.7423139636701084 7.983827804549419 -1.325854338722377 8.941031475263241 -0.4967864228043712 -8.48810925368703 -0.3600747913367108 -8.871700549890344 0.916307944562999 7.69670559738797 369 554.6550710201263 2325 -1 2.919157208498791e-05
 -9.673719490156547 0.2569358153416759 -105.9614690388861 1777.74103789631 558.4728166054298 0.3467831127956261 -191.832595766078 6461.025340308376 93097.49324658963 2.152853661889969 5.110908527679812 2764.528563347846 600 191659 1 -4.284063969370448 -1.426411564508427 5.290414353714202 0.3577985257702982 -5.599874531678235 -0.3701245909007485 5.982549448887866 -0.4453569218169076 1.17250298903448 -1.338724718338256 8.005745296946234 372 561.3830370903015 2325 -1 -3.073314002216775e-05
 -9.643350852677811 0.2107026600788807 -11460.70698681433 0.08801222976243238 198930789251.1205 0.1030110891991636 -20815972216.73048 2290.668824049289 13327.71724028877 2.758818124433494 3.559968715885704 3028.934417044371 2069 191664 1 -4.6946553952597 -1.427091160546477 -0.248987981785521 -1.929085433195642 8.108994540806297 -1.917585509379348 7.743894394618893 -1.915507113591674 0.6852233284938753 0.2064068270118921 8.567311261449134 375 548.4207589626312 2325 -1 3.123040601985723e-05
 -10.34914457958724 0.225949277923854 -807.5362635215214 278.9097592616421 8.219900772242719 0.1468021911358586 -1208393.242201533 25729.50510526396 1389998.997847362 0.1775860758852925 445506.7637871008 2884.427972565472 547 175595 1 -4.387532859190424 -0.03414572110544525 -3.030618708517298 -1.180525382367364 0.5810830774715683 -0.4561524448741379 3.548342152355899 -0.8371200994553378 -0 0.3715295173201731 -1.133395072607406 378 514.161269903183 2325 -1 -1.494937808461106e-05
 -10.12762394632807 0.2731649987207618 -525.7388643338273 99.63774745909039 1.474298690003468 0.1546017443097904 -1734122.881076735 11644.40628456835 380023.8629433286 0.2012993201449538 535098.012332917 2961.769181000504 984 191615 1 4.668850799797576 -1.405635690508681 -3.373991916478999 -1.702977702851132 -0.9723379324273251 0.5872729515526478 4.478534696414903 -1.985572947770518 -3.241975571100945 -1.819016195320233 1.971322033895901 381 550.9588289260864 2325 -1 5.463623198341617e-06
 -9.866589406863337 0.06694721577694979 -3470548660294.459 414.3128816242759 24.41547352503677 0.07201607027977758 -13197210539848.05 88.52715675404113 23.43752730142651 1.419297961348 8.481243470117397 3312.096808893862 770 191640 1 -4.502787108942007 0.2602103240366298 4.621911443617787 -1.300488368992845 7.423976645776591 -1.558914251217005 1.876420423618912 -0.5031958748308362 -2.954442456265679 -1.61685731640346 0.2459550567896862 384 568.408539056778 2325 -1 9.771380365003292e-06
 -9.672708361165688 0.0689918814734309 -1003821205591.409 6.566518606268859 0.1119794487961829 0.9339930447434858 -3.500409537939485 116.2579819101126 41.60021454911681 48196.41500598591 5404375.047093028 2934.049047578207 970 191567 1 -2.874829983424934 0.05099395629816606 -3.501555296436215 0.03252030343801326 0 0.6339817247863841 0 -1.032013685641757 -3.935304918689688 0.05323930263209498 3.626009057456434 387 550.272497177124 2325 -1 5.299236869344118e-06
 -9.693180238124409 0.130656455559387 -657692.5880509239 79430.3214554491 288758.1309194103 0.1116541807432598 -74847068.05046809 35911.65092992172 2756204.77908562 16541.64916925352 503913.0753432444 2890.596250706469 1872 191492 1 -4.115458377962803 -0.8446941474116194 -4.673015635026099 -0.4845956151621245 -0.5946204178725001 -0.8011356481042373 7.98719844555527 0.3743781553077001 -4.341921191779456 -1.548064229518998 -4.971615310406348 390 564.8290538787842 2325 -1 -7.328690322109829e-06
 -9.821961035007021 0.2693611034353788 -504.1872324244661 1399.003603902966 395.1379342475519 0.2299967716794929 -13238.40563982721 5711.782536185078 81323.94942247641 0.05590421453968109 1.053739372627663e+17 2886.902491693886 2918 191663 1 4.290640714419166 0.8955343410049479 1.862037464878375 -1.878636859661605 0 -0.3852680233245476 -3.587253327716917 0.8474103463616114 7.735813061345048 -0.6958343900229043 1.877058890835637 393 554.2882609367371 2325 -1 8.58261037973524e-06
 -10.40011174603395 0.2064458532546875 -6029.931070327028 0.4591873730038392 46.49195742767612 0.7953466453793612 -7.129472329024594 137.9107113414033 54.60670965884911 1.2942406416499 24.46250840702913 2894.160001934404 5571 191656 1 4.271314315307988 0.7482934661948164 -0.3121670105874106 -1.128028480567237 -2.185937078647776 -0.9306961059915508 -4.553515975632672 -1.621670323866063 0 0.3425609521416497 0 396 562.06866979599 2325 -1 2.093841530771204e-06
 -13.38396278336212 13.03662457011124 -0.1275874848644551 219.4986875319415 2.127361616117399 0.2941371205598595 -940.7557504810324 69949.44164882491 8802087.843387038 124.5833400314845 -4.255329677134132 3200.507523061116 2058 191664 1 3.887004704200208 -0.3600232252616183 8.552883483858706 -1.18842975752624 -0.8418369148085061 0.7059812484740271 6.224676877567971 0.6691652501167855 0.4707342652502957 -1.50855552048101 4.013970802994597 399 549.077929019928 2325 -1 -9.281015937047939e-06
 -9.953750538719232 0.1815363218614924 -11404.36133957828 12404.24445071385 13237.96914166523 0.2037019481813813 -29432.6507900344 40.06084199527911 6.514662570052633 388.6566148902929 209.8425286348667 3146.243931905586 804 127757 1 3.020274195437783 -1.091674485559173 4.678090308052392 -0.1285804183509933 -0 -1.981427226527952 -7.723859806656504 0.7856271809772908 -9.974376575767508 -0.6042974808452968 -4.838483755380102 402 372.6243069171906 2325 -1 -1.217147381615214e-05
 -9.562330430101579 0.1241728219191361 -210405.4295440403 1623.734992228194 194.7743799824587 0.2231394465265981 -9322.272746863397 494.0664965267051 682.280415355783 1.008049490180517 25.30740820347516 2936.862311844614 1567 191581 1 4.090628919335916 0.2320502591494446 -0 0.9002099899857505 0.3352899234850666 -1.599666057804553 -5.077406030196819 -0.82232417080475 9.487534892960362 -1.062885308836477 -4.358752988321934 405 557.667188167572 2325 -1 -9.50348723103708e-06
 -9.956756467306375 0.2645459967616843 -371.3851970705681 20117.46701156102 100185.483839786 0.2139680294137395 -34518.05565360621 460.4945906773849 556.7094082665091 5831.025136633512 73492.6136367877 2946.708196788584 2095 127760 1 -4.687587630218252 0.135389611436191 3.506204776789607 0.7111876911065389 9.257689032755975 -1.425994127717329 -0 0.6199055336254262 8.024758521446941 -1.324982421233624 -9.590297529476945 408 373.638995885849 2325 -1 8.949618677820551e-07
 -9.116098108859585 0.2461923639876453 -890.7081877451571 1.354728150904795 0.2562049662369131 0.3166726077571407 -1447.906682475523 79.13756336835243 21.53184231842538 1.424656986454598 11.69398972142326 2914.232260919396 812 191638 1 3.561886549330213 -1.51188219046938 6.338438193998099 -1.039188057891407 8.588172151024951 -1.667496659716822 8.616219760560575 -0.2226724149851318 2.205610205788894 -0.652692179843541 4.585882853058562 411 557.8796391487122 2325 -1 1.909639435828484e-05
 -7.394044462134651 10.63827832737608 0.09481507503681576 0.1480999016363877 2588441.516865379 0.08275225062739386 -1443078254588.915 1883.905012134925 7419.861716403757 1.448373349604695 6.16789309226796 2932.202935913266 984 191633 1 4.559952463065712 -0.6560806283287343 -8.082293313694718 0.01293629012448069 5.851849569565387 0.9093607839187894 9.213140859397628 -1.509943857495244 -6.124819653771622 0.6532496012021247 6.023239368081979 414 560.8604030609131 2325 -1 2.105261271646388e-05
 -9.458060902342226 0.1419757767183753 -192552.0391955645 15733.98235105663 31430.52957308701 0.2807902712663184 -2431.521181601193 1967.472292362571 8380.662112313241 144.7747033381024 8.470458616399076 2947.231696448109 453 191638 1 4.501866891688469 -0.0355088843776619 -2.88586339794088 -0.8957413291264746 -3.819880161912725 -1.093522354136072 -8.240965777017754 -0.9112729582361059 -0 -1.1525700069488 -9.893113144034444 417 556.2792711257935 2325 -1 3.314596211670772e-07
 -9.73853596806817 0.225982406910772 -1297.711781416399 0.2810429706692348 -252.9026065795181 0.1239069352000782 -2899915.331195345 13007.25578654701 401676.0861620405 1.221002700056267 2.650971847032443 3041.616918026896 664 191412 1 3.373771650489203 -0.5570106856580628 7.268622912779097 -0.3800104630915833 4.540386390860411 0.2948976785705203 -4.971802625821528 0.252328079267726 3.697520670495146 0.8250779523606804 3.419701268674832 420 560.1263020038605 2325 -1 -1.245639987863092e-05
 -9.999381485342381 0.2219786358070013 -1800.830130898871 77431.73530905106 514494.63114024 0.3741776752453752 -318.6416080884117 288.5713951758859 191.9598077154684 0.1318848317984272 20088988.18760245 3052.05716472669 529 191633 1 -3.961989996940987 0.1009561061625321 4.285977334790949 -1.805780251684373 -3.966868066380646 -1.53337288968961 0 -1.11014259612927 5.587398755236913 0.06503087346366014 5.071967365450973 423 557.5408279895782 2325 -1 -3.819910447267313e-06
 -0.2568981247733954 2031.098976134801 2050.538855893903 12226.02006872487 31214.78334248848 0.08238732254976254 -420413543645.4515 2475.802479700836 15399.43677869192 70.05720247593908 2.44324167251779 2814.43553767023 966 191465 1 4.597990154594285 -0.456823878168894 -4.690062572803266 -1.789823704811243 -9.781894364465877 0.5642665384398091 -1.302502177875801 -1.466990624502749 -6.584454868487802 -0.4794151850163004 1.314968874937197 426 554.3946459293365 2325 -1 8.499984649016698e-06
 -7.440535589890433 10.43402827866291 0.08280643495610888 330.9042249851179 3.320402499284333 0.2155256291340409 -32802.2922920952 150.8933253154245 49.3030258754269 4265.652787244277 -5490.723702391666 3179.934155016806 1828 191591 1 -4.550450947314857 0.996587477351869 -9.049509805496321 -1.941330095104211 -1.853748160393319 -1.734472304790474 -7.224231170624575 0.9275057925097485 4.425204605686087 -0.08439758070559927 4.791941925727475 429 556.3504011631012 2325 -1 -4.039767721266272e-06
 -10.20462896703276 0.1733349973321522 -56573.37131097358 0.3903472950962865 -35.09814776077019 0.2533725370626563 -7307.70594927902 5298.340270272425 59663.12440136816 0.1237123406627227 189855641.1118268 2944.024471798725 1164 191559 1 -2.827925672995071 -1.86795312875855 0 0.557602504013599 -4.647893479720379 0.04980452527398022 -9.167415268926067 0.3045784830030475 -9.81919585596928 -0.6774610049783512 -7.950260496900706 432 563.3206970691681 2325 -1 1.098871929850745e-05
 0.1729882380616734 652.4470828524212 217.3116521027452 572.8884896236035 42.98724433296483 0.1865912870923422 -168520.7368912473 167.9594392526993 73.02041647501503 0.3234216402126001 3857.281801927932 3049.968628427694 2176 191657 1 3.948436838728879 -1.384132816925313 -4.53592068805913 -0.1043010587719752 -6.687089074429768 -0.416692302437756 -0.9855052932540111 -0.666042454499725 1.903529117978815 -1.759464016451142 6.798068282626817 435 564.8464360237122 2325 -1 2.269450525329217e-06
 -10.2815451625165 0.3217075664130569 -54.1310273504083 290.1343101775277 1.243763047277072 0.2424449497623668 -5517.774809036327 260.5573654417177 156.5646332555177 1.891669911781697 5.353495730893254 2722.081514587542 722 191563 1 -4.132190580840916 -0.9571856950205477 2.881866106653087 -0.3202445290858425 0.01609931576452661 -0.2364851525892692 7.597113189929056 -0.9627537067049357 2.196882205544056 0.7237833941644953 7.842634372565184 438 559.7769341468811 2325 -1 -1.262752780803952e-05
 -10.59321324099045 0.1797182834240081 -8995.764164690394 316.6562750162263 7.162627208322201 0.2241776315557047 -8047.060403989801 103.4826964472691 29.29481207413622 1901.705734144691 5472.74138224886 2839.755525852566 1304 191664 1 -3.408657513760698 -1.055265837229779 2.041593764190111 -0.4425274876770278 -6.084879546180133 -0.5946552028816301 5.442083230977572 -1.226737562862098 -4.415694960633085 -0.7814198757910589 -6.217353313564558 441 577.2012560367584 2325 -1 -2.083079510953987e-05
 -10.3085787495625 0.276551462370908 -538.897741258653 0.07088948540952139 -32762175045798.46 0.06372237290657015 -2251062482710817 146.9425243047474 52.21695628262093 1518.691150374176 2128.781759050424 3027.068692926254 2410 191660 1 -3.981349594997177 0.2442544083276101 -2.985525010400435 0.1619490335468408 -7.847139623922152 -0.03030959178831691 -9.276393384375144 -0.1958619798327632 0 -0.3089916409869566 -3.570709823064832 444 558.461795091629 2325 -1 2.162004289483341e-05
 -10.6489892247149 0.03976934325035255 -9.999410695144247e+20 0.8897642243154874 1.80992002782699 0.3914691043565915 -336.6424891576554 384.8030871341924 333.9916486653686 1.613205462249397 8.722558698962875 2910.352993064807 1303 127776 2 4.384511338786126 -0.3830839634302858 -2.678573595573254 -1.559889704966942 0.05342851115092806 0.3108624986651303 -7.986259467643304 0.8819022186204886 -4.526841986260906 -0.4175264544057615 -5.513482114533144 447 381.2704360485077 2325 -1 1.314032972626134e-05
 -10.08367688098808 0.249573388384959 -571.0538611351178 699.4720390309329 -6.291098157622891 0.5288070552358503 -53.70081294091964 96.16695623965488 29.19347977925604 254.619008722526 -93.54520267107736 3087.161021408473 977 191509 1 -3.970118880135182 0.54670448823236 -3.650798135933998 -0.2339795928117336 -0 -0.7464750772582276 -7.233205990815664 0.2447673270558378 4.883308348016064 -1.980067382531247 -1.291361965314974 450 560.1950330734253 2325 -1 1.166946695475867e-06
 -9.637709415508143 0.3311564779383009 -36.44874255097395 1.550900369702442 0.2819180477475937 0.4060289479971906 -280.7415957947499 168.8746578095704 88.05060700714635 1.499608645065784 12.77719101879298 3066.63261252416 1534 191546 1 4.330905899225393 -0.8566647728288821 -6.07706778196392 -1.697715210195236 -9.630348214192061 0.637034965481424 4.427020981260861 -1.388747878260125 -6.068513984977177 -1.143779592066474 -9.428498958861594 453 584.5416758060455 2325 -1 1.213483553681032e-05
 -9.790021044987045 0.06671560375707496 -179811090037.9546 441.6116683931999 15.7693099352024 0.05389607640072906 -1.088333560843642e+16 848.3281835358401 1934.291786775289 503.7643062378887 566.1609444641888 3116.020100555545 3107 191661 1 -4.455430115628938 -0.6993691842242082 1.643485772539153 0.9119454059202337 -0 -0.4898376513819542 3.034986854021684 0.1950685699785901 4.727180593566024 -0.5175922752188704 -8.061396373034995 456 573.5336780548096 2325 -1 -4.360849476464688e-06
 -9.015953061884579 0.04279352460666849 4.772409622743917e+18 12899.52631457814 23047.91977160238 0.05493193569672711 -3.056409813897272e+16 21873.39324883141 1114688.037859237 1742.199880503292 6024.121240073191 2931.334997607096 1763 175688 1 -3.974810696297506 0.6965119096556074 -0 -1.641513890012867 0.8332553985205982 -1.15206050456916 3.260205324649095 0.4294546065783624 -9.01576445712961 -1.447606498688797 7.321451574854912 459 519.1285500526428 2325 -1 5.064341974499483e-06
 -9.833163174094075 0.09841893030518369 -319955622.8363083 2.54308351913543 0.1706531378368842 0.06684098778348663 -684767311449269.5 218.7409632494601 123.7759607724704 1.567845633942338 8.095967764358434 2937.238245982914 1188 175688 1 4.366285698756789 0.7362592181098764 -7.149596350298395 -0.5265127943894168 -6.649178211877345 -1.551040262673021 4.325562385190415 -0.7322587764296956 -4.432224510935373 -1.490571744793522 0 462 509.1602141857147 2325 -1 2.180720660547367e-05
 -9.766228503416851 0.04752487304200524 -1.253457871659169e+16 340.5624244499972 13.62489582865289 0.3182867188173535 -561.1645197713699 195.0312601404845 120.1272689766273 198.001882027191 143.4573304414588 3058.701547118351 4242 191664 1 -4.521461014436349 0.3795820074674232 3.928321644659858 -0.8908755459604354 3.784382405405317 -0.7028309283560894 6.900861850578949 0.401741834908147 -5.911793082572208 -1.730167202533496 4.553242970228449 465 563.5206019878387 2325 -1 -2.611811075849395e-06
 -9.722571009143664 0.3726666595767636 -52.0856752755295 2.193065354222305 0.3438596649968145 0.0847635783493863 -229160818510.5732 74.96739552087587 20.09080572239677 1.309918086514899 8.951441957225603 2946.676872214779 1062 127773 1 -4.184360946804904 -0.6271527640041397 0.4736113902043959 -0.8990362762946891 -3.968846847169189 0.213028682768217 -4.649109650498664 -1.540263185145679 0.3955091280021641 -1.159659922131345 0.9974244369891965 468 376.5392119884491 2325 -1 1.551176924385234e-05
 -9.077445986865321 3.43048222636318 0.01349289756352269 3353.692610149849 732.1733836753904 0.2546318839872369 -5878.042008657696 62543.09803005831 10559318.49967562 0.197095064044021 220861.7919414797 3186.56980272329 876 191657 1 4.297642524148158 0.6655617288950149 -2.526244790728799 -0.4177589446088525 5.214894468876049 -1.303749851476674 -7.720220575990977 0.9879597359642949 -9.086144461550562 0.2455322831696458 2.034839985489755 471 568.1070039272308 2325 -1 -1.023136228902269e-06
 -9.739160405139687 0.3831735960928339 -14.87403391511131 164.0045749194138 8.12441193126052 1.6699131080783 -0.9989590459455986 15.77175848876393 2.119522024944902 19813.19870263435 558045.186044305 3073.408653801196 222 179771 1 -3.768155636820322 -1.250055138735565 -3.921834207157524 -1.744804907631855 6.802361399097551 0.437295676245304 8.988646944377241 -1.971255485920837 0.04470834347233898 -1.869982758039903 -9.702638715810263 474 570.075973033905 2325 -1 1.670443545998481e-06
 -9.894165112638202 0.2858637177076436 -85.52311150041436 2.907639822241199 0.08506206103617153 0.4899345725554358 -60.85003775287193 950.5524267817281 2254.790810331229 3016.299925634373 8076.83537802859 2846.262837076468 772 191650 1 4.485481042923736 0.6157659505222748 -1.959998145547603 -1.412904078510852 -7.107600695442502 -0.3188135500464568 -1.291108078312805 -1.740546404829487 -2.603229976404301 0.9191121749372915 -8.14490018907288 477 575.1676049232483 2325 -1 -5.790248615497793e-06
 -9.670707544356789 0.0540677882387358 -41573566453893.83 16.5997571678436 0.1096864887783509 0.06617593381383233 -6354472707449.604 208.1194219255471 108.5133089117331 0.3001548267227122 5004.261932646114 3164.02768135692 2296 191605 1 -4.448186724369991 -1.342877721379133 8.69295637544433 -0.0945629317034849 -6.427533060424386 0.6962927047393555 5.28385609745148 -1.399072899227365 8.190237678752919 -1.556994231825699 5.253257653464357 480 567.6862728595734 2325 -1 -1.090974872940984e-05
 -6.805310084186734 8.528629650050444 0.06805361584470845 86725.02012414132 1400396.874116 0.5935814402248399 -40.77538153348383 1563.802468091492 6310.623410724143 0.6326656728012935 332.9372476149077 2904.244868705188 601 126650 1 4.455720591513062 0.343823782778097 3.82417744216818 0.09520589682267565 -7.289317025899624 0.08633667360217463 -0 0.03871433194734124 -4.283635069984545 -0.2261371730045205 -1.986726398366126 483 384.052521944046 2325 -1 1.608648869849244e-05
 -10.3261795926212 0.2393644721648606 -1697.355984635091 5291.631433105069 2050.185552559135 0.2223692044518685 -36855.59394233698 5065.894835191872 54583.78347650613 1.338909051144694 12.73020736593263 2992.996237496948 454 191513 1 -4.210256831037691 0.2590068757683337 -8.989368022263637 -1.222807708217793 -6.299405821370657 -0.3208515743384011 5.536231980033753 0.984410365452498 -8.570788692486619 0.7449163847192466 5.830549950408894 486 570.0620470046997 2325 -1 1.160427143501712e-05
 -9.813542430503018 0.07298560775578346 29743086180.12239 0.05083641411081623 -1.050040619638731e+16 0.3035746688896797 -934.9693756140759 1279.517715710142 3813.440248058055 682.5157164718236 -193.8792251523921 3049.987685643842 346 190508 1 4.667532436097199 -1.509715539510783 5.280344810327454 -0.3589794909297331 -0.9721083060350182 0.9076022655399907 1.917640128791911 -1.068347221072997 -1.796617551833637 0.2463053173710774 -9.48621783251671 489 565.0517511367798 2325 -1 -1.685918434904885e-06
 -10.23367668196153 0.03911747120319745 -1.122715671538307e+20 0.1093374332108209 119020574.3657468 0.04767981310838692 -1.784879883012287e+18 1043.93323504132 2393.910706927681 0.6509050169978771 153.7267849773285 2995.530896208664 1772 191603 1 -4.312567908383122 -0.9896339293428769 -8.35700368115455 -0.7569606853103893 0 -1.352199353772726 2.051934719224942 -1.917376695249248 5.812868654785537 0.3772439268069343 -7.567146463996831 492 571.9407758712769 2325 -1 7.125316128887528e-07
 -9.966197520157639 0.06055561748785664 -276886974190339.8 1.264428212608218 0.7415279823129857 0.1546777824700195 -4577051.299516412 11930.48251605308 363738.6401896107 19.47127261064953 2.463838516528112 3040.877024969239 5536 127775 1 -4.631327748980387 -0.07007926460975618 1.807085797733502 0.4826428132191554 8.304803594248634 0.3951239653632864 6.776487882468244 -0.621616130498964 -5.056759743883831 -1.703787449656444 6.994206417091604 495 381.2385430335999 2325 -1 1.655023142820134e-05
 -9.196924851698746 0.2746709747188371 -89.5176777386537 170.2882769758462 3.372739044187059 0.2630492304797374 -1618.568512047714 71558.16323701314 13520241.35493255 6.621546016007318 1.249756091988873 2819.034426769375 1648 191589 1 4.40985407731786 0.5578861407967102 7.799693648561174 -1.647567521503914 3.123758931741671 -1.051633408883177 -1.218991585221294 -1.512616157815481 9.618822330032369 -0.9085468827736811 6.474031050421447 498 567.8643779754639 2325 -1 -1.461410657771382e-05
 -10.09157992806687 0.07601459265934704 -241725650818.7686 32523.14638700337 116496.6275091691 0.3266542761256229 -783.5436209738156 1763.081920259485 8456.569879773626 37671.98357389629 933897.1821484817 3005.426130882026 193 175203 1 -3.756016863870776 0.7315968971991489 3.64669167946589 -1.508704952921669 9.843975960495055 -0.1237326795295859 -1.867617730200314 -0.5030447665787232 3.043286615540101 -1.25880663603678 9.34706070341398 501 515.3558039665222 2325 -1 1.789645345837205e-05
 -9.928697525925781 0.1942614316922087 -306.0601991490922 2.945461453764227 0.08595012337782251 0.3968853853739324 -132.9851671907312 356.5389097054837 386.8329288942273 6.39498240011255 1.534374565066131 2974.369748290046 295 123741 1 4.201989820371509 -1.657532412106276 -7.514978385804408 -1.298078172230106 2.37959188989577 -0.9927718571698145 9.788062292906218 -1.917653941527181 2.430102076605249 0.7737068134586953 -8.995222774753627 504 376.7551040649414 2325 -1 -2.222039468614534e-05
 -9.949813629096687 0.09802040007531299 -60983472.26595455 4.802047456589611 0.07757624176015394 0.06928104345665471 -8749576373563.214 225.3321577018227 140.035947881748 2.058072133112066 7.725127532510133 2943.602473128884 2212 127774 1 -4.399598182197601 -0.6683178663370652 -0.704308137773328 -0.6879582338050865 -3.013460364664684 -1.776860243971209 -4.205767035898433 0.5239415071858975 5.526348171068849 0.9755165713909588 -0 507 384.8481929302216 2325 -1 9.454636453611127e-07
 -9.654635086484776 0.2796140911605021 -481.5459467787437 76598.59279781573 728183.8592969889 0.2602381194298113 -7274.419725480549 1302.873102844577 4233.150089976637 49728.58565641165 4215153.808244839 3052.751496763909 1497 127751 1 -4.154246513264439 0.6974152836194603 -0 0.5877599497880546 4.537829715545485 -0.7093580654454881 2.089350797114273 0.4678989156667144 0.9313882020414992 -1.633875947881862 -9.061386762556396 510 387.9395501613617 2325 -1 1.371603395879612e-05
 -9.817187713623353 0.3092924529946355 -54.97087652232856 422.1959005267337 17.48533167720442 0.06817202419953576 -9878899932273.672 18209.31690397574 853336.5113175221 0.07699203806771956 2041280364941.051 3097.017365283722 1180 191649 1 4.694338500288855 -0.4535937999237767 -6.681176064269545 0.4571150237540089 -7.34786525003517 -1.997481267627954 -8.973727106651006 -0.3935557172161382 5.185584499343728 -0.818179629019185 -5.790434332726003 513 567.2146148681641 2325 -1 -1.194070600460375e-06
 -9.730805188140966 0.2394810035740323 -418.0395678225652 620.337489231815 73.62785829722304 0.04802889044758885 -1.95231558955103e+17 6493.608445440689 92255.24727464786 1.202478844831673 18.405376444424 2914.959646819559 895 191596 1 -3.989948265502252 -0.05606612426597484 0.5501142520249167 -0.7409256737142291 -0.1363913456562451 -1.206731113842791 -9.655844536655172 -0.9550378253205061 4.138073378751067 0.8118400737312124 6.85410690112848 516 569.1302759647369 2325 -1 -9.291027775326821e-06
 -10.08225100795165 0.2592782600557197 -338.4238852249709 0.08940013406563246 448279378.8257955 0.04443221152922085 -7.117819925802126e+17 1215.620515682435 3924.415186101417 1.160617249825777 -2.992676620505368 2950.951413881181 2210 191645 1 -4.525090988489127 0.8587279982380158 6.972609383146183 0.5989591438913013 7.444534959626969 -1.703627163946236 0 -0.8378561836881113 0.4413476366741627 -1.115329800131571 -4.407466546555466 519 564.3810670375824 2325 -1 -1.717262027965279e-05
 -9.381768822592408 0.1261729211547262 -671228.9455165458 4.289322055949793 0.1408756825842738 0.04730307838660825 -6.241625078585011e+17 1112.732199718584 2848.840979674349 9.7181191563164 1.184952084418847 2969.061496902446 368 127762 1 4.400126615710779 -0.7820581070342207 -1.040378693246887 -1.78646237278106 3.728004475627269 0.9815561358040812 -6.116162318336871 -1.748377399283171 -6.225799344886983 0.5825944361043538 0 522 380.3883109092712 2325 -1 -5.004935764003796e-06
 -9.671370733948011 0.211987538442854 -2985.84068393879 2.78116456167022 0.1145634925276389 0.09191460940727228 -3178193106.944373 7450.866048436486 125260.5198818959 2.311143518878957 2.698825860017281 2979.907637153794 1490 191662 1 4.665845086257066 -1.672232078855688 -6.725019222465319 -1.681463406774125 -3.08822287220545 0.7280288528838201 -0.9787291347147971 0.3606456931786086 4.315228747189309 -1.723152328810085 4.747316569170816 525 565.036073923111 2325 -1 -1.046215104080687e-05
 -9.667630626407647 0.1270848100284861 -8464430.176541068 24503.89385577148 76106.38614931885 0.286915398902891 -5532.636510012312 95120.44998155579 21855400.70304168 0.05442617235977404 8.015608542107034e+18 2900.561111560824 4421 191664 1 4.632533289824444 0.7750217976896412 1.854134637278367 0.09798750587984804 8.307242406543585 0.05185871407022136 -4.44621487117243 0.3067136152014917 7.880928125816204 -1.460227606137762 2.677747684969655 528 577.6376800537109 2325 -1 2.66940992237114e-05
 -9.761357226216427 0.1396355636633485 -936472.5266930073 721.5894892043513 63.80730330385892 0.511586187364641 -49.3650547901733 507.4754407353586 614.8271650525984 1.051649583463038 41.3559263445676 2934.686745055928 1179 191561 1 4.600017882729641 -0.7382617078793725 -4.763593927648203 -0.8695753238803663 -9.499735515369732 0.4470473172600506 4.065964305315867 -0.05548056627661871 2.898631465445048 0.9401863343680521 -7.077913967898695 531 571.0243830680847 2325 -1 7.898397873553206e-06
 -10.02628027361886 0.3491240409832562 -29.41685839104986 53172.20431687317 355871.0690076855 0.1807490808638164 -44600.06333326368 20572.58477208017 1092151.963777333 350.3905943698791 385.1772427973891 3038.784621185187 2568 191656 1 4.120065425406301 -0.4732744479988842 -8.839380886364541 -1.418581879862748 9.823917309003033 -0.3098369922342998 4.887141548493821 -0.9546775908028415 0.3887895495939997 -1.087586714739509 0 534 572.8458428382874 2325 -1 -2.528490448535899e-05
 -10.04256996926493 0.06699879124089272 -3542217014781.381 2.76574080323278 0.07389353308445 0.1752212562475549 -325452.8430061641 94.12503733200381 22.87231997279931 1.030876917687658 35.91823418743331 3021.464836835686 5497 127776 1 -4.405262841450799 -1.686615865796893 9.968295690198181 0.1066605823171671 -0 -1.386244920136124 -6.577915528282626 -0.530300763229099 6.821196738380285 -1.653252243333299 -0.769701079962732 537 381.8135221004486 2325 -1 7.173427638362042e-06
 -9.920335998846664 0.03655464381876999 -9.987844656535061e+20 0.4217127315507174 -5.598870041711889 0.31148014406018 -1292.391241042356 60.27524528134036 12.69660345989105 0.5230015229523535 40.23958518118379 3034.46350144297 1670 191658 2 -4.687637922438812 -1.687684656522168 6.256551567427098 -1.912297952228733 2.461852311779347 -1.941327084465457 4.747493808214688 0.117436988859108 2.08609029524243 -1.19755608101126 -7.442629344278926 540 557.4090049266815 2325 -1 -1.441319258898554e-06
 -9.90854276633644 0.1989468169305209 -3829.147934794354 840.7949310684048 17.19863009241061 0.1957764712153908 -35273.71841555871 9742.748662964785 203395.444410029 1289.377642250137 1487.550210770974 2944.282552522698 183 177677 1 4.295977943875354 0.837231152404656 4.510346555153671 0.4155404097770451 9.665605771068439 0.8781824853145217 -0 0.6023601660102615 -7.590877717460577 -0.7682386280506447 0.1712223717925472 543 561.9541218280792 2325 -1 -1.146870453577124e-05
 -9.994516008336483 0.2134226192107421 -9199.220790959331 1.114367114967893 0.8478260711232855 0.1818264083973659 -400872.211332677 6565.659790426217 94809.94866942776 0.0889830287785197 -301393526668.1325 2940.215145986678 2804 303467 1 3.844144935948014 0.4136287735835742 1.957259203786471 -1.754856142267161 6.747575871012218 0.693785801125788 -2.109115510343513 0.6033625081840293 -3.725294412396424 -0.6039293398703682 2.299989328407061 546 890.6963701248169 2325 -1 1.553495795985919e-05
 -10.13440179190715 0.2156232549104866 -1585.079668803957 0.03782347963930988 -1.709205504658596e+20 0.153769268299846 -594505.4684059116 11.94237855833829 1.588748467360469 0.697130593356676 49.55197451351327 2862.197527083995 2974 191658 1 -3.800448523092477 0.9231254580353814 0 0.9726027518897498 -1.982923777654973 -1.188534144613376 5.244942394376235 -0.8665091300723963 -6.628829351087534 -0.3762091667049097 6.104923423254673 549 568.7623839378357 2325 -1 -1.57208642159259e-05
 -10.14807546961163 0.3122388092220071 -85.22585776613683 0.2896665620970113 1105.152361260047 0.07101473220339678 -32843915237448.64 862.4183823163261 1612.612622079627 3889.489364606109 32721.52840669616 2985.559511725992 1602 191664 1 -4.241208108442626 -1.454754423839356 -7.544482371261671 0.8882990504737553 9.369145743373506 -0.2524030255447948 0.4856445938868803 -1.119272816049395 -3.891394444726195 -0.3064114408275511 -3.914313469240361 552 572.8651311397552 2325 -1 1.603194721266708e-05
 -10.14753836073171 0.2996972463476873 -44.91397380567167 0.4398562172226883 15.40642132241389 0.3698983718240926 -485.0157480764216 93.51134774922859 28.42985796730936 1.309925967560972 26.47310424207794 2948.88542121129 368 174014 1 4.350958698630171 -0.4027370399296561 2.145947304123027 0.8772004898073624 -2.183012671568714 0.4892572957771901 7.881238428172214 -1.591761826596213 4.210639175193037 -0.09233495286274002 0.6621617004557852 555 518.9442939758301 2325 -1 4.288921465214686e-06
 -9.648224957651644 0.08836626195544865 -3146600540.306036 11058.61776869347 8233.652153968551 0.1746942921945578 -506931.6925166611 1495.968667723642 5293.122223600725 1.485433489106775 8.665963121784468 2945.210596316741 1129 191657 1 -4.338533253429727 -1.377580141275685 7.95270402637828 -0.5826195681865096 0.344223370875909 0.3140018061896911 -0 0.6796350429970426 2.989043526598903 -1.904179858946627 -5.105380928677974 558 563.8807601928711 2325 -1 1.09154117186928e-05
 -9.808314414592029 0.2332868602666983 -1238.629075295024 2392.215152146331 747.1158969917683 0.4161486988417896 -178.4029044834614 975.4867906126357 2168.403743385674 1.370319619129792 14.85719827236852 2993.706473764173 686 191623 1 4.675782749852225 -1.245181540927502 -8.452422690787152 -0.1088017917137805 1.454885475889774 -1.213602628701146 9.834535552462025 0.3471797042515519 -8.438643434087831 -1.849089501575823 -4.105286062803207 561 569.5927560329437 2325 -1 1.054839702428309e-06


# name: injParameters
# type: matrix
# rows: 1
# columns: 11
 2.02 3 0.3 1 1 0 0 0 0 0 0


