# Created by Octave 3.8.2, Sun May 31 09:04:55 2015 PDT <charlie@yukawa>
# name: outString
# type: sq_string
# elements: 1
# length: 114
Slope	Lambda	Gravity	Lambda	MagneticField	Lambda	MagneticField^2	Lambda	AttractorTemp	Lambda	AttractorTempGradient
# name: om
# type: matrix
# rows: 187
# columns: 31
 -10.00941314114387 0.141593260918048 -1003402.702118446 0.9112727376536071 1.518222757992681 0.09360956636034728 -26434521458.32912 14948.49515716694 473572.7471102861 136.9191586840346 -6.863007997828883 2828.249157722994 698 191346 1 -4.035729996595961 -0.7316279266887493 -5.617231564222418 -1.529392873966904 6.395733829748968 -1.441499045614885 -9.559465006632911 0.4496069693167084 1.073360623938383 -1.854615352875703 0 3 876.06290102005 2325 -1 1.451922009463413e-05
 -10.58088353026741 0.2767572446483272 -190.5432845222193 0.2327974703318698 4049.982747404092 0.1281832393066935 -14010437.82577985 90.04640768664225 22.18026590336385 108.0701796855074 -9.466724871611303 2852.791736323958 550 191663 1 -4.49221476821416 -1.177303413775784 9.346654757056298 0.4331045113932652 -3.274062835066413 0.9086870207310742 -0.5502685848512705 0.7077232084187917 5.191827662981445 -1.387173849890991 7.530180140017062 6 725.6312448978424 2325 -1 -7.291802569921466e-06
 -14.56043887415349 14.70840569742505 -0.2114534346808128 7969.345842529257 5810.874828727278 0.1557514693464091 -1296944.709064562 5669.502841680512 86065.88879955343 1.672536963142113 8.980384582123223 3057.69882805403 2202 191660 1 -4.266861661782262 0.4402228605238551 0 -0.9382018375622962 -4.928065525157795 -1.828171411805033 4.623823531483121 -1.051538739777128 1.434456001995091 -1.772281866065892 -3.972371911832617 9 721.5035429000854 2325 -1 -1.442139690972806e-06
 -9.985130182279914 0.0385526601343416 -9.772603251271557e+20 527.5375229140151 33.20840054551171 0.1064179366190847 -1452225207.345535 68.19944630229008 14.31266633999742 190.7327357195366 96.85904256776683 3112.016176604146 963 191664 2 -4.117302993294103 0.3848676237714415 0.8021687159654758 -0.1642477436981392 5.501366775233143 0.7131228167353889 0 -0.6939064245769498 4.357902363714046 -1.593870151134547 1.034230858005458 12 720.6108541488647 2325 -1 8.728801591839484e-06
 -10.20765589292542 0.1706088344074742 -9673.741543407359 3.727502763428599 0.09722175413525386 0.2153493680297234 -22068.70312096757 4004.297113313816 44740.86177640147 39.57104863164545 8.031751043327541 2680.276178961565 900 191571 1 4.632594940824284 -0.2458252035043058 -0 -1.539866098980473 9.710200311697395 -0.1637227513060822 -0.4559689157822344 0.4130510785230336 -4.257243030768163 -1.490597446046612 0 15 713.3341500759125 2325 -1 -8.951288598448195e-07
 -10.1736466086584 0.2916347855898488 -142.0431980040975 1.78231147424736 0.4869492005075141 0.4475549401926589 -122.4970010100211 197.3818367607515 106.5782592348368 3365.142882473561 -3205.813220977904 2813.544507810019 826 191630 1 4.680902600688559 -1.966071201691707 -4.075101905117786 0.888784447556918 4.487446217922686 -0.9148986333130935 -5.905160300625115 -0.9183194333788238 2.401280886451705 0.7395318746587209 2.518860276117886 18 566.1113948822021 2325 -1 -2.750796749123418e-06
 -10.20634826354928 0.04477099297617387 -1.318245212436637e+20 12224.99003209439 14587.56958064803 0.1598472683561638 -4050670.560721736 105.8597301579583 35.11645704980263 3.357525586344078 1.659424534515283 2879.789625528077 3599 191648 1 4.635968268935485 0.1357325680865312 -9.597350408954533 0.4723232948536275 8.091214942506479 -1.649508807167951 5.47408724132059 -1.645692556123684 -7.562552901892303 0.4959339988585922 1.39871165214286 21 564.823205947876 2325 -1 2.565480755752267e-05
 -10.1666387819274 0.212096814563876 -1480.813425903589 0.1090626355482906 5917898.184885471 0.05430557616122236 -369878133398594.1 145.1441331513376 54.53955922112981 98.69622750980557 6.822412733522021 3032.91029720393 251 175687 1 -4.529471648850206 -0.7422813716776755 -9.592944784194914 0.3967579237140693 -7.76626195058471 -1.834438158439482 1.534047393272033 0.08499544985229598 0 -0.519029471108742 0 24 513.6393249034882 2325 -1 -2.05277474544308e-05
 -8.949015857498484 4.676332622552737 0.02550795583558506 43850.35295091344 269094.0755462328 0.05404409627249712 -1.036128656224747e+16 1151.20852051554 3669.294326781495 0.1770126171848148 -350761.9834713045 2982.278724999429 314 191211 1 4.509297388572319 -1.867246582609795 -0.2851770644762794 -0.235890227396518 2.992955788055965 -1.608449142666807 9.596148005275662 -1.144089299567094 1.13312099357109 -0.4668834583646166 -2.221447840672461 27 563.2426819801331 2325 -1 -3.570525314736482e-06
 -10.4437187378263 0.3146874575745001 -74.66028437351223 514.3785880109608 33.45385241533457 0.5705404368982658 -30.84462191439972 67.28564517989817 14.48188288214264 6975.333185408514 102471.6476369068 2945.313800905982 1549 191171 1 3.507797748204 -0.7631386762458341 -0 0.3923180517818539 -6.75149441067726 -1.989227952021666 -3.296801844832667 -1.915994681757105 -0 -0.3564969798074663 3.393058464934673 30 570.6555490493774 2325 -1 -1.811157980100089e-06
 -9.222558874689945 0.3692955290591712 -19.77955905422429 0.2248330868819287 5156.601837655944 0.1337287034189051 -2023615.954181111 4151.916113793816 38391.97163118907 0.04472797546572652 2.917645720978597e+18 3006.982639021099 3260 191664 1 -4.418648073627661 -1.508754136233758 5.196720507295687 0.9431898702540158 -2.231782800077752 -0.3839518034020877 -9.232476492419236 -0.4215901551741652 0.3422240862598231 -0.9461525598909857 -6.255125017942373 33 566.0045080184937 2325 -1 -1.489665614527429e-05
 -9.518342846286441 0.2363679896896176 -1002.401619470648 0.1887534492320766 -26371.98293458843 0.08651779442452076 -227248980037.4451 78.32650017144041 17.4966745709964 1.156169729162477 16.36103703944271 2858.315627726198 915 191660 1 -4.650153946498893 0.9869932776035206 -2.291656449118532 0.3000274447562443 8.120612240787302 -1.484405040864297 -8.463088488563503 -1.046343301380343 5.13493079917998 0.8826428563277062 -8.380869966752121 36 572.2682430744171 2325 -1 1.666173265578148e-05
 -9.920422787168677 0.1064872994336821 -47672365.36180977 57207.7526687208 504220.2612186822 0.3662533584861165 -238.6126584809819 34132.48049183135 2891174.441811983 139.8557750702625 26.55342135589241 3008.00880961219 687 191664 1 4.28961353457288 -1.346532691956799 -1.328007178707798 0.5080792902860041 2.797557484113739 0.1931284455754279 7.582235521456909 -0.4474055784851174 1.483928191600074 -1.84937824904779 -3.23535170882176 39 561.6049408912659 2325 -1 6.751172821203343e-07
 -10.01047533577613 0.2660609803077406 -172.4540217711917 1.778117971322086 0.2312448924098815 0.04393483650712743 -1.905618136471938e+19 1690.921783194652 6164.86326275937 0.04799819246900012 3.1732651342637e+18 2976.13138209434 2933 191664 1 4.664951310266295 -1.466621748343814 -2.741320675553497 0.8421204882266413 1.849242508019866 0.09919853607481639 -6.309194721905817 -0.001817075132234623 -2.428557519078943 -1.371081933386172 0 42 565.6472430229187 2325 -1 -3.732938558481573e-06
 -7.50848177945742 7.175424228189953 0.05304615967835988 827.2982675219297 93.4346729323313 0.3147843464106345 -920.3972770049844 339.4998769786632 272.4961632032982 1920.53881698246 -5253.974966071944 2931.002350920057 1365 191642 1 4.662063437083549 -0.1609066628549991 5.774169747758426 -0.6002714118831189 -2.559035345487326 -0.3910922894499552 8.798388908205878 -0.3909507740255691 -3.402787989171783 -1.65821937097609 -9.644433922455866 45 569.8162040710449 2325 -1 -2.64659538351815e-06
 -10.2631374990943 0.2036151763355667 -3193.495587387549 359.5220460253651 13.54452491176122 0.1718755894652202 -210705.1645878451 10469.85861496544 234723.1944459662 0.06837846302483579 39051423304314.25 2893.625752611214 699 191581 1 -3.93049364349748 -0.3641975533567781 5.464502443093383 -0.02492278157780704 -2.525173217681633 -0.09661022850113192 7.441132791415352 -1.775137679307244 0.4628037972551025 -1.417544045433571 9.589618199663642 48 572.1848888397217 2325 -1 -1.563703949174317e-06
 -10.2207931745792 0.09161665098562188 -213334137.4024008 1.444501832744522 0.2680151378604739 0.1160543951409457 -87263016.51852955 172.8736436911389 88.10449673934788 4.390870138716409 2.361813970534314 2950.89885754622 3530 191663 1 4.347006070816231 -0.9079665533514518 -2.607972345712998 -0.1095842628840353 -1.974326864018358 -1.824744728179528 -2.351808852262263 -1.824478302114036 -2.224305277703839 -1.284695932841575 9.185209540524561 51 572.5198948383331 2325 -1 -3.620711695407001e-06
 -9.658326265912013 0.2565083495305533 -1885.341095219173 240.3371941005453 9.705905843822595 0.1827767030018276 -330555.2247498217 81801.10010291023 17258677.83744274 248.0765240513823 101.1338845373028 3011.561419742472 1217 191660 1 4.491594989331962 -0.6984610952067172 -8.898167597829419 0.8274594650128142 3.042499980334294 -0.7128086025984315 0 0.6279061613161434 -8.821551243447255 -0.7291095998887833 3.823096181569382 54 571.0945320129395 2325 -1 2.950036432564981e-05
 -10.86578331746609 0.1816909287041605 -18211.52558112166 0.08710437522110877 -1559138069.654696 0.1719424587244134 -302598.1898128017 5425.9329421258 52367.04901910935 1.097020938450086 5.447524013787878 2928.787752953124 830 191652 1 3.373930076686214 -0.8335455409517021 -3.919755297658256 -1.666451105785567 -3.267613787376423 -0.2061729897406738 -6.949468093225905 -0.7464149792356274 2.821229675876948 0.1598266584808576 -6.335271822642682 57 567.4935100078583 2325 -1 -5.463102775418737e-06
 -10.3708850787962 0.2793680500442063 -472.6315056265098 0.9551063228553412 2.047433620664415 0.3328495634953243 -1207.052134360418 7741.648987685118 159762.2060087479 19.98287451777855 2.89617301757329 2849.587206088482 296 127374 1 4.481452922858443 0.7834267681181482 5.833332875922942 -0.3539512331095028 3.655485031713261 -0.8285637222062334 -0 0.3405839187490871 1.850196733123566 -0.6871625144843421 0.5282727624480796 60 377.3271369934082 2325 -1 1.87635484225786e-05
 -2.619935151764691 123.6458862913228 7.062328431471856 1194.060927311221 93.2400481584969 0.8296599501654116 -3.744418182155325 778.1009140161259 1495.249590738034 186.9671467739518 58.12550332207859 2808.90322871224 652 175531 1 4.093397835784858 -1.806999638145587 6.694069530963766 -0.6226236967738661 0.650178081717919 -1.890653480199718 -7.558834252006678 -1.15791734687766 -9.175611443523966 -0.3930329871863557 -2.38421371662666 63 526.2992780208588 2325 -1 2.075486180841908e-05
 -10.65561892845338 0.05309575947419538 -299118382426544.4 5.438118390954098 0.06934998073116416 0.07505828625042345 -546271636775.5209 239.3548469353541 162.3167673666199 2.334581657578786 1.798317418858315 2932.475643181604 3294 191656 1 -4.401349125718783 -0.2534110318486568 -8.758557247156814 0.0603459676235674 -7.823762316326986 -0.3621305527714425 4.696551447895172 0.6640039363617464 -9.064134097196014 -0.5049414677463098 2.763406089630652 66 569.379823923111 2325 -1 -6.690469872935858e-06
 -9.648014147894443 0.1397417265984474 -744349.4616258915 21737.1048700491 188651.3270115943 4.468280291960829 -0.3150213874069235 130.8837465486868 50.95837935917177 1.283559079534647 16.98176353914699 2730.977250914989 675 191662 1 -4.078326327489614 -1.397610656022515 9.209684319574738 -0.4795144177041948 6.237785711639051 -0.8780483519978706 5.319301954812307 0.8122333430097939 -3.237955386195013 -1.104537743209814 -5.356224062090973 69 569.6839549541473 2325 -1 9.513638599089079e-06
 -10.46269427706906 0.2985610365469535 -267.4450755077823 64504.8165224222 141565.9113455863 0.06910295549179517 -16362836707096.93 2028.96925052878 9909.014184367108 0.5991178131845 180.7422280636631 2805.884705484777 668 191381 1 4.454715894954953 0.5762924376829446 -7.246693220118662 -1.59139853727905 -1.361047977186729 -0.5828320798079432 4.878251133191874 0.4044733499717639 2.611567425757373 0.05177488598714671 -7.748055125190925 72 566.0910129547119 2325 -1 5.840598139326492e-06
 -9.788335621624846 0.04070968356432345 -1.07808208858829e+19 24545.45014778697 32642.15595663266 0.3112755570104649 -415.7318459985878 6979.962533274123 102972.7390754559 1.269266202049764 6.392689166843691 3014.062263670723 246 175019 1 4.623547283589646 -1.121462374044938 -0.8768177196195159 -1.704879928280585 1.978468873077224 0.3306980397804673 -6.998767111319845 -0.3787440438588324 -4.175416493275425 -0.1321891184689968 -0.8440425911413385 75 524.0936799049377 2325 -1 1.958482646144763e-06
 -10.22888314898257 0.1133772547375395 -53231606.64168407 22342.30761444355 14585.70870253917 0.1008922035959289 -8889327056.346189 896.8912009618084 2060.392376267113 0.04670309910730436 8.431182238542497e+20 2892.34374820243 2874 191662 1 -3.921377614224658 0.3192046993128557 0 0.2330396967828583 2.978134726645814 -1.60504799189144 6.801375087443814 0.2617961715060413 -4.263458299701712 -0.446901727620844 -0.4310409835002789 78 566.3916020393372 2325 -1 1.999111046942492e-05
 -9.522360833528134 0.1376151934210326 -109369.1418431869 47.54488470802407 0.3725507015776619 0.06517938445407624 -1855167033380.09 15836.19669026058 654301.5361052535 2.703978361676967 2.227786853560734 2872.00686745593 2573 191653 1 -4.573668239014321 0.2055139206921201 3.750414781069615 -1.511352113814428 -1.454207612717199 -1.401914863638976 -4.887856112113177 0.9506105694384739 7.642628827806231 -1.680135943569918 -3.823148381652554 81 569.024257183075 2325 -1 -1.908449443210594e-05
 -10.66070569892326 0.04637896826546366 -5805569684479873 0.06480583430725177 3165063801636.92 0.1414471503552719 -2360870.841379809 11235.84624039181 271722.8848132381 1.353173749907288 9.725024891296515 2809.206374284216 3390 191655 1 4.24379627755576 0.5631309595041101 8.933614845126936 -1.91285462785804 6.600659584330589 -0.7022873108813492 -3.933074053386827 -1.280571191082045 0 -0.7226084536369388 -1.994474783128752 84 567.926008939743 2325 -1 -1.117450380983967e-05
 -10.2346522527132 0.1611662718354439 -59471.51441288692 5457.200430022454 -491.0684634192263 0.109253197064966 -443542372.2459696 34257.80639048499 3094747.146496478 1.122752018824347 23.85028941461752 3222.671873201167 3186 191600 1 -3.530385635509334 -0.7497393062792614 -1.412114576109029 -0.03527938409347618 2.134949879031703 -0.2342050918078993 -7.365380495620228 -0.1296732853996865 -8.75519454805762 -1.707563353330766 0.3588112660010161 87 570.0132730007172 2325 -1 9.664252118945591e-06
 -9.517406715822316 0.2223697590574146 -1091.504235950727 83.1765404615353 1.282261772570851 0.1442635675333409 -2944178.126961982 2933.132214481079 24059.15939274315 13366.50287542524 556688.1494869594 2749.893032476301 782 191626 1 -4.659842578219667 -1.323247990156014 -5.990977051651417 -0.2473374281048031 5.126816514674869 -0.1890945220427867 -1.347193832584693 -0.2788197151451897 7.615235564097736 -1.507167463990923 -2.489033926643899 90 567.4281117916107 2325 -1 -4.739810293307079e-07
 -10.13541706179101 0.1793694144126197 -59495.56720546044 0.180913582952802 40102.46407052968 0.04560481465952775 -3.424876557711404e+20 24.824925419113 2.829938647562061 8.771526422612901 1.013568537564333 2928.952294626509 5847 191644 1 4.217312149767751 0.4398842714371773 2.315948063254296 -0.1725096279466847 -0.3697813022860252 -1.646055506314774 0 0.9106374666326147 4.027940367847741 -1.106353439472166 -7.523618370255559 93 565.9111940860748 2325 -1 1.546848634744766e-05
 -9.783802891234442 0.03648162752230442 -9.998193074790159e+20 4.307480996610782 0.0875588140113623 0.3783519897523566 -291.9323268259013 6379.562318307256 108494.1763385142 322.8167577956779 275.1775795326575 3067.144223539618 193 191625 2 4.498260182563595 -1.749238417589163 -5.448623883890377 -1.847898989060436 7.670148009565466 -1.865361032607976 -3.697538565257021 0.8203004454072005 1.985841062486948 -1.417081031779011 5.861138127078178 96 569.085823059082 2325 -1 -3.861423086506744e-06
 -10.07972611169115 0.2994912948261075 -107.2995546185438 1028.169403563423 79.42365593165697 0.06622889852405675 -2010529811014.561 542.1548995315402 668.9045351898789 122.2743528199347 19.78392789217657 2976.75332221437 3258 191627 1 -4.500323348336663 0.363955304532407 -2.591047780063572 -1.320932994131718 0.2707771635943379 -1.308984546809799 -3.704931739515854 0.05338010448371569 5.536200840442605 -1.496429914662565 6.741530675901067 99 564.063423871994 2325 -1 -1.899874495195518e-05
 -9.47326461312943 0.2647986828001457 -1055.480804352344 2058.054938296391 579.8990707083035 0.1974530371795925 -602589.2599320735 16127.50465405525 676676.0295778849 0.1729725427669064 -8670823.399771571 2866.486727646558 1263 191609 1 4.536198842121469 -0.1680453899410352 8.939246738367087 -1.395517086312603 -9.476224661533678 -1.92733775752317 2.785345245470598 -1.689599346653898 3.851820644023032 0.8392498627839839 -4.070237498404907 102 563.195944070816 2325 -1 3.898749140926218e-05
 -9.850813039903956 0.0540210408508134 -336698867169367.5 8284.13006276214 8202.545777854171 0.07718584521845681 -526214430960.9664 122.4277480766489 41.46637350209285 0.1048017288198909 1732054178.990802 2992.01612560713 2868 127743 1 4.550528033810498 0.9605001026849926 -2.100819492128818 -0.9567167272083923 -7.019771794728461 0.09685403738348784 -2.660028682189683 -0.4938795521511584 3.95582623954424 0.04977693736062205 -7.206883929714076 105 377.7940950393677 2325 -1 -1.307149121458221e-06
 -10.17701726416834 0.0681480707795926 -1044017599500.197 0.1445157590771232 -789349.3359202864 0.2033881799101482 -48339.61426653654 71642.48371428334 13113938.10294879 1.136229244890689 22.99886167054409 3056.568999247234 4723 191657 1 4.66818136190998 -1.043724188112153 8.006196551087495 -0.3294508312434781 6.645351044163025 -0.05592971315250146 7.821977681398069 -1.056129516020707 9.037933798059097 0.6560587307904204 -0 108 565.9485421180725 2325 -1 2.930537422877618e-06
 -4.499177212464313 86.14160232531654 2.56826949467167 488.1497610226211 20.97149586551292 0.2842967361308931 -5013.448545429877 27.75371022731142 4.228365450428214 44.04641706605424 4.295169578099306 2944.548546629553 1781 111742 1 3.645243874018219 0.1550785207308554 -5.123609921988987 -0.6310504261951833 -2.834620183800924 -1.022354695196564 5.013569129805276 0.7954430305928359 7.420717565838746 -0.1875152303305416 0 111 329.7801961898804 2325 -1 1.983623872101104e-05
 -9.584013564584758 0.1279120139850353 -850219.635625758 30149.28830646986 120574.0406201978 0.04353674370097962 -6.155665289302254e+18 1813.588365594179 7148.819222641755 425.1065510456981 214.9508786408745 2942.780840869018 1177 191630 1 -4.342573424083005 0.1356827883032872 0.9072880486555053 -0.4651543853794937 -1.390395888430135 0.9296374816352263 -3.440518412052533 -0.3694117353192938 -8.590540614080306 -1.48547439495924 7.677640971214753 114 565.8232398033142 2325 -1 -1.068407421419889e-05
 -10.17133250391269 0.1530173300253807 -311672.2553402478 2799.516601202783 1035.534581599664 0.1091111368653492 -713912248.5672116 10.88565416820942 1.249462972298029 6527.903908459843 93416.50810016542 3000.699679308227 729 127481 1 4.465275453534544 -1.367690034189933 -6.63829827031887 -1.290658724850983 -7.128613014760379 -1.09355988436598 3.917425469412342 -1.354522384051337 8.534124427556915 -0.629652345020288 -0 117 380.170450925827 2325 -1 9.214804840235084e-06
 -13.29096964753606 8.731743970991705 -0.08396601951622842 0.2001747799875668 -23600.58045661479 0.1285866281681704 -31708811.76293856 1554.80859765907 6417.039809305497 518.4735157496194 446.9223792288209 2984.852816866462 2807 191663 1 3.993543772147582 0.6662895599345422 6.275535556637362 -0.8740335353352666 -7.110018844728263 -0.0623125354102445 1.788440246391413 -0.9694618007860942 6.605854852637195 -0.8744958535310827 -5.050692652181937 120 567.8942070007324 2325 -1 5.868225345943512e-06
 -9.794312266394101 0.06596065060241259 -1812734210423.23 0.04526007617943413 -5.003445121410227e+18 0.1777829275733532 -232326.8782844097 315.9147412521954 283.1629318924043 49284.60822200758 2080207.743538704 3020.418420668776 1090 191657 1 -4.647235740551781 0.2815310159536932 3.339561292216102 -1.697870544899511 -5.525060579913455 0.1199613980290462 -0.8105074575447917 0.812149128953862 -9.510204602421299 0.3253135733887014 2.908953193198692 123 578.6684110164642 2325 -1 -9.495430067071293e-07
 -9.891759220370473 0.1969108105278755 -4163.462256464577 1260.248768776576 79.40631256872568 0.1730518845382608 -162385.588204926 1801.105857006166 7057.343287701028 23881.86953434146 -469442.8707498812 2964.021685716193 5175 191664 1 4.464960115092902 -1.948575970594979 -0 -0.9651371074010573 0.05996429889140975 0.4155727139926179 9.068485762327146 -0.5008322480378045 -3.447697907246421 -0.2687003962821137 7.966985504509315 126 577.8642950057983 2325 -1 -1.503286630970086e-05
 -8.988420860283613 0.06471268047747478 22910542192.40131 554.8554904548926 64.24368339214121 0.5714643380823247 -17.18494136253967 22096.40799783326 1406554.298719017 0.8669375954972345 47.98648801202167 2870.597159723305 272 191245 1 -4.428547612515888 -1.773012579551306 -1.628724276902229 -0.6295893422242109 -3.139054133585334 -1.298737799144067 -0 0.6013219108737879 2.647133252564885 0.2072822381525041 -2.824476949348669 129 563.7517259120941 2325 -1 -1.691670507796256e-05
 -10.63405231006371 0.1691142932383268 -84790.27095135991 0.132062332913482 5168661.904100953 0.04316752958042989 -5.863889397247532e+20 32881.07734045292 2782798.089345581 449.2053325087705 458.6767110553696 3056.796639333951 4330 191646 1 -3.103003549973743 0.2498720060188546 9.465445978908225 0.6947794275797294 1.983879996179303 0.3802700072551257 -7.982393487628421 0.5572571994289239 -6.182969914447858 0.3350181138921671 -7.096440941730421 132 610.6639971733093 2325 -1 8.422406429024782e-06
 -9.602248601446252 0.1139179290121591 -64525138.41178802 1.937363816317193 0.4210914270003724 0.1486542473221415 -5047831.630994444 11343.00824339356 271299.9620167902 0.2293967130021073 -232540.4274821797 2704.205731333493 436 191374 1 -4.157931387188147 -1.58633406386501 0 0.2474283864049882 -4.899235908639169 -0.1706605336291301 4.941706970397124 0.8117693065820077 5.00449379955355 -1.692887429330908 -5.985591359296965 135 593.6043260097504 2325 -1 1.717100810576597e-05
 -9.96081778600397 0.2013040619650169 -4868.399718854247 5313.252201419902 2030.805026700596 0.1290887518901954 -21448444.80649207 8.395363807409042 1.194092521905176 724.3827481408083 347.6875174998968 2983.910278702605 2384 191662 1 -4.680896471517697 -1.090294189521095 -6.854613078838163 -0.1327955848353337 8.595242403014439 -0.9303436572353974 6.43890581973436 -0.9145592826561328 0.6763566491424586 0.4874138776820094 -2.750100356668064 138 653.9902119636536 2325 -1 3.019154770649196e-06
 -9.500745312391825 0.1064439129038706 -5749071.401678047 35.15057038529125 0.5916149148267988 2.199224425985366 -0.2682758301106547 57114.98685075164 9156284.018012112 1.352127025585567 6.84209699195294 2991.803289317812 481 190890 1 4.467295556698883 0.5257785215440958 7.301438915012197 -1.472542115697479 3.409069257508607 0.5530283487281427 -9.733055010106078 -1.397344458777875 -2.369564286806634 -1.523525155321173 -1.591361281551845 141 639.2986559867859 2325 -1 -1.965171208703392e-05
 -8.936230982346075 1.721269401399674 0.06269914118380994 0.06985255887645242 -12835190311892.35 0.05752098819217247 -3.27653785600901e+17 859.6770660709883 1850.484268937957 0.8155699447073717 82.79104260260968 2970.167164042291 433 191619 1 -4.296883074498577 -1.836009948307908 -9.165368866125926 -0.4989895628151979 6.1939162595791 0.8349039930288376 -3.155737878902479 -0.4385185619977739 -9.711835546233889 -0.2080839257992322 -0 144 567.9785721302032 2325 -1 2.975952179592397e-05
 -10.25843643299081 0.05530367587271592 -3344306982903.204 0.3261646472530372 54.51834032564758 0.06591309591485257 -1596591498780.605 27727.08034549293 1808939.125577901 1639.287287072029 9367.743607296319 2822.653742741176 4450 191650 1 -4.183897451755064 -0.05613355976277478 0 -0.3486997634569207 -1.941493905850386 -1.686504821699129 1.831363966369973 0.9005854557505657 -0.5107966998175777 0.2659777287021883 -6.979700016824347 147 585.4847421646118 2325 -1 -2.106614878781321e-05
 -9.919991274677805 0.3425521264775454 -41.34461552525632 0.1134197019760027 218991682.4110213 0.8273450065166297 -7.915072498656963 553.4812247974221 796.0709027292581 0.09993590830073119 33578401073.99686 2974.83873815485 248 191555 1 4.606952157167587 -0.503081246236273 3.11812853434351 0.7576240076289098 9.483373064735705 0.5600686583000751 -8.956906293707117 0.6602057264252948 2.567338176508964 -0.4883564158398812 -7.039727647207483 150 591.3346111774445 2325 -1 1.903478636870739e-05
 -9.795952172707612 0.2984358898914352 -159.8574828168463 443.8065447103877 25.54305722451639 0.08866309603692908 -21789104703.04484 35460.16403358951 3404140.116120428 0.07322298172763551 13629099200883.3 2891.511959728628 2113 191662 1 -4.000842215516411 -0.3784046191614047 7.751308870670508 -1.856024024533901 -0.7642468302369521 -0.3907207238704142 9.705775867546343 0.6988539666068623 0 -0.7916863179134541 4.929436871081282 153 591.6009061336517 2325 -1 4.474146411401657e-06
 -9.417767691847594 0.03827307801476046 -1.739797801185207e+20 1736.856215635633 238.4411492822174 0.2714771198279352 -3446.482618250973 11083.78684887631 276573.3399572577 57.97316714058029 2.542951517294586 2969.340340619889 4379 191643 1 -4.43279811151465 0.3905358282019127 -6.751112100977814 -0.9269170673026466 -3.459743661419575 -1.477705668207468 -0 0.6738855501917458 9.297635251570428 -0.4895725762308043 8.576750748989546 156 572.4249720573425 2325 -1 8.94543401307179e-07
 -9.828765119850583 0.3228287843781359 -73.36253189571018 19333.86048969078 63291.04272429801 0.1903495591852702 -31800.48402260735 104.6844372046295 27.49232633982911 0.07388254012379682 2961768086311.143 3045.224521760221 2601 127776 1 4.47671214344863 -0.7277609774859313 -1.215109600081892 -1.153909122473686 6.290901011350422 0.1169033974555926 -2.953687051139976 -1.235229391624902 6.442862704440146 -0.2668658384727811 -7.467844844092635 159 396.684093952179 2325 -1 -9.626613681551896e-06
 -10.25214639084132 0.1199284554976424 -12129574.4960451 319.8450425568195 14.44140342296724 0.09313885189299062 -28858931732.93836 23305.49656598405 1097323.734325249 0.8898084392449589 63.28840929146231 3162.570173728289 2414 191662 1 -3.739179212407441 -1.108283214805684 -1.669085971069789 -1.207230081460209 7.155524847382686 -1.564664309108116 -3.467594784780919 -0.6129118232975284 -6.645467569583303 -0.2068328302152178 -5.705274574882632 162 584.6874461174011 2325 -1 1.170619642224578e-05
 -8.981099448714046 3.374145245582962 0.02443160344412715 259.0081077311372 9.598238394722042 0.07220866423520905 -1490820309976.918 791.0604416003534 1693.232505864574 0.06587245962136075 70649901427228.2 3019.307200338478 1289 191661 1 4.384240370859557 -0.7925836443254184 0.2530265364756961 -1.14730639810385 -9.557112515880782 -0.6063978031050503 8.696947077309826 -0.4896578611540701 0.3264893837341658 0.5081004563438718 7.222820841903358 165 568.9367680549622 2325 -1 -4.160238962467113e-06
 -10.38916925899634 0.5200930129593704 -3.40910461775443 2239.727630997103 -86.96569953249991 0.04465972286265155 -1.187228417861732e+20 175.618970567741 81.58770579887229 218.2361337034814 58.75409840878272 2992.976559771284 582 191196 1 4.34515066194958 -0.2641373588125084 -7.809360227566929 -0.4098635251773777 4.25099575302883 0.4921588282438716 3.775642590499991 -1.510391266432795 -0.5910681919090681 -1.568004413375995 -6.431435791718954 168 571.6646988391876 2325 -1 5.940087634197991e-06
 -10.01297749740535 0.13219711532281 -270290.1769556096 2.526746172045412 0.09311911040469154 0.07354357794964685 -67328190036.57968 1131.082714590318 3028.39467073689 1.475059842139897 7.375479037253304 2955.123017881785 1859 191661 1 4.079840488106999 0.8515457443620065 -6.353918417668242 -1.887902074509667 0.1408164553911933 -1.557517829465326 -8.467639356868064 -0.9153676017903862 -5.035127552705359 -1.032467500320765 -3.281524493545531 171 581.7596909999847 2325 -1 -2.449886006387556e-05
 -9.85213056761393 0.03845186924252095 -1.538604453983014e+17 941.9681224365809 152.0733008594123 0.0595534689887818 -14233316160555.47 8308.353060961008 175985.3449278006 1.15863457666878 17.33946618931638 2870.852188688015 2739 191619 1 4.680606458322276 0.2278504009554992 -9.899554588344316 -0.117607756424202 8.530361586968645 -1.519164108352907 -8.431363102266943 0.07637398121665569 0 0.893644585063587 -1.601317758793136 174 593.9891319274902 2325 -1 -2.508805781787327e-05
 -10.14036378695037 0.213520892088831 -4333.405712877789 16036.54518175509 10415.64866868994 0.3582266889851373 -640.773225625965 96.47992091661449 28.4977848489304 36106.42811678782 4494153.088281647 2759.396816041285 5025 127768 1 4.690968838497641 0.2705262836698185 -7.046790274594024 -1.250362433464128 3.416834045249674 -1.646859489194946 3.748937298534835 -0.976024161846988 -6.356202299449881 0.0869242223488769 -1.321668759067921 177 397.1052739620209 2325 -1 1.004609749894244e-05
 -10.75616736844044 0.2612625119743043 -777.1540983370177 0.06076643082037997 742032695391844.8 0.2275786101071845 -19000.07492957903 3113.851103212117 19434.67070400273 274.9625604868465 55.26182879774755 2991.132037702643 1645 191648 1 -4.653082704047691 0.534116050682781 8.891598537266832 -1.368866339445566 7.247329850504904 0.4667330041598959 -0.8145138287492344 -0.540450901239323 0 0.5366987662662401 -2.973195055087858 180 585.6594071388245 2325 -1 8.930740239693628e-06
 -12.04000299320848 12.03043911824408 -0.05043509909593595 1708.447114766926 103.3529369459735 0.2094675492261206 -29264.1861257021 308.2303047837333 242.9977782067842 442.3994448539175 478.3811205561452 2843.619620380375 442 175143 1 -4.381376877895464 -1.435693752088469 7.344886170686763 -0.395865602590769 2.555398054957654 -1.236356566302818 -8.275183601054126 -0.7372649250678034 0 0.1339052271578071 -4.983521465710201 183 569.7846350669861 2325 -1 -1.183625869188306e-05
 -10.24864446550077 0.04990072784975291 -2.44618188043959e+16 4.447772885683642 0.09446592531631078 0.08061093679211034 -267816891514.5827 12798.30139932218 381874.9754007974 17003.78964875379 615305.6385477022 2977.4797486082 1685 127758 1 4.13173423409367 0.5514795879996193 3.169261535498866 0.319543408879766 -2.385997437320885 0.6036881459381114 8.001942461097643 -1.355612988232345 2.583113191816455 0.26510829239646 3.801719329858895 186 404.1140110492706 2325 -1 6.243731676363404e-06
 -0.6422496905024094 261.3182590071364 34.94359770850588 276.6400936500675 7.146829406519583 0.1522205613112238 -1587747.612576428 4579.852619306951 51444.95024169829 23140.2446044656 885810.8663313542 3045.766058267493 1061 175604 1 -3.564951713119795 0.132922256893937 4.314615455367893 -0.557221920521866 4.3774300361812 0.2772744599025628 1.850754923371412 -1.797591306477814 6.8732904128376 -1.244723091555882 1.445172525946847 189 544.1088399887085 2325 -1 -5.283253238830801e-06
 -9.720589259043678 0.3014541696291304 -240.7253665207782 149.8434974661561 3.730838312490009 0.3012323798719866 -3574.576884137199 65.7225655283878 12.26195176652715 176.4409924710978 19.10540002851207 2952.681149354045 2510 303468 1 -4.439880696483185 -0.2800025405793081 0.4027932119208693 -1.33480137918419 -8.442924991663348 -1.905512474204476 -6.314747570509576 0.6178164881403027 0 0.6801391112323159 0.5354531652866843 192 928.6618509292603 2325 -1 1.406523326753422e-05
 -11.32383444102987 14.3171306154686 -0.05045527509911327 2177.311384629843 382.9557977455823 0.06833434428473391 -2264418916516.194 141.9130164444732 57.86231748390043 2.218553155363613 2.379039648437631 2971.051295013835 2099 191632 1 -4.569359740883557 0.6186313163397146 1.814240735625352 -0.9459287519088626 -7.654846753150411 -0.06660607241479433 -5.889104988092029 -1.739746413378148 0.3556177553627791 0.1990760915273322 -0 195 601.1726770401001 2325 -1 -1.321156789512339e-05
 -10.03907287598701 0.2151822551881195 -688.8539302306814 87028.47446326794 458064.9664867462 0.3345451175693488 -380.4228602736955 9609.726680202944 238034.4536571802 7.869809780045443 1.108299563713335 2888.377174514316 558 190538 1 -4.666324175238953 -0.05324736961618644 -3.265519867207044 0.72056137905457 9.422815873314871 -1.057131949718925 -8.300412414577561 -1.978023264905508 -0 -1.737818592953268 -2.672759317539135 198 593.715432882309 2325 -1 -2.343555590202316e-05
 -10.01186625637967 0.129350701638602 -594163.315766664 4810.216800887285 2880.351332603585 0.2274833550330024 -11962.12587462491 73591.92633565469 13062742.86948926 0.0391286664927429 9.977918370734733e+20 2883.844947490504 345 191646 2 4.140757791785216 0.4681518383031005 0.463503239770207 -1.89580210762741 5.77905094476848 0.1369434333495909 4.165428827649059 -1.067029220239588 3.939784488132545 -1.142704726075237 7.284417279413592 201 591.256814956665 2325 -1 -1.049995064651833e-05
 -9.762715354316171 0.07012430456169037 -410302788601.1907 12.9961453588333 0.1405019732945807 1.237603341677006 -1.839658527483347 2240.298716360752 11861.98663474608 4352.989865239664 49675.71633899696 2948.065340602254 188 187727 1 4.291432379564886 -1.474129682229844 0 -1.308124237989363 -4.913672124719444 0.3675855250024553 -5.929336276037182 -0.5295710391363446 1.923251247674017 0.103943955272296 -4.507181702713371 204 591.5502119064331 2325 -1 1.460499920121676e-06
 -9.657092317739403 0.04686445830859513 9750622149144580 806.1650053841968 94.46174578253233 0.05110783210530494 -4.31617433821203e+16 7427.237144241813 159318.9291259747 1.096455317318602 22.00639972563259 2725.941333566923 1415 191521 1 3.759666025619283 -0.06550246106141432 2.230374075134145 0.236140704946656 0 -1.565993264162343 0 -1.994506660203572 -9.388788636691844 -1.951382785353265 0.9275293658133874 207 591.9482519626617 2325 -1 -6.802371494415174e-06
 -9.490495605454766 0.1723002805516803 -4470.649978106343 4806.995508128047 3158.597534636146 0.2913931711786217 -870.7231413743775 247.3063680497877 161.1967501640625 0.06006820967223503 87155585503358.11 3092.576604138506 2127 191664 1 4.056361049341062 -1.965428645639132 -6.197998226950808 -0.1949632611656247 -0 -1.780952522663562 -4.440339866820832 -1.115519688940958 -2.424238858047645 -1.643439723410055 -1.368219194620299 210 590.4255409240723 2325 -1 -2.072627405669407e-05
 -10.26125641782786 0.1491820471958561 -805431.1147324534 5308.727094488178 2367.057419028971 0.07484806096983797 -7570016293595.642 6.760589673662802 1.149303821481017 0.2955928080342397 18907.87111229389 2863.527537244699 2482 191598 1 -4.674262521123234 -1.788201588793079 8.334246225170528 0.9929618951507297 -5.873945793716493 0.7441330085065631 -4.033250132543674 0.3734954530423398 6.834952889086972 -0.6400469330873912 -9.266173908928783 213 580.2089540958405 2325 -1 1.73536804153771e-05
 -9.432888879776737 0.04545115816194756 -3441075989976909 0.2981642111997511 -148.5835596434569 0.07812968911405294 -47651906281.5603 20.40591638733523 2.759640523358728 1.087166280822691 5.586783924893919 2949.342331117094 3684 127752 1 -3.208103601203732 0.1125748855982892 -5.84415051714427 0.7273258096384581 0 -0.09865991867929579 -5.790869989394006 -0.4054588927338632 9.277827685203977 0.8524589608957123 5.369166793038357 216 396.8850350379944 2325 -1 -1.950963419533737e-05
 -10.40135593896758 0.270007936968001 -465.4597246931645 0.07591283225702565 1319182573976.382 0.2083556835266273 -85328.29455558749 65.56638951365738 15.14744900252249 1.084392431793435 39.30798826716949 2960.130042203615 492 175588 1 3.417280118856274 0.9882046990248874 5.382457001595381 -1.48115774059779 -0.7656204112006364 0.433370831710278 6.913574782665684 -0.4448984126822122 6.535496038419749 -1.497932091395851 0 219 539.7294769287109 2325 -1 1.675491465960159e-05
 -9.951479002182325 0.1606991629732489 -57022.64124238514 5251.671805939956 2362.117249916419 0.07701657940662314 -805914882426.1285 344.9464567100893 280.1642280252747 0.8527427216672262 74.94770236589234 3010.54401120722 397 127403 1 -4.038879256541418 -1.591285055714732 -6.829665163831279 0.3932278334380897 6.077722826285221 -1.83468039029963 6.862777893215764 -0.3740118419794207 6.356782293391834 0.2798573673945381 4.174488354632663 222 393.6729428768158 2325 -1 2.130952514193292e-06
 -10.11906844212416 0.2253800756729894 -600.6528737703087 5669.068914416979 4181.945549898153 0.2184757793557742 -14783.20534154755 55712.31941105391 5916403.118011763 0.4759591879297299 151.2157774106672 2906.437948321063 899 111709 1 4.592667890573514 -1.921216338010537 2.163498584715309 -1.05078608505481 -6.410533855058845 -1.644335382001763 9.630011715927942 -1.115619793978892 0 -1.704946630083953 0 225 341.9850888252258 2325 -1 -1.719605277620576e-05
 -10.06554711300897 0.06698182101773865 -7112708890345.991 2.496412861465584 0.02269762595625702 0.1751097824300014 -894295.7075203886 339.0018170293758 315.5960790861245 4.509779994957153 0.7630959534666845 3029.800073798816 244 174621 1 4.60951118439616 -0.8574315199621338 9.086297369540935 -1.738075746101282 7.97177688486312 -1.143689738667274 0 -0.5167020320786105 3.130156705370064 -0.7513833693672085 -1.00955337301608 228 527.6309390068054 2325 -1 1.832030646260567e-05
 -9.409214456917562 0.1410577839404184 -938606.8690745711 3178.477890774706 383.008660224571 0.5643952776238613 -39.83464005715536 16148.65337299108 630607.1605351799 5006.716760155213 50445.55028109576 2978.644049872647 693 191657 1 4.462278519179243 0.9488282602597464 -1.862060132101665 -0.9359355794742471 8.747055612756764 -1.376009205907558 -2.557530057478982 0.02819544638343972 -1.647343799559386 0.473718302000226 3.435270624049177 231 582.5585598945618 2325 -1 6.808176658962605e-06
 -10.10114294025084 0.1550316907863367 -18892.17566718487 761.502417479178 123.6582181885562 0.7010475648117991 -8.130157490478632 9228.677089927152 234758.8249796834 51504.6917674084 6913772.981381739 2974.473901012419 585 191663 1 -4.529292119687533 -0.2984136879280186 5.250669792411896 -1.937237926609581 -0.05212801254146182 -0.5301072557017461 0.6691014482762352 0.7246747377068967 2.302409433010297 -1.941603796103985 6.358263963325322 234 579.7452869415283 2325 -1 -3.243239978646197e-05
 -9.708686727314793 0.2730991310839224 -211.996580416752 60.73476569485864 0.5598444732868061 0.4199676174782825 -95.9632782405105 31106.37233495209 2391035.745425779 1066.257665719276 1603.789984679703 2991.385493105921 1240 191626 1 -3.570633920803232 -0.06963104317706748 -6.936712084774651 0.6474848750299418 3.707845269175134 0.06268671668672399 -3.808256991648741 -1.04594357149612 -7.596924202359213 -1.293255426597831 5.500134332840467 237 582.105978012085 2325 -1 -9.712334911935847e-06
 -9.97371008550264 0.2207725165533424 -4189.284087992371 435.8095794959841 22.57207620711962 0.1198790976254022 -203102070.5514912 91.19313106866854 19.84401364573879 0.09567372621977023 233429513128.0258 2992.980261490361 2420 191639 1 4.372039214487245 -1.877215017839926 -5.952627363242044 0.4833210368485403 0.7738997353559651 -1.856237709909614 2.38093607782198 0.07911205425214837 -0.5550973848409226 0.4681539977270631 -3.186408604652503 240 586.2435829639435 2325 -1 1.843867021450045e-05
 -9.300623555646808 0.03068148882797904 -9.772590291987349e+20 252.2289886054914 15.02504561252485 0.3781233502596948 -77.89673194919806 73720.64934535434 14187019.38070815 2.226790346905513 1.99822743601374 2954.556970671242 631 191334 2 -4.217638292955391 0.6057827828389096 -2.596921207260882 0.1546892583372807 -1.52610754118346 -0.8300425194626095 0 0.1117251620285415 0.4733398599702472 -1.539991999739545 -4.618085318148562 243 586.409912109375 2325 -1 -2.22337495156859e-05
 -9.4945876466859 0.1315332680878302 -270632.6361391318 4.104777350103066 0.08896810500381824 0.253387825609482 -1451.736942483539 297.4517945436594 203.4363231586774 2.926435655279558 1.143927550676304 3015.657158966073 761 191649 1 4.620877548359426 -1.122246134263291 -4.902314757153851 -0.8172315573936011 5.494560413219291 -1.973208675326089 2.42383448663302 -0.8359718796728179 -2.216062409870164 -1.075748222182455 -0 246 586.1914370059967 2325 -1 -1.9812394187459e-05
 -10.02965310508116 0.124073124791235 -917836.6843206818 933.2192617588353 93.10259730562132 0.1150747845774049 -69962521.38638291 99.22081925347263 26.74375024825028 1161.046235352065 1693.140597223187 2964.53403049219 866 191221 1 4.665236994257659 0.3043936740871467 -0.1307866776577313 0.9251533201250689 -9.154894732880537 -1.056627027697264 4.724152450363794 -1.631068888374999 -7.960680288113972 -1.028945387255547 -6.613345066199292 249 585.9207880496979 2325 -1 -8.443619839843044e-06
 -10.61244746263069 0.200584506627749 -14275.74098395808 1248.67656947367 113.1853201621846 0.3237000731408604 -954.991901951253 103.358573877755 25.78632450637931 0.3350457516078297 1339.622806795758 2906.948729869959 1145 127712 1 -3.81865093596703 -0.07198264787169251 -0.09731706689182218 -0.3059743442236451 -7.584979024706543 -0.00747084782738484 4.590367955598574 0.5443384142827788 -7.330712607990687 -0.7780225340543119 -1.203704398867171 252 393.3761758804321 2325 -1 1.339754456833317e-05
 -9.648693781765321 0.3002618441997021 -93.18053652521837 606.0162803049991 32.01959072707388 0.2174937851896067 -15165.83662491152 89.0322661936258 29.40323916984924 182.7957591725423 38.79795689450949 2965.628587628297 2902 191662 1 -4.383491399475841 -1.149465490410705 -1.343394109696086 -0.9587117854517384 -2.370440219657278 -1.485721451138261 0.9407365817850639 0.8072189708803963 -3.751845090506936 -1.125235648950816 2.86624809094818 255 585.3728790283203 2325 -1 -1.40457618637312e-05
 -9.378184466329978 0.08432420402446941 -7016212751.075298 0.6189150659551871 2.160464992524489 0.4102582577871535 -205.2813139573304 804.7038011288543 1844.023956590987 0.8307081762753704 80.5415229710479 2993.570023362684 3062 191625 1 -4.186141637093717 -1.603531707217495 -0.8769850195100943 -1.763360980822153 7.248969311748377 -0.4070753813845336 0.1397189832098666 0.2674605825964766 6.332835390822153 -1.970165600903504 9.710468849736586 258 586.0033559799194 2325 -1 6.552000636867819e-06
 -10.54645862246278 0.2445902648512717 -575.4885197462871 2.615350131257655 0.1417343231464889 0.1869747986125302 -148864.4095835497 99.87171415825505 30.52068376646511 1083.930997721907 4399.692025842235 3041.055088007191 1042 191660 1 4.485207569758124 -0.9931571630658542 5.849254787708427 -1.548351760479696 5.650378016501186 0.140903367532124 8.031859291667441 0.8801089657008068 -6.587256775457469 -0.006947006930699827 0.608451038277777 261 584.761344909668 2325 -1 -1.85528531516422e-06
 -10.39878126627699 0.300052062095458 -197.4279146049782 0.04063362927685289 9.998179381258006e+20 0.5365051847632467 -38.96512993968457 878.7429501995981 1695.432440580631 372.1044506963061 265.0761914989604 3065.516675353605 1195 126062 2 3.714709575180485 -0.9261879563313027 4.425544576043931 -0.3265569859569792 4.289112877321108 0.621506818519233 -3.205598616243498 -0.3814580771703824 2.092437006673322 0.1107573005518789 -9.599762946033538 264 394.518767118454 2325 -1 4.878128342722082e-06
 -9.85303898698 0.2822395377396171 -222.4479077561642 5.310319408868626 0.06189663237374722 0.2185034469184663 -9579.561262440913 116.6017793010592 43.55782094949162 296.2323403478932 277.3518613313055 2964.845617116582 771 191600 1 -4.595495797037779 -0.9901048554395331 8.801087789869809 -0.9563484498177228 -0 0.133344283973357 -6.932324084742138 0.4108802577481029 -9.068878281233385 -1.435413653682054 -9.122135959083273 267 593.5957589149475 2325 -1 -1.507635464647183e-05
 -9.909819239646019 0.298609115274564 -322.9573748776724 248.6691704335909 29.32267713270305 5883.043303224013 -25604.98824641805 1257.196226388597 3676.034193918033 1.115214110238012 35.20263210069241 2948.182941618889 374 191337 1 -4.388154731646832 -1.713290393466745 -4.861224278548402 -1.315104620300869 9.52458207261067 0.6260328813849325 1.277351348297028 -0.6931513964674707 4.565771208054067 -1.629547251063012 2.778446030943287 270 603.9267511367798 2325 -1 1.84769933722504e-05
 -0.0008280059283203672 21790.74098842296 247687.2505884783 3.662688089243717 0.05495196305940087 0.1231695610079138 -19837491.00928912 35751.35045429747 1986228.221867634 1.069860850480951 16.20278993148658 2970.634177916974 7297 191652 1 -4.508344013680853 -0.2582365519549867 -5.43969922807478 0.6189128169983089 -0.3361203598730187 0.8416559197320357 -0.6923759511706744 -1.764456506581908 5.677663303734167 0.1643531051205702 6.649987866163844 273 580.1830220222473 2325 -1 -9.542287249777351e-06
 -10.06687904702915 0.1241219339690627 -1313804.640129904 22.0969958940533 0.4137927614354808 17.70131843160776 -0.3818028346993596 367.1237058974426 311.8601401536926 0.2285877454170718 -37725.97121623957 2933.648413364779 285 190963 1 -4.690872811581159 -1.393007996850316 -5.561931679426309 0.87091329418084 5.984889715879192 -0.7427597080966075 8.203736947888924 -0.2012202808108796 0.8999673393083527 0.3993905823360215 6.095373893615829 276 588.1743900775909 2325 -1 -1.417987787412328e-05
 -10.03841523886677 0.2892383462925079 -239.3261988430382 48511.12386803669 360299.9555662796 0.3350577389045664 -705.8595196376176 66463.04865693499 11379260.77560974 0.04319364576776401 9.996568394754184e+20 2950.318517608139 1088 191565 2 -4.263923595694726 -1.766944013496991 -9.974722082142375 -0.7495093275418938 2.096296510673409 -1.074629674339757 -1.093829003740177 0.4194356110893711 7.269204731226838 -1.675167173066163 -4.971130500492556 279 587.5135941505432 2325 -1 4.415443665840097e-06
 -14.61055279131277 9.058628924950698 -0.142155746852904 41506.48871851825 195585.4601970405 0.1104288947279726 -1099026521.332986 40.26233981041426 6.199851979221963 219.361438289496 88.30980751776329 3015.412826683343 1667 127698 1 4.419092502314561 -0.8599915361824504 -9.077320168155769 -0.5937455159553746 -9.011155758212032 -1.280847251743393 2.45645041742969 0.4697464248573837 -4.328919724945964 -1.543457695306193 -4.441045508284842 282 382.1067490577698 2325 -1 1.984321376698601e-05
 -10.1413250127546 0.2836469486647115 -447.7016286640711 6837.724388833648 1030.585881283468 0.1561957168035145 -610284.0393877523 1664.670555475003 6448.167993687039 5.059963610456315 0.6225838923401718 2885.560213699611 744 127737 1 4.54149244440181 -0.4671477313984385 -5.957977300493742 0.5260088482627338 2.29563670631734 -1.868207852259262 -3.891369699288066 -0.5563700025074283 7.568203428833101 -0.9551977159953378 -0.6972342553106001 285 381.6422729492188 2325 -1 5.81182495975996e-06
 0.0461772547563556 39823.39349336623 839228.0345739254 2.907467185531135 0.1096781613838171 0.04569480526653803 -3.777385382269175e+18 14016.80272408626 414883.8795965352 0.8185787333552001 94.68426370480871 2853.624499157491 707 191660 1 -4.488827082349906 -0.8797504879992255 9.030717904164851 0.001288640557754134 -2.34289221933015 -0.3211220778777407 -9.628771203651604 0.7477938409958464 -2.093764952418174 -0.2186326932455352 1.808047055319028 288 576.0785160064697 2325 -1 -4.295079123704052e-06
 -9.64853601572794 0.1261838014668811 -2035428.658471681 1.760414241359441 0.5170186323787769 0.0654217013039932 -38398583717178.73 236.2333074312373 154.3428703785333 8829.356924584859 204390.2855136096 3083.917339835009 2827 191624 1 4.673450909269908 -1.097540331034187 -4.052172084938727 -0.5200460321785094 3.851512392582211 0.1701884384860008 -6.301698849443825 -1.721322672470455 9.434634040410554 -1.416392287523712 -1.714262865710213 291 668.1364669799805 2325 -1 -9.335520253799521e-07
 -9.662611013042964 0.2633665466098775 -522.9290882321657 4.089930419719043 0.1405295062440816 0.1663553469639108 -1208433.370206665 235.7940574369046 174.2614324171235 1.602609608219036 11.21725576418141 2885.481435916349 329 191618 1 -4.676053348451337 -1.726655933149532 3.612227650087816 -0.9818993134577951 9.876132747529693 0.1769265981582957 -0 -1.532729759142586 -9.264985971429647 -1.136454723604887 -5.208611313893003 294 693.183776140213 2325 -1 1.236505913794946e-05
 -9.309913187944476 0.05272151965431076 31972292051887.05 0.09206996523123862 665659083.4607381 0.2642748949733301 -1272.455815368817 680.0989184416193 1131.738254785046 18237.05478446882 340785.6512885685 2899.120660488229 1870 127718 1 -4.358323492722283 0.5016134610258507 8.217780298011199 -0.5082982521398431 7.503292689164446 -0.7365968471016364 -3.229623757324984 -1.843317357266962 -7.880202400139442 0.5082718501261541 -0.2281855200662926 297 479.6672048568726 2325 -1 -1.566380604003266e-05
 -10.22551311917375 0.2145350898963683 -501.7550099199606 78.42152777456256 1.460518006359372 0.5522274478766975 -9.998267667434106 3789.824717241016 28038.92309195729 143.5559984812616 23.06206394600571 2968.211607013448 358 191601 1 4.617649427567487 -0.1410839566882034 6.651737806283309 -0.457419906957604 4.07051666778468 -1.523904418922335 1.033632177827784 0.7521146885682994 5.722908042853101 0.7659911241454518 4.931430666499226 300 703.1057069301605 2325 -1 -3.688220647442946e-05
 -10.54880462910599 0.05525577957526252 -19455926848276.82 223.0375357986863 3.125628523158965 0.1854027353688362 -38209.44831811008 159.0862650379527 74.35088109697068 286.2534587236341 201.3595078293759 2864.934305824904 1143 191624 1 -4.055739478889172 0.9848909028027091 -2.196324607641977 0.1455427912016089 6.43986332491859 -1.635632129674992 3.835637861721214 -0.0801943274533166 7.66721190781411 -1.247587974269489 2.979212338334155 303 688.2286128997803 2325 -1 -1.361543865078866e-05
 -9.618738128601624 0.03745718371676229 9.940884911241479e+20 0.4686357633646464 10.73752342479089 0.06826619980269867 -32336633385300.72 54.70535709708022 10.09290226120521 1.208629173610805 21.53503537663343 2968.748676491596 301 174389 2 -4.569382168018277 -1.816679064994215 -6.927195822982372 -0.3559533379983116 -0 -0.9581549965012481 -0 -1.98423931808601 0 0.8003266874605357 -0 306 627.9711039066315 2325 -1 5.145983167142733e-06
 -10.43883795961084 0.1479017634832914 -268726.6085935228 444.5336913475603 47.95109294963503 1.861583453644763 -0.8649410812159686 5246.151855780098 53563.54736666592 0.1407274569675282 35851274.11364438 2905.79071291001 2824 191585 1 4.679581732410735 -0.3881426032697953 7.849349372657626 0.3744835753181968 5.24070151984523 -1.791588962679324 0 -0.5505229101899216 0 -0.288349457938951 6.180319904917546 309 623.6415200233459 2325 -1 1.076068082422606e-05
 -10.10273913835068 0.1270524476833885 -1379315.802221229 16721.92894740665 39744.4534754599 0.193333920815671 -36190.90973583209 112.3764272843082 32.40396664893662 182.6464083498156 34.42293379472628 3089.673500373937 2098 191494 1 -4.621677058297082 0.7966175391041186 -4.720525452013378 -1.457454476192178 -8.71683722757237 -0.5274401449827604 1.543808648148226 -1.079148516235858 7.310653068866227 -1.108668247914188 4.586910388595555 312 684.876473903656 2325 -1 -7.093823880531539e-06
 -9.581305654674688 0.09536780504499599 -141876870.3542987 1332.74974580022 262.7522399559364 0.1072101463279081 -254607927.0398103 9610.793112941585 233265.1856517208 0.06083490940386234 651560628156050.8 2869.187649676219 2139 191619 1 4.470013662011721 -0.8205887266953589 9.03453350960325 -0.4106336894986624 -6.972281051998493 0.3501359815439513 -4.995523143281732 -1.776905086527703 4.628580684942901 0.6701987985284238 0 315 685.4394671916962 2325 -1 -5.6485764840901e-06
 -10.64984458111469 0.3538736490895213 -37.59354883557064 0.3103175343540136 -332.1494731300979 0.3435499471197893 -816.6023351322783 683.334883330345 1098.210249888629 1.039293898783214 3.751131799363441 3021.464988725955 849 175600 1 4.342644567771096 0.7948890239897071 -0.678215813665517 0.7088629051215385 -6.942237025129369 -1.314251785125619 -5.187686023308123 -1.824414853820089 0.7556323556189977 0.1289432681601577 2.958268849213912 318 627.4129581451416 2325 -1 7.095676892852562e-06
 -10.2002916611394 0.2676048580954669 -79.28845747455813 0.05645335679877028 -144685201694512.2 0.1757747152875878 -184757.4644430798 1520.313902723037 5505.266622178444 9.523974660709296 1.995147171607571 2872.345343476641 659 127596 1 4.533947202762618 0.5542034803768976 3.684840948206443 -0.1628154062812222 -8.133269244265744 -1.391203273190197 -0 -0.5388705513235577 -6.802053420653265 0.6246318162603437 2.266091968358293 321 370.6836860179901 2325 -1 -3.643746970153509e-06
 -10.01434200503014 0.3110109882468953 -67.56985361268541 3.559640822979544 0.1479645103158049 0.05887123884055791 -7208991745165565 82.95235917088884 23.31572096529736 129.6139715805433 58.41801771395823 3110.143129430909 2238 191663 1 -4.299163160041035 0.4101719816523435 0 -0.4385112632042034 6.661604804965928 0.8441233589937851 4.369673998374715 -0.294697947215112 -5.702172347290482 -0.3447154192609583 2.922534181372787 324 553.8484499454498 2325 -1 1.089626033243042e-05
 -9.42453085624666 0.2620741630638821 -76.96347212156816 3.390818328077783 -0.04457185361679399 0.1466067727401069 -1256136.399832235 4470.272989709436 50559.46660349971 1.775773730306629 7.255273438212225 3224.387266203082 1295 191663 1 -4.554379370787558 0.5528206275109477 -6.706916357086293 -0.8945635742749882 -0 -0.06928097271988333 5.229082653018939 -1.331441568468238 8.383527928504193 -0.1625056548811595 9.474881581201148 327 561.7661099433899 2325 -1 -1.844495853778266e-05
 -10.55882593002128 0.24683465724379 -950.8602731601379 0.06031285635884712 147113715657062.5 0.04818929985407332 -3.699687693109402e+18 6152.532976639093 80046.84112174818 0.970009095434569 29.67051254474467 3097.314652846287 2166 127766 1 3.337701754187375 -0.0648006327949933 3.918668355835264 -0.5504207611072562 -2.773860001674304 -1.091425234511584 4.070667369822044 -1.722408589072311 4.869392403928499 -1.167605509989453 0 330 369.3879289627075 2325 -1 6.091838902725705e-06
 -10.16416840323284 0.2313923150464113 -1307.945402428775 0.1233354508448119 13806471.66795179 0.2496938284269807 -5457.505625950862 168.2503121115 76.15142833632069 12036.05684457351 121337.127075133 2881.242918090684 2653 191653 1 4.054118442910461 -0.8118592325259222 9.081613318485777 0.9322931238287134 3.339917347497824 0.960572302135839 5.991018412112449 -1.221221544902236 -1.867199648604437 -0.6531820932939638 3.86297269074907 333 561.361790895462 2325 -1 5.161510129349168e-07
 -11.1439064225328 0.1177971969689217 -12705401.5789281 40.63673586205178 0.2679096062196333 0.2811836585788632 -1736.95799906048 52319.39779136563 6205132.640208602 1.641892896876442 8.080884429609798 2868.726423282424 3402 127768 1 -4.45145203679471 -1.455453715117335 -4.934123346211059 0.132217611162794 6.460181263120001 -0.8364688321352096 6.496484743897716 -1.136990473141167 7.672358186903066 -1.383696704010704 8.137995102360049 336 371.3227331638336 2325 -1 6.43406805776876e-06
 -9.953793316577032 0.2489522157800945 -659.4694008761884 18.72035301017506 0.3683046307805511 2.830480584559719 -0.6313535157308291 60.35585330666327 13.58229177743617 0.7941459828478683 63.85672174949735 2895.006270270936 692 191597 1 -4.559390215901897 -0.7230128926851753 9.426151425476441 0.4630527501970131 -9.762976722047133 -1.402886461475273 4.74554608491567 -1.402372316050878 -3.117627739108607 0.0590528040143247 -0 339 553.8583509922028 2325 -1 -6.993666407002801e-06
 -10.04283842164674 0.1281454741311286 -3580329.383962339 670.6638471856911 30.11533249948579 0.1085039888027876 -867225482.4976058 3486.040007310141 25011.08682755701 61573.87695791957 8016970.83421299 3060.961996446723 1730 127776 1 2.078467717408637 -0.3086623004231371 -4.576568034108496 0.4373140068234326 -8.980865241064965 0.02745484193718223 -9.047641409138928 -1.499814471419874 -2.157238293149757 0.1662570922278989 4.739008626156945 342 371.339644908905 2325 -1 8.285706941832609e-06
 -10.07704578044476 0.3157120205214748 -113.8848731329559 13223.75321642138 3206.961012432643 0.2870689400406638 -3005.815651106119 1505.848470099698 4536.936303855539 0.1783472881503055 1091540.833452373 2970.744825293251 2154 191663 1 -3.449159198088805 -0.2011453020012723 -0.01766614896916918 -1.844326824855193 8.41439024507477 -1.307414350988109 4.020888638319389 0.1238291996560243 8.231485820105409 -0.07647889630166031 -4.167136897856731 345 560.6715428829193 2325 -1 1.016521379798842e-05
 -10.41426364112578 0.2848515702601013 -240.119853978103 448.1556104372959 17.6369727361717 0.5326872948633081 -57.20667403907141 30.11733817658954 4.060885564138505 146.8566082528855 23.16935123724894 2971.280143540256 625 191313 1 4.415710535879073 0.08499566141932392 -4.05671694907938 -0.1699237479881406 -3.301610817163744 -1.589113497830163 -8.666019466336422 0.9923749521786203 -6.837006511260046 -0.2248747661243531 1.760358824843669 348 558.1266579627991 2325 -1 5.043097348325888e-06
 -10.00154894832911 0.3071304674485941 -96.22255239753429 115.9529428196771 2.448233005078495 0.8959678903320889 -6.415163666792491 42442.00623013802 4314113.478944817 2.606015424338695 3.59386271119162 2841.224137948472 251 191575 1 4.684576616534395 -1.606341980139859 -7.412957771740471 0.2836173041526466 2.057704831290727 0.2855524691585432 6.278081914370956 0.177058467985006 4.133657262732529 -1.170444398335007 3.891322122439779 351 551.891294002533 2325 -1 1.663950573256525e-05
 -10.16538461696415 0.1020489760894306 -86699822.55551794 0.1153383515551891 13999315.59981381 0.3031476128001087 -1142.654012053424 11478.4892941953 345771.7594606814 0.2084128577916768 216052.9311761177 2879.85489212557 2650 127763 1 4.506995856998526 -0.7369692762513944 0.2068988383521573 0.001860772458857078 -4.15662461418312 -1.127234960106878 -2.106361546583066 0.6516919539685784 -3.765520880610101 -0.6326025049805848 6.521903143782953 354 376.3898000717163 2325 -1 1.477603514049166e-06
 4.685602692696366 106.0878474585484 10.60682306743242 483.8325759689716 15.59202314571155 0.2435437183282027 -5960.450908183498 830.4179162508278 1521.914864639909 0.8512477632887148 58.78848429699243 2931.159404651406 2732 191656 1 -4.237317558602567 -1.175608967429746 -5.534074654422549 0.08171213278264486 -7.467208250297697 0.8547092323606202 5.296378682917589 0.5684097838854458 -5.371332644580481 0.6995919375193225 4.401679895798811 357 554.2307629585266 2325 -1 -8.743243865873519e-06
 -9.97835081384436 0.2370773769850026 -2371.009992925718 10233.01067679575 61052.47133951948 2328.828473808064 -3246.713903569233 167.6427895462711 62.15753929666562 20275.8427268468 465816.2796080912 2881.244729976279 540 191548 1 -4.620019294344671 0.2198969524975691 -0 0.2078539494846944 6.093709768055354 -1.095450821848658 -0 -0.4534187256141565 -2.419241893602359 0.2425219365022859 -4.488965434220175 360 562.0285267829895 2325 -1 1.913138542278893e-05
 -9.572203369537533 0.2172668965992992 -1288.957678411877 30918.58945115008 144018.9162438238 0.8977048128184456 -5.124327928811288 73.3659665451532 20.40403657409239 1413.580719338927 4689.839938623396 2942.715951275845 1337 191635 1 4.611373311539738 -1.638201068375083 9.948072808938688 0.9149305018064471 8.339747734661943 -1.116087005445572 9.960468487559986 -0.05138071165711899 -0 0.8419417426676081 8.958379617376268 363 555.5605070590973 2325 -1 -4.408450412711479e-06
 -10.17318118397708 0.2179599589752706 -1107.268329077344 21323.52987584276 40543.5298075242 0.2602057345712276 -2454.860147928113 43608.99993542005 5277273.009386836 93.32413909287983 30.21577799291426 2924.976974387903 982 191604 1 4.599792657015382 0.4665367096159434 -1.857719638964962 -0.6227019149005812 -5.354610574637314 -1.223478256066854 7.642649173316594 -1.419885113695643 -1.05921330421476 -0.4008400715003537 -4.219953702949606 366 552.7065320014954 2325 -1 -1.378845144136749e-05
 -10.3595418701431 0.3413422871528887 -55.82708522622801 2.074439389728369 0.3452142800758554 0.7581124441625156 -9.393708759876677 4071.312472907307 39397.34906820655 0.1350342686917157 72390207.27779645 2933.143699302493 2151 191663 1 -4.344938700555524 -0.8964737988591001 5.505942030737744 -0.4056301978854471 -5.087211884483342 0.8037872810822111 -8.893307387899753 0.1744284961904623 -6.127806192879634 -0.1191986847298843 0.6001790506734577 369 557.6592919826508 2325 -1 -4.019011768109356e-07
 -10.87842412372893 0.140411314742466 -898347.6217729844 174.6051965642257 1.565734446911614 0.1742820050015688 -568057.1874635462 685.4382753343401 1193.231276892579 0.04397045728848399 9.999032471415022e+20 2946.077588900398 1093 127775 2 4.400336020601955 -0.8476261728408536 8.258310645855135 -0.3143015571910759 3.065353889585698 -1.219001749125542 -2.057367454552868 -1.182211842075398 -1.472389037177455 -1.99415884896133 5.808730568369749 372 375.5116720199585 2325 -1 8.808973195465197e-06
 -3.866178413480331 152.3260887374492 8.21637906030082 0.1664516069244876 62394.86970942498 0.2747206218312293 -1946.964678173463 8606.881422291417 198862.7133764319 4.702856503915588 2.260032759209201 2869.52074870289 4599 191662 1 -4.24111258059243 0.8490761648252172 4.830528695441352 0.7286609304673699 2.863078820626082 0.04897123680972012 -1.687061945434088 -0.6973439096572358 -6.131895903321115 0.681930375958522 5.513402007336 375 563.303985118866 2325 -1 -1.959373306678733e-05
 -956.8479779282524 66597.30891283552 -217918689.2067023 67439.89482045079 228366.6272932628 0.3414079096058283 -1040.062382954809 103.3464877307518 24.72748873391159 0.0471881714532898 1.122213653810512e+20 3334.330368601924 370 175616 2 -3.863899162958452 0.136194632563523 9.083942756405254 -1.185148456288772 -9.455006571855458 0.9729601916904551 -8.868370324077032 -0.4337973036403486 7.379198748126477 -0.2848833520443534 3.861512041332273 378 513.071653842926 2325 -1 1.119682315554679e-05
 -9.989508246380391 0.2355517894641903 -1956.14583551181 216.8334403861841 4.48748448684134 0.1743237165098838 -689326.9688149533 729.8814088484766 1220.50820018034 0.0692343138845587 263813156350181.6 2949.854527443727 1150 127617 1 -3.331828189013986 -0.4363061507412551 7.610992756706764 -0.5070498791938682 -4.210647678632847 0.7615431706314095 -7.254464406756508 0.2781201307185794 1.014870568622044 -0.9555356547717988 2.050481656541282 381 373.858687877655 2325 -1 1.448579709577563e-05
 -9.944111592326026 0.2270030052982171 -1123.146365053532 2604.382116894461 1127.348520349032 0.07998429628210349 -270458085954.7405 2548.024063880586 16057.35870401371 70.76487593115765 7.225730815694802 2854.998366273547 270 191584 1 3.262716762555757 -0.1887745661983039 -6.797124513287337 -1.650477788410985 -0 -1.957665324791829 7.151086110482719 -1.466940609855424 -6.045430763294587 -0.8220312276610855 5.8971727587439 384 545.9897239208221 2325 -1 1.923407500156544e-06
 -10.22463744814736 0.2387536159008521 -559.3595172720859 0.247451400053637 -593.1879165479376 0.0458209023715937 -7.023384129530267e+17 831.057130087432 1650.05207679658 1.619237069869651 6.841068978839955 2924.086854335026 588 190882 1 -4.082036507785132 -1.680330618395971 2.471680363880282 -0.05246472627808083 -1.647232239761879 -0.1386433867134125 7.977209798869699 -1.54338446888359 2.758766736238231 -1.553934745077518 -9.537588927745189 387 565.8410789966583 2325 -1 -1.278615499534268e-05
 -10.04591895339994 0.05703383856833129 -404567777521624.8 0.1511861682576373 1843451.988515188 0.7898027896187216 -8.853605323059684 18019.82755558209 660872.0690521137 0.1598458853311188 10829879.5774489 2830.201122674012 2844 191624 1 -4.168988155332373 0.4040949320982211 -9.732521311393233 0.4354136289034765 -7.142078004875399 -1.667840844453904 -0.8602519046035448 -0.3971424513351841 -6.542527878133133 0.939510264853459 -4.536794622231783 390 561.6652660369873 2325 -1 9.279941639083807e-06
 -10.05958827586685 0.3005695822357778 -97.85496194997116 197.1811150798774 1.153720231329156 0.140123297174579 -3362095.686842315 40699.15317469455 4655736.912454942 1.299722512914069 16.12809899218552 2954.359116301471 1606 191662 1 4.657652982338924 -1.375898926286464 5.229389509565017 -0.6233118535250988 6.817793997174411 -1.639685236421877 6.513825853626751 -1.892443961383723 -8.798789146750366 -0.8800035472781591 -1.91485032763744 393 558.3634059429169 2325 -1 -4.168383204636067e-06
 -13.48847008279773 13.19396149175765 -0.1442733067581576 21356.27063433147 65945.58827614588 0.07626751999975484 -7896623310402.591 49.23966147273489 10.18245497572819 1.268735401026371 16.96786044298461 3046.733899899697 1929 191591 1 -4.642370495952439 0.02634335707798388 9.798307845872456 -1.799395889517113 -8.371116346823115 -1.230673047338405 0.7071693553613714 -1.357354968199526 -9.842230515400997 0.968098447912249 -3.336112932572774 396 553.1708419322968 2325 -1 1.881823900457031e-05
 -8.738941823879435 1.779933819946171 0.0650796794772082 0.2841505084971562 -581.175455595575 0.2660390298583201 -9003.583113422847 97387.81870163015 23152170.45289907 236.800145972563 108.6494301767778 2945.019933527004 179 172089 1 4.668010992713621 -1.964913135057495 -9.777438582840791 -1.839769898161578 -2.268180491978676 -1.570649210711827 3.780849981987964 -1.530570844318831 4.954765402383761 -1.476366456326315 -8.594932450673285 399 513.4742319583893 2325 -1 1.119757209591152e-05
 -9.752514356868742 0.2997488620940895 -51.92642647854536 59760.55507969897 485623.0263073095 0.2363060971588705 -16653.06876554622 2855.975653082293 21158.6262795462 1.044719961313167 30.3041015130237 2849.726656766116 211 182981 1 -4.232249505840894 -1.139611539056328 9.665681427909638 -0.1926968861228726 1.548420601256333 -1.859372774570793 0 -1.231405615209158 -4.530075157207081 -1.220244677279792 -2.915788465535615 402 550.7543189525604 2325 -1 1.143116963070334e-05
 -9.961968931360108 0.2420763377246655 -1500.136104853733 530.8170800878745 25.06703850889629 0.06294349863969621 -951914578207449 51417.59632037069 6025198.144479723 342.6489253586039 290.180347639249 2990.707300916401 545 191642 1 3.24341473576119 -1.558917210721017 2.478167855484964 0.4964213592061024 -1.154155035160095 -1.894411244683497 -6.321646838479668 -1.974798885885082 -0 -1.009397826413046 5.517989217317349 405 548.4607539176941 2325 -1 1.240558526615867e-05
 -10.21365602949096 0.2925045038428518 -238.0422410449025 2673.183888024476 634.376002030951 0.1302845312684185 -28670591.37338578 110.5370752534429 33.34301701313381 1.881702834469079 9.492552429150349 2821.726112128828 1110 191559 1 -4.626865232255588 -1.77334069066992 4.104132642646428 0.5444440331354516 -9.151322783859579 0.4021880440719992 8.242602971423572 -1.534030485685716 9.842478892339342 -1.849001716199844 -8.445456156083873 408 552.1418070793152 2325 -1 8.464002226885242e-06
 -9.689358488638026 0.2295282249889838 -1377.766461240929 21953.61680353915 56447.47786728548 0.0420666300339828 -8.326930076306203e+19 550.3549962921176 846.4812011851063 1.842086552008189 6.893346950790292 3057.616795675567 308 191488 1 2.989815404493565 0.822709383278303 -2.353232719325206 0.8024758452645097 -9.546622778618246 -1.984354813082755 4.359168734394799 -0.9828665277879054 6.023484349341615 -0.3995008216741134 3.515647447000026 411 553.8347449302673 2325 -1 -3.362059967885503e-06
 -9.516058170469746 0.1861830930826086 -36572.30669201561 5019.657490773831 2133.076649739381 0.1541571073352435 -5331856.126190905 55893.44120058737 9227894.932023702 1.353655014852148 7.517330423945429 3086.386527893404 283 172784 1 3.561787991849107 -0.7788284340855043 -6.521600139661705 0.7289625423821335 -0.08436922666253555 0.2011760557188746 1.922515093213602 -1.477762384613767 -0.8177263445748393 -0.7069518579573675 -9.216929115510364 414 503.6574048995972 2325 -1 2.039703674943786e-05
 -9.798529811775825 0.3207395908932691 -83.69113901152743 7290.668933612405 8632.120406606455 1.509358170831755 -1.671646005977351 372.6330799460372 429.4273678576274 37.81539961646826 4.014054161125417 3111.392874644715 253 127471 1 4.34800947436229 0.2496677215482612 2.393592802349261 -0.6879058239512919 -8.489230681425569 0.6899874347699071 4.965389405677786 -1.308130658832287 -5.755042184265355 -1.743872449213793 0.4927110514138886 417 379.4153490066528 2325 -1 -4.61351229183355e-06
 -9.937407161308087 0.03467620016177862 -9.998232530605003e+20 315.7396653444599 9.852413428721924 0.3124375184436544 -635.0047598405955 75233.20972091549 14165181.87956938 0.1551203747962102 2183980.573436401 3040.947489412583 1076 191527 2 -3.356823879910336 0.4740053769186519 -4.292882399854689 0.2997968182868446 8.161666121182568 -0.2896248806990123 1.36006548565015 0.3985407660383866 -9.018825711195916 0.6530938216612071 -0.3784748345305009 420 556.4996390342712 2325 -1 -1.118558901295007e-05
 -10.28820255281298 0.3104828444988902 -32.14278690710405 709.4456602125823 -13.81242632627392 0.3747523821299532 -355.7053147492964 529.4267389425095 583.6578981570237 1.319561688865976 8.2891304454504 2920.271544438889 1202 191663 1 4.146154095379533 0.8473041092161093 -8.575819393597184 -0.7426482919745911 -6.897101502964978 -0.7103570918687351 -3.568929899261683 0.3727080648380916 2.533459321029175 0.7284947769655976 -7.472664884564342 423 556.031219959259 2325 -1 -3.018315807198579e-06
 -9.930965256828983 0.3374175962363939 -62.30193197715634 10347.22260181021 12451.25833624332 0.08161672840731249 -30717413288.41117 33961.47549359643 2966371.324818121 1.786304643876505 3.239176723931111 2840.28174569232 2170 127775 1 4.323442497974511 0.964154076974121 0.06586583828575243 -0.2523712795827287 0.7722895932801133 0.5289085900298875 -5.654162211535636 0.4318512271160229 7.697980691042934 -0.5143032995249337 -0.2417297843008228 426 379.5895290374756 2325 -1 -9.985592231890344e-06
 -10.37990097728207 0.1550273253252659 -170241.8665452878 1450.804603449961 200.519050602042 0.06736715990077802 -24554389601021.99 63730.9196381552 9996324.478283441 0.9938224877732685 10.62615415670214 3159.689033800785 3739 191660 1 3.673774399664001 -1.612163408586702 2.828397551886077 0.3483133093310435 6.701482044034323 0.9449075804285632 6.519030595260099 -1.741866235311631 1.04306976693389 -0.2840728007761495 0 429 559.816545009613 2325 -1 6.596156145980511e-07
 -9.736323273805485 0.1507193319796882 -128135.8472187346 231.2436433167566 8.388464562109975 0.05986926448555198 -256855033695622 63875.97218940978 8479001.965876402 299.1251081311759 -194.515845326925 3065.163485842108 1043 191656 1 -4.37445794893358 0.03507464835718813 -4.190729759931251 0.9907624149674099 4.987371337471272 0.67665076760801 4.696226353765341 -1.762261566883887 0.4274466483285861 -1.403147300408447 -2.24252426601412 432 552.6485130786896 2325 -1 -4.694614289099683e-06
 -10.04099761166589 0.1880901533926685 -28614.68529668495 5437.095784863858 3372.911638739498 0.4319838906227547 -203.0121121256277 1219.863620632895 4498.773367991967 1.905084257737674 9.651620831593817 3018.442745679006 1692 127717 1 3.574305407209749 -1.254841133906534 0.3123753386007593 -0.2013396134078969 -1.335672151643163 -1.857464264743477 -9.079022953940571 0.9904712810028751 -7.714867957516379 -1.43252736160928 -0.8814068084032005 435 380.2906839847565 2325 -1 7.709592117574319e-06
 -9.670951825326684 0.217788658963653 -5113.310534527206 0.3348991087956185 -175.378421061415 0.1592159459779582 -1412496.137741641 47.62017027043647 7.876960683501727 1.108512958276918 18.29646371239453 2908.757294604899 2210 191660 1 -4.213845715504942 -1.928132606035727 0.2034772993772549 -1.32405747699437 -9.33641864932401 -1.794228923776354 -5.963547491628481 -1.373036070475841 -6.763936120684194 0.6011642160646034 0 438 553.2197651863098 2325 -1 1.064839221237258e-05
 -10.34037147367001 0.278977207750537 -353.8510837481535 1565.669908029764 374.0476031186224 0.06467395260693666 -29471765186800.05 58.08568683096637 11.48309794731914 27.37862040136295 3.720972667426258 3020.389109095725 1741 191638 1 -4.242759102335157 0.7420365145757417 0 -1.68708626689773 3.299932456706457 0.2780480393132829 -1.849595829090164 -1.502032688870997 -6.787583186639103 -0.8054437091955915 1.918299542547215 441 559.7467792034149 2325 -1 -5.239543302064532e-06
 -9.647445503846917 0.4231100165262724 -14.65394080299962 763.1803873152236 31.13395798897486 0.09952482167713683 -1615052566.787891 152.7092021134024 55.53961907674849 0.3850072088190715 625.8152419173782 2697.044623328567 707 191542 1 -2.329574551280926 -0.4028067131338418 9.827208430509394 -1.488193640760857 2.259578822210434 -0.08938680324373928 -4.986273090028724 -1.804548661552484 2.731890601855028 0.170091577811819 -5.087491148906278 444 548.814649105072 2325 -1 3.472305391041572e-06
 -9.501191189055094 0.3526978619492079 -23.18817762662638 4798.421760354147 3427.545739290937 0.1328119874969562 -8003586.801366381 33507.52725230311 3046277.121358825 134.455815258133 31.96693110471332 2998.357063515808 2183 191664 1 3.508637881850077 0.9907623756987856 -9.60424105946014 0.07631026701950279 7.503424911039129 -1.613091210441787 -4.038712084028441 -1.242772992871206 -3.529665468885882 -1.248905614576874 5.935711627697555 447 555.5583090782166 2325 -1 -4.345415477454219e-06
 -9.927573811150792 0.08303993201244292 -7163847259.177222 422.2770524516741 29.75784605048022 0.2465117215291342 -6670.60756744245 61811.77630314118 10213576.13642623 170.9263431699589 50.15657131666603 2988.136862356735 5350 191657 1 4.512740729275925 0.3950387238480952 4.059290282872723 -0.1939945999958095 -0.1354261659813378 0.8765694824009787 4.052882877885525 -1.825967266586281 -8.108762028447643 -0.5740598763403462 -6.0519074394145 450 562.389702796936 2325 -1 -1.171339074467033e-06
 -9.869724940954496 0.05780794559522907 -4524429297656.583 4382.670340923059 2029.084686305408 0.1537295481937838 -702976.4999822284 2169.318592986925 11614.94693929536 0.05407676478676483 4847874955812332 3048.832336685432 1322 127769 1 -3.745030358121335 -1.500937248534266 8.24950783845121 -0.6670418090471754 -8.157957690074506 -0.4791350925084235 9.391041319536106 0.1499630506656792 -0.4520385346002298 0.5023416128549743 -2.667832121314805 453 371.0263090133667 2325 -1 -8.952534836437953e-06
 -10.35527649699154 0.2738611998670605 -376.621246394691 0.1266344503952154 -6475070.111422661 0.2503509032779774 -5646.644908039794 10428.10806310381 228532.631557904 0.04062804350365801 9.983247473766234e+20 3005.323473193717 2288 191663 2 4.645949795842875 -1.490380350379825 -2.176137631250219 -1.252415178272662 7.144627723451256 0.5788467430768907 0 0.8052850838238998 -8.534245738416661 -1.748622448291711 -5.215327830876428 456 550.7621629238129 2325 -1 -1.970302505691147e-06
 -9.626140492654459 0.04236378813837888 7.065238857877756e+17 5937.455753924422 1278.258175707642 0.3222642691513203 -661.4181471527472 4113.13312962921 42246.5874771642 1.663014621535553 6.990446291927529 2725.711638200367 389 191662 1 -4.613445492033934 -1.737073839711663 6.29034166564176 -0.1280797469091617 -9.0743586342047 0.65253293891312 -5.21788250603883 -1.25884985035797 -2.236402575723795 0.1735673541533655 -2.662339949499924 459 551.4958479404449 2325 -1 -5.471298570361165e-08
 -9.85175448495767 0.2059734650248082 -1845.57262493277 477.7792068288572 21.16401471792283 0.1705996890756418 -84787.05364175024 26696.80515896706 1612141.508985628 0.03600776026708909 -9.998347496193733e+20 3226.735439368473 1308 191540 2 4.347177151591199 -1.057264260659642 -0 0.4093270964807835 8.870360570235039 -0.9559085855510121 9.176405943239342 0.7127224140894883 6.879012106542221 0.4611424606543184 -3.420539524713814 462 551.7584760189056 2325 -1 -2.073339329894733e-05
 -9.959039123632325 0.2963756959479875 -243.5701483319192 139.3986304385885 1.045358730036073 0.1519291544808488 -4102508.919875007 81.73780462354225 20.78662870917035 11.9079568356049 2.095911819882676 2844.73063247214 275 127654 1 -4.237656808723968 -0.7517406369125119 9.693220565345515 0.7977011577174427 -1.699249055389742 0.9818686037193132 -0 -1.277453551556741 2.191167318384961 0.235308782475609 0.0834263867907783 465 371.8545708656311 2325 -1 2.031929812836146e-05
 -10.90866042031804 0.3554926703396741 -36.9035138464078 90.16646397634717 0.5076771397229667 0.2488794918042679 -5591.217851705364 95.63715172007267 22.7584804937319 94484.96463612451 20752740.61865124 2820.699595417782 649 191644 1 -2.928529577455093 0.3234725717867594 -5.992167718342171 -1.777373985861385 -6.953536647491942 -1.647780644169514 -3.699835472119839 -0.7265733820585396 8.845661307226001 -0.6120407156079449 -3.37166719032538 468 564.8001232147217 2325 -1 -5.007305378183096e-06
 -9.950278522304833 0.1314841426847859 -2406919.873635603 0.0725095333194152 1198905127320.862 0.7062632607705688 -11.06279928132066 44.74969794332658 6.347531619753907 196.8871236833758 22.92803959686315 2918.962210993616 4601 191659 1 -4.36194078342985 0.859728986030924 -0.877706014764962 -0.0005639554098513374 9.123544380386086 0.6683927005601378 -4.303933674938715 -0.4227959448649985 2.647491580848217 -1.303977258058992 -1.214834255875164 471 553.9876959323883 2325 -1 6.573688295759577e-06
 1.876731719213405 231.0710033275508 34.78466325836781 0.06422209925072925 -3395230805641.629 0.2193758440337391 -9328.93700101291 62.50653230674672 14.3079793267905 1.289169767926883 13.08988830311672 3107.228774428727 3540 191664 1 -4.682242047087334 -0.7085129221533402 -8.95982658638049 -0.957384366463586 5.88511452292718 -1.699722180397066 -7.929482986193982 0.8913850028245829 -5.441921196792384 -0.5047033648588838 9.11069918809809 474 558.0143830776215 2325 -1 -1.274418696996788e-05
 -10.2211920379561 0.3240529681844383 -110.7669218406063 0.3884023188898206 -28.54282275737248 0.326820302162244 -420.5623486436473 29824.69118254794 2019267.163743946 1108.515074371542 1926.383876771829 2822.728936862124 753 191663 1 4.681794326066606 0.6941887187389755 7.010110575547222 -0.5432361050653878 0.2146102772831666 -1.200898934263908 -8.14648938209119 -0.9558315359046281 -0.9767790111292189 0.9397507413818156 -9.024852918073641 477 560.3238251209259 2325 -1 -2.041871633815733e-06
 -9.891686996188238 0.15900851927693 -17744.88837718905 4343.321102393666 3166.723382388012 0.1676840458622748 -273161.1077022905 156.2256786725776 69.20535701706092 7.571005691006384 0.2899322379491477 3078.001192704895 3154 207635 1 4.317625133257529 0.9746254100580276 5.462210041983362 0.5118805837187543 2.440598855342881 -0.8288249733421544 0 -1.908523581950871 1.372373342144101 -0.5611157658712917 -4.844620569639313 480 602.6728188991547 2325 -1 -8.756574137800941e-06
 -9.824049596948861 0.2373746855649731 -590.0332864727634 0.8224259470065128 1.691619325341342 0.05052631020345079 -1.925814493804818e+17 136.465490824433 50.32189275465924 543.8316920157437 630.8479968611912 2955.757534827324 2947 191660 1 4.344306617100539 -1.679233934631884 -0.3066511776730625 0.2350411084066408 4.801878998829123 -0.1644241975105647 9.180980731454586 -0.4785779342787313 5.372184802902598 -0.5287134593607474 2.792649526027299 483 548.243143081665 2325 -1 8.692219505816119e-07
 -10.32344023666278 0.1490929289027732 -321327.3121690111 182.2579975060948 1.360281039938527 0.05123576378808065 -9.612480667599646e+16 8044.271079642419 130091.8512162689 0.2861781976508446 9870.445326231506 3086.383721479498 2264 191639 1 -4.615032464222211 -1.515099953861228 -8.169372047379589 0.8390690629352759 2.235162542187236 0.5128121041726108 6.447146098761056 0.6604837064427151 -8.341657442860809 -1.912758929955638 -5.588565086314119 486 556.9760420322418 2325 -1 -1.317557463158313e-06
 -6.562772379048369 11.48683491180071 0.1003667020300992 9400.336036114883 30798.0681036862 1.757229986147213 -1.046695188416178 20.50435070331374 2.569730791520496 8132.693298246137 155531.5076838043 2890.617931806973 1100 191545 1 3.738057115370911 -0.3404767566076252 -0 -1.089058921634383 3.750320666326426 -1.008702502248583 -6.126623097717633 -1.088459151915309 1.079699412206509 0.6891135832323475 0.1055916388700533 489 555.2973139286041 2325 -1 -1.06286267529003e-06
 -10.37425297955271 0.1780670287478807 -17022.79832572376 4.567647249438086 0.05983086967526216 0.1270335328886491 -9693016.780042661 352.0645431503468 270.677432654448 58781.07684155449 5244809.525542387 3039.25102144288 817 127692 1 4.671459137596748 -0.5295921104315315 -5.709259006387256 -0.5052050727982174 -3.352920417098602 -0.3691140169800704 2.163532858179666 -1.759305579675862 0.6288976452214223 0.5514664450330136 4.877904122450548 492 371.9283921718597 2325 -1 -8.565432089040551e-06
 -9.927771605181164 0.2944139169861699 -155.0254392933259 107.8476681424776 1.200104924376026 0.05274333702360021 -2.279404583629191e+17 217.1375214613453 134.8529680841427 0.1192836679596629 815268638.2077416 2912.699435261439 913 191633 1 -3.331637968571757 0.2357970611808482 -5.288804618836124 0.2862518273425571 1.464909591073319 -0.704465071356001 -0.5323432502431196 0.9511717976110781 0 0.04031740822726432 -7.351857658612046 495 554.8068630695343 2325 -1 9.832080610907984e-06
 -10.47736213653699 0.3112780395655086 -109.1346794849223 826.4207939829436 44.04796734806698 0.09283079992783848 -11315872594.41223 7.619886983102395 1.601065468347666 173.3177207236856 44.52407486132236 2998.608965294097 2921 127775 1 -3.91955139726994 0.3265618053689816 6.212161878524066 0.7433473684032239 4.552970890556353 0.7199521124244316 7.746355908057026 -0.3093356450515152 -0.659249485277237 -0.8511296802729165 -8.224444308746792 498 375.488322019577 2325 -1 5.500224507240439e-06
 -10.12665852505536 0.04769617250124191 -995229833509829 2.827404639446557 0.1264720050699603 0.5483484514833394 -38.99717041084708 26104.05426763864 1877166.509231933 2.990914055096217 3.678160543701972 2985.431924711761 3215 191660 1 4.337439560633574 0.588200063809551 4.067307470101288 0.3179674926129747 -4.71912680219536 0.7362527848521392 7.63742998441707 0.09974233052698084 2.150543615034339 -1.948120493707533 5.185085598128381 501 555.9866819381714 2325 -1 -1.652252308186834e-05
 -10.65690276121503 0.2497091448018376 -744.6335910109129 1.829008678278425 0.05304377516136288 0.4912895057894691 -53.53869317721627 94.77837869842031 26.40889710219192 589.5950157752191 -297.8786483580702 2870.890179058054 978 191662 1 -4.380243013420791 -1.092352916868633 -6.613764979535101 0.2689589645452912 0 0.5262867541123879 -7.23918660443722 0.9335102622521019 -5.495971924230989 -1.098139746817695 3.431421022373359 504 557.9981470108032 2325 -1 -6.694421705722397e-06
 -10.77376221123566 0.07226581600750795 -343226336743.1764 1324.676425112792 104.1521155387592 0.09903919614590584 -5124107742.91125 468.7789900792517 597.5817807484993 1.376442878404833 13.2825954387442 3023.181064861476 4668 191635 1 4.569142604839955 -1.669537095612972 0.1961987561507224 -0.1755596844014136 1.957824586559693 -0.9643116270314396 -9.608278153329335 -1.907975202195394 0.3959940807798414 -0.578096726122018 9.797364026757968 507 558.2865810394287 2325 -1 7.183823146491656e-06
 -7.757179036462712 6.728476414551523 0.05123454694887133 500.3370481967161 11.1519276563361 0.2878818437890416 -1467.628685542345 155.3268605096873 71.17345064238826 1.932929866290306 6.128157735263005 2990.560197302589 1695 191570 1 -4.493756502861804 -1.416624130097572 8.670952938603161 0.204153292697482 9.565234618883933 -1.904935311516619 9.03665984853178 -1.909199714001837 0 -1.310568460340832 -9.027669369985613 510 562.4847948551178 2325 -1 -1.516200889989806e-05
 3.436867512222461 237.5612980734338 42.5125581139657 549.0355117895292 23.89610243106848 0.3948188283047732 -232.1572968093317 155.6941749591092 69.66393433815217 10421.48245294573 349335.6916384663 2939.486325426671 2591 127713 1 4.653708695466142 -0.9292207597860909 -8.037213187648554 0.6653073271370422 7.422679401033644 -1.515600175824181 -5.665523193869342 -0.5967014619276361 1.159992488725938 -1.242718581564348 -8.275242975919504 513 377.4360659122467 2325 -1 1.552588403518612e-05
 -10.03781427233454 0.1663464912457965 -15200.48498061607 1926.14456643028 464.0486116166913 0.05081972089703422 -6.621152099581928e+17 56882.84841864959 8424270.550330667 253.458820796582 130.1824304106323 2862.463358039037 243 183411 1 -4.384307471227023 -1.622119925959338 5.619719467482083 -0.05656973113427282 -6.393788399424921 -0.1560312751629196 -4.260313712357775 0.5131577816935007 -3.737225375323129 -1.546246702483719 0 516 559.0476009845734 2325 -1 8.460788099963074e-06
 -0.06892987868850806 1547.041920247759 1269.582965620662 71.98675477416216 0.809686852078196 0.7107959532436233 -14.03669990992587 81.37117693779237 18.62934562425632 1.548219144844171 16.64269368859956 2986.198338526472 1908 207631 1 -4.234046383368654 -1.642449596809286 1.360439386358989 -0.6212723831791847 -7.957977644642702 -1.104547725202634 -1.969570079596085 0.7426563581348771 -7.167689659931497 0.05546997927517783 9.525564266513515 519 605.0441291332245 2325 -1 -2.140515961804866e-06
 -9.575064010239858 0.3027895894380697 -109.8935863692366 0.04181744219228479 -7.351784631881478e+20 0.06495318552493413 -345710861896260.4 5655.695238024996 86188.78623888291 40388.69964445913 3567823.759408179 3021.717016356001 227 174523 2 4.207989984492409 -0.0001443144338493312 5.910399142744969 0.810098134750298 3.701677856519733 -1.971257060867511 -0.03135926718922821 -0.4026513811284751 7.126878148593462 -0.6229840192452221 -7.861303594696032 522 507.920590877533 2325 -1 1.088525845684641e-05
 -10.60425606498272 0.3013183898420613 -265.099907514181 14789.16573415972 31899.0887530293 0.280965463540586 -2555.757629878088 6.608875843075509 1.206896979298514 3279.726121807942 5753.009989964619 2803.959308089892 480 191603 1 -4.167439218618482 -1.100920184507886 3.267475845065555 0.08409100878561254 -2.555764466132664 -0.8265610028032579 2.234910326463358 -0.8970932787781365 -4.1120622074583 -1.883145833484591 -0.6145534405061603 525 558.464998960495 2325 -1 1.071826451339538e-05
 -9.974698181730661 0.2734744614592036 -161.5951209187575 192.403466776391 4.182470021237912 0.1056417582363988 -147411787.1771682 424.1056695578861 439.8772868311127 1636.358100213305 3981.296129479432 2890.710860189291 1411 191660 1 4.169548655351408 -0.7265987228863624 -5.38160430102703 -1.561123180519187 3.448992607519643 0.5591995082413406 1.388419663647741 -1.087152067562201 0 -1.354584263002079 7.670619997884573 528 559.8040800094604 2325 -1 -1.017776978933026e-05
 -9.949084739020883 0.2920748990733753 -91.43049882111841 5141.821277595488 2845.221039040073 0.3497034337049079 -530.6256780716611 70.66244623546896 16.31288912598512 1506.055622419057 4141.683924651265 3083.430517628952 2629 191654 1 3.586275835266853 0.2949343198064529 -2.310151641319231 -1.175585586010183 9.675272935773922 -1.103112296644442 -4.743189402232718 -1.829118337235115 -9.591731296405317 -0.8574175743000971 5.430555789108352 531 561.896516084671 2325 -1 -7.478772127357157e-07
 -9.289460093666676 0.1184539840293655 -1203192.761600498 56165.45827375103 496390.8240665568 0.2798959278369736 -1756.589330583316 20253.57782428437 915568.19550322 0.2263511505816698 84199.12781087558 2966.404713577798 1695 191655 1 -4.32966053662336 0.4639612310090885 4.942762505996552 -1.162520200141397 -8.890888532587729 -0.6520954629828024 -9.867046803625474 0.2355463636181127 5.702870627947738 -1.899648300858765 1.464387448966436 534 558.8692200183868 2325 -1 -1.567588229077926e-05
 -10.02739503177306 0.2365013263452512 -1324.595502248424 1755.087009762524 198.0254123167142 0.2586263491835114 -6660.013871832169 139.9334534124474 46.54525291808697 51886.75219134354 4635785.251131618 3112.831155460945 2640 191647 1 -3.289872394496644 -0.4871853523689937 -2.951673580767399 -0.6258780522611911 9.528853612996304 0.65443144156119 7.039391869863652 0.5674098764811921 -4.098771491692691 0.07433628481371808 -3.983130399186356 537 838.7820470333099 2325 -1 7.625687293420745e-06
 -9.926191461858206 0.2957816977661106 -61.32687321714604 37593.06221406721 114506.3994240758 0.2048854226089272 -54949.68174366222 68.6437140676136 13.49285357214992 92988.09755318181 -8397107.582990248 2891.612261019578 295 175404 2 -4.578792179749327 -0.0002924967907507043 2.933914822014219 -1.292800376764534 -6.291152957728649 -0.4281967321385247 6.60550196741265 -1.06259247769712 -3.903359603160992 -1.599662419650208 3.901955119344196 540 1316.478691101074 2325 -1 -1.535491988667112e-07
 -10.18299525732281 0.1584309615258118 -368633.8957578666 272.6011140270342 8.242479131919987 0.167522100230147 -1333259.260464087 10491.88130510281 225020.1294325901 242.8537362650005 195.9702159819727 3125.882706190167 2487 191659 1 3.59417903585234 -0.625444034483257 -4.119275876594988 -0.1415311476232795 6.41654226822889 -0.5728083528772991 0.7089064611405282 0.2364726200249948 3.325607716783344 -1.995165026309167 4.607377036521361 543 1302.670081138611 2325 -1 1.372353954533488e-05
 -9.517697607993092 0.07870992632844342 -472542308897.4669 58.76282672943073 0.4879729239334922 0.05328567376603165 -2.304740499148362e+18 617.3432807201081 1117.050341664529 247.1134383048971 64.20147378304993 2988.852456626226 3882 191655 1 4.09638125606359 -0.3889766357137496 -7.224250480630444 0.8974091110623732 2.088873082375724 -0.7649119966682303 6.607889537229592 0.8558318344970193 -0.1247220219991592 -1.533808017944931 5.035500444983116 546 1286.921577215195 2325 -1 2.360897056911836e-05
 -13.94445598004821 11.03914733743309 -0.1344102034664461 3.008949265528026 0.1002438100551644 0.2679299254381818 -1980.073063369322 6832.946461929409 104660.7574302251 0.1246369447039095 92809096.68002364 2991.006882391178 2197 191629 1 -4.190245739288377 -0.4302496553582387 5.395168936584811 -1.781226994492204 8.980749197773209 0.9356717643666714 -3.965473364624749 0.6855575872196358 1.448827960883095 -0.6507560538315706 -2.698243794784908 549 1293.709564208984 2325 -1 -7.592060150712141e-06
 -0.5500592721600917 12.0477961857939 0.3229283660420806 23756.3026093582 11763.42273473177 0.2242385279331789 -22072.67767599827 525.4934004915077 674.0508413828321 1.342712004131442 12.0627966471637 2955.324805192929 5618 207630 1 -3.665477357844779 0.7189882925099456 -1.263458521449254 -1.778324571524191 8.68199093343185 -0.04275232576716005 -5.881844018327429 0.1992937627179989 9.52813535087842 -0.5866450959825746 -1.505638336734362 552 1397.382779836655 2325 -1 9.5199598783292e-07
 -11.13519944566363 0.3057518060526636 -135.0653023418448 1492.977769528082 244.2688520108534 0.3269016162719993 -464.7242751369759 22559.34912182213 1086061.299462765 729.5575570229665 1101.440719130975 2969.533434359193 1015 191661 1 4.146251035982194 -1.423834927443285 5.46892286340977 -0.3914052437242992 -0.7138341841065747 -0.9956585668109419 0 -0.5948741683234262 -6.554895610452268 -1.724599349935652 1.108331968520171 555 1223.2313580513 2325 -1 -1.493076287848005e-05
 -10.06120462603365 0.07986585825486456 -5136333728.771536 5.63809285900122 0.09417539237226047 0.05740291021213775 -685685089293870 82.6797401909123 23.52191666085365 724.3366553293828 1296.127474123777 2959.098956762289 2846 127774 1 4.659172644520842 -0.06369740617926303 2.140852811878242 -0.06848540848694017 -9.396549765274056 -1.937077284852078 8.686900893987969 -1.730997996008401 -5.699447162023342 -1.071925472401579 -9.839432468393813 558 668.9412980079651 2325 -1 -7.581096653901361e-06
 -10.1199560744899 0.0713628626781135 -9277846753.571552 322.5073739925482 15.88190498022384 0.07450650878669803 -89176942165.43311 1501.805800334726 4647.869148552856 99607.67236654898 4037471.758062132 2825.117487837195 812 191473 2 4.457770287599297 -0.1982209484063864 -7.387103711537744 0.6173247586791719 -3.490048785071258 -0.2189482703832937 5.448496795805835 -1.994674549576693 7.171012559448393 0.6316704916720046 -1.242855988251617 561 991.7772791385651 2325 -1 -2.005513307426184e-05


# name: injParameters
# type: matrix
# rows: 1
# columns: 11
 2.01 0.03999999999999999 2 1 1 0 0 0 0 0 0


