# Created by Octave 3.8.2, Sun May 24 06:15:32 2015 PDT <charlie@yukawa>
# name: outString
# type: sq_string
# elements: 1
# length: 114
Slope	Lambda	Gravity	Lambda	MagneticField	Lambda	MagneticField^2	Lambda	AttractorTemp	Lambda	AttractorTempGradient
# name: op
# type: matrix
# rows: 188
# columns: 31
 -3.607787122847404 2.22585948319716 -0.09056913418299024 74395.74302063587 1496769.962099692 2.255021909477135 -0.4120423075196905 21062.47852669436 1060155.193811024 21.46302812826544 1.316489197950093 2978.455479976279 902 127749 1 4.481004413862305 0.7761290563791121 -8.465008053175504 0.9212101260055596 -6.247242962745553 -0.5548248267044276 -9.201729465949155 -1.525426165578275 -8.715936307230292 -0.3556650655915696 -3.767048522309737 2 576.7000350952148 2325 1 -1.549036924435739e-05
 -8.654908012630511 6.443484291939927 -0.1470026004801672 0.03693966163258566 9.988825816551047e+20 0.2104471344215883 -11438.67829936335 19.7415131147459 2.352490160391823 943.0524094750538 2709.230457416068 2825.508326991297 2243 127753 2 -4.534528960612794 0.6104974238641239 -1.732071900438835 -1.692284009322711 -6.865499851369097 -0.4539918492441579 -8.209655594692775 -0.3643634015344786 9.081510831697939 -0.4173057638663523 -5.817456522055327 5 479.877161026001 2325 1 -1.212098950286661e-05
 -7.69903912550396 4.993657182486264 -0.1443480151831654 25.34219115125967 0.1248484952467083 0.1385254011886375 -3164028.792795857 403.8352612312414 368.2578743001137 1442.904435690387 6872.560474922152 2965.800299410104 4820 127757 1 -4.425401989079569 -0.2836089908254147 4.516085622439953 -0.5021472531051057 7.411265962489642 -0.7625992193807507 -8.189627122934136 -1.449211574730306 -2.405206992418682 0.6504678072210739 -0.6463863123585289 8 470.384467124939 2325 1 2.873835699843271e-07
 -3.36088095398736 0.3167099655690535 -62.30969170098727 18369.11279819022 21781.09002975291 0.06993785926553717 -2740863970526.805 255.8587728954831 180.704145482546 9996.569165901172 264034.0406649054 2883.388634511921 1306 191662 1 3.436169714620653 -0.4104481984379778 -2.46527314580716 -0.9660585576960123 -7.489556114094677 -0.4492901684927055 -1.948961443439134 -0.6925874128851711 -7.914680356719266 0.3688927222065632 -2.28480226953083 11 695.8171570301056 2325 1 -4.552006773790465e-06
 -4.226487308766688 3.212897531353846 -0.04246833909247256 3.092362903454378 0.08782137827974126 0.144198521211237 -4022776.546855263 469.9213629996767 541.541153504648 14340.32509497448 573996.0373728162 3045.41058051424 3617 127772 1 4.340628062969443 -0.6752860687081519 -7.535365388521479 -1.530557670383703 6.942291461359151 -1.613277761164149 3.786080948293599 0.03730319454277967 0.3977152628256571 -0.8161550604221457 1.558111295324155 14 466.6735699176788 2325 1 7.363577295082629e-07
 -3.07598457155387 0.05599769235579128 -6102652116312814 0.8691468776379493 1.807728153209025 0.3258573439390039 -1872.727131343222 162.9554191344868 71.34366618284898 7087.823085340656 94109.27701637971 2824.533316639457 3371 127775 1 -4.384326289653026 -0.5095144863887304 7.455499529352133 -1.578692360585922 4.517881734424837 0.8504769061872604 -5.149868141816827 -0.5289047966634852 9.985518337748092 -0.5268986645505453 8.279942562948859 17 473.3032720088959 2325 1 2.472492326917295e-05
 -3.819546281773604 0.9104277939900838 -0.4088818138763651 0.4224322952921295 20.69262667810569 0.7844227372124224 -4.268967186417783 4785.529138425229 37607.43874694884 1.224800468920142 2.755669527219685 2937.748981311358 472 126195 1 -4.654719815053572 0.3427483995094378 -0 -0.9509746611286074 -0.2579276071922179 -0.9041467633255351 -6.472558505458418 -0.4690676990203597 0.1716075828284023 0.1560261157263105 -0 20 373.2903938293457 2325 1 -2.57884625160258e-05
 -3.204808010263823 0.2923657728641812 -98.90984696632603 65415.23621380745 1080771.857209449 1.2268657428867 -1.782684656031086 217.8538179797874 139.8713260755803 1.09768722254317 28.67090745873773 3007.515712909105 344 189957 1 -4.130306085104216 -0.4081466533351357 5.792581905701166 -0.1544907491590131 -7.335700461198826 -0.4923951910238875 7.711875933710122 -1.987269289861868 -5.784375178982724 -1.284911912175162 -1.76319113968904 23 559.6262679100037 2325 1 -4.559300963577729e-06
 -3.202802553365084 0.3324326023724153 -85.75926584613821 3.192861986276656 0.1201199578551626 0.187333077645809 -167326.4857539319 67.50203318943656 14.95893986168678 159.4000135203084 41.80987409844124 2992.784886366298 900 127751 1 -4.626411913120116 -1.472282010597616 1.440056600765162 -1.9988489979119 -0 0.06983051906934533 6.083079402268829 -1.861302731866902 3.913227931917392 -1.768073497161932 -5.479963129999388 26 369.5668799877167 2325 1 3.862968159738239e-06
 -8.854286471459478 7.722513034653451 -0.1810175884978381 1062.889674537857 88.08620847854954 0.3409702835489415 -793.927901704915 417.6327757236385 424.2926931638285 953.0569634280675 -160.7720865701326 2968.842537710644 1614 191657 1 4.684453236928599 0.8884437938065504 -8.661225040613761 -1.683991145182604 -8.29671866062847 0.7549493990929079 8.758531435460247 -1.278341194861907 7.576944471116711 -0.8187772317814304 -4.334551586174459 29 549.707512140274 2325 1 1.686176423239301e-05
 -2.9393410218776 0.09149341506292601 -1076721627.004986 91357.96929673255 245416.610160657 0.2317508638092907 -17468.79873926967 300.9825184752106 239.3957721744521 9.458148269984866 1.363273799208915 2840.224493317007 1605 191626 1 4.391038125599353 -0.1176515190455181 9.352053266742153 -1.280427021660939 6.608943051529004 -1.290532302284137 -3.66816698265773 -0.7865577092868792 -3.514055083693151 -0.4186427825149543 8.02254175959569 32 557.9380719661713 2325 1 1.020132273901499e-05
 -3.629811211923045 0.4712981783347909 -11.52520554972822 25501.67670744961 86300.61188364221 0.04662015798492029 -2.091135730830062e+17 624.1110262068413 813.1392533356565 96.50726788454581 25.42960143368264 2964.028282108483 669 191632 1 4.640634070830505 -1.076510152169156 -2.376639065573129 0.6829924903533784 -6.108576612340223 -1.910379059523905 -8.939642197904819 -1.022472761457352 1.403430910297026 0.5894290651778995 3.615357283535413 35 560.595712184906 2325 1 -1.551498132115209e-05
 -6.629342568638204 4.305983194490602 -0.1305906705475464 1457.463440817075 248.2849816560015 0.1176737658897823 -1490117510.3638 89.869356695486 19.13686564458349 1.164147009533459 -16.31853392825634 3014.632600145423 1434 191641 1 -4.611168426403823 0.08205130342702599 5.095201706195281 -0.7344437886225101 -0.386244736539104 -1.585350232143435 7.902477474008347 -0.717558309365975 0 -0.9945705074063742 -9.882672749634667 38 562.6318008899689 2325 1 3.312788882340767e-05
 -3.45262239829783 0.2319194107283429 -1705.885667118596 11.04637768847993 0.0844051863963674 0.4203450474826575 -190.4860510696433 55.18760451501772 11.15470550637214 27282.629387914 1878346.014867868 2922.968335634477 2436 127771 1 -4.657014495413367 -0.8183032416400602 4.379454881389273 -0.2307909802815971 4.033239727736107 -0.5141426939649909 9.286152413766967 -1.91905765368651 2.173454627648751 -0.3666003663498164 -2.320827117291372 41 378.3122711181641 2325 1 9.664457317028236e-06
 -3.677584332655568 0.04852581730626649 -7.406758442592291e+16 6.876394999940447 0.05566758828393131 0.4650143175767973 -80.30156314395163 1149.996684007593 3770.54881279285 1.452730723326879 11.46919008991392 3065.693013080154 840 127174 1 3.138713305992497 0.955976058679461 -9.800731251337107 0.5526808594005934 -5.077329091939613 -0.5432962744011336 0 0.8787393183493872 -6.495586151487882 -0.5869912402558581 -3.376369626183902 44 368.5683488845825 2325 1 6.935971123522472e-06
 -3.163887958840359 0.05050007605913533 -3.10116574051758e+17 32944.23602200868 292558.1533778755 3.385243006075275 -0.4822279575927474 3609.064412470897 36907.3159573599 12389.98394873127 299462.3198570449 2923.191947636661 1203 191653 1 -4.299002391272438 0.4241601888545397 2.238030855718804 0.2706078019710296 4.11354687303117 -0.3002310908237575 -6.196253791398513 -1.619961826870687 -9.77765677460061 -1.348848457530774 -6.050076780306243 47 562.966824054718 2325 1 2.421123603584749e-05
 -3.73637389570152 0.1585840996125858 -446480.3548543938 31974.13827587483 42699.79410487387 0.1595787045395519 -3015423.130648414 80235.48232668338 14898456.4395605 384.9506449870246 233.6410932681027 3029.829420834591 1497 191636 1 -4.092394194539485 -1.055116489999484 -0.1388969732845076 -1.538344667277313 -5.113386537155649 0.1483618316325552 -5.649468700049121 -1.48923101835361 -2.100858014676583 0.9109138898733007 -8.508806298053701 50 559.9902510643005 2325 1 1.928216812524805e-05
 -3.665008977758937 0.7534974024702783 -1.157846261076845 1.450179000968368 0.3140301269218978 0.2471154006997058 -3143.553642955804 636.4941140398387 1143.609507206675 1.061079016511756 27.7399698140244 3116.546307004918 2574 191626 1 2.663109597865204 0.2777499328178101 4.036947903428291 -0.1410434323425793 -1.018274684081769 -1.987709696339394 9.738168064168944 -1.307561485895107 -5.644899097308548 -0.2236819226995701 -0.2470085978846779 53 553.5127599239349 2325 1 -1.325483501620824e-05
 -3.260274532735037 0.3225969731496898 -71.53653948845042 0.285110135977335 -256.3171010114999 0.3647811917202471 -212.7177212509214 173.4421936134608 83.64474377222626 19437.59547285577 793477.2776148197 2890.701581754548 1638 191631 1 -3.155444311112522 0.4619421965543631 3.514368387577512 -0.3024842697565911 7.047259583450927 -1.967702196869795 4.920208416048066 -1.580904880729085 -8.999515514003132 -1.82771793364058 -6.717515982434318 56 561.4135580062866 2325 1 -1.23620879040759e-05
 -10.32383108638809 9.798126970294591 -0.218744291803764 0.08339645584100479 -7008524963.096885 0.1403894029695142 -1602281.225661576 51771.5697153793 5836724.039455355 0.3737393850815552 1911.468174126136 2879.583767547392 1967 191664 1 3.975727467630209 -1.414430081660049 1.614449787949169 -1.882993270827358 -3.087470348898589 0.06925084580276357 -2.317713002647138 -0.103255321964629 -2.43253985778722 -0.8762949324121285 -0 59 558.485769033432 2325 1 -7.519828722664642e-06
 -3.452283959980738 0.06573325775693624 -8846373792449.943 58247.70852617795 585601.8344630548 0.4974378750564249 -102.9395979893038 50.71471098406094 8.874075790573306 1.175853713288126 22.47095141876365 2876.51840552727 1057 191339 1 4.465593150828537 -1.083301839798198 -7.409207022685568 0.6142200817616157 0 0.1820855906711794 -7.512266921238359 -1.081065442832969 0.8543402616148765 -1.996126030667513 0.7207806270862482 62 556.7347159385681 2325 1 1.927301033942224e-05
 -3.106994220396299 42298.41904278588 85541.43763252553 4943.370926590872 7478.704653271272 10.98163120958145 -0.2267288369568146 126.2821171349692 36.86016621460167 0.9769124202716226 46.37246381042841 2972.499776672065 634 127759 1 4.635166097409941 -1.627572822172084 -1.53840263048488 -0.3632521291010145 4.342446855159331 0.8523942789751846 8.922150473606443 -1.907323283355212 -6.571748933575718 -0.9228108069062646 -5.882645832478922 65 372.452709197998 2325 1 -4.806716709606486e-06
 -8.044519774642225 11.07859186704088 -0.1621798421039068 1993.184836417442 633.4612495740805 0.1149700537606457 -326740210.8329921 333.8985044794215 290.7068383755679 1.415691364765669 19.99626306308591 2922.190183521025 2221 191664 1 -4.589735495823401 -1.093238324084936 9.167231093349374 -0.2371009578703181 -0 -0.8973628082372969 -0 -0.6168552138928431 8.460452616813017 0.2175058526272471 -7.694195494661951 68 552.5982248783112 2325 1 8.570324013302987e-06
 -3.277292744242546 0.2435817040253787 -259.1547328447347 4.860973693845393 0.08466532045369443 0.04279077048614445 -1.420541153010432e+18 37.40690992550434 5.251395936460146 72.08826104414845 -2.289510319747589 3076.7936484168 1015 191509 1 -4.607397930272482 -0.6675105623771387 -7.825505596300282 0.1854299606998544 6.072034874991172 -1.366959488489725 -1.622738229947459 -1.772577823846816 -5.778988569626932 0.990847389578434 8.135151071780394 71 564.3768601417542 2325 1 -2.01705205279771e-05
 -3.245526243284891 0.04410377894981304 -4.957891209786555e+17 0.1602644762288903 247138.9337683254 0.2263081255523924 -11859.25334566919 1270.075242054118 4258.079322904343 0.1084865817337031 2144591031.527882 3129.769961669739 1820 127772 1 -4.215234544667577 -0.3649728198277202 3.991854375936804 -0.4997452848894461 -7.459686159436968 -0.4002985186225665 3.29515406656248 -0.3340062144494089 -3.419958480748985 -1.318736006663404 8.518643713518653 74 370.6819388866425 2325 1 -1.225920568542243e-07
 -0.0604624674006746 3151.75077597155 1745.32663020062 1.737440830504967 0.1632254168228953 0.2090142581598875 -20033.35917174849 20449.00823543297 871688.7738449415 0.04769097296587829 -8.048476331899502e+17 3060.387470460201 4510 143748 1 4.65605090212087 -0.3938971095914985 -2.098231220081887 0.1014929510507882 7.240146355627269 0.832908780987998 7.38381421206417 -0.8215735669682012 4.479651954871591 0.5067565908752494 5.129949690467047 77 422.7389669418335 2325 1 -6.755333845440809e-06
 -3.076162930867957 0.0811012786972005 -573454570.2745621 3728.368398043851 1752.333489520197 0.1326482946657158 -1839073.71411752 5942.83119887664 74823.12893553136 6.2983050851203 0.4638930193287581 2853.548953914011 2221 191645 1 -4.256550958975486 0.9907069587667059 -0 -0.4298620278107848 -3.675984998909943 -0.9483772128335275 5.150135544783551 0.2584947582801584 4.004842246203702 -1.675057031373259 -4.308440583259776 80 553.0160961151123 2325 1 -2.322465185910744e-05
 -3.409049973320359 0.04717377858533233 -9126568639609202 12074.81946123595 39219.42290589773 2.327007086996921 -0.486524492816248 3059.707440611704 19689.10374158553 708.959458465092 513.3752093269785 2864.185747161102 2765 191635 1 4.604836226993457 -0.7958853253290412 6.240240813975734 0.2939228149752048 -8.643719796238832 0.3943001143073714 -1.590144023568095 -0.7513749719645659 2.950722359392839 -1.747545664399383 -0 83 551.6096029281616 2325 1 -6.606357660055197e-06
 -10.84685956137976 9.784906545201085 -0.2182518607093032 7694.406706483916 2258.162785595024 0.0642871683170826 -20150686939092.64 2072.858995450238 9639.24493163083 0.05448503649969083 1.961174191052574e+16 3090.686705948855 3112 127644 1 4.671450890865099 -1.260298195456676 -0.07430776917676063 -1.708907217227589 -3.990811300619704 -1.731431449492477 9.099564938707267 0.610605973902858 9.068196625998148 -1.638917552431973 -0 86 375.9418540000916 2325 1 -6.477079737505799e-06
 -7.35015562916534 10.86594013571906 -0.1356483510586858 33352.71906081986 205256.7276013954 0.06295212703079441 -200980629645699.5 145.4128372846957 61.05822593122134 1.572712414563043 14.26716008119053 2807.597912693212 2196 127768 1 -4.610500467938528 -0.7361238884433678 -4.005863226060769 0.5381215155220826 -1.409100860148642 -1.590195389257613 9.341224849522131 0.7964204084495679 -9.320126009905659 -0.7652432374307434 -6.220599414868336 89 376.1485040187836 2325 1 3.741552361136938e-06
 -3.479942797474465 0.586095757255545 -3.442817623867347 7396.268819004407 5673.471776702987 0.04718127288031194 -2.021089644501148e+17 850.1819634364415 1851.670645745261 63038.79430451377 4308173.003823943 2993.271676158239 954 191614 1 3.811977010760924 0.7084417345774007 4.6681092541287 -0.3038239935347837 8.575402169663748 -1.673061461418955 6.062569501439852 0.5642724389252125 -1.559269493600752 -1.024966111280349 7.047525357611681 92 552.2478210926056 2325 1 -1.336018306903854e-05
 -5.527217792162793 11.27761040621868 -0.08481181626925842 7.982581852644947 0.07185413991449346 0.2617835555994431 -3164.309936641095 10275.13749689123 268409.1365437805 0.1823096587255688 1781876.262133438 2889.822601694445 3024 127768 1 3.751507011568182 -0.06942428080885683 -6.884715104514825 -0.3614708315155086 -0 -0.007397000905392334 5.431159761491045 -1.740575742320955 3.29550523041672 0.5873156188306075 6.06608087743011 95 371.7231838703156 2325 1 -1.121013424151225e-06
 -3.889714410279076 0.3767290869860706 -34.12548457728455 0.07274657277501675 7429333967.182974 0.2974740616404079 -657.5337194616836 28098.55780281484 1875815.31160695 0.9518037110962148 -14.23450194965477 2886.070477643851 384 126853 1 4.561183442987296 -0.6547436786501333 -1.124310072332592 0.8972093445282741 -9.378461380048103 -1.270158432641748 9.916071220262287 0.4621641476292803 -7.489744983328439 -1.274997284605468 -7.196425540704869 98 386.2743520736694 2325 1 -2.155586114316632e-05
 -3.924121663362622 0.4901476463369061 -9.344219396664354 439.6822983013334 14.78586095226336 0.09056099589984004 -4958270640.091368 465.5685783950381 533.8250653676206 0.04370605517566107 4.565203355616786e+19 2788.722207852397 2838 127758 1 4.552835829833421 0.1616859473896914 0 -0.2818082530939706 -0.1530507648725687 -1.908879228206017 3.952309744967724 -0.4300817383007925 6.347857577672254 -1.144405019953474 -2.899725501971781 101 397.8326468467712 2325 1 -6.606024205935319e-06
 -3.838687307581194 0.5040182747834717 -11.75344908086193 12654.97555697281 29492.034435885 0.2121941840937682 -27637.43388629109 1557.709735038243 6519.675127497266 1.620215353728908 9.879554085526408 2904.764152161774 1090 127358 1 4.394916643867724 -0.6270517895200527 -9.37874363777002 0.4500846698272287 -0.2311748820809978 -1.618016877607475 4.087639022171342 0.06536056340597084 2.401272147166146 0.0106736274022072 -0 104 373.021213054657 2325 1 1.22472608732383e-05
 -3.855599829182044 1.008208993964488 -0.509983091083585 2692.845480566566 755.0101662832018 0.2778789489339806 -780.386066418459 19790.89257044967 810413.9073092199 379.5131347405792 187.499374018192 3014.132677252217 5875 191655 1 4.319160157447455 0.08302191929542781 7.613171537795488 -1.026568239488528 0 -1.430207936591366 0 -0.05975090280937766 -8.465798771917509 -1.172486219715673 6.132035955102662 107 559.5492150783539 2325 1 -1.506386411122037e-05
 -3.580803969181753 0.06530428314139949 2444888930645.768 0.1807445614087319 -70305.78254595312 0.196793601921077 -109618.7091969003 471.70446549323 645.118944486456 0.4325484100687338 275.7691134064873 2954.472030579204 2595 127772 1 -4.46990433675377 -1.528797417761068 -3.679395346241478 -1.118562590168827 -5.645479384314346 -0.2091182270814418 -2.436513938708861 -0.6216021905938014 -0 -1.229581322208094 -3.323675822707403 110 375.0177199840546 2325 1 8.245100624476851e-06
 -3.950130566457577 0.2888904917446575 -671.736691431617 75126.13382876026 698107.4364142473 0.04936774047499294 -1.677994688945339e+19 3.581104686340093 2.165496342366917 0.8962619391309884 64.68610530075192 2822.301667589759 579 180883 1 -3.338471433957493 -1.389619792286227 9.126229810307768 -0.6575955882644431 -3.626195949839961 -0.7245650983025245 -8.898845885112161 -0.7526351056911755 7.882696929256163 0.630982160042374 5.893892985156036 113 564.3826198577881 2325 1 1.867152958557725e-05
 -7.280885092365934 8.688770163814667 -0.09805001095415898 3.698277525469813 0.06632411258640103 0.2069093165826996 -5984.163923480695 8718.084693411271 170873.7722812342 0.8288548095765629 24.81509338614777 2924.264763505839 824 191655 1 4.68446589513094 -1.239962052851156 9.945353873112474 0.7910570462008342 4.743666714048089 0.6541414381674784 1.267767473604927 0.5038507114069954 -5.165427461896134 0.355226649336224 -4.921686240260559 116 561.2397429943085 2325 1 -2.131639460025749e-05
 -3.518365501497462 0.4112197145808515 -4.281568506901295 9847.030213787661 9413.423002628133 0.4177310862231466 -46.15120240246633 2074.802669248893 8289.605442027832 2418.119105095112 4720.668709944136 2950.86649543969 819 127761 1 4.531432072110372 -1.290706942660912 -4.250835621847378 -0.8646463825351526 -0 -0.6495652431724288 5.959377299383441 -0.1818069740600859 2.38969155825193 -1.944604673416479 -8.786315497833369 119 374.1324691772461 2325 1 -1.971180068801931e-05
 -8.641102076597358 7.571840085687634 -0.1725285066974428 1116.90322474152 -51.08219251709219 0.2622487701136724 -3266.773942408089 3547.7668763887 34572.99119406207 93.82982822607366 25.81122921489581 2853.256825797145 893 191661 1 4.527847327807695 -0.08369100809004859 -4.437161230234486 -1.367456464279105 -1.639246424719282 0.06054050607689065 -6.974078159425493 -0.9519549521935406 0 0.1826871238835421 -6.561511061244482 122 555.8644649982452 2325 1 6.784170651110057e-06
 -7.354956245119868 10.74704021788956 -0.1519822321040825 2.969882534089322 0.08421582900947483 0.05456612172668949 -3664554140484178 8913.830038081183 205032.2960647444 173.5074077829526 121.1440124768493 3051.986446131834 1911 127771 1 4.573487968482117 -0.05603222151088887 7.969250657723441 -1.185805125617474 5.192883688537187 -0.06638332426044798 9.450863686298032 -0.2492677843511508 -1.677152435887642 -1.804197319681612 -0 125 388.8275530338287 2325 1 -5.057615015463982e-06
 -3.648904814929736 0.2383822027815614 -941.5035549806653 841.7956457782857 186.8394622009601 3.451151942891976 -0.2243226243120558 320.9804934479608 257.55152047389 0.06468123179291498 666859551582285.6 3086.129306956906 335 191340 1 -4.117498386184578 0.1196654553024743 1.389696843086327 -1.888021602861454 4.467631524379742 -1.435855873883828 -0 0.4585599582607855 -4.952682210962065 0.3194877150276416 9.426647318278599 128 552.6640729904175 2325 1 5.559635744018363e-06
 -3.642006461938527 0.3057632316660974 -49.50886309483202 1730.378386257903 272.6282917773742 0.1465815058156747 -1143484.162820971 52920.15698875776 7252680.452822757 0.7964511840942404 32.02879385512955 2924.108160350067 632 127766 1 4.431163487155588 0.6477304766914496 -4.261126975950741 -0.2709346460685876 5.585761228933649 -0.1599074998318822 -9.686946278367708 -0.4444780659115359 -7.423612695887543 -1.87827170002 9.521844632048415 131 379.7621059417725 2325 1 -2.513494031094195e-06
 -6.307759568605732 6.983616863205782 -0.08143076892009027 1.383392398791719 0.7789449441698193 0.3397760279109743 -553.6029449959334 274.272065382369 211.7109731674943 5917.430367721973 56504.67728720314 2860.643724478276 479 126855 1 -4.477135764998753 0.0551033236440439 -4.216450845061129 0.3897951435487079 1.637477097311455 -1.596897820330036 -2.149544896417061 -0.3907707632374979 -3.830083378154204 -1.255093255673701 -8.388436905734947 134 382.5552861690521 2325 1 8.912538852520861e-06
 -3.765848224900899 0.7458202688932666 -1.098628137004948 1407.346018734364 224.141345123956 0.1186847225782802 -49240534.86189178 53.49001241432292 10.78471792179895 67089.41211875607 5174018.91052786 2802.750617001516 1562 127776 1 -4.537509485184163 0.1963117400706151 -7.065120191013088 0.5939381460924342 -3.092274438246107 -0.4442041405178152 0 -1.924205808731155 -2.76270587350251 0.8305406489750058 0 137 373.2875549793243 2325 1 -1.761386585458006e-06
 -4.219660826809082 0.07648613447243699 -2732539970.327325 3002.006518509158 1887.391071003519 1.945946336025966 -0.5335922868560677 6225.637697467325 71427.4614279926 2.454648027050617 1.296939643095255 3003.003863868185 521 191608 1 3.365591584804221 -1.237445508781329 0 -0.4327573987977172 8.486718915393832 -1.455681584431759 -6.575037846238216 0.5448150546064805 -5.026196475205277 0.532093701897288 -7.301931418602358 140 577.5211288928986 2325 1 -1.571684283861258e-05
 -8.334825758203962 9.922237369501717 -0.1629075916623 0.3673560368447654 -17.10027352987916 0.1853830555261008 -27181.69068054834 4803.417253549485 46452.26464652811 0.03669789426874286 9.99480125566166e+20 2916.283309849472 1465 191649 2 -4.186255110194482 -1.675214338274825 2.759700126223232 -1.648752995028314 -5.445946340738683 -0.1635124835924407 1.638032373042745 -0.2970339598410626 -0 -0.7759017172688836 5.237819909454929 143 572.9127111434937 2325 1 -2.167612483311111e-05
 -4.208242781045078 0.137798267952753 -2565115.83783003 30456.03603647631 52731.18191207143 0.04627960176824786 -6.810534627719293e+19 212.0861282443941 109.8316323434715 0.04784218503638352 7.411073478033223e+19 2961.97562903337 22994 191664 1 -4.227521890385822 -0.7889707009477389 3.667985941584076 -1.656625384647609 6.851369073871162 0.5976460002205437 9.892052053835746 0.4920220113304214 6.363893875673609 -1.837899943248258 -5.627758858943427 146 569.8755328655243 2325 1 1.167467876760167e-05
 -6.094685955810439 15.0483116190572 -0.1200756009349673 891.7446326197309 119.2242716003508 0.3522986420247012 -423.2967316522382 30.5933243078194 4.301155149022541 0.3672951318333634 3727.965560428636 2919.644667130225 1044 127667 1 -4.081673813778353 -1.357551314372548 6.02156123696523 -0.7396423192526829 -4.917848110861298 -1.507632490184481 5.471778816002358 -1.137394417484272 2.753283134184849 -0.512276831360321 -0 149 378.3678860664368 2325 1 1.571208526372564e-05
 -6.432703852818762 7.447747924992142 -0.08578910893696164 410.398822205239 11.81096026829205 0.1709564566392276 -345303.0613270475 1854.457253538663 9092.963586421793 1.055388277662546 27.03150356106875 3011.541671528181 1949 127776 1 -3.338703677074116 -0.2006199061906395 -9.813344045470142 -1.357788359287906 9.536709328976013 -1.566108697181961 -8.037207415413098 -1.393377949859045 8.225890880725849 0.7608732176771333 5.405292690919683 152 382.3585870265961 2325 1 8.862242032919386e-06
 -11.16540691332675 9.299616092772432 -0.2631951910933242 1153.149911155978 659.7102525344527 194.7173443012076 -22.84120425508572 6949.537898739525 109723.3325693446 1.127122193136709 22.50264456312991 2901.246796027322 2260 127743 1 -3.106907707683539 0.7218291314232737 6.325137485859774 -1.100905184730266 -3.385707771842553 -1.222606562830684 3.563247485375577 0.8219746864710995 -2.057860624007174 -1.272781796515847 -5.074898753518316 155 385.7311699390411 2325 1 -7.006828273289482e-06
 -4.244438917626383 0.2614018349468402 -584.9929452453417 0.05386756701708238 1.931707846881663e+16 1.260749336478945 -1.057221394110904 15689.15527772907 440214.2324836304 39284.88725651531 2831998.90445108 2933.652868849079 208 182664 1 4.606871805007347 0.7410080832683956 -6.019151374864959 0.8120931972894433 0.2446136347910777 -1.462759461130353 -8.294272535677102 -0.9393251029520986 -1.226584350951493 0.1113237743300458 8.785626877238236 158 558.2598469257355 2325 1 7.661861684647931e-06
 -6.886289163717367 9.67586224882503 -0.11321753449407 3.405288987587809 0.03642682940288734 0.08875623858764377 -28476791589.19048 592.0158370510236 794.9876952434295 1.160517824260187 20.01517280040764 2850.64410881 541 175692 1 4.657906921653652 -1.341125902310555 -1.142981699860798 0.5322768667176634 0.7184812476675289 -1.536498034516954 0 -0.01580020326793634 5.342366840342225 0.2585054095244112 2.581954554477893 161 530.5959529876709 2325 1 2.258258931050319e-06
 -5.934218288135388 2.768757623644308 -0.1594431728893544 1.866354024278174 0.2106687578083493 0.05934885730708694 -10110094164675.95 124.8723044502251 37.38558341737166 2.620270558896425 2.737211648831728 2902.054687226989 1116 191439 1 -4.687588407854129 -0.3899908526023018 -6.606585486008385 -0.630514258573891 -6.483707680138341 0.9757595370642878 3.045438234426796 -0.2640649076172918 2.691154379505677 -0.6127287155505439 1.907721717102755 164 572.5208261013031 2325 1 -2.403235449702362e-05
 -2.946224128398598 0.6635063810778089 -1.673971396452539 500.0805864055865 31.33207314073957 0.2204902808761867 -13438.94429539074 1695.989547896092 6948.088911822054 822.9523445390753 1261.649341265108 2961.261831019473 2824 303464 1 -4.606754711881651 -1.379574129629159 -1.464180099065126 -1.161920387147612 -8.52689410346529 0.9229957579913232 7.86843282127982 -0.9121668113898505 -7.440753597570506 -0.6786878708280418 -0.1423661733797865 167 925.8231430053711 2325 1 -1.694852926492025e-07
 -3.169011666525565 0.1027598527270198 -1410162371.223541 2.176291570482692 0.36205755300627 0.0923168207676843 -275179585467.8383 590.3650351934569 1011.945116817211 0.07107209482021305 2563855844484538 2811.270224424261 4426 191653 1 -4.256016009551412 -1.535783442135397 -1.180108528337287 0.8486407487469694 -3.348311591845636 -1.855906699367437 0.7947262325345021 -0.9212227031732372 5.811788861518553 0.3671567244133009 -4.756841267799807 170 587.4272999763489 2325 1 3.566154302111544e-05
 -3.577535910207594 0.05465110476435207 -77063991777524.05 2771.793822839461 992.2629767490472 0.2018801662472331 -30453.37068322156 2487.768839365368 12588.01003014549 38.88719851667262 8.843251022907456 2794.261151737015 1028 127751 1 4.341748886322805 0.3278620354117247 3.315597637017857 -1.313094549015511 -7.912933564028647 -0.4504082308766356 -6.074170762165597 -0.2878612609585272 -9.566153308474401 -0.7748854305287036 0.3526356024351474 173 389.590537071228 2325 1 -5.554987611267099e-06
 -4.225637564296875 0.8786971871065973 -0.5132708362752699 72908.21782461702 414678.2104483431 0.04947977216136467 -4.613580764275522e+16 925.7153716134416 1757.59599419929 3.445159218255081 3.091089420349095 2843.756872880846 273 127716 1 4.670326894753692 0.3282046154331048 7.321553553155361 0.9653173956521508 6.157583516559987 -1.718050515574282 -4.951124017977791 -0.4771128362278106 -0.855020284676558 -0.2396527337791942 6.406808896900016 176 401.2714459896088 2325 1 -1.262757175906225e-05
 -5.729572896780909 4.770309124251111 -0.07517533263491144 11307.84199145838 19082.79804642907 0.297829269404957 -989.5629392783484 3.413841440841356 2.407865004827149 1.023473539097568 51.9433941914567 3073.966075844239 710 127015 1 4.582671338596598 0.2672176701241797 -5.113325037959814 -1.120545239455836 -2.87294174557459 -1.352723098647172 0 -1.356393787406001 -7.564384808082796 -0.06379665427733891 1.094552945326249 179 383.2671139240265 2325 1 8.164546641558323e-06
 -3.860165973508805 0.2823820177780494 -314.4038049363247 9.095385225796974 0.04789765714240423 1.017690224937683 -2.911432430212904 57.04411499491142 10.07295623610245 0.04578647258032924 -9.980103123212847e+20 2721.205799850379 1164 191664 2 -4.436752725916872 -0.7993746229002392 0 -0.7975928079631478 -0 -0.84467516603054 1.350951940779388 0.65226658625705 -6.648714439152664 -0.5080631519948273 0.6860730625249474 182 551.8765308856964 2325 1 2.500356029766252e-05
 -3.384345274243077 0.3932829881349872 -22.39135366203559 658.8346285505797 24.03071122703419 0.04596707706087057 -8.29998916036233e+18 237.3543220218285 144.1966950486975 0.09425378252071991 27507953377.60394 3274.782485950178 698 175629 1 -4.350462934496869 0.2307581903790012 -0.6413315583655179 -0.4350110933292806 -5.722295875936429 -0.01105364067727166 4.695606846817964 -0.6973081495535602 -3.958636374776879 0.7925593048813995 2.063638872834851 185 523.4224739074707 2325 1 -4.408800440119741e-07
 -9.180761751348422 7.994254389507735 -0.1805929970021976 783.5640712278984 44.15880685898846 0.09949693084906322 -494143771.9692517 2218.691100849605 13645.65614450905 1.890796578237097 2.280350161684439 3069.907722632424 1760 127753 1 -3.774134267888134 0.5030133971868458 -9.338706411157109 0.9235202341943117 -5.792811979994628 -1.287215043413541 -0 0.4044669599732797 9.603665033633714 -0.2970952416154483 8.377355519733625 188 371.297012090683 2325 1 -7.133458817145332e-06
 -8.263825988432943 7.761308681146755 -0.1264144643433455 469.3393599265923 7.064198291744565 0.2686336422824615 -631.2033391588462 220.601593049618 126.9951826402758 0.7407762863378325 24.87547021390859 2848.919652871641 2047 127770 1 4.543475181863072 -0.3259111921890234 -3.776183898632756 -1.628560735563474 -7.493069814059051 -1.874851386080882 -4.983920361891664 -1.839320348538314 -0.2747819711328283 0.5111592101387781 -0 191 379.0844399929047 2325 1 -2.273628594786149e-05
 -4.151760509069234 0.4403047483803351 -14.81695818367101 0.9795023364013973 2.054197253954845 1.570427179509501 -0.8871518649208767 204.4385007388637 131.5956560589184 1.766367347367311 6.844268338673442 2915.268796873044 1190 127742 1 -4.540408016680709 -1.737255735653005 -9.821298761151004 0.4527664500347357 -0.6821677165480819 -1.4672902764777 -7.826615183040573 -0.9294036660878122 -5.000478166585847 -0.7887451922194515 -0.312424895962641 194 373.0205829143524 2325 1 -8.871936384248159e-06
 -4.058702723771756 0.3953109570806143 -23.2073374241544 1.986790770720716 0.2089179814165082 0.2424063419676549 -4633.787333278756 77.09883034366206 15.55903166481478 1.081780646496289 18.84853427145136 2958.034464344892 908 127661 1 -4.19179699093371 0.8237122870266864 4.540776646088729 -0.5235824261741424 0.1149119132242848 -0.006555704965769824 0.1333838298607724 -0.6473884013970803 5.090818527049961 0.7766233196385293 -4.047020250847381 197 378.6887419223785 2325 1 -6.854715581745394e-06
 -9.164201611516045 9.521255595931038 -0.1934056712291599 1.218127975735814 0.8536715575367743 0.364142297225468 -344.9081120311676 2417.935482600052 12774.39719626379 0.3034753209281055 11472.46147616172 3038.090840578248 2218 127771 1 -4.484069796160571 -1.113018306800779 0 -0.3935382490984285 3.446660543290434 -0.2740430305047479 -2.48694173086135 -0.991335445529284 2.563149111667807 -1.861808899144098 -9.237199630609092 200 384.6514639854431 2325 1 6.937664617371416e-06
 -7.733391191318955 6.398721924689668 -0.1342742731338309 12.00851858154679 0.1804769215644194 0.09392350631064901 -10270670993.84905 52077.37136190177 6251586.931281185 0.1523566328048473 18564827.28276827 3032.636028731962 2012 127758 1 4.67838812525577 0.6840251224190359 -0 -0.5417593646051184 8.969996974818134 -1.743066741857385 0.6484280013469439 -0.1170895281650495 -6.533058922734726 -0.2035026898212342 -0 203 375.3438041210175 2325 1 1.037092915005277e-05
 -5.842525837998326 6.996934097390369 -0.07983099411777736 0.03974426290739836 9.958419806421577e+20 0.1027828629284521 -1916633138.797791 112.4078086964034 30.38659314648874 39099.82396694679 -640516.1967368734 2991.361860233663 1724 127482 2 4.553380048828513 0.6886225425524253 2.449784693320686 -0.303245382382861 -1.135672394399083 -1.770768269468915 3.012803130860211 -0.08925399256038877 -9.934912134695805 0.2785529897327743 -4.04067381470264 206 373.0923748016357 2325 1 3.560299148507401e-06
 -7.830720220491593 8.53083776051148 -0.1352497634941735 0.05085250207971845 5.7206063887219e+16 285.9812456717522 -3.390205509359232 877.9407688017345 1692.34657656077 2035.414567212448 5488.485655082396 2773.908371278832 629 175320 1 4.620984657304822 -0.6959156544689256 -0.09379296248387359 -0.9521260862644771 -2.628606751556294 -1.607494627545065 2.409546800395745 -1.3345202515707 -6.980486525408506 0.336941756861997 -1.459634746113887 209 520.9278898239136 2325 1 7.902042309407312e-07
 -11.27482948196807 11.55371309169875 -0.2750668513862138 2717.651621518372 252.9935156112262 0.1917800520365936 -77409.51086198179 25496.69728047237 1649268.165824142 34075.11832358436 1554797.749958434 3003.346944303835 1944 191655 1 -2.371190874584065 -0.2372596833514127 -0.2805461688591033 -0.7519432646716648 -6.850698950085126 -1.194783860773789 5.563065181277102 -0.4166358482518504 5.26950839754029 -1.566490982769002 6.417160454022011 212 560.3137788772583 2325 1 4.721396844731908e-06
 -3.014475775434907 0.4434435452523406 -8.731613751824659 0.1143947743353427 -12108445.69303777 0.2068150445688439 -17436.74017857141 2885.81184042722 19814.23012974556 0.04215164937910061 -1.858088069769931e+20 3045.529996881625 3496 127717 1 4.696116190207376 -0.2274880294587689 -5.433928697644141 -1.845739647007115 -6.538753788681986 -1.306349118100287 -4.551629096512013 0.1067326538942641 0 -0.5729697406257701 9.588742514856191 215 383.7147228717804 2325 1 -7.370623472184908e-06
 -3.60999144791032 0.3734891450452272 -56.40336556488337 24414.70039815587 50691.4543381003 0.05252893873061129 -7.3314078166248e+17 73539.67021492691 13834561.15378627 2.957417562056766 3.36701621492021 2877.304543269131 4982 191601 1 -4.389406973952164 0.03452786625370096 4.390513889726333 0.4141843119825204 -7.77230358391615 -1.778386738628997 7.858584495376691 0.6197491353914062 4.454815754963788 0.09623715487756088 -2.208022714079044 218 564.3530631065369 2325 1 1.625218421620138e-05
 -4.14734100125899 0.383806219475677 -43.27396884165156 0.3766985655799366 88.24594960441314 0.1071253619041465 -706463443.9575273 10091.59585338729 226031.8745076229 7.03666117716779 0.1663259113111538 3002.994858054879 6136 143737 1 4.514955806007875 -0.7828181648013929 8.15420188308039 -1.076723941064953 7.70448621945844 0.9455441549537191 9.158879827225919 -1.405344836804883 -0 -0.05589618293588575 8.812330852519105 221 434.4421141147614 2325 1 7.584185213884238e-06
 -6.574181025554042 10.53258142484204 -0.1259322956826102 1099.469809967925 93.20947780913922 0.07009823172313931 -2282828483919.385 224.3076025003543 124.9703004498277 0.4925180811000924 743.7918552877351 2892.982023787703 1472 127575 1 3.735696069926257 0.02525755160765851 -0 -1.020133456376396 1.625268360837711 -0.8099818539128911 0.5265094830299883 -0.4650908983236182 -7.433646861506855 -0.5232778013494812 -5.487174802868205 224 377.2910740375519 2325 1 -6.995507427157889e-06
 -3.422101425014543 0.8380857351964189 -1.258834484686467 2944.510465125715 1115.05733003629 0.3580136648009399 -601.3182590630462 70.78943872008533 16.71721544999383 1.446649685097702 4.381143915756177 2970.358467994293 2626 127759 1 -4.268822428483695 -0.376199714067905 -7.932746689398707 -0.6036976247585066 -0.5900586122810552 -0.670318133646628 3.683295088247785 -1.377477815522315 -7.083077603153964 0.3300318582455271 -0 227 375.6638538837433 2325 1 8.73726555039383e-06
 -0.8057436828262532 1172.404090760701 132.9228188155764 7637.360219057558 6179.160857705388 0.3151789496412146 -827.26312833194 2404.52503682729 16514.46302015508 1.331150184948797 19.87580457547008 3016.678259714418 1698 191661 1 4.451010734341495 -1.622137872206778 -4.435997557626235 -1.112904197839977 3.789621332024102 -0.08750901048316978 -9.733688857147403 -0.2547594488787785 -0 -0.8560864252722915 -8.729917893044956 230 556.268492937088 2325 1 -4.642721301778985e-06
 -3.248542897659167 0.03785752421082819 -9.958510453245892e+20 26143.90248795037 42137.55355319229 0.1384519938388817 -6698574.25730408 151.5900247486735 59.22302116588496 2.519170627093114 2.637430774649207 2837.579838081816 887 127766 2 4.212080175195505 -0.926830679596951 -9.553345904767951 0.6718626328483404 8.854423467813438 0.9456517934142852 -5.385779127963396 -0.6387863917876899 -1.905172818956106 -0.09484012225159336 -1.065254090076158 233 380.7146039009094 2325 1 7.391195283052611e-06
 -7.784620151255553 10.9802573568089 -0.1418758486359002 97.52388751953679 1.712015325122114 0.4943332924692054 -56.48554654246539 187.6012266960565 80.198922127665 2.456009052475423 4.107575230995193 3100.688730464307 2093 191650 1 -4.596131429688941 -0.06568221479061978 -5.25108679659699 -1.681052282452515 -1.90520121412123 -1.501669878268735 6.340675729845505 0.3949312384826724 0.6012049838562321 -1.900478103018566 -0.2469361383939503 236 558.8960430622101 2325 1 -6.177071047712828e-06
 -3.318681221745894 0.4386132324622251 -5.635267581732657 470.8227722044356 30.14552177710124 0.05642817282819861 -1.37781699492938e+16 128.2127300778119 43.61508198348528 5123.653613411521 24667.80044959633 2817.072577648188 1725 191615 1 4.301091269946191 -1.878070316671229 -6.571425161020157 -0.3781538451428856 4.794908999867564 -0.3486095519328583 -9.398257435307961 -1.118439630300706 8.44084795190809 0.5160757317456177 0.3898835976548263 239 560.6663818359375 2325 1 7.383502458191804e-06
 -3.976035268060549 0.3569317685001506 -49.656268305465 1.172945442938017 0.2932776965612899 0.06470763990160407 -2739565356168.351 3707.172639788216 34103.48517808963 18403.85659189592 -258623.5244295328 2908.282328572743 1570 191651 1 3.965831017943852 -1.775347251861239 4.611037129049537 -1.847555987320286 -2.911369896050097 0.5039614969446236 -4.160489844241848 -1.151000347611787 6.882025810349232 -1.143608569303971 8.103274976418403 242 559.8299899101257 2325 1 -1.173218019946553e-05
 -4.748366795975111 1.011255868109149 -0.6038874730803406 0.425183630887439 29.20123426061501 0.1656756832313736 -245951.7258463783 10358.32242825686 176023.5955609664 0.0390970738893352 9.958262540512878e+20 2899.842393350442 2538 191649 2 3.879231991088107 0.006005699277163237 8.247902406316536 0.6966672180100656 7.754804807908073 0.1542827159886472 -2.877116469206883 -1.001000698497312 -7.745578694787104 0.2333390877273133 6.259806088135479 245 563.1835870742798 2325 1 -9.094360896557925e-06
 -4.117882417486389 0.2301828604271765 -1590.690280519473 1455.745793821763 238.3332842057355 0.04832935774824036 -6.813447952143323e+17 4920.309560891858 47777.93614661061 0.03945834609143174 9.973543458895863e+20 3015.729509743836 264 126966 2 4.611892623613196 -1.961379713695563 -6.546605577189137 0.6941106410714566 6.388216574829841 -1.559863434409174 -0 -0.3101473127050003 7.618259737932368 0.7670554584598066 8.642516338878938 248 373.9791691303253 2325 1 -1.139137744055434e-06
 -9.549934074384113 13.83818217495544 -0.2506291463940701 0.05967897188638348 68771824412660.89 0.311700293786854 -893.9177088985788 59.28732686048214 11.66585304093525 1636.797772541094 6579.300707975784 3091.536902314156 1235 191664 1 4.439721600903588 -1.368828688541712 6.716329177710886 -1.976582597315496 0 0.8166269374744402 1.830524857140383 -0.7289102490959056 -3.572890990475846 -1.639919122940172 6.409192426974645 251 567.2338972091675 2325 1 -7.795219604467062e-07
 -3.609114290546918 0.3425599332376917 -30.38927577144513 0.0726221897730308 133163169724.1169 0.07020283535174787 -3616215991113.165 410.7638750424873 444.8913476476426 0.1284040529300827 51557830.74770227 2823.746669480113 367 123534 1 4.684605653835736 0.5046436983428544 -3.971854574172216 -1.346195967175121 2.169820843331972 -0.9389266715880975 -8.330013043078635 0.1727847832444236 -9.512872789260825 -1.381586234660285 -1.122801104667346 254 369.7230010032654 2325 1 -3.667146423380092e-06
 -7.666653466613747 8.249121256253563 -0.1302784215866718 21659.13542922968 58231.166437204 0.1552583383689152 -281927.6428928387 15206.13657896094 563882.7404899223 5955.179919852204 91097.25043589031 2740.468760591474 1751 191663 1 -3.090179442858981 0.8072184293871403 1.70733719972579 0.9452364654643644 -0.007077133361971466 0.3113520849781781 6.544377240069457 -1.157623646318984 0.2665420457731686 -1.987940047382701 2.030995418860575 257 552.7664570808411 2325 1 -1.299016598234626e-05
 -3.483144201127563 1.294132049613852 -0.2002034540964332 29094.51317235296 117712.1361689473 0.1549129022647118 -1752626.214571916 6496.534698451883 101457.8583609902 1.851822374738301 -2.191872070244705 2909.654654212461 1658 127765 1 3.897279568403979 0.4967286286163959 -8.423642512385083 0.3174399883310706 3.455187493605692 0.7632790662110476 -7.70562386242549 -1.676989030128912 -3.528137336699904 -1.572743065295798 4.586027068371085 260 385.698175907135 2325 1 8.961438856176418e-06
 -3.712539764385069 0.7254864813709058 -1.553214924361354 98281.56197852147 422030.7666957051 0.3101052258905753 -756.4399852197848 6.501899318911631 1.520412606725254 1.118789426198433 22.72308014794518 2919.645433947908 915 191601 2 3.506434684450696 0.8473158614228491 -5.997367029901986 -0.6522235063868429 2.007080809682035 -1.864832872535005 -6.725183744292654 -0.109109841578599 -4.914856477864111 -1.689329602334729 1.241076178715864 263 564.8088779449463 2325 1 -7.234227007666131e-07
 -8.133482915611546 9.673745277861952 -0.1645854150249859 0.8594813041839252 1.79276795593554 0.3218293288343709 -892.4782254113779 1346.579355284096 4604.520740688109 735.1434578307767 1629.561131956079 2756.103842267116 1052 191652 1 4.562716971122189 0.3871831843622581 -1.748574513367111 -0.1542668157098479 -2.221895267533747 -1.363687757352212 5.661489940342283 -1.937348963860904 8.803859572481489 -0.4364032552705713 6.887383367736375 266 576.7462379932404 2325 1 1.15786423119441e-07
 -10.00716348817805 10.52490857625432 -0.2096717279488012 10381.84071832883 5727.848550007633 0.1528809636464979 -723243.8382866485 94.33565099421958 27.72606907879899 22612.18513119957 831429.1039853285 3000.909632762809 4134 127772 1 -4.604379678442138 -0.1867136273706605 -2.725653380089396 0.3140499050402816 7.711295281960018 -0.2021483056943155 2.285338671893179 -1.242933776591204 4.778232980930001 0.5413967573556229 -2.304652620827198 269 388.4975569248199 2325 1 -8.091509408052957e-06
 -3.74059218374282 0.6506449783377558 -1.639032896213113 0.2882741914845797 -193.5529241066961 0.1645930322198755 -1307996.348165233 12325.12072009998 354802.8539325694 2.221439805834751 4.125942705976407 3200.443462909858 1578 191623 1 -3.456597419316513 -0.16892371563433 0.01421844308581921 0.2682260791900725 -5.491526361647483 0.7200230209044389 6.077279860809306 0.473977710250316 -4.175440400156822 -0.5910555404192053 -4.902014679117427 272 580.6512110233307 2325 1 1.587424579318298e-05
 -4.202650454431468 0.4261287042563178 -21.9785796848879 0.5703031944890677 4.310293808522821 0.2121958829472973 -18919.63861579535 1192.059695500701 3472.084825240532 1.67414437657576 6.030257606498374 2841.037216418069 749 127764 1 4.545738059610716 -0.08911202577082378 8.711312844142935 -0.8501070748366484 3.997992037805443 -0.6027745940565605 2.720337808529646 -0.3448747401012593 -6.579712672682618 -0.7134628778424315 3.311749023897637 275 383.6042718887329 2325 1 -6.627450203369978e-06
 -2.981853263789812 0.08834813857412943 -571975466.2251732 7.203646352101719 0.04231762374636448 0.05328528180594297 -7084560920409111 44802.23672136843 4407477.35982478 24955.97580350978 1824481.983949944 2764.65837537925 481 191539 1 -4.505347860595296 -0.3480037988947586 -8.367805987422347 0.7600332255628248 4.859241402710584 -1.309026550741621 1.241400520261847 -0.1071338139503233 -1.464088702734892 -0.09913054732367145 -5.999753853863941 278 585.9708821773529 2325 1 -5.020460124837039e-06
 -6.412432733551793 4.287512318949422 -0.1204958552101295 388.9147318515548 4.924063094406093 0.1399245307570765 -3430170.280021859 37.08801963394777 4.733419179194991 0.06678872950378681 -50646033600955.99 2989.850827423747 2738 191663 1 4.369206899881745 -0.9331581864928165 -7.93211441942206 -0.8360742744270384 -7.010477946539833 0.2472210088312531 -9.714565848732256 -1.061012621856214 -8.355098126626398 0.03664675689794453 8.691956142491888 281 581.0261027812958 2325 1 -5.18206141437262e-06
 -3.671242287451452 0.7269731408311829 -1.527517760274704 0.3531002262674776 55.99427201321573 0.7946426047032169 -2.967302839314073 71.3421978564193 14.86550948657103 34179.20038728521 2642500.259837649 3019.85443354023 2665 191662 1 -4.150541442812286 0.2491595443466518 -4.685557203407482 -1.657198806586131 -3.04540465969649 -0.7842776276944381 7.431741325288957 -1.438122036824213 -6.618121281538772 -0.4157711929912437 -5.5847309208723 284 590.5073080062866 2325 1 -1.70447378170283e-05
 -4.310487263320609 0.4452210204221578 -10.75345497014204 0.2617755042147252 1059.263571566868 0.1084856120326371 -176905788.6180499 21115.01843171542 1007777.864887477 1.229420919145676 16.29967510940062 2836.22769258287 262 117300 1 -4.612682231394452 -0.8258292126421489 -1.752459614167412 -1.202142484967766 0 0.2032748940873939 -2.711257379071344 0.03636478747811856 -0.1559765404125124 -1.002260131388094 -2.582229900286173 287 390.789675951004 2325 1 -8.664529300231288e-06
 -3.074327208706738 0.07182258969204594 -4592460235.758147 3.122231040109934 0.05417677692376305 0.3309617820206958 -193.8517276507692 1716.016870521301 7228.678973464959 2.479421856744429 3.21812435140914 2984.716210108463 3785 127772 1 4.30792840914301 -1.837838032495709 0.4861394343800818 -0.9271983900130554 1.223174635227641 -0.6798750171896222 0.007879182774488847 -1.099168618937879 8.337814678268703 -0.5154488563328341 9.076743497878951 290 397.3797907829285 2325 1 -2.525130136971888e-05
 -4.135655822026705 0.7406244297460587 -1.383548529238895 0.6378788229015487 2.531140823590579 0.362713346169425 -235.5383587445614 222.5882360281039 137.717728752882 27554.95543739958 834464.4770618541 2782.557544775119 1655 303442 1 3.605385932603649 -1.790903884183142 -6.553516725872663 -1.682605646581305 -9.644150235662131 -1.550541125301821 2.529527902521761 -0.5564536680659646 -1.243826064081852 -0.5280248210926954 -8.153357351761894 293 916.3991630077362 2325 1 2.183443780430536e-06
 -3.779872905343184 0.5569739424482774 -4.380169290494718 4.148805446594966 0.06051358590768191 0.06953088425371745 -4182448667137.988 163.0431899779504 55.76900707447501 24285.30075443533 1204203.63068684 2844.762409959244 1462 191651 1 -4.444733731444174 -0.7288565681813566 -6.500631809239112 -1.856595961496254 -1.959421127189229 0.9052951472177559 0.86906808930026 -1.732819942849898 1.205378798475092 -0.7647348640802623 5.08249142679145 296 591.4486379623413 2325 1 -2.381809534216839e-06
 -3.169212006920297 0.4561376479748188 -3.802807203309933 0.3820495567655852 29.03596418224263 0.2342642656849162 -13224.83728147519 213.9649799962906 122.5287035992299 177.8847154616347 122.3685483295395 2775.486950019372 631 191216 1 4.555730670531708 0.05594333734455986 -0 0.7052088204210646 -4.043808248147569 -1.587670615479519 -9.563490879445247 0.3824051368950263 0.8592174418366731 -0.7794060973091792 8.532995104545803 299 559.6218340396881 2325 1 5.596111347858931e-06
 -3.432965039027987 0.08317849768026606 -742840670.1176118 2.458861971333132 0.2085930640385618 0.1647600419492795 -259449.1498274244 115.5840779371661 42.66358509010828 1.134945390026487 18.43035491577891 2958.284072665351 3076 127774 1 4.531401642377345 0.1741803332282896 -0.02552989978171638 -0.160858050066846 5.39297827727634 -1.736587096701442 8.285585592504784 -0.3078088452754226 6.972273261578699 -1.97630099432955 -0 302 375.3358459472656 2325 1 -1.26377344624757e-05
 -2.929341406621637 0.2319985148406835 -2495.541869717124 53225.92715895022 225139.8188674933 0.07681346368132443 -919517095150.1772 245.1460388211897 121.4597786538399 1.312781905767219 9.37448199884026 2991.326599827625 661 127767 1 4.270530746816802 -1.136867116762969 -6.869250828917948 -1.661730884606181 -3.526716671779162 0.1142369836270136 -2.45632282745319 -0.1473190146331387 7.784680712501865 -0.6784314911843667 -3.433403567354477 305 399.3437550067902 2325 1 6.944833920902457e-06
 -8.023895540832587 8.308412773327543 -0.1542466283009235 771.6486687413212 67.39970609295594 0.09248118428088366 -23079920124.89541 706.8395713806927 1052.699124003199 3.160371488108261 0.8135593751524575 2858.963002064801 1539 127761 1 -4.674953589937879 -0.4599156158072457 1.636199607366108 0.9106059907776322 -0 -1.203043298443503 -3.277011559539942 -1.138544170110949 2.183094061958644 0.5346818841307512 -3.405605680487716 308 387.1911599636078 2325 1 1.432754788029248e-05
 -3.884502224832668 0.1351110006261271 -1647380.762506214 1.780048640826547 0.2834480904212711 0.4501551852611987 -105.1028609905645 554.242607616157 688.5237268888583 2.127222555875856 3.921109013728897 2924.222569708917 3145 127768 1 -4.2273607256144 -1.436093077752138 -5.634399857880402 -0.3816182129718673 0 -1.444924863542639 0 0.2219645731405388 9.202364222835975 -1.24810879211921 -5.920527361478138 311 379.0739660263062 2325 1 1.275620891312355e-05
 -9.243886394821599 11.30775906841239 -0.2012620180501392 90398.01015736091 184109.1673753044 0.1348033127663386 -12725321.49690697 18564.96086281766 822054.4111933192 13257.40078799592 338503.979730129 2773.682830811534 1770 191663 2 3.762907905984741 -0.07041724456028486 8.623923428628224 0.9973391415329953 -0.4053459943351934 0.1385809661151755 0 0.4953567674795969 9.552116343294792 -0.1636872847493437 4.933744364008419 314 563.391284942627 2325 1 5.769746092611598e-06
 -3.478310239230335 0.3428086230435153 -41.91512145020856 117.9364725362068 1.319445091937679 0.345283272937705 -467.8460105659321 18324.35943117697 712406.5196420738 4.335938091928531 1.709472304482764 3062.018565653515 672 191628 1 4.32399565949286 -1.882214659196456 8.550672773478709 -0.6864494896210093 -0.02096623294208655 -0.7526894256784749 6.743231191520115 0.4861501967995157 0 0.8148808975948092 -9.043982662899563 317 559.3316040039062 2325 1 -8.059739321486219e-06
 -2.746383619956417 0.03839648602543864 9.991565848388888e+20 12906.4193130542 23319.59154591835 0.06216129572836909 -341881494017000.9 104.5529458520222 34.17967342809189 18091.47402830039 432759.5743001745 2934.385309912779 2078 191651 2 -4.540862219153381 0.2757723136570331 9.399395136985463 -1.313783285000364 -6.782292491278781 -1.732255958464281 -8.010943777971606 -0.6308510496215369 1.645264275154681 -1.023026603834085 0 320 560.6997270584106 2325 1 7.945455611926062e-06
 -3.517308559306521 0.2933951970141587 -192.6225653601279 10352.19386732001 9651.00988841467 0.09080859648064356 -19010902695.14191 5121.567114209617 57511.06164995765 3168.862115402195 9125.065885683554 2979.460749171138 207 127747 1 4.011978716267035 -0.3059441626960941 -9.74354684496557 -0.6077045157396785 0 -0.4264169959315467 7.601606108088623 0.4116467904582461 3.553379757903991 -1.466857329273283 -8.700587838413307 323 376.8881721496582 2325 1 7.089583344766797e-06
 -3.819855042111314 0.2605042586123715 -834.160172929742 0.2789632389258422 1035.824840281744 0.04937706075916333 -2.21047706197073e+18 1488.517367369136 5012.79127944088 2890.476949023924 24435.94835594415 2981.927095512329 749 191478 1 -4.293914893518441 0.7984892816965399 6.409807601485249 0.8938472549283469 -4.057237913534484 0.1629508292597345 8.087331406419972 0.09428167768066184 0.6631200003634175 0.8094686048190218 4.069032277034315 326 559.934219121933 2325 1 8.049556336371388e-06
 -7.436938949888802 6.069546595914899 -0.1284227988168672 4.004570390993654 0.05848998415021073 0.0791302429692721 -1358991981477.813 9988.040730033439 203567.0600192667 2068.034731139961 7289.817487150524 2892.625421238357 5908 127737 1 -3.808140571214261 -1.682245809695345 6.183140220128804 -1.942851632284031 3.661189851631821 -0.9738842233963325 2.512330834345748 -0.4211442827434287 -4.492852192176406 0.02303819163699261 1.336173369620143 329 382.7854239940643 2325 1 1.36767194562036e-05
 -3.354198677963363 0.4925372905593656 -4.212649483169986 0.03712906951449971 9.816859436299637e+20 0.06601184252300875 -4914139955358.954 1455.399227536874 5105.157398150198 0.09782089628819467 3953534692.377356 3079.468771221729 929 175617 2 -4.600359662633283 0.2146285253009492 -9.450194281565816 -0.002109775772596305 -0.05032245538625757 0.003716824660751542 7.939612047176912 -0.2026281744427046 2.043000136086851 -1.916603970081616 -6.834184859525497 332 511.7423431873322 2325 1 -1.342378982750908e-05
 -11.19643454088327 10.41857332429113 -0.2377710794392933 35496.45287998896 13885.15673078745 0.5080942679468162 -62.15479207809946 388.7323682405093 335.8887922859829 0.1012393572881639 19195378383.306 2905.849578364713 1657 191335 1 -4.108472964297004 -0.09648484301420977 -0 -0.5680757176085667 -4.916425227873358 0.5184686445926645 9.691206655282711 -0.07026386652401763 -1.147267635235379 0.7561293868582708 5.083263028170059 335 565.5214259624481 2325 1 1.061669097962215e-05
 -3.608924821141083 0.8492627592862582 -0.2943266857472665 0.2800175640531034 454.6020858347939 0.3961634586907664 -136.7738441499891 383.9451590688336 326.4101362633935 2141.501821280251 5562.616544156834 2902.574511508287 1105 127767 1 -3.678329309256338 -0.794420787544114 4.824324882107343 -1.109407006457985 3.367220262924404 -0.7308724483475393 6.701659339466076 -1.677796801149651 1.848961515998922 -0.2923258713190232 -1.704121970781458 338 367.7754619121552 2325 1 -4.858088258725671e-06
 -3.050328227906578 0.04584449504225137 2.116142620570331e+20 0.2470283294164001 10150.56593237662 0.1413552456548361 -67427502.33864054 55.99339051162552 10.35423557376992 922.5060040076992 802.3366258454955 2993.3981065406 1876 127756 1 4.584497537089257 -0.8407193061580394 9.486089600295678 -0.2211769875583016 -2.388218333651711 -0.08310667617359263 0.9451190225960842 -0.5930682739574742 3.603447961560366 -0.4950436037214808 2.890491517623233 341 373.9368281364441 2325 1 3.84377466480528e-05
 -3.302856296664297 0.1247489670647571 -5847116.05112638 0.0651990072945963 -35334217213909.88 0.08457418732293881 -162936626142.2716 30832.32248869127 2464762.639591885 39287.88507575636 3939521.355974191 3088.308327665642 4011 127768 1 -4.096659486400807 -0.2864275786064612 -0 -1.916244789691883 -5.200606075677927 0.2304542738041424 3.71662156493976 -1.687795977339655 4.143722077911705 -0.9732448827700324 4.610174994096599 344 376.2918350696564 2325 1 1.273590847261225e-05
 -3.375603943244686 0.2139855484098424 -3710.779824242925 0.05225049460654128 4.937051651317719e+16 0.08258500450275602 -191315476954.4832 5754.182748245483 77584.49600794578 0.04295734128722662 9.804851093668263e+20 3098.372243124313 1612 191647 2 -3.27246489687606 0.6933309830204846 -2.556557562575686 0.4858531370716283 0 -1.498927783443012 8.827070034378293 0.7138452303608096 7.44032053618812 -0.5932508005201305 3.404626007109576 347 556.861615896225 2325 1 6.774743531929221e-06
 -3.459448243440387 1.373468562373 -0.10368069665926 5460.876196344475 4409.930425779163 0.09471753235155607 -900625977.6047522 32.29160949219025 3.939241185327917 1.870358897635973 5.070333261843747 2965.869275387116 2503 127775 1 -4.276764975687231 -1.326204283971832 0.6821800118632675 -1.87075263442216 -9.631773615867184 -1.852031453036608 -0.6899948142921932 -0.6526515094014815 -3.22268282297877 -0.7671203938416262 7.049095323996696 350 372.8235681056976 2325 1 -1.203618690601097e-05
 -4.898302433902169 2.277567741703218 -0.1705417843004179 27914.50360128986 51112.99812129675 0.0676555125070436 -65663694524772.07 1451.569571733669 5097.90876920272 2027.238761670003 2162.834040699094 3087.566391824397 1499 191594 1 3.263627943938106 0.656905462869382 5.029942374471972 -1.79149652291503 5.855411200312785 0.007829422930853947 4.690388860285043 0.9828596769854574 3.900779526182159 0.2842491819003942 -2.303803909420463 353 557.2645461559296 2325 1 1.239784353580668e-05
 -3.07815632933024 0.1415229874301519 -635490.0338434199 3463.676897639195 890.5120937898854 0.06308280245356053 -505888235119090.4 498.5973961488766 589.123741633927 0.2601374354079225 36749.94494422983 2823.646668190704 1859 191664 1 -4.583504081799701 0.779960550156332 -5.557501823011731 -0.9651927835915998 -1.373556903065236 -0.6753117340166828 -6.966304200401071 0.5959746270934931 -6.827037641680029 0.2762765089247061 8.220862362638561 356 567.3962640762329 2325 1 1.307075494365576e-05
 -3.137300088784497 0.7077035884452656 -0.6502857515149816 0.1286443274344391 -3749157.593790374 0.0690882793281493 -6093815429554.506 592.2494363582691 650.9928412139448 0.1696325190552094 1424976.574691184 3042.10363723005 319 111802 1 4.330439864753072 0.4681487903215915 6.002033682117485 -0.03513761619947874 -9.275843012075443 -0.9799280599673681 3.999105584653165 0.8331144374016142 0.1885906288306005 -1.336464942424552 -5.599832192638506 359 334.7002120018005 2325 1 3.86834659418376e-06
 -5.556403736820671 8.529856972033867 -0.06114933779037345 0.3726422970940335 144.3487609772599 0.2167666821403458 -28139.31990971577 167.3392115947676 76.68065619695746 686.4710797919245 248.4093370017748 2916.146805233101 1651 127766 1 4.452894775219876 -1.318160765241456 0 -0.2823905368968962 0.09497203262444387 -1.889458512184617 -9.27528292204639 -0.5271974080883011 9.430939630787377 0.8151614445795503 0 362 380.0470750331879 2325 1 5.135954157241995e-06
 -6.58107341357322 12.09750977811915 -0.1098518291606841 664.193577750112 46.41461319919914 0.2553565894298462 -2805.774604308616 11451.90614681409 261841.5725824365 0.1687555504187916 -2715933.681507659 3101.258571932175 391 173456 1 4.075949777374318 -0.1816483716423978 -2.841960053573143 -1.153705353342536 -7.852601940478447 -0.8445226200212481 3.299390749774792 -0.05080740814851841 0 0.8140934741958663 -5.962531388018689 365 507.7650029659271 2325 1 1.025241074236399e-05
 -3.578753371243767 0.3884486703082685 -28.60737398244319 3000.254187200988 929.4323172244425 0.07425340902799026 -2959854389141.725 14862.5983365895 594222.8231916305 1.079680918938635 14.5147821014708 3029.256421537631 949 124834 1 4.56589270286313 -0.8397687333123267 4.953140848565535 -0.8672276408723629 -3.952452308211951 -1.221270210915415 -9.744155939274023 0.1117449665325196 -4.418662657533512 -0.2079375288341758 0 368 377.2548439502716 2325 1 6.635606445724096e-06
 -2.899360516696043 0.134368359868325 -37362.45450027335 35324.79635305711 127262.2632899917 0.09540766499369888 -320898589.3311943 6.037503365153107 1.483397907441564 2.968564110328199 2.683081260114579 3030.68247133011 516 127758 1 4.255942300479796 -0.7476726989168627 -0.2210580098722468 0.3577206172623621 0.4782814962787807 -1.401648133663519 -2.292073683763529 -0.5401492412689732 -5.956403488608095 -1.788981170260463 -9.422420618242283 371 372.0400431156158 2325 1 -2.644462544372002e-05
 -11.27119210998947 10.67986327412849 -0.2630843121170596 0.6069025903379078 10.48713322251391 0.1582028087283361 -2444696.213728527 126.472341710356 41.57323176784162 0.07620071975888623 11534024667811.93 2829.839678727076 4069 191661 1 -4.490720965442968 -1.109580391739733 -4.594468595580238 -1.112134057712402 -8.707892303593761 -0.4456835944445183 5.744189802545238 0.580462999552438 -1.500163009243638 -0.4853578905755604 -6.666701156087151 374 564.1182389259338 2325 1 1.703707271753574e-05
 -3.012958699742858 0.6263803851119768 -1.78552317654936 9198.477014087066 32722.52694574651 5.202498446066878 -0.2896329064623595 54.95157916320039 10.78431466165619 1.368042414968721 6.467692771143314 3091.044153294618 891 191175 1 2.179558527287657 0.125375181047345 -0 0.9695868964609535 1.799602675353311 -1.989375552640515 2.845292945539156 -1.935423483153261 -7.370660532639999 0.1860544640725834 -9.27193523556628 377 564.0970220565796 2325 1 -9.178102473006476e-06
 -6.371283575501754 8.208833943076677 -0.09869267843197711 186.2785211107337 3.124476308467682 0.1255908372307718 -40631340.4457363 424.1380781087498 356.9865070526736 6550.578274750084 93323.91970887809 2820.856904057409 457 110822 1 4.649977153712558 -1.117194203096437 5.133738532410929 -1.37327749506427 -9.379507972834782 -1.129036612062553 5.210136549866673 0.6974109635098014 4.816956523947196 -0.3471591647179988 9.57383890357838 380 327.6435089111328 2325 1 3.154055976200506e-06
 -7.217932761765458 8.848361654025885 -0.112100047252282 3.055364749730469 0.08082413306577706 0.05603160482929904 -3658276128353676 3524.549047828232 31715.25712712672 17042.18583617453 766079.3449291885 3042.920969745159 1459 191664 1 -3.802212541288906 -0.2941093176905616 -3.608046488630205 -1.567685007498362 -3.70747246117996 -1.817989962037995 -1.847421739805332 -1.449031057770375 -3.733076838768223 -1.585098382371529 -8.995841871942609 383 563.4493181705475 2325 1 -2.671427330545865e-06
 -4.433829585642146 0.9977020056404896 -0.8163383755233138 1.452296268386276 0.3661985387840176 0.5172311299749299 -36.50394626188795 11200.09926393977 250189.2036891924 0.9904931049176827 5.742858966838652 3071.166313317759 856 191491 1 4.449629178618899 0.3893034079604734 -2.095975951292421 -1.947071669122539 2.862319237026556 -1.417228974424868 -0.8796041754960702 -0.4907582708503551 -1.982057684385617 -1.045238426284357 -1.675660307105419 386 554.9806749820709 2325 1 1.535916665677364e-05
 -5.243297878006829 6.595162928806668 -0.06179594593891161 29646.50202656725 67762.00700938833 0.2633302864844593 -2626.046357996707 1253.570580846632 3393.243459577272 1.539874283714743 6.116670388027476 2892.233887643759 950 191617 1 3.882946912323166 -1.220602391936259 -7.383778721231877 -1.363609897577823 -2.9194731609647 -1.402714463367233 9.216603580770702 -0.1001712756396449 8.201857410599125 -1.492345740704118 -1.607537839020471 389 563.9454908370972 2325 1 -4.851095512217006e-06
 -7.974491661914823 8.653518284136327 -0.1565421092230653 0.261602109726403 6653.242037767979 0.1310042267835516 -75537963.37436751 187.7001832560269 70.03880988552983 0.6042365046702216 109.6425175964362 2817.684444592056 1694 191650 1 4.40527618121029 0.7681255953038389 -2.76011421694398 0.3516893601391162 -3.844153909639189 -1.358501236912188 -0.9403998754692715 0.2366905000524819 4.120734451721101 -0.2282410554377048 -7.206578513836762 392 561.4341840744019 2325 1 2.175902385462975e-05
 -2.854156055931396 0.04033602854086911 -5.748558797806278e+20 36.33290640410138 0.6078760191641183 5.072378025902236 -0.18237668050834 576.9415129991854 854.2665026745653 13830.05456706567 454806.3697020956 2901.866912388855 196 125861 1 4.324914839230052 -1.236206291091099 0 -0.8548079317840891 -0.1054992326779427 -1.38891899952357 -0 -0.02777770700989195 0 -1.33910940298576 1.42745176134199 395 374.5759608745575 2325 1 1.585885069455855e-05
 -3.549808445813796 0.05859658787801009 -368935409864690.2 59049.93466554337 504118.9138046997 0.1518416393655447 -6030818.490364487 101.2008066813989 32.9167944533955 0.9640582073707976 41.00221939008084 2947.642812046918 2907 127751 1 -4.424475226293093 -1.559828535331006 -8.703294190644263 -0.4139698672479275 -9.578968193458831 0.8215389196130429 3.197415102766216 0.4145528206186868 -8.360833815726012 -0.1854205875398112 8.59962506154225 398 379.4961450099945 2325 1 1.5544764141308e-05
 -0.5299791525668002 13033.23047093087 22470.48089109176 1218.26669847305 145.730572801725 0.1426454845503456 -13826453.55037933 5331.003895540993 56689.49488063955 108.0990505050343 36.14282382676078 3142.706059838853 167 186441 1 -4.698332142519952 -1.283069348609835 5.454628326064749 0.1507392162134717 -3.467419343110869 -1.631504282753492 8.008562463954588 0.4643759943848655 1.114495480408231 0.8616210943524827 0.6049626717886611 401 554.323077917099 2325 1 1.89071653733232e-05
 -8.858002488472252 13.26607707264612 -0.2106389387487099 1.80513061499187 0.207434205466595 0.728034321996986 -7.557636763125513 1557.839317667095 6212.782772965201 222.7070429238744 135.0351992867091 2836.175843846644 1403 127769 1 4.37565702685164 0.1440121424631919 -3.390540195677542 -0.817501765027135 9.202785319398298 -0.9962848520534955 0.5571932871711693 -1.154657816398295 -1.130526605876218 -1.478045169070523 -0.6318608023096752 404 377.4439089298248 2325 1 1.892721267320695e-05
 -3.005276176344358 0.1487621123323093 -25723.16826969049 0.582223712472056 5.784258318790478 0.4069899300310453 -28.00987517099157 3989.621678710992 34138.95668081757 0.7604531269064397 53.87534138101997 2826.279288660453 791 191634 1 2.953693184430468 -1.068628625077443 -9.938420978185203 -0.4984959754244844 1.809085057841956 -0.6578288800432146 9.222863569195797 -1.70995521325621 -5.804024550920662 0.7889928071700818 -9.647569127527136 407 555.0580530166626 2325 1 -3.023912216104347e-05
 -8.07509803844516 9.971895333756253 -0.1720549043672924 0.08306812419730254 948779057222.967 0.1320956203899585 -74763658.73068404 377.8079621132644 362.9290552366758 16246.06826364078 632881.1991006971 2940.825885177127 1207 191530 1 3.982742024979889 -1.850530597749747 2.44761193491287 -1.056937678619714 -4.976013152945964 0.5326205839744436 7.703542695240721 -0.7172443083904305 -0.4661765081228983 -0.8618581153719278 -8.783415655069414 410 566.826700925827 2325 1 2.921535029918051e-05
 -3.058239208557317 0.6141426285514551 -1.690614039978531 560.5949679466809 47.37007781429977 0.1057850412595134 -584088990.7462349 247.6950133361205 154.2321624623876 1.121515915379748 16.19812699161636 2923.738021594332 1193 191661 1 -4.440366894336101 -1.646455696745186 8.550686738858154 -0.2344499852824216 5.56029942134887 -0.4430372411241095 -4.805207676859016 0.1525198593912047 5.779705957396058 -0.4966113365094965 -9.90017899963305 413 563.1516489982605 2325 1 7.000245611461229e-06
 -10.91192025508558 12.14379715760616 -0.2550007287965283 0.04667635565088986 -2.002262805364624e+17 0.2774065711427695 -970.1975819965347 112.1263865765551 34.73616838789433 7311.1729737194 60669.20779723608 2727.34639517357 1902 127745 1 -4.670901825012573 -0.0703729104914768 2.714665559579206 0.4258410332586289 0.6135064426470818 -1.13345991117708 -0.7067398548722137 0.01358967536720037 9.27538169432219 -0.2169136507036065 8.294497119490959 416 378.7480108737946 2325 1 -9.577539573265733e-06
 -2.649002728739162 0.08436359614435988 -350321722.4158915 70170.02467575511 266290.9553724075 0.3280667655645242 -486.6572236961431 530.1849654713176 759.2877851493784 3444.010641179962 25594.51221722698 3042.765585068367 400 111308 1 4.642358223487959 0.118462316250493 6.535110035556748 0.8803969282648412 8.427186591216795 -1.103652297751606 2.780007416400692 0.7079767914585933 0.9843223984265284 -1.438485553870594 -3.592472115721286 419 327.2647349834442 2325 1 -1.014369402770978e-05
 -8.009711922263273 10.8830211438101 -0.1646318264895772 353.4724121342551 14.99459836576501 0.1490528957546414 -3640110.630323994 65.40069413206122 12.18728939020123 6.608529311849594 1.016276735775583 2991.775847547279 1873 191626 1 -4.292620569817595 0.6955317084633506 7.180492316436411 0.8703817146097887 0.9812517649421566 0.9757264022539656 7.126786656516424 0.8104084995447298 6.315940078183877 -1.310119248497884 4.012925952601583 422 556.396430015564 2325 1 1.282541300361074e-05
 -13.89876352660294 9.849572092660138 -0.3262624461602741 12303.2012786499 -9068.747637755594 0.1246002652095593 -83226469.21398808 23.83874495040931 2.66886432041085 0.05043463468098902 1.641765855977857e+19 3073.518211490426 2654 191663 1 4.567417699626937 -1.804698796898439 -9.819059244886121 0.08671003993915868 2.724459854618248 -1.757654133381106 -7.703188154127437 -1.742392328870038 -3.243087450988745 -1.810079954118345 -5.470698228981226 425 566.2889168262482 2325 1 1.408029516469835e-05
 -3.759750032137484 0.8899706273334248 -0.5104087684235992 99.99639239193679 0.3953134659366552 0.835779142482596 -5.091126674650132 101.1355573304029 28.4556177843849 0.09060419999194243 -3184590087.890419 2916.436350099903 1203 127713 1 -4.570508878377883 0.7900920707553141 -2.201372452929153 -0.3381053658176114 3.519525522634734 0.05623580344608836 3.980360864339267 0.1780891681051231 0 0.02039341305860988 9.180470962655281 428 375.0100600719452 2325 1 -2.425215944789761e-05
 -3.043745114264749 0.3108977060283943 -57.51448161622827 19184.76698840088 34329.78573227036 0.04164507465794652 -1.201551300048816e+19 61.38803587985839 10.88213974925521 1.751520982424669 4.810144605524723 2911.762259112651 1173 191529 1 -4.652630287580598 -0.2828664197566094 8.271803394651867 -0.7188779763847464 9.112342412838974 -1.339398679827877 -3.410581741070117 0.5379182917759571 -8.848022953513015 0.9315033832209432 0.5099328628762669 431 563.1824350357056 2325 1 -1.601379135067319e-05
 -3.205138208074231 0.2114954422381241 -1859.986614297419 1716.768681357581 374.2119511845369 0.2629676555313923 -3702.750155436881 1327.845651945148 5697.447558534369 64.73269846492087 20.03370269478051 2809.745867404432 1079 191623 1 4.686692965556345 -0.8108860245603706 -6.946344298123064 -0.3501561904674828 -0.6036779342041658 -0.5764443015878689 -6.526557773515627 -1.689203925073179 -7.189619292034447 0.1052828833665767 9.952875508581061 434 586.3900508880615 2325 1 4.719520961823967e-07
 -3.596276440833165 0.0423983114115747 2.411851402003779e+18 0.1111173364185094 34196244.98179798 0.4365869097711767 -60.43214654138171 115.7730931397589 42.93431418727261 0.9582654865957112 27.40257535900756 2921.526464259985 1504 191597 1 -4.44363029649134 -1.560117999314469 6.243956185760735 -0.3381526009813812 -1.189673715114167 0.937611222295093 -6.292494878847748 0.4253450871781639 -4.590826336982949 -1.707702219198209 3.139678282752217 437 569.7920098304749 2325 1 -8.81550761818231e-08
 -3.316608947077727 0.1640671159809028 -192658.0646580772 0.2060310492031645 -15634.43699467646 0.2658250843564527 -3667.321275460843 2885.908933829844 21455.58086010717 0.7831771414529557 101.4989863224446 3016.276191674845 3700 191657 1 4.345383215097498 -0.3349121478337009 1.076991379630634 -0.7711400161264415 -9.195107731968434 -0.3622376928327817 8.471693344449156 -0.7704522404851257 -1.148329496264759 0.06906710673904069 -9.815929982544596 440 564.9855659008026 2325 1 1.611699379062727e-05
 -3.272012349603476 0.4395957824141806 -6.349126287380748 7511.016272203436 2321.659423689057 0.1127681634902436 -37750236.43386578 454.5810478942036 433.9102885763182 56338.63811961383 9359026.724778408 3072.203953461216 337 190505 1 -4.530372097157333 0.232321173675845 0.00569361866920115 -0.02487169404658298 -8.769894756268224 0.9234206077771732 -2.447004092977824 -1.135040228017573 -8.292975172385884 0.274215999650651 -9.666739055063905 443 561.6350848674774 2325 1 -1.665050282621868e-05
 -3.942040093800513 0.07352458562546275 -1143773655200.777 631.8310607072638 44.61577964094428 50529.43899564789 -559733.0769244261 315.1129384346748 241.1001822993235 275.0581914024237 145.3008938691121 2854.081044507155 2413 127738 1 4.469326003471252 -0.1035120431346082 8.859420052165932 -1.297617889001716 9.770539127512018 0.6521739572481278 2.365891520170907 0.01632031833634382 6.232091799413615 0.2073460580054669 -7.194243356930974 446 384.0892798900604 2325 1 1.849284964026864e-05
 -0.04927721947434655 10720.67189979651 17202.87890942034 10.8185537862708 0.08777964761183897 1.26252661151671 -1.254523018422721 509.2521809426046 668.8448587507554 0.7206697732679888 33.57579887719784 3003.482831318684 286 206026 1 -4.089266938326863 -0.5647336639344296 8.835548692064162 -1.798394763177333 1.186559404406223 -1.914447147122426 3.270066741362459 -1.872483898648435 8.593212782734042 0.7869883261102957 8.347787970408985 449 620.6144728660583 2325 1 6.565505127599341e-06
 -3.563737192331536 0.04199777284533451 3.695346147741487e+16 5.015587118190035 0.0628909561039202 0.0461523524163031 -9.030678214757114e+16 42844.03389960568 4726471.140753129 2.082649572206016 4.918325498947533 2877.222214542896 1454 191659 1 4.442997967046474 0.5898780567902095 -3.327105862868566 0.8323050537591894 7.754905917402279 -0.4865898407699527 7.156389503760806 -0.908565298042582 -6.419183977364725 0.590717434863361 -0.08041727950053357 452 562.5910789966583 2325 1 -1.74300264676263e-05
 -2.990053177215535 0.1445984059723765 -236421.4042380899 442.3532728083061 30.73669048419249 0.04225857463177569 -4.990792877097988e+19 2327.172505387001 14155.1834825095 25647.34060888142 567671.1696560367 2922.310063930277 364 127497 1 -3.793387280743968 -1.479908129667497 3.545991981419565 -1.892564115733204 -8.333587106254424 -1.209986150007372 4.863059200127796 -1.105501707585828 1.575978359485614 0.6211545454507839 5.981676791456808 455 377.9493210315704 2325 1 -1.616990016330034e-06
 -4.230362421182563 1.157612414558095 -0.3683408338452495 3.075048461969743 0.07764237407546727 0.2357560060658369 -10542.75454287432 1097.502908851188 3301.774072734144 1.352306104531868 12.21000147442934 2879.509821042655 3213 191660 1 -4.690757532867441 -0.2838978287633269 4.905130459328136 -1.86091370484489 5.642070782325166 -1.558167264333528 1.145929822920538 0.5039571584777258 -7.658674893528987 0.9770226760630303 3.012825762444906 458 558.270516872406 2325 1 9.601347451634155e-06
 -10.20114974497205 8.809266310460442 -0.1964708863491524 401.0164410967668 7.94289646664156 0.2313759358177547 -9981.789457279205 11354.84513138248 266384.5023879619 33975.78773071553 929351.425163734 2780.437106379282 1744 191661 1 4.499421296139281 0.2885380526021932 -7.801509667714173 0.6456965088122124 5.426821006031424 0.06691345255952494 -3.22665139891612 0.4484573483080476 7.014058619983023 -0.2412630062081541 2.267495976862371 461 560.3540019989014 2325 1 1.995859022310752e-06
 -3.911993362748029 0.939370947248851 -0.3864087004815002 1797.7626032303 276.8013303266662 0.09702584416450437 -126163679.1435574 19.52084583722176 2.359824609389776 0.06076917537558046 6498446584240.527 2949.915843008419 376 127729 1 -2.76738645514467 -1.731587683128601 -8.195677049463152 -1.263650202657404 0 -0.3856343587464863 -5.04482793774198 -0.7505800130408122 -2.810977175179077 -1.686402094046347 4.227397692428731 464 404.2915089130402 2325 1 -3.071864056917132e-05
 -2.314249207376531 12.2017850216441 0.0497776975138097 0.2465333834185006 3637.899518715999 0.1522465402772182 -1375042.782132003 2458.30123327347 16816.54772936317 1.135453979681136 7.126129733628475 2965.720603069811 1175 191304 1 -4.673628274186567 0.4692161007500477 -7.003358729097657 0.04667433566191014 -9.090532514859078 -1.579723183785474 -1.68257643102453 0.5317106352748229 0 -0.9808490582188654 4.511098250460731 467 570.6563100814819 2325 1 4.791791306643158e-06
 -3.717707765794662 0.2844044434773301 -276.01048886618 0.2455756519247751 -1922.886630083121 0.05418109389471044 -3978345693297492 42489.0816184299 3358997.158837107 0.9234523741798432 -14.52208560744064 2988.10554689941 2650 191652 1 -4.615084296395318 -1.734062672356928 0.5138088720946232 -0.1608950560825324 3.366742997524327 -0.8445336918297085 -2.107163380597354 -0.5760648224635112 7.54447903223854 -1.507059807847067 -4.056798085658743 470 565.9636099338531 2325 1 -5.507985417474579e-06
 -3.505446567761174 0.5004702087941142 -8.01570281275492 1.548807582027512 0.1527775146390048 0.08875848032846646 -21204335921.25098 347.9566992767821 312.5775924292595 56.88535857711253 10.31406347062548 2900.01419124454 1236 191534 1 3.781536972757917 -0.1762205965411354 3.901994062202665 -0.6426976241700189 -2.076344848265311 -1.317124573439361 -6.209539199414188 -0.7960751558234468 1.314443583947428 -0.3814089677821215 5.180942417080806 473 569.8677899837494 2325 1 5.1633990075011e-06
 -3.674467698484705 0.2027244945651209 -2611.086251322978 0.517794566344748 6.174276836555967 0.2400199510124964 -5211.924642815946 72561.38782195159 10966410.58345566 272.4751520053966 51.40526355545217 2759.381869892268 612 127756 1 -4.624216161924358 0.3040405959633948 3.332737611529471 0.900877825555201 0 0.8060501917942737 6.243453759107249 -1.405849907898229 3.566149812294721 -1.900612642502271 -2.079009376373102 476 386.2177810668945 2325 1 -1.332621636178186e-05
 -9.009937278682822 12.56271681349325 -0.2037920567465851 1.306423325202287 0.5904554148442689 0.1526676653921253 -1454847.625659734 143.9299516138517 47.21648913502435 0.5463058892745347 399.7028928664868 2863.794363446519 2674 191661 1 4.589620881993636 -0.8999421738068367 6.650010796034234 -0.6027731452588974 8.550190599507989 0.977618341133331 8.269414432101605 -0.09372307649034008 -2.401974235000544 -1.923372828337983 -1.500252346618995 479 567.6637420654297 2325 1 7.936514249578425e-06
 -2.880128460022386 0.1631292752480036 -258113.3488143553 486.508100269296 32.64247897188159 0.06014076320406416 -5508400226480560 72.37607860611632 16.65938915053172 3.075071276250247 3.201711158238763 2945.976897933557 3474 127771 1 -3.999144603057097 0.6615202496193691 -4.992525027740496 0.889415725858437 -9.105973414805172 -1.424982168972015 8.17927947124166 -1.86232235863382 0.7550363174462453 0.6964888838158441 2.498078171702125 482 387.0004901885986 2325 1 1.679051805286376e-05
 -4.36216493215348 0.3629965523802028 -68.27271526094205 1984.242500214564 254.0492807046114 0.04951666106561412 -2.204214507778881e+18 64921.63808310321 8543287.827910135 0.4312869749354355 898.124993741035 2858.72003043219 1749 191660 1 4.269831086381854 -1.64237136701508 9.452923776042921 0.8047738440335075 -1.479412610552793 0.300955553728071 -8.043036581868192 -0.959436047633762 2.945628891473793 -0.1591399974747789 7.55367484742372 485 560.8900671005249 2325 1 1.004051065345757e-05
 -3.124558797275673 0.1337451570907982 -255274.5640369215 235.9413738181823 8.107310115090694 0.06476487031706009 -5477008186884.412 2164.112522194577 10775.57837123421 1.6497910882186 8.626310350607234 3012.34329689259 3032 127741 1 4.251934664782094 -1.126232200868418 -0.915221273744856 -0.4275561121174309 7.722289846438896 0.3904352569319514 0.6362667441184775 -0.6115448911604009 -9.268639744152251 0.8591720821347542 1.515411470900625 488 382.809072971344 2325 1 -1.401786715237144e-05
 -4.241425969588829 0.4099565158829874 -20.20718835954034 119.8972075050052 0.805898839542034 0.2632225127700262 -254.7198506866741 919.6780175010365 2003.140771290083 1.369491414142199 9.038603264027813 2848.461467966384 197 127353 1 3.891936940190033 0.2881531817289082 7.542645627727733 -0.2393261952033336 -9.241518836036462 -0.8480784239681789 -2.938956594595949 -0.8431681254784626 -8.33904010889205 0.9795408320534369 6.656541985218865 491 379.0540261268616 2325 1 -1.531273897563211e-05
 -3.925953984207657 0.6956015969418846 -2.083463393279807 0.9954213116239176 1.321134371335275 0.3203632784071453 -1069.663496470518 87859.69533783205 14148580.9533013 1.640098604511837 9.198396812459061 2751.352175131782 2056 191580 1 -4.314284874662298 -0.9580309038500081 -1.477152140480326 0.5810634760918019 4.820503414075646 -0.2946572932837777 -0.7284985357530442 -0.03917781932860188 -7.378480514962494 0.7876584562116982 8.979891196802479 494 568.038400888443 2325 1 8.96244308711196e-06
 -3.94797432655862 0.7737126017616888 -1.450284226708653 0.04458128265822789 6.002967876197901e+19 0.4358280476655233 -67.16037522626101 78.38783931981749 15.9652425108886 0.6037045163056136 279.1341997198008 2858.091566379816 3034 191663 1 -4.67843053940067 -0.1352516753861215 6.479457987679142 -1.301267462561561 7.373085870068024 -0.2089868892205695 4.930956840895238 -1.971835111482485 -9.917029010169953 -1.728847783533248 0.8055520603026132 497 581.5790128707886 2325 1 1.089410092411849e-05
 -3.917423815012735 0.5630297010172816 -6.007117113375029 170.2575032234825 1.865096212226998 0.3839393914839654 -285.4883305911591 1024.144760026076 2638.749812990444 11954.0839115883 97730.94871472262 3051.426958617153 626 191662 1 -4.461331181177042 -0.3294663625280166 4.872984265491141 -1.668860191756217 -1.299502091333628 0.2573655358648623 7.158103745776991 -1.005452141137447 7.515926224237399 -0.4008434361971442 1.070847145735771 500 566.3328912258148 2325 1 6.573969849020288e-06
 -8.753359348757019 8.126297794441134 -0.1673417362558307 327.1624782953299 -5.372070693023206 0.07588739339602765 -828256921042.7372 1751.274703553519 7004.421508145972 4.749413773037989 1.250733174328606 2830.337892355677 2058 191662 1 -4.411637079095638 -0.2054154883127594 -3.342993449224696 0.1000549817168061 0.5441543332703622 -0.1349947872068142 0 -0.2835072539988204 -9.090682390313972 -1.990924801076774 4.461407105698926 503 576.9046070575714 2325 1 3.027284137900542e-06
 -4.066924970516363 0.473451763488267 -8.721202146876578 2217.253312327337 405.3049869950751 0.1499181452896713 -745306.3450480407 11224.25361908365 324279.9985991084 1.393785153179118 16.28411634140355 2955.38809985701 2102 191475 1 -4.035751799405075 0.267983635750407 4.917187534222699 0.5969348438963546 9.88402405496478 -1.381035167173612 -6.90127257433478 0.1462109250866272 -4.070095817789731 -1.706773529271633 -9.410753488565099 506 570.1333417892456 2325 1 -1.172892635807568e-05
 -6.306132375429188 10.80812728155819 -0.1093139537741259 22.4672898199602 0.139802294777177 0.2696703071129741 -2665.29772328641 100.5216493392419 32.18410212448809 0.9555151245861984 47.85420791150904 2786.285074309801 3647 191658 1 4.601332828317866 -0.963185916617749 -4.801687762698699 0.6529541883135463 0 -1.43377687279216 0 -0.6084926923044449 6.295746271539464 0.1850707563433684 -1.824841770916086 509 570.3519990444183 2325 1 8.473069544925936e-06
 -3.428709743469105 0.383981281841801 -47.67139478821218 0.1225195821009912 37394386.82603436 0.1494179202465934 -2553391.846764218 1336.422590959665 3888.633527265052 0.2259530064532612 186145.2011408734 3228.761797973719 1216 127755 1 -4.633673690644726 0.1060757283097415 0 -0.6600775780367929 -1.970645611259023 0.1023066800641459 -7.277618219564483 -1.836686181247161 8.771828814244838 -0.7592875926111304 1.234327950638742 512 381.5428330898285 2325 1 9.818087698068557e-06
 -3.338020051437179 0.1099990765528539 -7167905.467496466 679.9399068694286 37.56472378187591 0.06739834670501998 -12254358870844.84 404.5678750591115 378.1823376122283 0.05006621705087584 7.153138319288394e+17 2933.49689730887 2893 191639 1 4.520255291340737 -1.429438752667564 7.299543615002772 -1.849478187964436 -2.437594337903517 0.7124442535447053 5.838734393070919 -1.482950306357335 3.873073623271417 0.02210860864606085 -6.714854113442195 515 565.8699328899384 2325 1 -3.408739512779657e-06
 -3.506100157887638 0.4455550227810128 -11.17885243440808 0.08916750974391886 20533066373.55595 0.05310002504203706 -4.365316340546392e+17 165.0291723138575 64.81318768183772 66371.98732328595 4277734.089937502 3091.683122078062 859 191658 1 -4.61415906928281 -0.3142635480559247 -5.559345986993192 -0.4581782354780621 -6.390368257074068 0.8986308622382038 -7.297262912647181 -0.149684086301634 -5.327040332941031 -0.03601101334955373 -1.765465446859097 518 565.3091371059418 2325 1 1.422717801992208e-05
 -2.704461133486333 0.1888021235628986 1337.25565670634 17.90149832273254 0.1777120426134804 0.06410786465671525 -4098448530279.902 24505.06913293604 1526279.023703635 734.6348982259017 416.6483300404233 2730.544636127055 2662 127755 1 2.124341864573703 0.37724358566867 1.16806833447549 -1.231179338785693 8.304562928383209 -1.129508396077607 -0.2278021588340176 0.1952060097719403 5.315815318630596 -1.971063623999902 0.960263230805499 521 385.8221619129181 2325 1 -1.723763121975095e-05
 -2.774853470291101 0.1824349235803331 -24763.14635601388 54.95180307783806 1.535797688269635 151.6670154564628 -9.133073038639163 753.8170341495864 1120.983156283306 0.07728591444729963 5248444284645.134 3131.873741538704 759 191542 1 -4.314659130580928 0.5980839038965748 0 0.8104180532353404 -5.044286923415736 0.9797437732076748 -0 -1.041221063090028 -9.782954571291851 -0.7848709952241339 8.071099434140223 524 566.5685300827026 2325 1 9.631654808734133e-06
 -4.195559461702327 0.8312058759762031 -0.7360218226792614 3.668455851286899 0.01930219098988343 0.2226711792728175 -2996.835785841003 3445.115446604255 24094.27374724382 0.05215985596656852 1052985412069521 3018.641092581279 3896 191664 1 -4.4400297832737 0.5613220596886732 1.793871497901284 -0.6231517817600505 -2.878362184422098 -0.5076017416629677 -0.6326744728797742 0.5492450211108357 3.692907369669818 -0.7538587124602749 3.182500183773138 527 567.1184449195862 2325 1 -2.827955782215094e-05
 -3.727110846664277 0.300453270518029 -99.6587744289551 0.0368218205774721 9.993531813695284e+20 0.1854095326568793 -84835.76488040019 10018.1501239085 207806.6665453402 0.059390116830791 301988772621099 2897.127438151837 1450 127705 2 -3.325604446685733 0.2107515458672808 -3.416975036709102 -1.314928522404938 9.779729580951475 0.8017726132973264 -0 -1.256201681831179 -4.616184188458991 -0.4042235087003015 -5.106116806641806 530 384.6729459762573 2325 1 -1.252407255360115e-05
 -3.632869744029647 0.03970647407303414 -7.802949823946413e+19 1018.320290224917 106.4251940688732 0.3164282791528182 -725.2708971143038 206.3343015894139 110.7930218438504 1.87702392389521 2.441388599792559 3115.920175566903 2293 127751 1 3.887694151024196 -0.3550903096869629 8.985187053385912 -1.397081444995886 -9.315727486729394 -1.981957790136993 -0.2142937210894154 -1.772007065482395 -8.001926869910816 -1.646052493030653 -5.020170480013258 533 384.0044720172882 2325 1 2.535162402409875e-06
 -2.958739383449927 0.140536231445607 -1912421.811107128 4.322517106420179 0.109191973139081 0.5610999357827778 -32.22143155993172 9627.962744444229 229739.0238926109 7324.837374830837 29478.88063822924 3182.372541282264 1413 191629 1 4.593407301374686 -1.74037122900535 -6.406897008971047 0.6411082640180243 -4.395148018748764 -1.148216055944815 0.3156580826819448 -1.376514440065855 3.634428865716286 0.2842376377730574 -3.452231524574803 536 573.3636569976807 2325 1 1.675185849775723e-05
 -3.976889796124139 0.2032414321113645 -7820.742016649248 7515.30724056329 2065.59820337792 0.2572168595638659 -3852.108326344955 12985.21383333859 404429.1208196149 1.663929560419618 1.598956218928574 2988.685594606387 1597 191661 1 4.674070085358828 0.7729172089672161 3.861355858019258 -0.03128597523228738 -5.245227673137774 -1.159785725316487 8.425905541371179 0.7596671770563951 -0.136273522022591 0.1382965140650216 8.304871792084638 539 572.3713209629059 2325 1 7.83355666287821e-06
 -3.924063373073414 0.1627287776973722 -154469.1919051252 2041.493368258518 805.0537304354308 1.023941368450127 -2.720255343548567 1020.892477108998 2304.778306970618 0.04333141740913518 -9.977270979405994e+20 2693.404856972087 2113 127727 2 4.345776391390284 -0.9893859456206694 -0.995490809783063 0.03022849160881734 1.35850524724736 -1.805983405527028 0.259208465948221 0.3350547174054825 -0.7316753768417597 -1.731741705332351 0 542 388.9524281024933 2325 1 7.95506127276993e-06
 -4.766762895156826 2.495625829537936 -0.1304217399472266 2.234098926130143 -0.05098312386119311 0.1064837554989756 -1301855709.9243 79587.13816439203 14920821.75328783 2.280947794868135 4.995914446879222 2839.35796431432 1735 127718 1 -3.653875256226911 -0.2790284630439004 5.776844914465831 0.8709369978983306 -1.819219596399552 -0.8447422431298381 9.835435236889243 -0.8311193532781243 -2.912693828233824 -0.007686021538888535 -6.894279343898678 545 387.3884060382843 2325 1 1.717948689237836e-05
 -3.348297485542937 0.1802449138533448 -6380.375745441278 12804.63024084648 17734.99961982476 0.2926609737937006 -1242.963920403964 43.28032197945885 7.134822506615189 1.110046540691544 7.139422754165022 3136.062407831871 1024 175644 1 3.715966584681258 0.08180140297009283 8.812413526739569 0.9667423674181315 0 -1.177613862575489 -6.895706273658565 -1.223551444675725 7.122073546012738 -1.990583414547803 -8.826658737173894 548 520.6169009208679 2325 1 -1.711289119089509e-05
 -3.969014909424281 0.2691869383320232 -171.481666758467 1.956074538007645 0.2385429135456868 0.6250353225147048 -19.25891073253131 44046.21111403492 4130582.099233513 0.1108426575650535 -767018456.5166874 3003.148340811844 593 191553 1 -4.292354952971662 -1.061420631363869 7.430144758375082 -0.9876613619412176 -6.008707374794191 -0.6592659851297382 -3.690412084329008 0.07611607615190634 -9.570976298866164 0.4404429628892084 -0.03612641463273203 551 571.3614020347595 2325 1 4.791198296282731e-06
 -3.258302380393824 0.1779596981887465 -21555.91653881532 448.8754849253936 20.33402436960963 0.04303302634502189 -8.002290547516995e+20 116.887420354927 33.19151696572357 0.1467567446515256 24247154.33422328 2936.436881435468 1118 127050 1 4.552830207365767 0.8038076555091074 -9.74179807898215 -0.3898952045914515 5.486847025139752 0.09598323207033176 -7.362664390743516 -0.02209150229831373 0.8577752779958496 -0.02327408007638179 0 554 390.6485750675201 2325 1 8.054794283730269e-06
 -5.572551381486437 6.894150277911149 -0.06528527189929755 2271.722742085313 264.8592379942275 0.2290913190052848 -7983.556855999727 242.2988980196709 152.168954480383 0.2134295240252108 127859.7516760156 3029.070889952466 476 127743 1 -4.115576669441287 0.3318856281027838 7.561430939131085 -1.574443263779974 -4.015628112146625 0.4532459856305033 1.217297088750346 -0.2615330204335411 0.7887933880556455 -0.9613243092141026 -8.626991194314092 557 358.2262580394745 2325 1 -7.239979248642978e-06
 -10.38919382025096 11.59402299447332 -0.2532154977414969 1.009582781032695 1.551619345418022 0.06763859068078579 -575167839554710.6 62.87695525055548 13.4968375023339 92162.99585573857 9950816.726760702 2987.738387241439 2875 191581 2 -4.643536912233176 -0.9793046973905124 -8.145113022887802 -1.833306406943531 -8.571490028474042 -1.466612616936677 -9.541711954729701 0.4133141145290478 -6.97342703573641 0.8111304094438943 -6.740953428361849 560 533.409392118454 2325 1 2.414436148319997e-05
 -3.226446902662722 0.4659341218030589 -7.653838757659423 10667.63986137504 4015.322796284323 0.1543417296829995 -696207.9622097636 26089.35295460092 1690297.329425743 403.4567656429429 274.8926723048884 2924.502885851732 3260 303468 1 -4.489918578174452 0.5377292602996304 5.575476868790976 0.3446978857203323 0 0.09019413994779056 -0 0.4249697119946494 0 0.3261940877234086 -4.422086192170233 563 1187.29439496994 2325 1 -9.051856654419121e-06


# name: injParameters
# type: matrix
# rows: 1
# columns: 11
 2.04 0.07999999999999999 3.1 1 1 0 0 0 0 0 0


