# Created by Octave 3.8.2, Wed May 27 15:03:05 2015 PDT <charlie@yukawa>
# name: outString
# type: sq_string
# elements: 1
# length: 114
Slope	Lambda	Gravity	Lambda	MagneticField	Lambda	MagneticField^2	Lambda	AttractorTemp	Lambda	AttractorTempGradient
# name: op
# type: matrix
# rows: 188
# columns: 31
 -3.289793608098408 0.03592567738122027 -9.998641255566131e+20 1138.685194174003 115.4819248046541 0.09389934938127459 -1286777216.564952 1342.011122999003 3906.983227230641 2.011428452210499 5.303173160721362 2768.489533694578 606 191546 2 3.766347168073071 -1.273099609298994 -3.406901061808848 0.9183131854238238 4.220698598735066 0.7261845269555862 0 0.1947816675549423 6.606493702964062 -0.5377725099178701 -7.564350700888436 2 862.0989000797272 2325 1 -6.206490697692168e-06
 -4.059798932576612 0.7318994705126848 -2.408850117783011 3009.367243273129 2490.603865561865 2.505405893688463 -0.5263112538920406 6620.756274087058 93220.56916835684 3.290931236903872 3.289876307469536 2941.591129154347 174 181987 1 -4.54425974336508 0.02436936729314527 -7.982310723164817 -0.102231699349268 -8.815870552079351 -1.286466765338514 -2.032146965275987 -1.595824939217627 5.691637871480928 -0.06899605358236727 -0.4304227160149514 5 761.3662571907043 2325 1 2.435055057627279e-05
 -3.370725025907656 0.6282524553275979 -1.546607085449879 1310.18369055073 31.33301073199962 0.06796145455486985 -236850659220573.9 97.85738287230177 28.6399022463506 0.2172974596586547 268354.378453807 3145.616830997969 1607 191623 1 -3.930955888852878 -0.2784046550643513 9.140624678047161 -0.6330570451501085 -3.288919720697419 -0.02942424972016602 0 -0.4151679553581502 -2.089816390969831 0.8021152952096804 7.236300903256012 8 706.5497889518738 2325 1 1.838438849260557e-05
 -3.651235020735212 0.4428098368333282 -16.44068981791298 3.040178237413323 -0.03294828536728778 0.04042854307501943 -9.989729793139367e+20 15.33862917596643 1.848937815686158 1.09589802610234 14.71259064908613 3052.134635825471 387 190741 2 4.677658944936448 0.1465202725171801 4.989907525397138 -1.224495773837918 -1.215411054398201 0.4447349579196711 8.124623242371314 0.4230632203798805 5.80609391002708 -0.0876414967479065 1.59720517681344 11 711.361722946167 2325 1 2.06336769530537e-06
 -3.142556417461808 0.5388687993378258 -2.582517317134807 0.2305719647872893 -2484.678952166966 0.1693113084172607 -304891.0724989639 2056.091965891016 10819.66074122232 1.839699031616973 7.809991434187425 3126.168110575959 1315 127722 1 -4.502449600855402 0.8763345767986204 -2.364239938935631 -1.668996863037003 -0 0.1044684492417644 -4.649961931519224 -1.896273204073822 2.295870833979325 -0.7697901798679627 3.987254003234868 14 478.6024940013885 2325 1 -7.655799387180913e-06
 -11.08021998829133 9.702594461644363 -0.2384451743942357 10336.3577560004 -6911.395893685944 0.06003707571632969 -640636822307473.4 77.80737082457719 18.94703245519158 1.830951130834163 3.928243213319461 2816.216803668414 2280 191660 1 -4.109624905555526 0.9942764116449672 -8.680313045300052 -0.05358831039885549 5.828638543945848 0.739319023425181 3.497948929822601 -0.509821979562604 2.518863771709939 -1.52573193987338 -4.282302592553869 17 677.6741271018982 2325 1 5.831770466030034e-07
 -9.031757825941384 12.71797060964556 -0.210151084641583 1043.861750617999 57.09456895674055 0.2736090983872377 -4078.827689417265 28.09518443249713 4.169044755928887 12281.21520485497 407568.0736906328 2881.752936965107 1283 191633 1 4.608761233271611 0.5053434234991552 -5.234807861670983 -1.815710594523847 2.447861849075501 -1.642277033811468 -4.199313645857695 -1.534766885101238 -0 -0.3634224751616477 -8.396241096635192 20 570.1141810417175 2325 1 1.518914689675924e-05
 -2.931571494524931 0.6415190476452053 -1.889804867206004 1.353235693057734 0.4422822771311213 0.1591478874402742 -508183.0270882721 78.12581388318509 19.52134092520279 1.902852984992808 4.304891440065775 2929.701373770032 988 127309 1 -4.439432867146328 0.1028896498906744 6.114785633113605 0.2202719388749563 8.970607881067355 -1.10697940605746 -0 -1.083799059249491 -6.709276887031221 0.7883077317244149 8.869283287517046 23 380.1891331672668 2325 1 -5.282956667820109e-06
 -3.690219231223936 0.3662796454519539 -78.0375222443875 62030.83650361314 322970.3491921378 0.1358438785595383 -10998421.81406259 356.1980157969693 313.8571304390915 1.229669755328097 10.95911810126997 2875.050192111984 2417 191619 1 -4.363510519370722 -1.692540774675953 -6.693626865408824 0.4032152984966397 -3.740018924022128 -0.8388123716290945 -1.803409617596543 -0.1438851070548584 -2.319420841725361 0.6347915353809012 -8.3381387357359 26 566.1439349651337 2325 1 9.161221691471584e-06
 -6.921646223870428 12.43334610102003 -0.1358971397829987 1.32736905180739 0.6561462429566701 0.2699119740237826 -3583.620826322984 42.89765879621991 7.448995802633076 0.05249042604371926 1.068266694807945e+18 2997.618839467028 3222 191664 1 4.513312553812557 -0.9232023931789186 -2.05503839387581 -0.491567512715184 2.483387868909321 -0.5540134354124895 -6.118945269379497 -0.5430372877978167 6.922224851153266 -1.070943626483674 0.2308007293348475 29 569.8180589675903 2325 1 8.499200770161497e-06
 -3.449692183392216 0.2289401591846177 -1090.011264225256 0.0495292717619598 7.266480635036922e+16 0.1042442017533294 -377952360.0808467 374.2602060754224 359.6864255891635 11789.57135482845 155578.3518704109 2839.679886832709 2379 127740 1 4.562950644930889 -1.588545612268986 -5.396316427113832 -0.2379297926717019 -2.774810695314355 -0.4721285053699687 7.101173357667339 0.797531435703013 -2.271808419453539 -0.5919879610452634 -0.7354561835257516 32 386.6464838981628 2325 1 -1.363536222745162e-07
 -9.23928838962795 9.172861287715589 -0.1983924826844862 111.6469164263637 1.874569103003615 0.5330249511981932 -23.30004221946087 15.74188007396096 1.794099889628296 177.4906795120949 27.52232034757085 2743.411032000473 1880 127747 1 4.082232462159599 0.1052377251964188 4.514162934780176 -0.3445583962213634 -6.866601884756362 -0.1721690109530538 8.310894865880391 -1.494308434043215 3.290841137652118 -0.3911987332185154 -7.831073564513254 35 381.731104850769 2325 1 9.01127390264875e-06
 -4.919042626262485 1.410945161305893 -0.2831235387557494 435.9879132004333 40.77402573972325 2613.832920309289 -2106.388734511775 78.95689878658622 19.14407106325258 38942.58295630952 1964779.54988367 2883.13545414665 441 127601 1 -4.576872526383136 0.5475904690406463 -3.882374863317715 -0.9002833507167196 3.57890541326277 0.4751906971848844 -0 0.6318703380547679 -0 -1.340677310265579 3.397647975181941 38 379.2933959960938 2325 1 -2.537363035879227e-05
 -3.368775391499022 2.161456625953779 -0.1004181795329788 1.413547857304478 0.3231821043304094 0.8200887294893169 -7.363246523249479 62.49655914890837 12.28981085935098 99.39616176292429 14.51348687093574 2955.808816859469 1509 191571 1 -4.567334798060509 0.06208376034927269 2.552125883278425 0.9392223392805659 -1.428023618281278 -1.214890805823488 7.498883487315466 -0.7942700997154359 -7.971924506189517 0.7491435304324545 3.391020350045853 41 564.0549068450928 2325 1 2.182843081467468e-05
 -4.954747433185072 3.225467297110208 -0.09271990028000104 542.3977525201777 36.74883728924459 0.1160637816970331 -227459320.5383541 2212.668998561467 10718.15356736576 101.1465732640656 21.54493836437977 2680.84209034085 668 191631 1 3.953622981153224 -0.9173483816885 -0 -0.2049503133181095 0 -0.7888610505080518 -1.549674987047021 -1.827842683535415 -4.831738249452687 0.7405982498788579 8.911056583432419 44 571.6149270534515 2325 1 1.204963257330082e-05
 -4.052495454575562 0.8467027699578029 -0.6019774072302184 14593.39423762805 27685.89440818867 0.5541541608183675 -58.64973757114146 268.0367740382002 160.9933154646271 51727.72127097494 2340775.931072869 2702.518327680408 343 126613 1 4.594525496447237 0.4837694716457492 -4.987784039315096 0.8156901367235165 -9.524617551970108 -0.8275969566965671 -7.04026631970423 -1.909595076030882 -1.234210490951522 -1.924515207035859 -0 47 384.8511850833893 2325 1 1.966389243138909e-05
 -3.472710752401345 0.04951421808058536 -8.218888907637605e+16 370.410216018662 16.38305861095864 0.8845932442404524 -4.286370894457962 95.3525972270443 28.65070969454428 0.04315520146192769 -9.949225705977334e+20 2933.34039667873 1827 191473 2 3.950920165614767 -0.391918724079992 -2.797448088292943 -0.4141811389331558 -0 -0.8964311907515263 7.526471239002943 0.5082395066538377 -2.907502635799732 -0.8559893233779947 6.548319528386714 50 558.0196399688721 2325 1 9.369343846781031e-06
 -3.21397567452318 0.3650895148852662 -32.64520518446014 13.24913048447106 0.1677317760117338 3.144501714422245 -0.2645595941568689 15866.36728577352 591941.1516251571 0.2220610874920587 210739.6482990094 2910.62361092086 434 127594 1 -4.267042599489218 -0.8453729676070774 -8.782666914680307 -1.494635313215279 -9.153535186731816 0.06055723871980405 9.639983025168412 -0.5986157515902208 3.450977902667014 -0.07932953862797909 -0.01483766796211494 53 376.8446002006531 2325 1 1.022515308987112e-05
 -3.478878076544776 0.05970073181703158 -28380313235292.78 9458.088316737078 12550.09874206276 0.04432208541949254 -3.837952614464184e+19 58.5340092714693 10.58173501588355 78.25395986148995 13.30673231257632 2954.305529303158 3635 127775 1 -4.605696993265984 0.5325563375568971 -2.12249725248205 -1.768870737876451 -8.058950201802984 -0.7958051295964417 3.373336517935808 0.2047171262865204 8.372471345171476 -1.856367272569466 9.909892804796261 56 379.6346840858459 2325 1 1.230177012261818e-06
 -4.155721907758873 1.625920753128661 -0.1834258819413374 2.621250539403019 0.1533206512912225 0.3446095915418957 -328.6303984431418 6.671666872261885 1.298107717072339 865.0156064101111 1253.732216089439 2934.147675246379 1376 191661 1 -4.474100045957274 -0.5693932571274702 0.6763642538677965 0.9455310215225863 -7.388718175653837 0.5641546240170063 -4.87420090462384 0.5580593762441954 1.043237843410918 0.1790266790046862 -3.548590367384941 59 567.7191910743713 2325 1 -2.919958562533959e-06
 -3.63752012620858 0.09905625226126705 -60206382.8974127 0.2586584739959376 166.7126236214584 0.1479191704198104 -1047537.018399931 19576.20098480731 770623.1479250757 0.5076045112831342 -111.3977849037522 2945.130835096109 756 191651 1 4.69102214039209 -0.8464600841491325 1.435046970303828 -1.974074100126201 0.04963453874965085 0.3056727671616382 1.341014612630052 0.7049071196575092 3.768001415548635 0.9373688649233198 -8.991203753213618 62 564.8702900409698 2325 1 -9.595930104869058e-06
 -5.257807381761038 8.35338288202629 -0.06363253626778524 1545.561780001868 254.6564119193333 0.1511352446973647 -1647491.693650523 34.58632227666035 5.105841439367159 0.9312694651486115 48.53171579659892 3044.512015121401 1476 127761 1 -4.559317097673015 -0.02667324811750943 1.608573762650634 0.7737674959138015 -6.499083398970408 -0.6622202582083787 -0.09764268168518164 -1.629027325096575 0.5799790945596452 -1.774037842516169 6.811685776015384 65 382.063854932785 2325 1 -1.644335140655896e-06
 -2.960379484685863 0.8058781775442448 -1.193613308162183 13989.81851523464 26823.95441474867 0.4112416085869196 -216.4025692641839 13263.87512788034 406597.9262783203 1.661767664140474 5.299291999023659 2915.205130009822 1301 127606 1 -4.58334651367656 -0.3880515199534234 0.6429055834743136 -1.216625658467025 -9.999346101194496 -0.276447015188638 9.989053819893408 -1.638086873122274 -3.467269390065116 0.6649724391384315 -3.871372375065255 68 380.9726929664612 2325 1 2.166616634213919e-05
 -3.234940806030322 0.4353213172004796 -9.30267494157437 2.849075986579139 -0.02789021634211551 0.1049920559094848 -241829254.3265947 430.2818422233593 445.3266952010513 0.2326008650524423 -55629.21299784619 3006.24495499487 404 127698 1 -4.688083759203327 0.4484079167477653 -2.447023843844975 0.4103513357054811 5.819361331670682 -0.4764142821085677 -3.384211632501252 -0.2469936145930963 -7.907497948579627 -1.67732534019408 -4.857130680718599 71 384.137451171875 2325 1 -2.049160816360953e-06
 -4.86116490972673 2.941900436774766 -0.06497685007103435 162.6924771437276 2.072585171993361 0.1284153976315457 -34953929.91521698 13942.06267511729 385365.5026962198 6644.90787926488 23984.37619713512 2862.805705834393 477 127291 1 4.470020891293147 -0.2029817135841503 4.577472821333802 -1.98387952785946 0 -1.738013922704032 -3.169028341943307 -0.9467706484194611 4.725648645979535 -0.8840417830052907 2.49176630484907 74 374.8467500209808 2325 1 7.809352087781716e-06
 -7.570241451037011 10.86475513065929 -0.1534427957511836 443.7453952688186 8.62596462717992 0.06442433023975426 -6791125151783.56 54.71527802308648 10.56045335682746 633.966990255546 194.9597413343262 2784.534807319567 818 175677 1 -4.313064241440753 -0.0414481828299529 -3.212403150239913 -0.6525900791015111 7.157601020542149 -1.83856460904909 -4.068398571213096 -0.0554001400905877 4.684502166923473 -0.6642796494815668 8.816563686137643 77 509.0630788803101 2325 1 -7.122550503104157e-06
 -2.757303682174153 0.1612281557357542 -244244.7594872625 4271.903046683227 2322.721290863361 0.05549190085313119 -3.980840506497514e+17 879.5274602045654 1986.9718812612 0.0673331542203006 2025700501250116 3017.64048855473 1297 127764 1 4.02408743418813 -0.4964124101889533 -4.309421391881296 0.9603041931361211 -8.57879742012811 0.301309220453561 -6.991313450283678 0.9236385789958717 -3.769323446291287 0.9461163946211757 -9.739117223474045 80 378.9747049808502 2325 1 2.147668421784305e-05
 -3.339842145830314 0.1271554139053563 -2666646.557895299 0.03971545487725874 9.995833599135939e+20 0.2461179349066725 -5046.656931522838 46.2512917485205 8.097987989403542 2.030315850323531 2.891575469537334 2884.869893038015 1781 191577 2 4.041709771213667 -1.210063691204242 2.673935715642284 -0.7226500497215174 9.342217528704191 -0.08679737036452201 -9.071085632116096 -1.092230585348981 0 0.2426396322951331 -2.575142560962859 83 569.9548728466034 2325 1 2.660398739312346e-06
 -3.348036546991041 0.4225260790561138 -11.2947499134216 55538.43711527772 119686.2746000232 0.2827040234150732 -1319.234699060358 47.25485657836131 6.60777286998163 1.195647442565758 15.06680073529271 3019.250780600429 869 127743 1 -4.286751548064048 0.3906947077015563 -2.803497526549002 -0.6580671069674411 -4.71207377852104 -1.218516696710949 -0.5742442176822227 -1.980149788036734 -2.438727412161777 -0.7680056476395691 0 86 377.9311079978943 2325 1 -1.477681529046375e-05
 -3.504228258381958 0.3899500285216309 -35.37379164764948 90.07381194195366 0.7358659474151986 0.2077733885501615 -67017.10659840281 649.779052064901 959.1741979953503 0.1847831202734377 -675505.0642697207 2842.262998454199 335 174506 1 4.197519934500273 -1.476295587760559 -7.352595438378961 -0.5117718699021498 -9.293541248356213 0.450008411027397 9.209019005346329 -1.954727459487174 3.125014606165264 0.1321921145504512 -9.706693385913701 89 509.9683399200439 2325 1 1.242350442229486e-05
 -10.25443459409169 10.50516271977241 -0.2203941752135118 158.5534742842737 3.865609507084221 0.2605845092688038 -2518.221224598758 114.5569666475037 34.35825465440698 4642.730513329012 66386.26129118355 2997.373587763474 2083 191634 1 -4.61491579306266 0.9316378724735999 4.546126393175426 -0.1121562145066922 4.289527012068826 -1.124407963234777 0 0.6486333320987994 7.584623025365991 -0.7391120070297825 -4.518821356111485 92 566.3222148418427 2325 1 -1.590575663364178e-06
 -4.663556026466879 1.022793286587657 -0.6639621098128939 0.1043596292462834 59345566.59166894 0.2434165069855284 -2384.936011772726 914.4862933381859 1771.16478524796 0.08843514211461213 5174379709.554758 2821.840509133434 1115 127715 1 -4.611342984627377 -1.345142253626179 -5.432124284938835 0.1104763022878252 -3.076991128868785 -0.2904364462989069 3.462294994760217 0.7088492479918487 5.896521620972118 0.9748489064702563 4.416928450774017 95 381.7069089412689 2325 1 -1.277273711655571e-05
 -3.866923185989832 0.6934236675709251 -2.175871004367934 98179.26615278791 1127601.408828754 0.4464868791833123 -148.8878111353907 11276.44523652077 343542.0765418407 4.378170952641306 2.546998356468502 2800.778697122539 2868 191663 1 -4.568821620426338 -0.8420221962515022 8.939373327190719 -0.3587380575508927 -9.587597243871336 -1.00291917580387 2.975007086182595 -0.6607770527770214 -1.091333854592967 0.2820254624100448 -3.089987641745513 98 573.0934851169586 2325 1 1.698871515231285e-05
 -3.047993345159169 0.03640157036291339 -9.996590189916612e+20 1.634398751835627 0.1845348402623901 0.07776598388751857 -194687907014.2328 9136.445042329678 180444.6271670747 1899.682476216847 2600.123670245219 3036.392863352444 306 126708 2 -4.431012100504894 -0.7119440843583797 -0 0.4292175612037337 7.851746016297675 -1.983283843061581 -2.011921494386091 0.3581586774753873 7.69235161709509 -0.9163826379995381 6.883959415549869 101 380.4571480751038 2325 1 -1.946724690908553e-06
 -9.017460059638029 10.91436578383926 -0.2006519388844019 394.4858638755442 11.87228276371378 0.0774222137822221 -102169582885.8259 93.57479061778619 24.96959789571158 0.06172933250426643 155518382173906.8 2799.983949718406 2480 127677 1 4.330786818983531 -1.946751517989536 0.146384473084884 -1.413155642647099 -0.2389243001547596 0.3088403102630108 1.463916690896021 -1.323324101761662 -8.460916291345891 -1.588662083453249 -9.995562229980674 104 377.7073237895966 2325 1 -1.150937238730571e-05
 -7.031947424542193 15.27285436156287 -0.1963392056293745 220.2862992342939 6.096600505806547 0.5380156520229065 -21.37900574129382 413.1458917365358 479.9546399485098 1.752252245984384 8.399981937601034 2902.580816956804 1730 191655 1 4.339175208261278 -0.5741690231335781 -6.317403699314417 -1.143271264713871 8.860323489611725 -0.9831373850078657 -6.595651825764425 -0.4309093243782466 1.891343551938169 0.6400498833579267 -7.766528860123964 107 568.9462420940399 2325 1 -9.904038738777975e-06
 -5.843884842218373 4.140351448659934 -0.09303226857402712 333.1381386925462 16.66882880585695 0.1716601838788258 -367838.998979455 110.9605689747088 34.07741328656163 0.04317228769982203 1.373757253131731e+20 3041.594753219358 1278 127733 1 -4.510329931119457 -1.835397408647433 -1.511638182752225 -0.5490167712914582 -5.764191270297143 0.8874072177936072 0 -0.1039913941090607 7.767749661037763 -0.9355177471192526 -2.035341440813176 110 384.7306320667267 2325 1 1.835077793336309e-06
 -3.231278735763894 0.2888182534525358 -88.77312209215242 5806.361656503283 5626.469185679685 0.1204412572031067 -29970751.89031161 483.2561025628445 565.8952829459488 0.2200831797096629 98437.02275208081 2923.635690273604 350 111512 1 4.139786738590282 -1.774609907803941 -0 -0.301272963621079 5.422813082089838 0.2146859361948197 -9.625456467579122 0.2525091851295568 8.235535449244676 -1.575886131371701 8.352025200828411 113 332.3867340087891 2325 1 -8.172932999777847e-06
 -2.864240031010593 0.03898140468400783 -1.036684567503503e+19 9585.109292707117 10655.86306195487 0.07684537359649743 -162246059888.5257 3131.210910413841 25026.50762010205 3.116443935159967 1.09132177854662 2832.364629407843 3157 127739 1 4.355572822586383 -1.982391058788227 9.316826563005518 0.4086616026532552 6.895644047674271 -0.6572446921762607 4.350102108406142 -0.9891114506583882 9.174803807043856 -0.3403579760347952 -9.093615348997412 116 379.8175101280212 2325 1 -5.22254933577882e-06
 -3.860406150691601 0.7395005981575924 -1.98722787463517 2.291417776393879 0.2075339106633426 0.4124203312968198 -247.86625127782 69031.15103952933 11134803.00524092 0.738881547327406 107.0923735536766 2946.472988520545 1115 127736 1 -3.347145757560351 -0.05477445952425964 0.2024158756711527 -1.298572735179739 8.665479892119233 0.9697918084077894 -2.727240618476398 -0.5941094492641935 -1.675857106003571 0.4687856681254998 -1.130553858024549 119 380.4123339653015 2325 1 2.202485252103516e-05
 -4.927648732901635 7.409984477058583 -0.06722839378528681 4.394280050821858 0.04948531044143053 0.1695501350757387 -457727.1456797009 44214.59364321101 4912195.805482466 2702.555472668814 1687.091035013124 2866.520594483246 1850 191622 1 4.181248805146354 -0.4684495812155909 -5.560465899689595 0.6813266404248663 5.567864757804632 -0.3756277079015007 4.543414055049904 0.7138163091436729 0 -0.4353680774235071 9.634489035750548 122 561.8838410377502 2325 1 9.139159822873658e-06
 -2.936206617782638 0.3213511536656014 -128.080098098303 0.1895237590408698 52770.70312499077 0.05297661476733447 -6.06775098853315e+16 96.96611623202098 27.43401862688038 8675.430655943823 114895.7211427904 2997.013378992041 2057 127765 1 4.504949232099447 -1.821999417877382 9.154517979998936 -0.5056949427449711 7.69435803440955 -0.8423722064459813 -7.35289484543997 -1.243499747411317 0 0.7297283223650295 -8.540763204687746 125 385.4388210773468 2325 1 2.061667628370848e-06
 -11.16080516282871 13.6871063470004 -0.3076472386615511 90000.26084550639 656941.5466549416 0.2034424556289068 -21909.97604326845 82.66218306621195 21.46863405300732 1.235990839523836 10.61933320024821 2873.968018433609 1648 127746 1 4.589144166394966 -0.3827567074235071 5.889008475654332 0.4530554638415731 2.640533995932493 -1.779994352017776 5.836488059637343 -1.470782593945302 9.947189301814177 -1.48750193061348 8.435839141750353 128 377.9950139522552 2325 1 -5.203755075903036e-07
 -7.482787729601811 9.489844039675747 -0.1481369648701835 83324.19788431615 540833.2098418485 0.2097039186871785 -20508.8466373035 14.14880469993335 2.088559245564351 152.5461189041071 68.15990655482142 2759.779187817411 1568 127762 1 4.174284229131137 0.5685820272313427 1.628404936154279 -1.503601656990807 3.559771141466717 -1.167537524267227 4.726742963578228 -0.5509086649737487 -7.513422217533661 0.7725142244459624 -5.005946151868962 131 382.0999109745026 2325 1 -7.373333100708129e-06
 -2.975934338156166 0.3230041392100226 -47.4069534816088 32821.14176355433 126313.5774456401 0.05167964675596758 -2.055668048806977e+16 2857.128797748687 20582.09772991683 3.475876225497043 2.263779340360481 2790.418203860936 1896 127760 1 -4.321280080647466 0.6830955065509627 -8.706001985484686 -0.8524069648338646 5.242182125530147 0.4580305539795786 8.012065360535686 -0.7466784144060075 -4.033903049729084 -0.6876585603034888 -9.376847299117317 134 384.1449429988861 2325 1 -7.463646902007157e-06
 -4.479063982602969 0.9278632328418336 -0.5953082008783506 0.2664469510447695 264.5916532335279 0.2048519457130951 -8756.466263170632 3714.748787872753 27351.68656614621 0.07993635939286972 22054255309.96288 2803.896641223044 2150 127775 1 4.440838672097693 0.6618282965071609 9.091274440021596 0.7005903782718272 8.921373233222598 -0.2500578975106028 6.048627807437279 -0.2393114015844002 -0.9731910010262572 -0.8779054262347668 3.68815493054694 137 378.8327441215515 2325 1 -2.995664081735707e-05
 -3.420076632505787 0.6891355127004579 -0.2814765834578065 368.940154676572 4.88155401469157 0.1704707535675271 -640875.896811356 12503.51751363347 332578.9833694344 0.5841762193479008 266.9197729343763 2772.486996001364 503 127751 1 4.545943322595178 0.2848319248833864 0 0.2672351479090089 -4.859012697210859 -0.7017367179239411 -5.621217563277621 -1.522673256463682 3.774329320713786 8.054854926694695e-05 -6.207156519490185 140 379.5372629165649 2325 1 8.370848781421681e-06
 -7.293754523707388 12.40432424433606 -0.1554691508248402 477.4348607298066 27.63759656942764 0.3143823482647221 -1915.828865413019 122.0371556010339 42.45202093730094 0.6695749932850505 247.7202951958637 2898.031503709528 2182 191664 1 4.394153198622099 -1.673924425492013 0.8967742013117803 -0.7969339938211446 -0 0.2692695424550813 -5.360576287993841 0.8711035516222676 -9.13271758292823 0.2840475863177119 -3.564041006991482 143 574.238187789917 2325 1 2.299515045877055e-05
 -2.732958027323764 0.03549039620429302 9.981868739184854e+20 0.04250477874257391 1.246553137193617e+19 0.2153940886318357 -20222.59273301355 175.4876748701539 91.46637658881259 1.947522260987434 6.233378292676081 2967.386747266195 2961 127776 2 -3.94464592138701 -1.772106449894073 -4.871867955664825 -0.8708856510544267 -0 -0.7734777631616936 -0 -0.6382308809320527 5.945883715040192 -0.2760332898553202 -9.618469094569218 146 379.6683208942413 2325 1 -4.632416397892249e-06
 -9.079686584154778 10.95030860252952 -0.1897089535428445 5131.68229177403 1549.426230535155 0.04315897931061365 -8.575188532712964e+17 725.6645017945118 1436.761839565175 0.03728748670297653 9.889311264689442e+20 2865.773994154281 2255 191656 2 -4.370151592179756 0.1689372588709145 -5.317285957388258 0.9136123262097207 9.288579937284414 0.7357735249665621 2.400660410175464 -0.01201378339571504 6.607644490694905 0.8357243211185246 3.398586506654126 149 568.6665198802948 2325 1 -1.860981636162424e-05
 -2.482385040660442 0.03640999428049909 -9.995196935189223e+20 258.5928094960016 10.92406968959948 0.06466431506452888 -44397349756379.59 41.92066312331355 6.137464923740222 0.3251941183552618 3940.715353285424 3040.896962383942 1310 191629 2 -4.243623926548997 -0.07434759878093636 1.524213303055848 -0.55738914613866 -2.918156435377204 -1.771180834955697 -1.854093459280951 -0.9248705002698738 -2.931576028278184 -1.453806096769845 2.890507599351933 152 568.154659986496 2325 1 -9.583274239458845e-07
 -3.063914572606935 0.03558283401727738 9.964194952203765e+20 0.1870414304930945 -10958.02529374647 0.04916703703511438 -1.750611478616627e+17 53.66365644401383 11.13361795845296 1.485573581381781 7.493254752397192 2930.510582674479 500 175669 2 4.464494705925565 -0.5946038394828026 0 0.3463916041589989 7.247223348250992 -0.8859864632364625 6.524881247102973 -1.36431015494531 0 -0.001695394183640215 -0.1067007104947191 155 519.9181411266327 2325 1 -5.954168458777327e-06
 -5.100712597582558 3.879284847593382 -0.08412985558558969 147.6456530689278 2.957872155756223 0.3819118193678198 -198.3805085136322 572.7371389186927 647.056246389478 181.0619682970435 15.66104134984985 2878.046916274373 288 174264 1 4.355349657333623 -0.367818739436089 -0.5079794732205318 0.7553222319882229 -0 -0.4366275922835374 -0 -0.7896891534126258 -7.575940814161543 -0.04988827258735819 -1.784229415589703 158 520.7048089504242 2325 1 -1.243609393969097e-05
 -8.690438841013316 8.480114859897224 -0.1539690446498964 1.035093748621261 1.459617142725192 0.557152369291352 -37.83665933863666 48.40186026941565 8.247418338320504 250.3503601379363 127.3108293690395 2943.198391797982 2172 191616 1 4.593175721484581 0.1786486244577143 8.840004376126902 0.6772735580490572 8.998530365799731 -1.24076941918578 1.294682198176823 -0.6952735564629418 -0.8162412012103966 -1.456736959555301 -3.875790841789834 161 562.7349290847778 2325 1 1.987686315664623e-07
 -3.05502302988782 0.1172479568198572 -5476299.563661905 5200.336313283369 4492.483025245599 0.05341768955043114 -7.874386404413013e+16 3941.564743365224 40021.80020646246 1.689169572202163 11.1742233931337 2992.015129394158 3879 127767 1 -4.537195757500937 -0.4775881128318328 -3.437110665856591 -0.8339209258820981 1.143144480101657 -0.1326461756810264 4.536288649892654 -1.373555638728448 1.846666335935828 0.1425606412428725 4.753384700940622 164 384.2841742038727 2325 1 6.538371040149252e-06
 -10.88304133200728 10.35830761337037 -0.2527545490231842 600.845188234632 44.196007509482 0.1954638839381163 -26146.05644963513 2531.433533861227 15882.73203450617 1.344190718603362 19.11391135257385 3006.926953401358 3578 191640 1 -4.551877467523786 -1.666399994244056 -3.27327779195831 -0.8514333466028204 6.246297156945658 -1.771125334331322 -6.413189067224343 0.8974315224797071 8.448188054340445 -0.433057453716259 -9.024215365719733 167 569.0366480350494 2325 1 -1.800797131028894e-05
 -3.682039379058689 0.4782089897339354 -8.568361778566986 167.8644003094709 0.9382598452438737 0.2009039159695125 -23043.11937726027 6420.083771594775 104972.7037680049 5205.614719703587 69336.44833352139 2936.073025856606 494 127125 1 3.905798837914716 0.898199728406464 9.648572862007942 -0.6661641524207269 -3.269440295842755 -0.8850739211179341 6.296223451711406 -1.182417751548344 8.181719203111571 -1.733973135047805 -9.938351668200234 170 379.7402329444885 2325 1 -1.445680873281757e-05
 -2.575634436408883 0.1015822604736652 -71254913.99124879 3.202768096908192 0.1469057334860359 0.04749227004481649 -6.166843971906451e+18 10083.79199485387 212894.1897406522 146.507345957176 -26.19877502755157 2876.641789285728 510 190178 1 -4.184416854642284 -1.514659179971495 -9.623643103523692 -1.364112255548563 9.615179844103386 0.02612525794638999 8.204486046084769 -0.1421070620284156 -2.696170193398856 -0.8895495012928967 -3.690843982882484 173 570.5436978340149 2325 1 5.19725818497899e-06
 -3.287079878089274 0.2636360245327038 -415.7540679166423 0.1060511959396631 -26542895.95559467 0.2796665178279473 -2071.969285190696 7181.803388904345 136922.4930933345 2.1866531070249 6.489532197376009 3120.331081222883 1979 127768 1 -3.784297816148917 -0.07726235691154672 -9.120585193622427 -1.600217832149831 -7.40591091387795 -0.9141132316466596 -4.124458223557274 0.4410161035999015 -6.193090409057268 -1.87394700954854 0.7760754148899962 176 386.7012741565704 2325 1 -2.130077192183581e-06
 -3.592095201512408 0.6676446993173294 -3.057468102380788 5.160617552369912 0.1061153043602451 0.2191498670747458 -25563.73815751092 169.1108468371374 82.2356338978517 2.573199719020374 4.789346913234845 2961.804311008648 761 127701 1 -4.604282211909359 -1.84836069795452 -6.384935540542672 0.7856368180699249 9.634929599409205 0.4237895154525661 -3.024513289614895 0.9276927043091909 9.658831380733607 -0.8964268792632826 6.006250301384313 179 381.4106168746948 2325 1 1.572122059485256e-05
 -3.259835374583731 0.4036430805110248 -13.72738725364201 42.52625321471116 0.514351247470434 0.05852477161253209 -4761949362335691 272.8874218262524 167.8289754233436 3.23645372269485 1.642992183540781 2928.624263971062 1964 127776 1 3.69175973037 -1.576010857424405 7.307649185712691 0.5149915890843304 0.4885576471547992 0.2421439537318219 -8.097256444690563 -1.139600464288896 8.211095915595434 0.685930371743849 9.633441007535859 182 376.2777478694916 2325 1 7.463318355681045e-06
 -3.484930836217461 0.08942984196972351 -2360671492.994757 3.00861888670143 0.1627509792995421 0.05133020371978071 -5.102820184858767e+17 870.3270182488307 1539.744306191971 6509.064751915663 100742.7230687781 2855.31420157455 4150 303459 1 -3.203119467007931 -1.238072827136349 9.345600854905932 -1.680608569254058 -2.528381496948561 0.3505435113736199 0.2354689399985883 -0.4715841312430191 -6.636163511375704 0.9502660891099959 4.368664821349292 185 896.4252209663391 2325 1 7.659076503448208e-06
 -5.878409211078161 9.890528033385829 -0.1042213120233394 4177.038215985817 3072.025186244456 1.420565081372761 -1.026841024245666 5.139767738359743 1.326262915178584 0.2185215353300948 164752.9264023063 2878.673554373263 1922 127739 1 3.138508323330307 -0.579649010488553 -8.9649044069476 -0.8619404023017259 5.666206640505226 0.7303951669937403 -0.9972781959485193 -0.9775880928309766 5.270788319579824 -1.66755061264609 2.204161238720109 188 377.1423277854919 2325 1 4.799216585992224e-06
 -7.796672629128805 5.176169741466385 -0.144300834682205 0.09825397343629309 -203876326.7692551 0.4018242274226081 -150.1773936778498 7985.403050228443 148993.1261914068 3.163124642698724 2.330104789834035 2842.699144522483 1928 127773 1 -3.997140086998597 -1.072922152781085 6.800578728497264 -1.52212555331707 -8.776686547368225 -1.194965741162205 -2.272716097709798 -0.6404936351760142 -1.654582585512332 -0.8410373416011856 -1.287273949086821 191 379.8735690116882 2325 1 3.421818317218673e-06
 -10.86541207008353 10.81945275635148 -0.2538907779287041 14184.20260596451 6674.718254581712 0.07811075183021229 -56336923001.77007 3484.608998063547 26919.09358314239 4043.387298538615 12578.8387207165 2888.514087188801 2192 127775 1 -3.773768977895444 0.02584686410236563 -1.2958986595151 -1.358387602158091 0 0.5060119746670293 7.530938138980344 -0.2420645446871159 3.175047125846278 0.03071319199349346 8.396937848988808 194 377.2984418869019 2325 1 -1.135995199801509e-05
 -5.63408359282557 10.58317182784468 -0.102598579109355 1.196875967171762 0.6299927372011402 0.04534374279565222 -1.883699702264719e+18 41382.78218175075 4759661.226290048 1166.888095476513 2374.608625160345 3041.34201027547 1959 191388 1 4.512127995505923 -0.9465671229749333 -4.827825840082556 0.2302606210383988 -1.669789547688664 -1.965448171061658 0 0.8372483134013948 -4.544771386062414 0.6113457485591063 5.479754806427991 197 565.7909071445465 2325 1 -8.125951497780169e-06
 -3.198638458574797 0.1075222784339851 -67495545.26451285 1.803262289494526 0.4815026178967415 0.07570091099085441 -891009528786.5096 207.6185024399431 105.1308200958502 477.4049660041623 514.8525553005807 2871.802180351191 2643 127765 1 -3.755601490602297 0.4279256625303027 -0.5026487460730986 -1.386093008333161 -9.904639581878792 -1.308921272904145 2.3684724685803 0.4842338406702112 8.056104164184086 -0.9681428252853106 0 200 388.5518298149109 2325 1 7.898598667369726e-06
 -4.288757369694571 0.7078632762054758 -1.221440533932647 0.8958936276571949 -0.5058943619312228 0.058187196875925 -46144396756305.44 151.351883072704 64.28236731554692 0.5258623506441917 149.7090032200635 2922.625998054098 1596 127767 1 3.006123501791445 0.3654138196543086 -0 0.5020292047731472 7.83002507875044 0.147218231101788 -0 -0.6310497174649354 -7.867216033989289 -0.1487813195661314 -2.307429452312705 203 379.9949400424957 2325 1 -1.970625326277891e-05
 -0.01627481995164702 1337.747147488173 282.787566899456 0.3201566972473132 -87.79361799210889 0.05604359969693744 -1566459019404522 101.4865592062699 33.42480738102871 1107.273123484593 3350.920163629544 2927.15086269172 9188 159718 1 4.154506752739127 0.1474690300891548 -2.17396207036844 -1.531535759810384 -6.635440159565244 -0.1935479517487666 -1.364495089072786 -1.476261987616232 6.210964478631013 0.9930133496030056 0.4155068948034755 206 474.2158210277557 2325 1 -5.134975586599822e-06
 -6.865858482106212 9.478654851590671 -0.1158098049424503 3.820186016031891 0.1242587960599954 0.5073746245428706 -86.3447319647489 258.5353903524101 159.3744532897111 0.1698345128262461 6102138.638191547 2948.659043229123 1261 191564 1 4.289892699340536 0.05750648581019394 8.788800320271514 -0.1083702523087738 6.403639811134626 -0.1403845373495117 2.106313429082965 -0.1381096295322647 6.177516887967319 -1.734484592962745 -5.130047848222437 209 562.9118850231171 2325 1 1.452175768196907e-05
 -3.881033642431134 0.3921152591020881 -39.23847207883239 3.772100792474933 0.1012099787587028 0.1409944114275172 -11484398.15322542 101.4008876404337 28.1051959445813 27.33978812525698 4.037223636526427 3096.386336888233 2929 191663 1 4.675919345508241 -1.780624103420858 6.603943299748296 -0.4887222372842963 3.393568197496915 0.190930602194121 5.429741303246521 -1.01207855934124 2.540598317780071 0.5118700368164042 2.200735575409223 212 563.6317501068115 2325 1 1.612946581125745e-05
 -2.673345116468808 0.03759270374192635 9.997581320672163e+20 39123.47271234384 234980.1812841423 0.149600180779014 -2604349.147700774 1060.843116902181 2170.628498312096 0.06476324823369142 103277147112219.5 2956.552931144915 1216 191655 2 -4.423165127758044 -1.782773500922305 6.016709608016988 -1.128718049086967 -6.897962596548998 -0.9791886729897499 2.969244602464218 0.1517493063893527 -5.039911364658271 0.1726979812735215 3.0132569596613 215 564.890645980835 2325 1 3.500723560553498e-06
 -7.284829207949169 12.41647260832376 -0.1578376171924225 818.6303639505556 92.16060456782387 0.2854658919964476 -774.6894524452205 20399.9808771578 1057242.577769055 0.03693458968927235 1.089285629441267e+20 3055.906588486101 3499 127758 1 -4.453023743849672 -0.3668994284388276 -0.09754445137845735 -0.4939075028721556 -7.648743816444306 -1.303686160621139 3.54745799487166 -1.37441815459893 -6.235338874531461 0.167755925267564 1.912967015381168 218 388.9840061664581 2325 1 -2.85174978143971e-05
 -2.944872530406521 0.03960046909842477 9.976389787899409e+20 234.6851769709387 6.392686901313412 0.1664622750629725 -505795.6043361292 722.0099266025085 1243.416972336541 1.539241400699149 8.820840336720876 2911.738873900647 1516 191154 2 -4.421197512219152 -1.658882897772958 3.159871092900646 -1.180796194476674 5.717061970676083 -1.622854131095212 -1.711606786901053 -0.4800734763806407 3.52193501074145 -0.2950366458799758 0.04315881986235315 221 569.7398371696472 2325 1 1.294007998525407e-05
 -9.914310224227151 8.641079421720335 -0.190805329486728 185.5837301921661 1.97845982910918 0.1444318349268979 -149801.3384595472 62032.75132651711 8917918.709159458 1.171485812926455 13.34278428615769 2846.984944143738 853 127765 1 -4.197263832200491 -0.2719168075999807 4.940290162479755 0.7143146123322599 -5.618146883915225 0.9959072127862676 6.504603786497873 0.1500180800675385 4.550242371263085 -0.1321761727863891 -0 224 381.1737148761749 2325 1 -3.011535112959048e-05
 -3.617261885169541 0.4306652558889041 -13.25390474460457 88.66498034305984 0.579992947810802 0.1801846735353858 -65036.02441469298 222.5531893424914 121.8750818611722 4.780048680457993 2.070429158574983 2873.274199907818 887 191574 1 4.048573805395027 0.7125332713112073 -5.155940802865137 -1.43863360534397 4.7235950448224 -1.629304767827833 2.378177418963873 -0.6872431576983162 1.00048948807464 -1.85591252114005 7.217845361691426 227 565.5196530818939 2325 1 -4.924700710568699e-06
 -12.40134527195113 10.93048682015131 -0.295984285484232 0.1104816981680122 27670559.79578045 0.2529205094935005 -3329.221109515773 457.9564018380874 450.290516565421 84262.62314644313 14448064.56846369 2829.469391052181 4087 127750 1 4.244536146547486 -1.516721857885079 -5.457622486870958 0.1161744720896411 -6.261958863416233 -0.992394539608271 4.857379020565025 0.6386174821600594 -8.835174541966211 -1.075226863385906 0.2839611801150745 230 380.643844127655 2325 1 -1.565974746956204e-05
 -3.217650631037917 0.04603470523726669 -7721971479291807 7037.953706436865 4442.505727579258 0.309167633319358 -373.7031849844019 89.95116438824191 22.76039287109225 4.131367641479081 1.65392023785345 2849.61689774484 2187 191578 1 4.61108620892883 -0.01129268436434041 -0 -1.507533849960608 -0.04306492459644051 -0.2673260069643764 6.371185765516683 0.4638310682919649 3.000834751287603 0.8837546768110522 3.99617877955016 233 568.935928106308 2325 1 -1.299985357152507e-05
 -2.761990631598832 2.662348819841152 0.02122150814887749 0.1728697819146875 99856.68167464291 0.09478892814141417 -16529382483.17049 9337.598197393907 177504.7043420956 0.1027048256424596 12379850588.5028 3013.256054602065 2068 127765 1 4.208145532716783 -0.3676252772506921 8.541086465978086 -0.1228932774559217 0.7099650246777411 -0.0446254393537107 -2.523648660364664 -1.088042541618144 0.5217347436697528 0.08899501804104527 -1.155271749715125 236 378.960312128067 2325 1 1.132290558779989e-05
 -5.504423632501607 9.662590011257146 -0.07566020176888846 6002.886348524341 1726.621097186984 0.1287557831253525 -10339328.22269208 3603.664218851792 35291.0937294396 6.926716786901756 0.8576970661412725 2699.463977172798 2075 127775 1 -4.066684886111621 0.4127523859035848 6.211436145600809 0.9549571080511026 0 0.9763308037656908 5.922682859770308 -0.01101129300780456 1.196048357642834 -0.5386748118252545 -2.481204921410116 239 376.8016200065613 2325 1 -4.341734375463032e-06
 -3.282454405714684 0.2763359815270354 -77.11670873653917 14841.54640663993 21980.18531184821 0.3187198109949476 -296.7428301864538 16.21987371033762 1.56940744598822 187.723138048533 57.74090960051797 2835.369939151999 1844 191663 1 -3.940851912398735 -0.7164748493983312 1.151574925932608 -1.567164209186992 -9.150921094917114 -0.6930334198944248 -8.653290605806738 0.8394237631347039 -0.01745281503295271 0.1808010634851662 7.797719164950827 242 565.3641588687897 2325 1 -2.397840853859083e-05
 -3.341618734562358 0.3733888961805925 -16.01051028537802 0.1065841260583646 -119465694.6557566 0.2596966278084325 -2780.395420409701 100.719769273024 29.9873878008954 2.070829021136404 5.358832713011281 2930.499889687628 2919 127760 1 4.6776921680725 -1.233796430645679 -4.963571765628004 -0.5558179850748397 -9.83563970868344 -1.744103983691245 6.13173281074927 -0.762689088556936 0.5944563394157449 -1.83979477317378 2.232061725752554 245 379.7166328430176 2325 1 -2.125504068072529e-06
 -3.620014553918812 0.1431317093333541 -1189613.148008941 0.04932405482369835 -1.28486138765893e+19 0.173596133062867 -1101362.86103518 270.0907729559395 177.9583635087267 1.81262545172614 9.707797685109623 2892.302228377605 765 127666 1 -4.670942417359081 -1.948140557739426 -3.584332813575928 -0.4432672642271767 9.73785913525535 0.2615779501657185 -6.901518851885124 0.8220299057662697 0 0.5872267030809821 -9.498195198782962 248 381.4191122055054 2325 1 2.20115529918162e-05
 -3.019318578571754 0.284780323472267 -198.3545184247231 0.2350314581980554 -816.0252982526214 0.0909248073745722 -1566932838.810977 2619.625153842219 20746.23637655131 594.3732342952009 939.6360501578333 2968.894331854071 1150 127592 1 -4.654956375962243 0.4252891519378012 8.815891269893228 0.4554761967278163 -8.344970012643321 0.8377776443715814 7.714626836491377 -1.68760480668359 7.772077365166023 0.3995224833931785 -9.774544436963104 251 379.0621018409729 2325 1 -9.914074770483205e-06
 -5.634009443539168 5.127066407374576 -0.08791727277369465 0.04304553180284081 8.768605920275313e+18 0.3719325979542406 -317.3402060167203 3478.304976245702 28484.57848821377 1.875288158406792 6.678103739442932 2769.689245022932 1847 191662 1 -4.294829979526583 -0.805563629052398 -6.66906789739896 -1.246359465608833 -3.688128862577564 0.8604992598293721 0.8630650141659464 -0.6748624221252584 0.5600547331762247 -0.8791097101738448 -5.457172292740122 254 569.1655390262604 2325 1 1.459829200316949e-06
 -7.667198466066209 7.991904615761474 -0.1338225076985072 0.06866689609907564 34102703560857.3 0.2016940691765989 -38906.09458413626 5430.898831759791 63834.36775065814 131.3138184963534 57.44833727704783 2956.812384580694 1926 127711 1 -3.811396696230269 -1.606680245357619 1.870907251318954 -1.54442783202188 0 0.836025124280988 8.945521549728758 0.08628059296712776 -8.211543658609191 -0.8629216322151478 -4.108159085265755 257 382.6471629142761 2325 1 1.32358853674079e-05
 -3.09832716389588 0.02876970577449188 9.997361519104039e+20 5314.553289900189 2294.415147287548 0.06402338303044845 -184083136634.2481 5050.527309639461 72628.11625325261 1.647256276972866 3.794592129154979 2990.250144454461 2446 191268 2 -4.522409406402865 0.5119776451681894 -3.958537305603052 -1.438887698582521 -4.31396354158939 -1.053130920108543 -3.477648610551481 0.8466705260824163 -0 -0.2933798510236176 -0 260 571.9464299678802 2325 1 -3.724910706483323e-05
 -3.201004689796075 0.2742289718599691 -143.8859793510303 52804.27510036152 211959.3063957898 1.195805779764714 -0.6956428912928627 54.84962948603166 10.05776497901678 80.19807870357226 29.63361874208162 2942.023447076082 722 191635 1 -4.643224181481177 -1.611879359386424 -5.050612567982754 -0.4843390764923524 4.020371168825447 -1.455230150872499 -6.105307675572033 -0.8654873654395755 -3.718841839277621 0.08272283332208998 2.679605201779721 263 567.8085699081421 2325 1 -1.409437319913562e-05
 -5.140985773667734 4.729259603256364 -0.07940839948033332 4.691671803385778 0.0599447667988349 0.1707292995593159 -275419.3786690866 137.3251090834137 50.02897198621652 0.7505199843168332 133.9132254389384 3137.303640968953 1821 127771 1 3.537256866366144 -0.3301139800883144 -8.741055940598605 -1.552425835769294 -5.759911557420636 -1.731037711743805 3.444822049401502 -0.2792516797253821 -5.072220013701505 -0.724631861122635 5.576814567395544 266 380.3018469810486 2325 1 1.401715089554398e-06
 -8.827621491240077 9.665287952750065 -0.1812659720894802 2118.756336165973 494.2445350825065 0.2858721359955695 -1362.748983559778 16444.53959906985 682521.2422407579 632.6104535231617 445.0833817032536 2737.515111111656 1414 191572 1 3.979737657541357 -1.451200336089951 1.839933392085608 0.2233420565495482 0 0.3406763460521293 7.406708775049719 -0.7830918767973403 4.719596017603693 0.6624605815548783 -8.684307013181787 269 568.1124019622803 2325 1 5.830707988487397e-06
 -3.114282792746389 0.07167791109596039 559814154468.7164 0.05207316742986589 7.714578137565112e+17 0.1969030850069532 -160464.3610386693 90055.93974437292 17347911.80733691 0.7551311440850952 101.4591617409283 2980.35483542558 690 191648 1 4.298847935016988 -1.702681367942341 -7.230087594254195 -0.2130745369944576 1.784134051981157 0.3479387897220412 -6.872925208828735 -1.45530681108297 0 -0.2721256823318825 7.382478856260933 272 571.6963849067688 2325 1 2.06790588893915e-05
 -8.024582726998364 9.746467894423374 -0.1552742453946773 128.3067047399625 0.7466389267928326 0.2018438455223961 -32917.96141789037 27185.60443579315 1977195.367037633 3173.066760863001 24114.99238945227 2790.845194736382 1621 127764 1 4.495825598628571 -1.618403713927682 -8.283627936841816 -1.441496118646664 0 -0.5968139716024767 -2.461631468014422 0.3819069217061353 -9.840983108473255 0.2592926401422714 -0.5298322940025217 275 383.5094399452209 2325 1 4.378790757882511e-06
 -4.378746922574542 1.235912487018717 -0.3195327284232381 5.035916490967936 0.090168835117986 0.05189585523512362 -2.525415103747164e+16 6888.767738107375 103270.347892027 1.090806306133911 25.61081643863838 2977.70363332324 1033 127685 1 -4.597335909112621 -1.84664103071248 1.519469011396858 -0.2706419775327503 9.810888014356465 -0.2863877239933857 2.609256030925848 -1.117513501894814 7.89147412774895 0.9566996953724707 6.210971911162435 278 386.5889060497284 2325 1 -3.393418079527574e-06
 -2.464838564950983 0.6260348078581969 -1.950098565711914 1608.738034615082 125.527055529758 0.309518899419812 -1640.09629892166 86245.10788624083 18824938.7903777 71275.2526543197 16456402.41550657 2860.461738593952 773 191602 1 4.620403571304958 -1.29681413387314 7.626424804554992 -0.9287165582399552 7.15835925814882 -0.6615541206509317 6.963541642204279 -1.233955387464314 6.018315961834091 0.9928121503071109 4.283806184313349 281 568.5311830043793 2325 1 1.166448012086635e-05
 -3.149626368175595 0.3078154861983788 -83.27951329922902 0.1588044939180652 -175490.5149157992 0.1057824613343707 -503645398.8952255 13483.15289246573 434640.0241903671 0.2046626101065231 97219.14274095987 2985.346479181119 1634 191657 1 -4.147013484814369 0.7699375922278184 6.833289268783028 0.4169082796577728 -6.60968270598481 0.5546065922934149 1.920570595056425 0.7925767602393439 -1.97290282577957 -0.8307538074371683 3.907617007201778 284 562.2575149536133 2325 1 -9.978308894951618e-07
 -2.714171633476216 0.09783637943118806 -80755096.93736798 0.7326727860384414 2.838099900633618 0.2465694532838325 -5549.520766223827 68.44922962813408 14.87028200224223 117.7938183370972 16.57871758047394 2931.738373930241 3853 127772 1 -3.926675910395869 0.8436792473753627 -8.879747585703285 -1.628181708118203 -0.6877235585027712 0.7652521162664487 -9.31581400118927 -1.389510599215152 -1.258590703562363 -0.510009022484633 -5.743473844851641 287 383.8968830108643 2325 1 -5.756186644982059e-07
 -3.806617989473946 0.1437334691278376 -533471.1824647341 1.194973154693649 0.7276637044049608 0.07707100845151947 -834244115447.7001 308.4040891832681 237.4460949664439 1903.313956517172 -1421.079889066306 2936.496835911713 3998 127772 1 4.415074291069587 -0.9953770272678701 4.616386823835282 0.66668267258907 -5.682869559989223 0.5472349764455124 9.417610799560029 -0.844151527127492 3.301034747256077 0.8739870237710923 -7.323447887241084 290 378.9103379249573 2325 1 5.272658361847754e-06
 -7.257422098098186 13.0510871454341 -0.1586720153094653 0.5203134561827099 5.228960317264327 0.07349072708242468 -2135703558528.519 3085.143629738411 19675.05701388832 21462.37467298964 1120764.875857169 2834.855628871803 1490 191540 1 4.280927905224934 -1.214615169054261 -9.667302928164682 0.5888837444134425 1.630508827479823 0.5723145115906374 2.034822395724429 0.9085829835158541 -8.078087790796951 -1.161235124363748 -1.193660952188962 293 565.3619501590729 2325 1 1.090765720658595e-06
 -8.738013897507701 11.11216365495226 -0.1839781735659985 0.8695423834426114 3.193846026763157 0.1896768501344518 -222598.321662456 26160.65096838753 1400612.204471373 1.759837071038073 6.976148000492032 2858.723934330469 2619 127775 1 -4.67136246227124 -0.3544398559599822 -8.946402593533238 -1.156146401508055 0.3369618408129673 -0.05524292685476875 0 -1.551495190990563 6.347723101943625 -0.06235930152990045 -4.887611717272029 296 380.1884019374847 2325 1 1.358055921793815e-05
 -4.809819161744228 5.557249507411146 -0.06085669646970011 26.49783474579023 0.1660432209436344 0.2716734133149211 -3341.245247205367 5195.030407982201 51919.15765351044 20542.27184413796 -267139.2926795601 2891.783008182611 2713 127744 1 4.316660497355742 -1.267349879592059 -2.208519728575448 -1.844135624346015 -7.741630855209651 0.1258022748417691 7.701839229651441 0.6587225100784813 6.06917694925054 -1.284674489392584 4.453734082439724 299 385.573921918869 2325 1 -6.627917696957456e-07
 -3.688448109229813 0.1781141874829031 -10990.78687765423 55126.934050621 -72083.20042246528 0.2257832874645968 -10188.80925158297 17739.82092933768 715848.3407143488 67.75282724486685 20.93034154855349 2886.479912799021 3923 191664 1 -4.354447561615871 -1.623441959629483 -3.292510526457303 -1.094464452177714 -6.238320608105453 -1.553423196024895 0.1801691461438257 -1.589153976408758 -5.406104519538939 0.5175515606879042 7.789358148727532 302 564.1160368919373 2325 1 -2.556044081044119e-06
 -3.573949308928286 0.04257267768933179 -2.021542405259282e+16 0.08616778588490578 1400309151.680492 0.1506775858496793 -460008.5268646118 664.6335382693314 1004.250605232114 0.2220065173345409 39910.48500844747 2917.350933923765 4809 127769 1 -4.548814996242046 0.6424168681203684 -2.083139517609216 -1.330461238674798 6.946246300230733 -1.794938671048079 7.459626681750827 -1.256831313707091 -6.00794513914837 -0.5889631103633645 -7.370190035899979 305 379.0187880992889 2325 1 -2.081709366518147e-05
 -2.983883383237357 0.1105882126525966 -3004247.628837546 2170.168823717454 639.9203745679447 0.112717673617969 -30424411.4156369 64.13862157193007 13.8508288907386 54385.68285810939 7729678.975068811 2793.03415588659 1987 191662 1 -4.616291167772214 -1.268472410570194 0 0.3691644069042845 -0 -0.728191170002817 9.752908394584137 -0.5379455030599347 -0 -1.583478532901245 -1.487432145599505 308 571.6630671024323 2325 1 -2.480368383553421e-05
 -27.47746225139261 298.4976724537507 -117.9369991263746 0.5637709962922014 7.527448220682451 0.04773260638287308 -5.499105698469469e+16 5056.877943299647 55574.08248399127 0.0590273943256661 182753862460575.1 2978.539975555762 2601 191663 1 4.242117243208746 -0.2603041727698336 2.933269917513621 -1.345128529612177 -1.929548315159416 0.5046074292261364 -0.9682552028831557 -0.976269713176781 -0 -0.5546582822952804 -3.003227127694267 311 566.7788109779358 2325 1 -1.624695054429995e-05
 -3.744243004378052 0.2481490598768052 -795.7472618851741 0.3941044083808595 45.00314099581777 0.1299653476325944 -12876432.09427079 259.2770132215983 166.3860119176886 61252.5242846152 3639403.608635549 2749.240979517599 488 191340 1 4.520510816201763 0.9881072223280518 2.189536645296263 -0.556538789000105 2.329693282263567 0.1695762610665516 5.188523374735578 0.5730390063025741 -0 -1.358457815052981 -0 314 568.0743501186371 2325 1 6.301864207792079e-07
 -7.348984528304017 8.456199245942997 -0.1228855955799655 0.1664617441001733 -75601.9897159898 0.1989547016451194 -42126.61697061113 377.0775025476549 286.6600341198846 2.289749649310326 4.205077149113841 2973.276120104738 1622 191583 1 -4.107192852826726 -1.10767883935208 -7.464864820771238 0.2796767720951499 9.953121295810568 -0.9293717402867793 5.090271810782915 -0.410468495139833 -7.491888012367932 0.7692530818723329 -7.127986369381331 317 572.7367949485779 2325 1 -3.103247922569619e-06
 -4.090431351882843 1.328088908181678 -0.2387297991357324 0.05360984219904346 -49627669994311.5 0.07219381513531768 -60354334503.9591 2069.207037043651 7810.657669384083 0.05185824245263853 2946048934387670 2771.715039980448 4326 191660 1 4.57145839873826 0.594241826930026 1.987255561318891 -1.102100710258738 6.671449110196448 0.1948746639584291 -7.529557926222656 0.4315959320185083 7.151013201864323 -0.867627537617695 6.255095041394373 320 571.7932469844818 2325 1 -2.361833498397895e-05
 -4.169638190718238 0.8759518898340883 -1.141132071248325 499.1419900862297 26.19004714660291 0.7601426388672624 -8.701257846223422 6075.497066600061 84960.77242356326 226.7609013334635 101.9932185148228 2846.361806564254 1168 175679 1 -4.681168291479275 -0.4701784746397131 -5.975305439905717 -0.2801331274325198 -2.310880253265132 -1.88115107965782 4.619146544547102 -1.148066102509543 8.090412951569935 -1.433689502918686 -1.840924783935357 323 516.9642400741577 2325 1 1.074235385917437e-05
 -4.438925257408899 1.630029212006884 -0.1790479745996401 19512.89649603228 19841.55020648056 0.1188074222504332 -54712455.22945165 38.55249668475102 5.931844932188016 1.832514392111154 6.806262121438533 2931.521406021881 1575 127752 1 4.623385031479873 -0.3659995086771222 0 -1.066826954889749 0 -1.503174587964127 -4.305220671830894 -0.7779074675630477 2.057512582982769 -0.3863730660498117 -3.67597980814149 326 384.1727859973907 2325 1 1.964456750265132e-07
 -3.489093406789287 0.2125670613001477 -1972.297734761968 85.02750919345729 0.9397379936735573 0.3170620782561536 -506.3332512392673 3172.14477270962 22853.55890784255 74943.84252951994 10736620.36965162 2985.016549871797 215 191342 1 -4.252273354276403 -1.788773245047743 5.454007500619845 -0.6550654947191052 -2.109216747533399 -0.6759341593935329 0.742595836392113 0.9269435373923356 0.3204024980382165 -0.7536194639899501 -4.009995825552306 329 567.4243881702423 2325 1 -4.239804988782616e-06
 -11.01718273605022 14.00041246469712 -0.3091734819926513 656.790752203774 24.68665834794215 0.08441777285979629 -31175833243.66545 394.3096342000416 414.4282020693014 0.08642241110335458 50181868079.26875 2841.48829943144 2707 191635 1 -4.655961844991647 -1.91053392875098 9.504699097986835 -0.1899199859637477 3.847007478868473 -1.817867353921828 5.618573221198272 0.9236093305243003 -6.524703961789492 0.4132941609405094 6.151051753545633 332 566.2575860023499 2325 1 -1.571316922986256e-06
 -3.416124464734599 0.0784435105384486 -12974450058.22567 0.07020578004164181 1063060237401.999 0.248150538474626 -9591.005864112647 85220.7021140561 17527250.81690139 40.44882309356311 4.185671733612796 3014.837158276523 4149 127732 1 4.578776106162943 -0.2963391182747888 2.485468965585901 -1.778756439775921 1.892711172077021 0.6561005664242692 -7.296315029187875 -0.1089593554765926 -7.023733083912095 0.4141010723612962 1.764640133844286 335 381.9578449726105 2325 1 9.759005847410736e-07
 -9.882920611098433 8.808957993524757 -0.2121936261610149 202.7868082573307 2.236223674311812 0.05368563481903745 -1830214569810768 172.2680031132234 81.94472114180095 1.381927514347651 11.36905485357894 2970.929482349393 1696 191660 1 -3.686782876908934 -1.134510310441114 -0.09349671222621403 -1.21790269409745 -9.065047349328292 -0.1191814914519655 6.378635474486306 -0.5212664858060512 9.017364334557326 0.105576715348132 -3.563872682512935 338 564.3560180664062 2325 1 -1.361157153030049e-05
 -3.462026155290256 0.04618873137437567 -5.507335876807494e+16 271.0131907348721 11.41699675349086 0.2244971404696744 -15797.53120989238 72.66412119639563 16.56748679145493 0.1681099699054673 -354774.1592279144 2938.704061047792 3904 191664 1 4.695555266637053 0.4499770728514436 0 -1.374134092138836 1.08221555766465 -1.853334762883817 -7.194675311487183 -0.02468495763866055 5.360453239484412 -1.452345440154892 -9.240468119055764 341 564.8357970714569 2325 1 -2.79446836497414e-06
 -3.547554253518836 0.5944310016405155 -2.03958455139574 6.940365904303305 0.05130181873880772 0.2291530587061634 -26921.20853038456 84187.89871429747 18904652.48381392 1.200877076050092 17.16988524406046 2859.437074680739 1225 191644 1 4.691049357900687 -1.510095868343218 3.075711853879008 0.9789212140027823 1.540963635652921 -0.6098670686987298 -3.556638175136261 0.8169622870950599 -0 0.7604078628709399 -3.033902205360481 344 568.773218870163 2325 1 1.395767773345482e-05
 -4.485938944704943 2.252987907243656 -0.04766695458609838 0.04080179733665186 9.918209144444723e+20 0.1040379074751248 -1239343352.439302 95292.93198157445 21200168.57377398 1.989750291369632 6.074211821198642 2809.775693189979 1100 191563 2 -4.380623226695144 -1.150602471857435 -7.074010890066528 -0.6521874516928589 -3.903373581894683 -0.8362992688666573 -4.52097102013562 -0.6618900288097773 -2.457982784291846 -0.2379794023370501 9.812114912098338 347 569.1659109592438 2325 1 9.429571678006128e-06
 -3.117188703222091 0.2769858102359963 -306.2990342738702 46.17646382970607 1.035558382622608 8.964230678969589 -0.1799869848095132 88.3256467392499 23.33843637066234 0.3780988909792208 1237.866797943874 3060.093639742172 277 184359 1 4.562553791036492 -0.7834717371897675 -9.985336036719186 -1.278236693080347 4.992145620202369 0.4712493656713451 -7.827869164635803 -0.09198163915420748 -0 -1.217471152969237 3.482690776820642 350 571.6833388805389 2325 1 -1.182769323200479e-05
 -3.445798519288993 0.06078511211422758 -883662661068.7048 1.487036936054511 0.3645927224649143 0.1027926949645686 -344004221.2227353 2323.346933862498 14512.83012732269 40016.12005226884 4560471.266778552 2929.757797108909 3155 191661 1 4.247773625500203 -0.0006223281848587429 0.986796740562883 -0.8251312302933798 -8.369227483794042 -1.484162772528899 -5.858270383163005 0.2842738158704545 9.37124929767411 0.5879909655164077 -4.983647295266532 353 562.8530080318451 2325 1 -1.207192591067429e-05
 -4.495712950424323 3.426670950165159 -0.05393756136790307 0.08932034730059313 -86790755.2636462 0.1401851581442267 -1692214.348581287 169.258132574148 59.41354088852009 1.287372948306136 8.649974905219313 2998.327546596395 1760 127696 1 4.652590482344845 -0.01210573258287444 2.193786785880803 -0.2898099128085966 -3.079277488997982 -0.799332285395197 -7.727890578291678 -1.58141601649342 -0 -1.776267543306751 -0.02212642456227565 356 381.4592430591583 2325 1 -1.468661645971874e-05
 -3.701379632876871 0.5822004226481292 -3.813334552434264 27463.80942106537 73076.10242196973 0.2046555618034574 -19826.55431453453 44789.31112768384 3925075.835221732 154.3796580783835 52.06079028076994 2921.716199473573 2447 127765 1 4.506538480519679 -1.747808435375324 -0.7875739149448679 0.88683285402159 -0 -1.339700045293796 0 0.5583636028988512 3.367229559907511 -1.18346592942749 1.13928427718104 359 382.5014309883118 2325 1 -1.0870993992008e-05
 -5.583010106643856 6.753470527763717 -0.08063319970575294 705.5220410003052 21.95323770194233 0.0594063050570352 -4755368198642250 47316.27329173763 4650874.129677095 0.06260392922351257 6076956290697563 2881.764752003311 1416 127739 1 -3.630439769781689 0.5983699749213578 0.5673658030777871 0.1074423852559304 -2.013599581394637 -0.7545444097707179 2.021616923914807 0.1912511148919833 3.200439621499442 -0.4515949775349455 -3.249892482257417 362 381.1964190006256 2325 1 1.3796767858068e-05
 -4.523866240482889 1.312077740545183 -0.1845859397007542 0.2196333256339488 3878.217720439974 0.1307561730665973 -2194354.265220802 277.70176614845 185.7456913930865 0.8777356405450845 30.5054530962395 2822.229086142152 3300 127769 1 -3.926224659864278 -1.954995352207432 7.641877201800693 -0.8531455978410651 -4.642964377484356 0.04846687171517326 4.51264153957571 0.3941216754491492 2.095105725848558 -0.279002092196758 3.397430164053526 365 384.787055015564 2325 1 -1.900369851916379e-05
 -3.63453032929741 0.4395535803048694 -29.84801767268874 0.1284509655784319 -19589837.95898287 0.05467211070304625 -8.678016857303884e+17 14853.81962174855 551392.6760859538 349.9382425494665 307.0426108706982 2728.006660461942 992 191646 1 4.200822070626143 -0.07966771763286927 -7.745761431536923 -0.4573530844676573 -7.723895557790202 -0.8044926798975096 1.112118768711932 -0.9221652159046929 3.202112676839834 0.6974644210478607 5.38046356960314 368 569.8793950080872 2325 1 2.632191885861037e-05
 -3.824331257608612 0.5232800398314628 -2.358297297058983 3.24659793507376 0.04500223937830605 0.2175120428069597 -7740.086791814379 17.58309310143042 1.572687189955049 176.6113700362855 64.40150175059267 3140.904386431989 2588 127677 1 3.667163883393572 -0.04087498755139764 5.149741308914638 -0.1868687094172374 8.219470295113545 -0.5273958311950651 5.352944791035478 -1.325909771422915 2.727430170300428 -1.520877831375644 1.615687112486275 371 384.8660988807678 2325 1 -2.994499010544829e-05
 -6.416333988592972 8.639397019659651 -0.1137056738606513 2.441896209124008 0.1286411426455875 0.09415310244390369 -728530139.3680341 205.872318272048 96.8838317749866 0.8701770718724765 34.14867397747734 2816.606293946988 983 191367 1 -3.829115177278715 -1.029125096340517 -7.92223546289515 -1.6435297539629 -2.371987536838448 -0.6721264532549371 9.946742496910655 -0.3207792766621811 -1.219037348343042 -0.4537558390734304 -2.985066817728518 374 561.7686469554901 2325 1 -1.473740843682387e-05
 -5.540891569824663 7.481270209509679 -0.0500833724132408 7578.821018351855 10599.11068221732 51.55047627085072 -1.287368863142976 329.554576794283 279.7324706485517 0.04131570156657932 4.72872904325508e+20 2962.215255525602 377 191351 1 4.650327770490925 -1.487687172348116 1.995087578636161 -1.313648445210141 -5.727930325934134 0.3747787636123974 -9.69040762705766 -0.472975829483806 8.57606362652894 0.8773008660386048 3.581067467687023 377 570.6389129161835 2325 1 -6.277484595692823e-06
 -3.887061670973206 0.03838513534055887 -4.91440960027058e+19 16603.89541673794 27055.80818389427 0.1384913276968128 -1994547.150512293 24022.87064202058 1020239.521180301 0.07437312606241461 3446696132312.194 2833.6846837507 3608 191655 1 -4.571613289846999 -0.7416546535732236 2.144596617850392 0.207353545654179 -8.978139295153621 -0.3334131767175679 -3.928664446114208 0.9520768361579859 -4.51404205462628 -1.52678365692017 5.873711012682898 380 596.8082721233368 2325 1 -7.070256378335156e-06
 -3.363582686350964 0.8444138891114741 -0.5161633484423291 353.8288381230391 43.5915946088579 31.69555106440886 -0.8560098236839568 82.09348131577936 17.92961229697884 7836.172900122609 -15579.6336743841 2729.521175772804 547 191631 1 4.6963175353648 0.6381706596116169 2.571076257497656 -1.945057877818251 9.842251328754802 0.3236665165117376 8.078544776222078 -1.42441500602953 2.958168889199725 0.001611977453289397 -3.095593304609944 383 574.8377788066864 2325 1 3.915052101431809e-06
 -7.218672491983567 9.96758364018498 -0.1254753228178424 459.2297060255934 6.316137989490646 0.1304763385574723 -4720560.80166598 3080.98398712589 23783.37935448599 0.8548112507561593 36.45611135014394 2822.894199493162 2206 191655 1 4.257493366179939 -0.7687385280691359 -6.224780727326755 -0.3089586114126277 0.9525287618866027 0.3727475264715529 9.447659102094709 -1.20231732323099 4.671825184682303 -1.168383344948387 -3.502923413346801 386 569.2118258476257 2325 1 -1.464230311280969e-05
 -7.489187248121947 8.49389516125941 -0.1279291249999612 0.5741646223247924 1.82791138435772 0.4537589396362426 -100.915905955067 54.19391611535487 10.54347325037904 1.633474840216104 6.615861867666922 3003.447821248856 1564 127696 1 -4.009012992980476 0.8459438260139245 9.81836290928678 -1.81736862609902 1.599725765269356 0.4367338409156796 6.698642732401256 -0.52744555556691 -1.496295941629628 -0.08710463047053099 6.286254680944964 389 384.316871881485 2325 1 1.157699328815317e-05
 -6.485789043977315 8.422729241038807 -0.1086172582899565 1.677823412544232 0.3408491974915255 0.08475372331240023 -43947582274.88657 124.3840500400635 42.09328156620283 0.04282777341470805 5.148751144655132e+20 3135.930988904378 1820 191663 1 -3.937499961433645 -0.61392456856845 6.293877908845553 0.522299534009842 -5.840202232975514 0.3852440044239391 2.455303332519276 0.1680575924897534 -7.082164507722174 -0.8030492451344431 0 392 573.7791309356689 2325 1 -1.21878482216779e-06
 -3.326603257644039 0.4009138015269495 -26.79027765511376 4.691583351140633 0.1253721741865136 1.265049660978417 -1.872015619335542 1280.352238688398 3708.829451520534 2.910677217364101 2.91673886271925 2894.711902750364 407 191402 1 4.393182452875622 -0.8393753936397825 -4.548385563930696 -1.678577929721606 -8.748670538077107 -0.2306557594899719 0.7163835921599579 0.7060468974978975 -4.413212176919705 -1.984722260918968 -6.509961321324304 395 570.2015519142151 2325 1 5.723453344606626e-06
 -3.106482317154116 0.2027019478761697 -2820.432967284885 0.05080884987228357 7487583738538674 0.1736702102574197 -183627.5340005431 1900.183033250921 7862.688901215823 1257.09560347752 1733.099850461864 2875.331121164513 2246 127751 1 4.367555979047396 -0.1328375367633914 -5.202519620654313 0.4067497037952209 4.760171549763009 0.608018363816071 -9.904725852077188 -1.396683733277191 -0.9780146063445967 0.9725799535349625 -9.153516590157102 398 382.5836260318756 2325 1 -8.677673170365454e-06
 -3.865110209247429 0.03482224847911675 -9.998208904493653e+20 0.06313331451255086 9771957738983.354 0.2197532088539042 -10811.90934251856 184.2246622241899 78.70748525763341 0.3688690879342995 995.3001742653736 2816.301433943601 1745 127755 2 -4.562393923827421 -1.794236835319203 3.717815889655876 0.6561350612230572 -6.664357275098736 -0.8974038945414868 2.030186505253232 0.8916755058424215 -6.13769022148014 -1.754143088038729 8.653459276236273 401 374.6767811775208 2325 1 -8.905509376361725e-06
 -4.305294069102161 1.079912968081449 -0.5318491194089994 0.04352623230094584 2.191263567919295e+17 0.1043475040393715 -19074561.23453535 116.1657907103705 33.46698810712254 2.111317503057416 1.984301393682288 2848.717132681783 717 127705 1 4.156635452253255 -1.255152284805495 -0 0.1084661551047658 -9.139930530195418 -0.6468977912018694 -4.130664234443137 -1.094457742122267 -5.184841820227463 -0.0121809407365774 -9.826059891314562 404 374.2139768600464 2325 1 -2.077621657777982e-05
 -3.146352803188222 1.028861172117244 -0.2173279206480835 166.3046849349774 1.164179406564957 0.4212684758956006 -88.79435289372628 7343.429723660943 118439.2395996343 2.747543447511282 1.648089071249678 3028.989246488816 371 191539 1 4.050702823208284 0.7817975461759512 0.6923367733176784 -1.865103528989124 -0.7062589473052849 0.9147366900578362 0 -1.809213018572681 -0.7816097405219566 0.7351111374147145 0 407 564.9952068328857 2325 1 -1.48124279003239e-05
 -4.059210069886156 1.2663683514952 -0.1303936126019451 0.1478224762239593 238603.057996913 0.06353808241354478 -13705737519075.86 211.5300003056985 106.8017524115716 5.860362118907009 1.566055558285867 2878.802833016151 1405 127760 1 -3.769027221651418 -1.051443470866337 -3.619359669789914 -0.5795794965508385 4.17018464850092 -0.898738183747005 7.134584294067665 0.2699453312291622 7.307253307751346 -1.374748838042507 -8.9264671300794 410 403.9354701042175 2325 1 -1.100860466839537e-05
 -3.203504504602672 0.219549091053327 -3642.451596903932 0.06153839732113854 55448911002786.03 0.387538395024901 -122.0565323413268 810.9532084011554 1602.151790075167 29478.12038482874 1068121.805350318 2905.450225730375 1059 191500 1 4.294994140657442 0.8952742890707457 -0.7151728984898846 0.7266052880751031 -2.171437272707719 0.1146170933447062 1.024723080115437 -1.044586849340555 3.717442564403148 0.4345711472981559 7.968501539513044 413 563.1819298267365 2325 1 3.102799087693816e-06
 -3.223511562916169 0.08133497405303602 -50665083991.32278 5310.00618974468 7249.996733620562 2.608393599691365 -0.2850211604573645 529.3526806591159 625.8335845097776 2.938724714349529 2.126214055644046 2841.643219774033 3725 127767 1 -4.571727923432084 -0.7737912726588378 1.695178507977703 -0.4656569232883578 -7.087493132761933 0.002228742997814949 2.255792496164438 0.6267773590478178 0 -1.414602940359186 -0 416 381.7722690105438 2325 1 1.413517555943623e-05
 -6.667255183327399 6.925328287443637 -0.1080014104274796 1128.396043514958 130.9426116084566 0.07802809158182282 -25652612102.91552 1829.590564993658 7579.233565509006 61744.67670887395 4325884.500000207 2902.874415904392 1409 191614 1 -4.538968420395576 0.2785397984575768 1.652690265899085 0.1885723626145479 2.808440089636489 -1.851378709716973 0 -0.5835103177904903 4.804627865402922 -1.96055709102607 1.447009893117743 419 565.5876159667969 2325 1 -1.975775749503003e-05
 -2.807683333793329 0.3373950991731019 -72.05518245443426 17861.63086524464 56462.05141632759 0.1567367984334949 -1043621.611948594 89496.40927628883 17520397.84289929 2.45043132623344 4.559065172853082 3003.217247693071 1060 127769 1 4.683199415740539 -1.062559472093929 -6.825702162009414 -0.0148620615240871 1.357485938541133 -1.705682591171137 -6.166807755190125 0.7528804874873676 -8.760884816084113 -1.782537083146374 -0.86511395167605 422 377.7344062328339 2325 1 4.858343387438223e-06
 -3.511348996485628 0.03578734591392509 9.991256063498148e+20 0.6625460891946285 4.607763912182368 0.04507696295958054 -5.402765491806789e+18 171.83593176895 73.35697678151166 1.582564916678301 3.294249503332814 2951.151446366844 889 191517 2 -4.693405502317365 -0.1309891891813759 -9.318639196412278 0.421265468935708 0.7901833761657109 -0.2179442974628625 2.908508428775245 -1.565248004334665 -6.036006415658753 0.1383138904524647 -4.814896594543703 425 571.7340400218964 2325 1 -4.034932885892059e-06
 -2.79349757470729 0.3080261473677456 -105.4684813864088 157.4326218582274 9.61920415260688 8201.629015868624 -20186.59004984419 87.24981240364899 21.38924515001544 1.602321720892742 9.335579646721341 3057.318478885137 2069 127738 1 -3.6987235789398 -1.859740260115515 -0.4779390792856688 -1.329030644925915 3.545196274604602 -0.7760626266452251 0 -0.9410735084865802 1.539196606382212 -0.922352168308457 -7.694600974570438 428 378.4588510990143 2325 1 -1.477042257247585e-05
 -3.500531716604946 0.1885902378141564 -8090.362114703596 0.2778198690096286 175.6929110527188 0.243751071962764 -5297.787104302118 222.5120540641775 156.8169926651344 0.8145954733524917 78.29843458742148 2954.442634757334 3517 127762 1 -4.340230773894564 0.4412500733442566 -6.742800817571942 -0.8996074781061969 2.61160361221205 -0.7640133327758694 -7.570061456864206 -1.366558797310706 -7.543632264479619 -1.295285968162132 8.05404881423364 431 381.1011760234833 2325 1 -1.193127626743877e-05
 -3.251970260589222 0.1149057747742 -3337198.602867059 12650.62148586296 18265.64132683322 0.5899049070201474 -19.91486175470835 29.59854569241921 4.280833890356102 1.616109549828607 7.726185650303874 2735.58137215214 457 111193 1 3.145960759358979 0.1288591433321878 -9.384507693022483 0.08830279448084698 -3.20876630474765 -1.04952003328205 -5.346992334884185 0.1140996350698766 4.697563176584432 -0.5039750221674124 -1.290798086938843 434 329.5116882324219 2325 1 1.219728350163274e-06
 -3.7332748149226 0.9783612088267353 -0.4299623925945443 1.291530787923161 -0.6468059785123438 0.1952028953091347 -81956.00480557245 47229.42692562978 4056485.752943943 0.04322295042956111 5.021147889548145e+20 3081.386869716138 2220 127292 1 -4.021422614919385 -0.1303207389758914 -0 -0.5176055167673903 -9.336024929077052 -1.154512616150241 4.894761568633713 -1.180281336640466 9.799423783181519 -0.7991368665575571 8.431440460078958 437 376.9809808731079 2325 1 2.620500537830032e-06
 -7.99097163341702 7.532192959477173 -0.1362260540176497 320.3473348810518 -8.223142641097617 0.06319507995260477 -727251266027611.4 17372.54676439359 805849.9191172586 1.471308308639961 9.475001419929367 2809.480113836527 2250 127745 1 4.536622004803105 -0.4834473677007392 -6.339537508437876 -1.264709273533742 6.820152240019742 -0.2142619977186673 -0 -1.68903408042835 -5.568739111935899 -1.859203758416461 -1.421827899193912 440 376.6062288284302 2325 1 1.155961947381109e-05
 -3.179973850463299 0.5476167513051297 -2.028427497736214 6.064392989953994 0.03794000501058885 0.421195569976875 -96.81342098868643 25.23577710503595 3.544724644218496 317.4429675302258 249.2455072065796 2831.523693507746 1545 127706 1 4.260298500400031 -1.774068337736397 6.506162665018999 -0.1783825761792404 3.250706310987877 -0.5425060125778806 -7.499283881242096 0.3046498130432207 -0.905572563129458 0.6536593087334386 8.681846291455193 443 377.7356750965118 2325 1 -1.466941547720049e-05
 -10.46604770934327 9.014216416529688 -0.2302653146597308 3.123179724274486 0.1036161941638668 0.3053595527455826 -449.4255170784446 2524.186417739763 16978.17377203099 10.99663225909609 2.080647128191216 2972.535947698007 2052 191640 1 -4.420990522038962 -1.50202518221053 -2.584179964230529 -0.6746533989215093 -8.417015354708202 0.8739403600432016 6.86232589982469 -1.304330264915373 -4.529465459388254 0.9209739051297814 1.986481502424079 446 566.1614120006561 2325 1 -2.703781655603668e-06
 -7.475051065545477 12.45200911292322 -0.1498004124506433 2015.839000169436 429.2327931998134 0.04200145709382908 -1.013340128675376e+19 1731.357644067225 6528.899320288134 79.77449040407612 24.57570364116352 2837.311423692467 2795 191656 1 4.278738017410071 -0.08318224806544719 2.708893994614567 0.3176165627713056 0.1139195234004626 -1.366314778375083 -4.341538659930056 0.9804259346875366 -0.14726100334103 -0.1720842346324716 -6.562531055942162 449 562.6373891830444 2325 1 -1.430267493573509e-05
 -10.11099135954865 11.39046722030065 -0.2410952811196775 1.963603187396342 0.4450376382791374 0.1737374067035481 -670731.1893008905 49.24407712326722 9.191049924842346 600.4804152907083 250.5830792357689 2854.856538226678 2322 127744 1 4.10632845754181 0.9567986349316047 5.072143143424057 0.8566842090064291 0.2035493264154256 -1.774915166810519 3.991844424020949 -1.751653384900511 -1.039568745674868 -1.137164198893261 0.1678754523106383 452 378.7602269649506 2325 1 1.506411830182072e-05
 -7.262370464757343 6.700286383160775 -0.136103271237803 3661.335245696011 1629.789491030761 0.05328992959764509 -1.59491405555983e+17 102.0526924072327 29.26525397159337 0.04391267872427573 9.934561527124432e+20 2983.744131053708 1549 191651 2 4.413034903564474 -1.332955843251997 -9.451704521179705 0.1630083626855105 -7.857405655552956 -1.573418769475817 -7.073218809684791 -0.3637447370586679 0.6241181996294527 0.9533735279987985 3.761518972868894 455 556.2662529945374 2325 1 9.017738619561852e-06
 -3.393622651794887 0.579561244568068 -3.897961239523086 1168.797917670448 31.61551517310547 0.05568809449346738 -3.825163699399683e+16 7353.504764155573 113415.4952782 1.185279127906052 16.25909779055782 2964.990321074074 442 127772 1 3.553589555915389 0.5666012542505299 7.673534784027762 0.8460487216070369 -6.570134565364326 -1.10586858842696 4.144041032599472 0.3250310139924815 1.090147088453078 -1.586942673817506 0 458 378.5460519790649 2325 1 1.198206117313599e-05
 -5.98105562115182 8.88417779917164 -0.1134872523108924 0.2025781915293528 -12044.49421294775 6214.267427044065 4032.492250283416 80.69220650435811 19.05895551410608 1.824476889333951 3.93929074610857 2955.683131311838 2692 127772 1 4.61702770768952 0.8615417857382877 3.172657015061478 0.5430903471617778 3.677432486521635 0.4664556556627009 -6.633967319365507 -1.318391017918263 -9.652188472089836 -1.571683304474425 3.359963110205753 461 379.1644370555878 2325 1 -1.000454087946441e-05
 -6.141517589772832 7.298117591335929 -0.09140475399694917 0.2767194013557259 1418.496256197912 0.0555982545165007 -1.292448009419776e+16 46920.36628120443 4403711.741054663 2.049101011813342 2.562645662162593 2813.335531367818 1419 127767 1 -4.318001129608911 0.1725604908548748 6.373826557632826 -1.031340316187581 0 -1.789280491237776 9.832714091379165 0.4407956397922543 2.065496911889775 0.7007118783480837 2.710247061701683 464 379.3810122013092 2325 1 4.326421375428739e-06
 -3.543719757436348 0.4762345632486656 -7.674942605161792 4.721560316972504 0.09819957527122092 0.1496900379625215 -2545970.616235894 4321.977428671078 48704.47861393858 6.258619704112554 2.179702118865602 2899.713365957512 1179 191595 1 -4.371250416417904 -0.85792773855934 -9.114138854009333 -0.8921048971159786 -3.526409120480737 -1.204001140237696 -0 0.9048973669188198 0 -1.87232103977461 0 467 556.9537930488586 2325 1 1.219016759494568e-05
 -3.29977656272437 0.4946626959111111 -4.737674822430489 4.614292194514441 0.1102934774382123 0.05335864197520422 -2.582950331135147e+16 77.57106434683031 17.76860999786803 2.238097321954289 2.976012795851442 2795.448128219573 2190 191626 1 -4.684859680710686 -1.382172224043618 3.381179159486305 -0.9452983982626524 6.285318127127025 0.4456710139603176 5.457503153444954 -1.683626544131356 0.3493292979103435 -1.702875606232025 -0.9259341394130445 470 561.421101808548 2325 1 -3.145703139509955e-07
 -2.658664550732291 0.3950952343586029 -7.717150219124643 952.1534022016822 96.55922926698372 0.1637335507098664 -181095.6732290254 87.81903698802884 22.75084850121568 200.3180384633291 142.9549574689215 2841.433317957425 1820 191657 1 -4.301592994496571 0.3241860565013974 -2.471338883273822 -0.8301042478592286 9.684280301362236 0.3134745035688881 -1.236119491690372 -1.415876041171211 -0 -0.5235393035247028 7.694943917541085 473 564.1322779655457 2325 1 -1.113428305529712e-05
 -3.45835909263747 0.741445032776569 -2.145338984671795 302.9664451788275 8.612652487997376 0.08077225805375862 -631798120792.4615 52830.87194601255 8160317.203975678 1.63426756718252 13.31575993974262 2876.547371511961 6620 127756 1 4.051195069752036 -0.8816183862760187 -0 -0.2962039992114801 8.887997014404473 0.9365041630386832 9.381932626287108 -1.001439838807299 2.200466419716116 -0.624663557687132 6.713661184094936 476 377.9280800819397 2325 1 1.974479161499824e-05
 -10.58797788418929 8.842401002560536 -0.2223113616131757 1.381130183628006 0.347958606065096 0.1137684720773099 -11617315.87461044 158.6567180332658 69.28356664668958 2.81839873055085 2.179339315326717 2799.502269504352 2712 191627 1 -4.573783217516209 -0.0221065849646527 -3.6202134075511 -1.447227858951873 3.378742029195932 -0.9353307442034495 -0.5266159544763314 0.1280003085900429 -7.006365811491644 0.6168706675355464 9.929570264429371 479 563.6228709220886 2325 1 -2.432517345579361e-05
 -3.840562535264244 0.1036977232067139 -43386416.51740459 476.975771829035 13.94311117597075 0.07490330993381648 -691080285839.9818 110.357522000018 35.9598690013659 116.3163765104917 -5.186324328290099 3066.234526149884 2108 127768 1 4.198390088133422 -0.4001422191796626 -8.82071929233398 -1.723128061383947 3.010877720660513 -0.9050545777540862 -8.617597710351649 -0.4612564896105732 -9.364025603569161 -1.757989889237233 8.582810730762219 482 376.8727297782898 2325 1 -3.107876565578387e-06
 -0.3705277477349026 55242.32389567321 423933.9739671072 19.9359361444365 0.147607951498426 0.03779311026193357 -9.9998118049908e+20 233.9856658406638 149.3077106868027 4612.8091021712 13428.84086001164 3029.319042771546 123 125414 2 -2.965601810576208 -0.8774450403032787 -7.345684669538919 -0.3512846885833376 -0.9365276254753554 -1.740004161527327 -0 -1.676957147026934 -7.575183837943019 0.5426758361923891 -7.940441134483336 485 376.4288821220398 2325 1 -1.378085522338581e-05
 -3.72232254378803 0.1293968928014987 -708921.6739109911 1.3257979444711 0.8282255922070482 0.06115164278572852 -353822547316458.5 41.76647269944215 6.662204203824123 0.6540173681588231 90.74094091016094 2879.303305239197 3377 127744 1 -3.401966696141328 -1.108793273894793 7.55784019435414 0.8348090536679598 -8.114777878437453 -0.2191545806195752 -9.346067528498462 -1.02001175095359 4.562012756021542 -1.692794967046671 -7.271439221473699 488 380.6552848815918 2325 1 4.044321220316678e-08
 -4.142551665041609 0.3751773630744903 -48.00805505270615 0.3706053137710045 -25.6400925676948 0.07482271719153444 -3344384070650.688 151.3774078700023 61.25414045068538 1100.698920851378 4026.352536378367 3048.751491025365 1211 127591 1 -4.656840593826896 0.1914358831564651 0 -1.59404484508183 -9.892602657699214 0.3070596455847907 0.944818102556888 -0.05534717626067655 9.007933436763693 0.6163919020136404 -7.789550630635201 491 378.8088350296021 2325 1 1.167448884577046e-05
 -4.024127714440067 0.6283072082461796 -4.288634250392892 11610.71059298411 10239.37622477657 0.07999460490979153 -93521164628.68501 32843.33775091771 2323812.243499866 1.345787479286169 6.185249882885575 2921.128738895912 902 191608 1 -4.432677726991972 0.1934375042413432 -0 -1.762765600882259 -2.937411821923829 0.2717839452347221 -3.692066597173048 0.8517926920769154 -7.768453729913967 -1.023156001135705 0.5268942758377073 494 567.5834879875183 2325 1 5.432126083251967e-06
 -1.259685486734659 72217.71286861267 472373.4283671225 0.5961269375852335 2.956649402637867 0.2200793472632216 -26335.60546085416 703.6940052735195 916.3840907355641 0.1354968277642556 60431819.57506658 3113.491986030043 1230 191598 1 -4.438634079362517 -1.802938077088114 -6.18241274690023 -0.7225566338550102 -1.870744512624294 -1.883004440933566 6.793923625489116 0.1784120902093269 5.833105613005168 -1.452472107524027 -4.38527033883753 497 561.3612158298492 2325 1 7.662421040306866e-06
 -13.27091413340298 12.7494347525186 -0.3837525257085108 2558.488507525721 1132.217923692397 0.1365357374981845 -16829528.47339247 94.92799045646268 29.88366727038087 0.4079994791522461 2366.181612389228 3054.941744995476 2042 127776 1 -4.442193046817779 0.8104332644413108 7.94971557770252 -0.1851378468996999 4.677548325346006 -0.0220896340958881 -6.667113271576888 -0.5962784740867288 5.326356104281469 0.8861872262503017 -6.532299254742 500 377.0339028835297 2325 1 1.790017446434979e-05
 -3.091444470633558 0.1165417564704266 -11299344.82955146 0.161245407679814 359813.5065872669 0.04696879868431313 -2.248187227845491e+18 55.55470849353323 10.26280555216473 1.655172367441451 2.184937617711046 2985.052239255302 3894 191655 1 4.575245420575869 -1.893425404498709 -7.098786192756434 -0.6901693947638483 8.25537463173016 -0.3120858334729757 5.497069067065264 -1.169220970496924 5.317707872260323 -0.08695924336415928 7.229026888216442 503 560.7023329734802 2325 1 8.41476040962614e-07
 -9.102451658741433 8.840897375786698 -0.1913522190860028 1553.258762487335 299.5134943334635 0.9798626936688248 -2.734410998150348 169.6331868986911 70.51442561799345 27785.6323917994 714292.3648263405 2842.071424582069 1670 127579 1 -4.426868943559057 -1.472692102924086 1.457016927024665 -0.7223747568498995 -3.969487129449717 -0.6860958278819718 -3.681077132919609 -1.251061769760662 4.786712420601761 -0.002045773479742362 -2.671097072564603 506 378.2950839996338 2325 1 4.344180332459892e-06
 -3.143063458285438 0.225267235756253 -1924.043034448225 2.320091370605628 0.1736805829241564 0.05301976784634938 -1.98760133108452e+17 52.80420927042243 8.721326452184517 412.893037993401 484.6237626814049 3121.411109061823 405 191619 1 4.080953925893148 0.4048714789027042 3.890138293063186 0.2522120509720466 0 -1.267995062461647 -5.445746356060914 -0.4216895399868203 -2.984784404382769 0.996492028993194 -2.616172772936414 509 565.7141819000244 2325 1 9.651712486244502e-06
 -2.797826699451863 0.386007084987152 -24.46079191631237 2.380309842429065 0.1223319799562027 0.04915673978161212 -2.184041780853153e+18 426.3352647845593 488.8350698416197 16199.28864622176 532283.9241730021 2814.881031588995 429 127595 1 -4.368201131536089 -0.2424590935478337 9.132423691040501 0.8218790883075071 -0 -1.05989354451367 7.570940304513851 -0.02087624987674097 6.192076835522324 -1.582420719325262 1.284134756711093 512 376.7389290332794 2325 1 7.141428915716613e-06
 -3.385944819480526 0.07524373975853632 -42144725328.3822 1197.154961330105 102.8473978130223 0.2232626209868626 -13289.65559558944 76052.67467661422 12799932.78079361 914.2801859884651 1538.980703114403 2907.76288287454 3497 191658 1 4.546211294430236 -1.71384645395001 4.304904302321997 0.4096563095689242 8.774919433572164 -1.211706934213689 -6.611886830895831 0.965836160699145 2.037186212441182 0.5209049559431427 -6.094287578739074 515 559.0940690040588 2325 1 -8.097694467900683e-08
 -2.730015368472823 0.2017049430561732 -4372.435256073814 2.124990876459136 0.09973721556772197 0.2426020839099502 -7621.151300759428 37526.18491672153 3352970.777572987 102.4427129255015 22.29292083547602 2973.339441625817 1300 191596 1 4.326972058654039 -0.8098667777866311 0.6077717867567847 -1.90805779455351 -5.398354939322823 0.2372406334703036 -3.756117011779183 -0.8340141602805398 9.21636901776445 -0.7753564377903449 -2.77473221424285 518 559.751079082489 2325 1 1.112443997410241e-06
 -3.293097072479342 0.5463739884809224 -3.350694280100442 2189.154096122506 655.8617901330393 0.2542379161007652 -16732.22865023682 19609.50970544146 669487.0747967183 0.1707307925317633 9816270.750971626 2995.267559876561 1002 191511 1 4.608201623401453 -0.7121106122535146 -6.484370231767125 -1.909376174524023 -0 -1.581783202333765 4.659180888719878 -0.7350171809924371 -9.063060766676239 -1.762396826494944 6.519802416703266 521 562.8375151157379 2325 1 2.82176016998937e-05
 -3.336987867001366 0.1855612228950616 -970.7871681690032 3.103044998281925 0.1061675736638911 0.07992732432411721 -15747794921.88045 39.33716478952248 6.275731257600425 0.03712392946340493 9.999787814244672e+20 3186.845258551732 1474 191562 2 4.333734200855199 0.2689720414324678 5.635085416978423 -0.9506436410685577 1.731944778095182 -1.223327883758201 -1.243036522298682 -0.2211770060658642 -2.748700084082508 -1.604163740413542 4.597474937486835 524 559.3314211368561 2325 1 -2.031551735509393e-05
 -2.752975792124762 0.5107994895976237 -4.12437837354745 1287.804607847575 153.6923925391283 0.1625811751996053 -363518.6378543501 187.0665824268374 107.3823746676463 4879.812530973823 34168.58783257118 2898.914720418521 936 127641 1 -4.041059422276382 0.293289009078812 -0 -1.671711555208961 4.095538304219364 0.5304278726510669 -7.306925332241564 -0.3364924877854296 9.311799046980841 -0.1385430878839174 5.547786843267795 527 376.6661381721497 2325 1 -7.227988121696694e-06
 -3.616804866177795 1.11045997942828 -0.4148618204696709 446.3909730461858 9.693776461476912 0.3413434031715934 -298.7842735379444 2546.257646062252 15102.9811863457 2.241374240486381 3.932945589432927 2819.567540767453 1784 191200 1 4.620710544302498 -1.832365522551595 7.948650689023943 -0.2306674430613382 -4.461077300156895 -1.367393630373633 -4.859663610228674 -1.403453011447296 -0.9166103025790013 0.4734938082391915 1.926609450279929 530 563.4211559295654 2325 1 -9.879729209732822e-06
 -10.96174333030487 9.030151316307265 -0.2216253955004128 776.3211831294728 73.20070353213455 0.04454015562533431 -6.045096692137154e+20 15369.75594286352 440783.1209086355 0.3033306209569602 22088.65891207091 2920.837435314685 3302 127773 1 4.645294622129201 -0.08482551082220002 -9.919897975515564 -0.1504794721240206 7.765229041176909 0.8305173663081549 -5.085458181435827 0.9218634636054239 -0 0.7370734813182809 -0 533 377.1245861053467 2325 1 1.581066285332255e-05
 -5.456633981802169 7.912191046244102 -0.06611395884876413 1.258125564887072 0.8314825798463477 0.06102296158365033 -8010167936962728 159.3302222087153 61.83825223227439 0.9587424787342116 28.56265630054904 2943.592466998505 1504 127760 1 4.311230839520916 -0.6157289665395869 -8.298393563714791 -0.5950069813499752 -6.870650630211188 0.5185860658451507 -1.312060202148328 0.2500872217004692 -0.2337521106790454 0.1718341710241811 0.07295665923108974 536 379.9615578651428 2325 1 2.020095784480004e-05
 -4.143853352276708 1.440207237275166 -0.2225020829702724 4.859273307387649 0.01578644255272183 0.0840034609040963 -183657254634.1895 297.3820262710867 204.370465181699 1.563514870278239 16.16726109715692 3009.180448076135 368 191240 1 -4.597649179736422 0.4320222501066837 -7.073958684329657 -0.8747598795998437 0.9325126464712756 -0.8998587239905566 -0.8612222164464312 -0.9237170143616442 0 -1.571117564333131 0 539 563.2590408325195 2325 1 1.004652490975304e-05
 -9.397895362871367 13.82168277538186 -0.2253408693228677 2438.114820467403 737.4117335337513 0.3370136129541708 -1045.191166095865 166.0847360926332 59.95414633196384 0.07192549827094005 67894133747885.47 2916.722365770177 2540 191662 1 4.159126280891622 -0.5715893512798287 -7.810090730234155 -1.093058442776941 -6.062453842063508 -1.83952220074196 0 -1.622580151560421 8.187669448845053 0.3941369595644906 0 542 563.1839051246643 2325 1 2.609204168117932e-05
 -8.44495297677315 9.972243267773004 -0.1702491676233465 0.3370834149274646 -55.35607297234501 0.09030419279359039 -5950916073.43205 180.1334912105326 91.13713079662197 0.05319596518996518 1.532193414047599e+16 2865.504190280034 4338 191631 1 -2.875447795456616 -1.839747152803061 -2.098224189183356 -1.308682954369302 0.1847872129703414 0.8057291811815515 0 -0.02055523075436841 -9.473337456947963 0.7973334115673687 0.1303460140927637 545 566.6556091308594 2325 1 -8.680693815975214e-06
 -3.549208383113695 0.09458227836291466 -537885141.6076877 0.07248343710947611 1708948363247.248 0.07600334390713115 -1256624359136.491 50.09897813343976 8.914113924703999 1.308134498535713 21.07114294581929 3034.295475680468 4461 191656 1 3.368056762191574 -1.349544718499867 -1.860465029858055 0.4971325284395398 0.02187813385966564 -1.829093172732836 -3.480423932377762 -0.509566134822375 -7.086530538242206 -1.580450614240292 -5.747021462933334 548 563.0157420635223 2325 1 4.74959570417645e-06
 -3.538282310000266 0.3108218949824031 -156.7070551755567 0.8290463077437223 2.631766847743918 0.1879349464254979 -231774.4398764456 15514.84858168624 652349.5229722904 2.004484819151365 6.033206905104855 2865.097747381406 1077 191575 1 -4.264543713723214 0.8253669452725081 -2.75674776409047 -1.599839671040401 -3.067758754933426 -0.221751167777013 -4.610744796803295 0.675252076081664 2.285410818915107 -0.05896810859850191 3.707503801335408 551 577.5010161399841 2325 1 1.933358041852558e-05
 -7.770548721108899 6.922861223199233 -0.1384187874476434 0.0370510886725033 9.881644648093866e+20 0.4709666067115184 -44.41594896325267 3579.425060063723 30241.28761962609 3.729926906051274 0.9584153730495233 2888.919096875748 1518 127757 2 -4.227693509893405 -0.4514558358404352 0 -1.166348687266531 3.749893887004184 -1.398899925099609 5.93772256589549 -1.777656361407275 -4.701382336079997 -1.773779269068711 -0.9134027980785291 554 383.7143020629883 2325 1 -5.497242501856458e-06
 -3.578878767459116 0.3589108520678675 -74.04623919149516 0.06370328142220313 40393409308144.46 0.05291791442591227 -4.780542207803967e+16 368.063934349474 331.0470966321876 284.2671715923293 156.807102683927 2995.787994181271 3707 127775 1 -4.461159741682764 -0.8688161648311326 -8.085126292768246 0.9154305696364536 6.178878976786136 -0.7167394606376067 7.916325315079886 -0.6483480909497228 5.526204590604687 0.492536157399281 6.104363588797503 557 392.167172908783 2325 1 1.88661436651685e-06
 -3.181674087564129 0.8244289884733047 -0.616812219360085 8005.160610630695 2754.321790857792 0.3165207283374056 -948.7854930448927 37633.39686573712 3252933.857529226 0.1070765457873213 1674490759.471013 3012.719630870213 1842 127772 1 4.618739318876955 0.2895440107253497 -5.439416368999036 -1.208927675635826 1.176102613783488 -1.824865931959204 -3.414628811209907 -0.5948595524469766 9.419812450265571 0.01191693081108622 -3.04364549742966 560 356.1238160133362 2325 1 1.740327091341353e-06
 -3.116768189856491 0.4597442649864594 -5.556479082604729 1.469424127683238 0.3135817771211601 0.0610966076864314 -127130225210235.4 87.1496712405133 18.6465597623326 0.161667599395384 3058016.971220739 3079.107912782104 1908 191623 1 -4.636406144494405 -1.27352898290289 6.485902258072185 -1.560679948577575 0 -0.756500973105247 7.122553372122203 -1.539183155686942 4.183242539026143 -1.35515627666614 -9.250227338017167 563 526.7103660106659 2325 1 -3.645844687169675e-06


# name: injParameters
# type: matrix
# rows: 1
# columns: 11
 2.02 3 0.3 1 1 0 0 0 0 0 0


