# Created by Octave 3.8.2, Wed May 27 14:15:43 2015 PDT <charlie@yukawa>
# name: outString
# type: sq_string
# elements: 1
# length: 114
Slope	Lambda	Gravity	Lambda	MagneticField	Lambda	MagneticField^2	Lambda	AttractorTemp	Lambda	AttractorTempGradient
# name: om
# type: matrix
# rows: 187
# columns: 31
 -9.747299942602423 0.2404791431462203 -970.5946716594655 2056.490214107201 400.9881306356237 0.192511466532955 -291848.2447943933 4977.459689004559 62907.07698039077 2.430932440089826 1.521558222298851 2915.829761394878 204 174236 1 4.401961814469268 0.8939790080074586 1.175373087223308 0.710500027303933 6.45946600644215 0.7179012677988998 -4.33416261635411 -1.194720583519501 -8.611321531070937 0.3832638909117829 3.715537073663649 3 786.9875319004059 2325 -1 1.695766418940766e-05
 -10.27581050751376 0.222660645486304 -2806.551085206067 4179.223884656155 1785.188336180868 0.07560914793226571 -4795992890380.977 426.1563789964974 393.66377353199 235.7798960568599 97.31286628556194 2941.254241693541 292 191327 1 2.375265591660202 -0.8959317853547368 3.77687610816205 -1.475095089569427 -7.699471503578398 -0.2480900474805754 -9.829766011499389 -1.989728362180246 -6.070169649765366 -1.368235550379596 -2.429187908441893 6 710.1352970600128 2325 -1 1.72946648255079e-05
 -10.13088130837438 0.1825900101184008 -22959.77205095748 2158.397334510916 527.829927549343 0.3954873603076921 -162.1353815914165 63876.25448314261 9313864.324782668 0.04327243832894922 4.965435745014057e+20 3102.331949563584 1390 191402 1 -4.251515444916218 -1.650297138557239 6.576540063731816 -1.88045081756323 -1.803766012644166 -0.01008485642746495 -5.561081888520608 -1.458039208472552 0 -0.4985805775160622 8.508359717366716 9 705.3505959510803 2325 -1 2.491567369596207e-06
 -10.07919355758416 0.1502026334590591 -175240.270628404 0.1163464283187226 26657352.98801605 0.1982838922614434 -53063.3184354004 8465.639055018093 159716.0001974949 1.760907219649797 8.599116284686147 3033.032488045755 3424 127771 1 4.694902199388232 -0.3496868615648588 -1.08011827259474 -1.061259571675299 0 -0.5153663417922659 -9.628307211214725 -0.8201130020191023 7.48238311070636 -0.5419621460710475 1.556218010078337 12 476.1823241710663 2325 -1 -2.219846039614138e-06
 -9.713167172046708 0.05168726021276637 -125813030170952.6 205.0035497758918 6.018017690223714 0.08950025762356821 -3657419757.697506 174.9400920482073 86.00714200768029 48608.55193959943 3133350.707432289 3086.742444910872 1800 127776 1 -4.572965379193046 0.2879468852306779 2.749603357024379 0.5566270090279555 -3.516596871776565 -1.011707282546679 8.385134714154242 0.9298847932882914 7.575109721605733 -1.183912487997193 5.922483459630347 15 477.938040971756 2325 -1 -1.585483630836734e-05
 -10.09257312831234 0.2001281274990749 -2708.513889416828 0.05552411664644497 240169943962615.8 0.1049237034388831 -300775661.6689315 128.5289373836699 46.65132300353367 1.447765377744859 11.90636997962194 2849.866798952371 381 111616 1 -4.652630505964002 0.748589224975353 -7.695419539838095 0.2174301800009077 0 0.9664548695361121 -4.696412979736828 -0.09243753713050755 -4.677709451221194 -1.261267582071 4.140337518737257 18 330.6511390209198 2325 -1 -1.063760749664897e-05
 -10.35166789634984 0.248416066336672 -1168.318219413379 2.998097314521666 0.1368550538100346 0.4533393013916486 -83.00103005608467 3266.281893880889 23458.28534889931 0.2236111895029959 106684.2851080828 3077.147012475889 608 191349 1 4.409519920038234 -0.5618145242618846 -4.643558600359678 -0.8570952481923735 4.19248461687511 -1.380509049324055 -6.430673673552162 0.1730894513893406 0.4432753482868717 -1.448324068491782 -4.65941596969458 21 569.492760181427 2325 -1 6.195795887089038e-06
 -9.500732246069715 0.03224882448520051 -9.99370245260212e+20 16201.5138003063 36221.47256614903 0.09693935837735396 -311091100.3712903 151.2804378913453 63.41250670616273 25482.18645908284 1977181.320535071 3015.364716559959 942 191583 2 4.553343583939098 0.8615944108276747 8.735632636695268 -1.593334891616147 -9.77280754760506 -1.659817181838144 2.83581803170907 0.2850223161724843 8.063323280068598 -1.147649862683543 6.416099967717107 24 566.9830431938171 2325 -1 -2.095598866807561e-05
 -9.181303947485228 0.04487399537820629 -4.295502892936411e+17 80963.47640622727 1719660.872412011 1.384074717594388 -1.568617953501754 53801.62948577447 7381895.264461932 0.1554109603319698 11997287.57473019 3183.43584863911 2154 191638 1 2.39846003731453 -0.3680799967439805 0 -1.812972151515821 2.37830917329105 0.02711009654324356 0 0.06780736317854878 0 -1.180698900945938 9.518355519771283 27 571.6449871063232 2325 -1 2.411401075113162e-06
 -9.903733336659602 0.279377660419428 -151.2563233995974 354.188779412514 10.20404088063945 0.100537784902114 -338753349.1771448 129.0808273800584 46.8453612550635 1.279223598703459 7.017266397676486 2961.476129748433 997 191659 1 -4.565130116928479 -0.9269569560627895 -8.213572593445251 0.4064039110265107 -2.758651052978853 -0.9688525717260594 -4.55410185945916 -1.174046489588674 1.184444147810835 -1.497900507317432 -5.774278598840381 30 567.4781770706177 2325 -1 -1.857214070229949e-05
 -10.24877703413085 0.3690729287827129 -45.51806120137631 1016.907020263475 102.7205647716044 0.3402259556773139 -685.5642986965314 7198.184110628863 136618.3965757864 65242.41877035149 7416195.311488349 3075.068509348891 1260 191628 1 -4.225710746396953 -1.148641710012324 3.102389436819585 -1.917510260237888 -4.465952623747557 -0.3825671405423439 -5.905045519395467 0.1400933497425671 -0.3529018383730245 -1.535223743576862 7.881756138603029 33 562.9881129264832 2325 -1 -5.107030520834491e-06
 -2.809407659975609 10616.72209217938 41667.61593143264 19055.19474875722 75775.71123652352 0.08618885445204601 -201226294030.9182 21373.98147009658 1213270.79597993 6708.31498598895 46830.16469389822 2942.662089973056 1938 127719 1 4.417690749867383 -1.026370486451495 7.623749654101452 -1.574879014014817 -2.819642745016207 -1.610549653623443 3.786012920467553 0.8039997280910312 1.287911841567785 -0.05354584972271954 0.4396617714597784 36 386.7244520187378 2325 -1 1.191674974412493e-05
 -9.825994963055953 0.2699740775603474 -354.012222354184 2010.300158990796 459.4847945523795 0.1020759586996591 -903584158.2239227 25.13449098203147 3.261824361497287 0.9904071752964221 35.28647340461509 3135.739426509545 681 191396 1 -4.513926922485714 -0.2545531925106702 2.429575220839583 0.6607379982998838 0.9921530953828848 -1.8510167055099 -6.205731791624727 0.2151209315181495 3.99401272579807 -1.934541893745903 2.564738911633294 39 569.6629149913788 2325 -1 -4.003744451143563e-06
 -10.25837180188878 0.03855676180416739 -9.997488258985402e+20 0.3288357565894923 238.5272757812282 0.2032864408081959 -86384.6048288547 255.0994816181689 141.0306229268813 0.7953256090758417 44.5952400347371 2848.357013604669 996 191630 2 -4.10480577819308 0.3268914572452077 -4.285981597902289 0.9903532820523067 -1.062050507668249 -0.7452645576939014 -5.359082448796202 -0.8634335405996509 -6.958649856231014 0.04989098752728879 7.696630252534135 42 569.1651210784912 2325 -1 6.717139192513891e-06
 -9.899723040515811 0.316119455279767 -54.4607129228652 3145.484503111174 272.8294925224399 0.3139020788246474 -549.6898382265654 67.93739344883059 15.56415419782887 3601.947678512995 9239.46132960103 2892.520413002417 646 191640 1 -4.444756021393705 -1.07120264128989 8.467642567843711 0.4213033954351002 7.023828880467025 -0.4705274074736857 -3.048949160588575 -1.99749874051422 -6.793642765773587 -1.153294125133726 0 45 562.3468089103699 2325 -1 -1.756598965300928e-05
 -9.712729239516571 0.1664065330664988 -19208.94739263559 95.79658960054928 3.51001738259295 1.688207800845509 -1.082045416952617 4654.582090898094 55216.69173094326 0.2501651004785071 39295.28642314961 3013.357012485782 224 120764 1 -4.523186095119511 -0.3291025552685838 -3.529132545153185 -1.828067874818682 -8.347749723321611 0.1512197529781715 -0.5329729899068525 0.1164211487999243 9.13646245765305 0.1955629636180598 2.1076956758411 48 375.2103087902069 2325 -1 -1.190796226051345e-06
 -8.178145324877699 3.409080737468432 0.08866589973376407 905.0288803544347 80.86723685048649 0.3193534308381097 -1099.259321546464 63.84717950158895 14.03533932307419 1.275553282331712 20.08742151209371 2820.53287337177 350 191237 1 -4.418970405580678 0.264818852361107 -9.921552795319412 -1.820022799787091 0 0.5453941665425708 -9.810745313822919 -0.20270823903296 -1.54564567103033 -1.513171788692157 0 51 566.7161889076233 2325 -1 1.084202286861097e-06
 -10.07758486911034 0.1026538760064671 -34923612.85738043 2.211044867283635 0.1638476940722702 0.05898497743015419 -101666689215629 1039.007116384812 2436.375050413674 1.818547557538338 6.27247944849409 2999.336587659472 3072 191639 1 -4.439101256582921 -1.863348574618492 -4.211893530013818 0.6122799847966878 -4.180345653765032 -1.426154944675389 -5.590312270018328 -1.614230431033989 7.4474298231302 -0.8470761791412631 -2.97434055042512 54 563.6367030143738 2325 -1 -9.567077798165789e-06
 -10.52491276746929 0.1863830488242972 -8477.80055265943 0.4569727939521439 10.92282642276184 0.6717202853646712 -14.48305970002281 2072.718661375605 10319.18466029654 110.5800697083869 21.61908072734638 2927.395338521768 619 127602 1 -4.533213926237607 0.02715125839093789 1.326982070872283 -1.905848286703897 -7.331517933890376 0.2279078264636625 -8.316453642088085 -1.883296426063017 7.787838530980213 0.9966159203913922 -7.134222894048175 57 385.4439089298248 2325 -1 -1.140930571236707e-05
 -10.70582840534117 0.1753966089061464 -26689.23843350408 1.736812339283494 0.1483097429708473 0.577084305491348 -32.86275649453899 4957.511229940641 61175.58686149514 47.93542037564231 13.25531861912272 3038.376311117861 312 122401 1 4.504720914582311 0.3853242137550756 6.772227422911048 -0.7661507282964939 -0.6470145619203649 0.4976533657581843 -7.376682830011664 0.1252526685982382 -0 -0.8288400000790155 -8.263473032046413 60 383.9968440532684 2325 -1 3.288897157756782e-06
 -9.884645624071377 0.1764194225534128 -20553.84215413349 170.095316633994 5.283623686152454 3.286482840223909 -0.2385301319972878 4607.41673201447 49344.53986385773 165.8989243320848 15.35087532298411 2852.184753729131 879 191059 1 -3.672978219452392 -0.9525107244991169 -0 -0.3235726278509077 -9.80942403904565 0.3855024143472954 9.160223011643316 0.5512954835560387 0.7805118070871329 -0.9802947549975336 0 63 563.5073771476746 2325 -1 -6.630339129804109e-06
 -10.14003311599995 0.04690796250513535 -2.098385098203661e+17 0.6273864816789011 4.28105487890842 0.319107920295933 -1072.870383676628 2385.851011646132 13603.16389363691 94.23348394640196 16.58064005894483 3099.466548870941 3322 191639 1 4.180822315868199 -0.8674732630295123 3.556556597245306 0.754214347949405 -5.762431310597766 -1.143333242645849 -8.268943882944109 -1.154520807165193 -3.896309953963863 -0.8188633690987501 -2.957613276589011 66 562.9454979896545 2325 -1 4.358336077425226e-06
 -9.394997025284283 0.1997253106622175 -5716.721329973176 6.370216933078252 0.04142747423879628 0.3480827889290873 -424.168384311885 7.319930604167244 1.481125160566895 1247.993915935291 915.1952444145815 2972.65104503376 3753 191650 1 2.756850439584771 -0.6110406251377354 -0.5179304843623962 -1.307079439613482 -9.792716109698434 0.139764952895887 0.6418922231356126 0.6403441162633605 -1.271613000046488 -1.894811836045636 -4.355561123920253 69 563.9327800273895 2325 -1 1.23245056961788e-06
 -9.697956701470746 0.03088309190809879 -9.997436744646581e+20 9490.951320018117 16638.96009506448 0.40461521286267 -93.74338019194593 192.2131891911271 114.411123559073 32860.43121895003 1186850.9027601 2850.285007410841 1013 191494 2 -4.533797035804753 0.7222850479473459 -9.746758754967891 0.7076073483157108 -4.352168919686674 -0.2924545634102493 8.807612347048723 -0.671892472017622 3.737863731603863 0.2750690994904872 -1.065455116688182 72 558.8468809127808 2325 -1 -2.638163131413356e-05
 -10.46166010850677 0.1373040854636112 -2765524.676560711 1.528261078993167 0.2842001651638537 0.08052998252211624 -1228300740526.351 70.71881151434903 15.14512103314272 0.873414102547702 48.92510798835048 3074.291736639398 2102 191556 1 -3.984654459428212 -0.2097210804067188 1.707892629614941 0.6546800983794263 6.064543134384509 0.8389500129692138 7.554978628226728 0.8690928376026781 -0 -0.2023109665441112 -9.270250446663766 75 563.8273131847382 2325 -1 1.404095384119839e-05
 -8.787678272792684 0.0442923412886549 4.128223651950423e+19 0.9543447971674311 -1.248585830274417 0.5423006441381456 -81.12316497629675 328.8435301155284 280.6394444407138 1459.572146954315 1465.476684134973 2969.535351299159 311 191319 1 3.62004781096148 -1.691864765651631 7.519305203263571 -0.9793056756396981 -8.825049837619387 -1.143175920036926 -0.6241676454912315 -1.18655410183052 -9.279779406922598 -0.1939217166256357 6.502452269838987 78 568.2895131111145 2325 -1 2.426323491856401e-05
 -10.51773982095881 0.1217450988460388 -1280871.754723898 0.08512147695619053 -5674301119.834235 0.3493428065320526 -416.8819987066813 103.8987990421281 26.55577131457248 296.5711606767491 31.46977246477547 3057.122558716604 1403 191659 1 -4.546552459296322 -1.384122299357833 -2.616095445233082 0.5001355220952232 -3.199241351021801 0.3005075626881957 -9.851674345391753 -0.4008268747706474 -0 0.7301621671104059 0 81 563.3943359851837 2325 -1 -3.126680469908926e-06
 -10.03287995503736 0.2937657924152896 -125.8186723575731 7400.820110704541 8867.5260644386 0.544312453940927 -36.86843581250517 119.6392665457067 37.45670564431779 110.674603043376 20.69502128572017 2775.618272681363 998 191558 1 -4.464390768575591 -1.641468083938102 7.427717334978713 -1.407118520053277 4.875268567118536 0.2633221791021425 9.660510950911709 0.2208403488344541 -5.742962123706907 -0.7162254773132776 9.091942921029259 84 567.8135559558868 2325 -1 8.68966340878335e-06
 -9.316896481582603 0.286391871932257 -349.175172115697 1057.582162735381 154.955293829967 0.05283047542387857 -6.761473752909647e+17 717.7398549517999 1501.297932480081 8928.357259007133 134535.5176732577 2895.313755717809 1643 191657 1 3.71596566484331 0.9747242161813112 2.98536682901918 0.5270707903871292 -6.008456575333351 -1.442646601693768 -2.666957144695105 -1.427479514015214 -9.966773876743327 -0.4258560686135296 -9.277995035046414 87 561.7378628253937 2325 -1 1.522796315711294e-05
 -8.258070838359737 7.817163671659095 0.05451128020529026 487.2855036060684 21.04222476216921 0.05086767859904638 -1.047506969126238e+17 44008.39698600799 4614499.691921301 0.07765455517652521 1383752400654.215 2905.695473023797 610 111738 1 -3.880839818919831 -0.1614233976920936 4.981369497304215 -1.550102926096219 -4.848744569119446 -0.2365166838819554 4.356815101073438 0.6412670574425716 -0 0.6108590705509447 -9.280518510248328 90 333.0750119686127 2325 -1 -4.970444305072862e-06
 -9.93074542269841 0.2439397362150112 -984.8290121109884 5914.838722439698 3627.98524728736 0.2522188375300618 -10445.87680569336 336.7684887479956 300.3012888189589 1.284740492172341 14.55801341456394 2884.470613409101 348 191531 1 4.1714932852124 0.2069417416371681 -7.190694761830928 -1.464257364849389 4.993660284266569 -1.562804841452426 9.176263103089527 -1.672451505521384 2.085786366265043 -0.1077955574201219 -5.095261452710397 93 565.5116419792175 2325 -1 9.790827356371623e-06
 -10.46817943616574 0.06238067306025834 -16483477874814.78 30903.84645229432 79302.03619940409 0.055105515083578 -2.495718393549485e+16 11139.94397391926 263609.6626369669 272.0395812270485 91.08919990227015 3074.316420498031 4891 191656 1 4.55545813082305 -1.993189560399927 7.67833254349236 -1.366005552559812 4.377556147612773 -1.329162956095397 8.221224573326161 -1.067721014652151 -0 -1.389565899104749 -8.949982234221551 96 569.7634570598602 2325 -1 5.893184728425676e-06
 -10.29606149280961 0.2141491938905496 -3571.519775325255 3776.03191803447 1714.441167494626 0.08560717199953756 -36785912057.561 82.35153038221931 20.32431173977351 53900.4911591268 5092808.387685137 2809.020470925396 4248 127775 1 4.184678013999913 0.9008878277246488 5.763746201405997 0.9086134780044376 0.009905362717847144 -0.8726882803964706 3.493374178224746 0.5980560677770543 2.876878641800189 -0.1551396670543409 9.947656134602518 99 382.2789440155029 2325 -1 5.111191884050006e-07
 -0.728082893370853 521.6939388012257 130.039165476829 11.37894485345212 0.1037556760372295 0.1882758522049212 -456599.7279315477 60230.82832199828 8209477.915511322 87.94287975585942 -11.36528802180038 3149.586507815718 419 175687 1 4.630080334950608 -1.368357587971669 7.251679672285995 -0.02171759727735001 9.164653039010503 -1.84151945923772 -5.233028341163774 0.5432271305290053 0 -1.913066791793844 -6.004813763488109 102 521.3484568595886 2325 -1 1.911067304714468e-05
 -10.72543690345815 0.1563190411648399 -87454.91258795399 3.29324847103957 0.1379682249725345 0.1664548126090219 -621454.5147238441 90.56929549282138 22.01450373754466 2.117043085807173 2.531837962653372 2970.149606052379 2170 127746 1 -4.428432619362713 0.9377150785980959 -5.174238833428781 -1.752027257952067 4.941777217024147 -0.4981692189703661 -5.659822433328802 0.5564305376004199 5.772330654494861 -1.671799226011344 -0 105 382.8177931308746 2325 -1 1.456736932572144e-06
 -9.854426425397889 0.1477852942861892 -86126.47805994388 0.7445374131661846 -1.611916522578756 0.3154924982891105 -496.5958698303197 70.67361815995326 14.60618773422296 1.167467717150549 18.80626851061731 2787.419837331044 435 175292 1 -4.010413685330334 -0.3451759627764126 5.944422959821145 0.1646722751676557 -7.229574628856811 -0.02371951657621812 -0.5492262441123552 0.9905899815242742 -2.655902446812626 0.1477350225184892 -7.364776731307991 108 513.4357218742371 2325 -1 4.675571407616943e-07
 -9.546121139760116 0.1365748849767899 -860992.5293677052 297.1078867003788 15.72761439649027 0.04812622404236615 -6.630534773350734e+18 55.23189853025112 10.71079604828283 0.1210273678485671 399243353.9632444 2927.199715536897 2453 191647 1 -4.012234687886536 -0.8476796821013677 5.37875428368688 -1.155167649305418 -7.384168963737181 0.9027695526752861 -0 0.1190581835934332 -7.359526870446819 -0.8141593141487515 3.742448469302172 111 565.2681732177734 2325 -1 8.730075878293728e-06
 -9.939824326401313 0.03367052667985776 9.946589479378109e+20 24431.52845316962 28677.74639335096 0.1905266890019511 -67155.83782647944 96383.18514166659 21710818.46581205 0.9471062025035556 27.44899412392321 3072.062219838227 233 174109 2 4.126916613483105 -1.724685661824782 -0 -1.788089315601552 2.773825158658599 -1.178880643324826 -2.660855365165483 -1.00967199252384 -7.674987005655366 -1.356211829010732 -5.882292615619918 114 520.4392971992493 2325 -1 -1.112402986514857e-05
 -9.879817891799021 0.2676898524687827 -356.756756321587 52163.75267618326 912874.3559331323 4902.427473830679 -7268.160737461045 13800.78348235885 567655.2884458818 1.461087152080414 12.41237769824295 3049.384457953274 235 188446 1 4.374411394848043 -0.6644712907750456 4.847987859860647 0.2027296276495622 8.598240287909107 -0.8362939340138631 4.490316234003995 0.5056106229147805 9.383130567896238 0.9453681403042169 2.358203778263152 117 565.4751510620117 2325 -1 1.760418266399891e-05
 -10.36831582529424 0.2610825720361419 -217.7837687706466 0.2338596972368568 670.8872556630231 0.7492987111733151 -5.537195043892843 321.2632437639774 295.8307507193988 1.191656693189333 18.61217417277828 3028.949890122502 709 126634 1 -4.546743333089198 -1.150438670400074 2.600194273941561 0.2493982733565074 8.030773506413047 0.3389733459237156 5.87643521141656 -0.7459647958510196 -9.555476536181079 -1.555883930429389 -0 120 381.955365896225 2325 -1 -1.887895702806099e-05
 -10.00877584141823 0.1228825616762475 -1765736.145891691 167.927025530052 3.664398470865304 0.06194399529723827 -187907178918294.6 91616.8740971301 23067304.69747129 0.3144269211912522 4769.982878267046 3088.922881946927 1469 191617 1 -4.616793267652828 -0.8515710433849845 -4.034055965524844 -1.318470990291493 -0.3627524174879095 -1.323295779830579 4.67188450773401 -0.2263402835134922 4.107871122780336 0.1505170926956394 -5.82418825944649 123 571.5182020664215 2325 -1 -1.940624070291977e-06
 -9.963220182163342 0.2248418846959091 -2905.497081813446 2466.437310498458 904.3850569627693 0.1983297633089106 -38865.9311771448 30.36166626852141 3.96815466476479 173.7935853584163 79.44588380325177 2947.086419537281 2610 191662 1 -4.21691081209213 -0.9735795446827735 9.693685571464293 0.3376283007254326 -3.077140238664454 -1.222861127885578 -0 -0.1384015402255532 -0.6364134139261211 -0.2619098823340638 2.77273652394661 126 564.8260262012482 2325 -1 -2.045477769264204e-07
 -10.06118631090011 0.04830997300145882 6.521550535353853e+17 0.2838611226119052 1655.166075143696 0.1802702457403905 -424237.7494638766 5524.967607625149 78006.28714513754 2054.94108487735 6424.688292418889 2851.233793322916 1158 191429 1 4.457385229865213 -0.8134614134493621 -3.018813864788795 0.8729359447069811 0.1453439303319843 0.8517877658690831 -1.85745047689624 0.8869305843682147 3.594614164536249 -0.3724277840899592 -0.9737238387373948 129 564.6298530101776 2325 -1 1.918415535467377e-05
 -10.0481544853055 0.3565264168534672 -50.9803792281953 5.187939425197154 0.04438952987623409 0.05198792441352544 -9179538019093774 3879.213170366322 31738.18377315574 0.8226255726580142 15.74733237855136 3080.646038243462 279 124075 1 4.218069825215889 -0.9883918855627236 -4.189902155238004 -1.798608086425787 -0.9119689315825434 -0.09245372198401296 -3.313175743205076 -0.1122129411174236 7.036266168318022 0.4522155477168837 -9.830073508101952 132 382.319179058075 2325 -1 -1.09753125920728e-05
 -2.667091444651894 40181.40752606606 594459.0236925702 8859.23865738317 7325.43306361126 0.1152664782606873 -56388255.3237508 280.7585849323826 219.4548483271286 71631.10361928206 12470336.51779141 3091.21320420454 2626 127774 1 4.525791930961833 -1.410281851324904 9.890658855045393 -0.3500081681364842 9.346862561790044 0.06165744864200069 -1.822381816502328 -0.4119336991790724 1.030678263750075 0.8017073561284933 -4.046697016900334 135 379.5161972045898 2325 -1 -7.886457841580719e-06
 -9.842453300509289 0.07799561829193925 -36966784617.25054 282.7564859210243 11.10207001725003 0.077010348404702 -2505963341755.839 13473.04637397823 383308.299236096 2.480715414744781 3.153969363969913 2938.151906885624 830 191489 1 -3.773213105468958 -0.5898012561823531 8.557154993994612 -1.459523075523516 -3.740154889868574 0.7339995747953352 -3.600227430591008 -1.397960081327479 -3.731818791132699 0.1333404949095236 0.4916454138021469 138 574.5909378528595 2325 -1 8.972824871470446e-06
 -10.08101952161975 0.1130569029805019 -15223149.92484584 0.04633248175912073 1.009841211503078e+18 0.06000351977977738 -171374772223347.3 107.0663012578107 35.0313503770066 0.0481510202303123 -8.025990457930252e+17 2983.015292463167 3632 191663 1 -3.997406731505183 -0.9551672228520491 4.079859218950498 -0.4386984986357697 -1.769517688699922 0.7244648001323961 0.6194832367678385 -0.05102035720390318 -3.474349960159728 -0.4144689611025703 -6.876680867443394 141 574.4674179553986 2325 -1 -3.83428415513358e-06
 -9.883235726054346 0.1985187880271227 -13717.51166867604 92.09938257654954 2.109492290808758 0.8728014724466049 -4.691949234590841 462.6050253980388 454.9003327592264 0.2519883324432456 75598.02046976188 2784.390984327289 260 186853 1 -4.687975834519513 -1.713047355762305 -8.07308675130521 0.3040280889502007 5.301050720038598 -0.7809932918151876 5.956144407113166 -1.157983742922138 -6.23401969725067 -0.3528249811210609 7.968308101408137 144 565.2592070102692 2325 -1 1.626159741111367e-05
 -9.46956183384356 0.1554519272945707 -22915.25626391547 2.998250196396783 0.09728115952595391 0.04374593226121212 -1.668309459272302e+17 54545.88727207242 8238132.945036304 0.4429313820088394 657.3646288223965 3097.434006814546 2335 191625 1 -4.501801441257153 -1.275227138789516 -7.024832635410162 0.1213463243257901 -6.926365411845913 -1.701964346771591 2.610037108877225 -0.167490824718211 0 -1.457074740192795 0.1866664614723987 147 570.6873071193695 2325 -1 -2.691140457493063e-05
 -10.04660994210148 0.1911492136076087 -16413.09130122822 0.1973664406276962 -23961.38661085711 0.297388526181489 -918.2982679368464 121.0778775082811 30.32249209572472 0.2362114054582189 -24827.44299288187 2973.865365206464 747 191589 1 -4.553413307817777 -0.5255101058579461 4.766215563213387 0.3294495173336691 1.117620642905153 0.2793965162751633 0.9729123961200941 -1.992549057857088 7.90335260364626 -0.1493126505626714 -0 150 564.5245318412781 2325 -1 4.644964031979862e-06
 -9.007990848729397 3.502272005738686 0.02301712382740077 477.2799302907024 27.57724825115649 0.3078185441649547 -1045.91080733369 56581.89108318175 8752700.550282814 0.03912341091215965 -9.991683414278027e+20 2832.879952558063 1776 191605 2 -4.270013057466671 -1.981109767756787 -0.6154853790155403 0.3961941944536621 -1.554373682935972 -0.2896398827650213 0.5609732132027037 -1.596520001086864 -0 -1.176379078512493 4.475875240588797 153 564.0529360771179 2325 -1 -8.530157987749149e-06
 -9.071073073769883 2.455446607578946 0.0524041181403771 227.2558555176153 5.650156647012055 0.1402934594876263 -4282468.061651113 12110.83016693071 400405.9209237293 0.05988759180211408 1751466709282472 2940.667398521995 917 191635 1 -4.061450355493695 -0.5794524692952088 -5.802541193931195 0.7180057952507282 4.828220290813608 -0.7204508563810822 1.356597072586508 -0.5612813684159992 -9.811813940777176 -0.5077579887118562 -3.660040695321944 156 566.2751071453094 2325 -1 -2.481746703276758e-06
 -10.4371475973274 0.3682226088649915 -17.09095764919084 461.1922572544086 15.62292200126186 0.1538609775419514 -558219.0857146714 368.0291427580678 261.0602679188064 0.343524022462997 1669.472974263057 2818.083735985135 1650 191661 1 -3.748312343516541 -0.1755335182496429 -8.102705698725838 -0.2701529161208214 9.701453746587536 -0.9522082439675383 -4.995454321509732 0.4932340774963304 -9.199011692073197 -1.531363961287808 6.040039451832287 159 566.5535910129547 2325 -1 -1.408555710373413e-05
 -10.55476585909345 0.0873298608006364 -8477999031.628454 8335.939317222339 3918.584260221975 0.051701947287245 -3.743179729181116e+17 70249.66760108934 11087676.35700844 8032.001186603755 26207.15626005911 3012.47294330256 4163 127774 1 4.006549829795789 0.1275273833688649 -8.847348235004661 -0.7719595691395131 -3.361009153530097 -1.867285890956094 -0.3040853049566294 -0.6156558921046322 1.820306757307284 0.865877454478007 5.084729586400181 162 381.9486830234528 2325 -1 8.579239211142119e-06
 -9.863362639868509 0.2034205494139671 -10769.31046831577 1.351014272764566 0.6147824272732791 0.1626066250486713 -1107332.422287955 39274.52380714191 4343422.981177757 64.7288585038406 7.434876040877946 2922.577474432762 1288 127773 1 4.156358036181421 -1.8461500372498 3.83267567102881 -1.15281473065704 6.867970438296778 -1.861273326603224 5.217303492783429 -1.231090946289953 5.995289837194207 -0.8671000658271621 -7.676674329687495 165 381.5345151424408 2325 -1 1.632561477798343e-05
 -10.60320341032333 0.2608267107368486 -1549.236987556264 7715.508130606214 5061.889537157363 0.2473593198206981 -15111.55061314816 3883.197304594712 42888.03901038294 2107.125631675333 7906.522261416054 2957.162487853091 1417 191660 1 4.550519394253834 -1.583947460822274 6.823550211657425 0.6128899722641932 -6.419473982043669 -1.90382078376128 -7.71025713644689 0.4911604037393582 -4.847203668307027 0.7203225710842487 0 168 565.4789299964905 2325 -1 2.173096387834094e-05
 -9.885234082940528 0.3030297956999412 -24.65790594519632 0.03914569359223637 9.913303222341684e+20 0.0762793130231304 -870003051602.668 12.32464953787665 1.373701362002327 0.04096484135064262 -9.942223111271374e+20 2932.908410849871 689 172993 2 3.884490928684275 -1.95210387309833 2.975433702359553 0.1348050147081831 9.753460584511686 0.3374468950244766 7.96168754109959 0.6913254193569962 3.100777135989549 0.1703019427617609 0.9996001814268567 171 518.4362649917603 2325 -1 -8.168143293268857e-07
 -9.740810280739627 0.352400479822336 -16.65044843372399 186.375435766103 2.793877853447751 0.1437183083065539 -3531255.662260071 83.63795418867042 21.13324834926361 0.2328460049742835 -39940.88525192516 3113.199144619501 347 175565 1 -4.480318606847838 -1.472714716188786 -0.337230327880472 -1.331340942064785 -8.302423433958195 -1.59057329767214 -5.553733783494294 0.5446602091924611 -7.61468410300793 0.5259818084141128 1.500409571936626 174 521.2407069206238 2325 -1 -5.224073478729701e-06
 -10.01380513288387 0.1697595628662091 -9030.990125692746 0.06257425207544273 202331987735.3207 0.07203576343573215 -73910981496.29672 27.82958897493444 2.995311977582308 0.03547721340225852 -9.984235721474201e+20 3178.710013319771 2323 127746 2 4.569115935187393 -0.3755541827534428 7.120201955599423 -0.6912982221949697 7.412713565242775 -1.834347208714557 -6.351485172532801 -0.7230121445728486 0 0.3869025856175203 2.955345977929588 177 382.0427379608154 2325 -1 -2.7739965770448e-05
 -14.28501500728522 10.48121500857959 -0.151141575084725 1545.494859177765 273.9244837004911 0.1996747264651421 -30445.99260504857 56.2517022528182 9.927961581114005 0.2819223434407873 -13090.05284893619 2941.119709642426 2065 191640 1 -4.608730072319748 0.710233182947019 -8.819982209768282 -0.9242220392802514 2.716701264290323 -1.649515194148422 -5.472146756206697 0.1654639760950447 8.892663965153217 0.02359676440558944 -5.209589730891969 180 567.6790897846222 2325 -1 -1.012700423903724e-05
 -10.37645297317852 0.06991286791651222 -1382556394323.039 1.636261685760402 0.2725249803823106 0.08188131647455334 -328918528824.683 6697.633538230847 111533.1556037281 512.8289168878764 141.3949234441018 2893.905961845922 1383 191662 1 -4.683489516783639 -0.08088442285704646 9.346424714600182 -1.030137690223581 -8.543357754108882 0.468534229037036 1.566543941784725 0.6613596510134876 -2.033839752492214 -0.4118615090645434 0 183 569.7760870456696 2325 -1 7.096391537732884e-06
 -10.39070081035382 0.2386310026336659 -931.3838605074163 0.1903125712079662 -34493.02758181986 0.3138903476313145 -980.8860254269715 72990.56470229694 11297995.6998126 0.7306895108038599 76.68968946832588 2904.20959310416 1616 191661 1 -3.882768194213681 -0.4653870945532503 0 0.2875557626947041 -2.318431925170505 0.01192056884091566 3.890896498377735 -0.9389605696055661 0.3804564889092079 0.7932318394486209 -4.562041552888264 186 561.6516690254211 2325 -1 9.000569048035205e-07
 -9.18008583261631 3.199472892710786 0.03004235788086662 72.50990460545761 0.8328915707038523 0.08325046846691971 -8467840648.463912 4552.176183847226 57258.95128450276 1.203326871653293 12.35409772339519 2923.728417843631 1583 191662 1 -3.887924014467647 -1.397329458599497 8.872724389742373 0.9228097585638362 0.6814216366829018 0.01362815761935153 5.206830700714185 0.7408865128697242 -6.062912996241721 -1.462113333115012 -7.283337693040425 189 561.8000371456146 2325 -1 -1.670203705582792e-05
 -9.539482984446007 0.03847593849906385 2.285495469873305e+19 76751.42444986466 519855.1748734618 0.04922756142469441 -9.715219824240621e+16 92.92378713410632 26.22997634720789 14637.75969154251 408591.78934465 2968.235792697803 1855 127760 1 4.565078932746117 -0.9356775557708961 4.731678692195113 -0.5904699985707147 -0.008391111430220644 -0.6137170023202509 5.714775045896553 -1.35274125545336 -7.313410803134687 -0.3973192734879287 -5.959766783547096 192 378.8082571029663 2325 -1 -5.968885934520025e-06
 -10.46818009093244 0.2546546368939036 -468.283746220107 590.3022481047532 26.79386657454229 0.1516173438631973 -355974.4530401188 94.99458275858248 26.60842469954195 0.0379288884069356 9.994513396136137e+20 2804.445122209982 1734 191616 2 4.673716792934639 -0.6057374135320224 3.895603022967281 0.8406591306389783 -3.717961321072769 -0.0754556465276464 2.475801477094488 -1.069592362368024 -0 -1.795867860012242 3.90069751900102 195 564.1081759929657 2325 -1 -1.662870347625412e-05
 -9.834762992212443 0.1565118837258939 -55127.41167618086 2237.146910009428 2726.539470144426 10.11277871298332 -0.3160999915529788 16912.25962107972 657843.6054187984 1.864372035118066 7.151607040803718 3052.171453815304 358 186726 1 -3.975071091610489 0.1631608817554952 2.247287328518285 -0.5319151682181564 -8.795234519051691 -1.623915621806828 0.2810929059117528 -0.7570684637354406 9.442322335317705 -1.23291929795382 0 198 560.1408889293671 2325 -1 -1.847897292792283e-06
 -13.51413822300053 11.3972430136653 -0.130627724639562 135.8813261488868 2.822005774685918 0.6528119398749165 -22.81460281730532 1028.086872104745 2443.584872574946 8310.195016074376 118491.4123350408 2928.982626397468 555 175679 1 4.499209788371922 -0.9713768581365692 -3.269469108550962 0.461965517311806 0.6105490993660951 -0.1772119580834426 9.710270247048143 0.3976336487811563 8.885944047291019 -1.504468110422123 -7.770436446461243 201 513.9729318618774 2325 -1 5.769439047490137e-06
 -10.3716327578782 0.3357167041251288 -83.65783578179379 8.214346031940254 0.06600869266035238 0.2294555128901062 -20849.26436045058 1314.879381636985 3545.112598320426 1.366104767192792 12.31076256230592 3077.566005472874 1395 191656 1 -4.356787802135831 -0.9428708826840762 0 -1.15223429587412 8.560286420648005 -1.760590891673605 -7.937169697557938 -0.4317103850595086 1.819323805246311 -1.810995229445783 3.455422253336025 204 571.4126219749451 2325 -1 9.372899086942432e-06
 -10.14169183622274 0.2341000117779225 -6324.452370899234 890.0221112910374 91.01637576271595 0.7670180591420906 -11.52000320330298 8.565033133071124 1.621729082355357 0.08342564823152993 44348446610416.8 3128.206347241698 1488 191360 1 -4.626242335679632 0.5760380132916483 -7.269749843206096 -1.719892420106909 -6.369466062620683 0.5021661720397184 7.015946338085149 -0.00421261018193508 -3.870365047185008 0.150344105924586 -0.6025796199074365 207 569.6137471199036 2325 -1 3.401072120777571e-05
 -10.05986867738969 0.3131661065219921 -111.5735468050188 1.180777865105051 -0.6990219461627268 0.4560147168056624 -79.02641172871505 174.488443120962 86.47603845699879 7998.403192024588 114647.5104283368 3082.146055497654 458 191616 1 4.146017173235768 0.3748986961760972 4.153602232884411 -1.675657734207842 -7.836949816160056 -1.797770112646142 -5.472206480845579 -1.904116993411183 -0.6073299877536495 0.9186747295164683 9.127098266615128 210 563.1558711528778 2325 -1 5.014300648820397e-07
 -9.801277537612172 0.04006847645403517 -9.991906773074548e+20 485.3625636375929 24.22235136755015 0.1689171246848001 -1251758.275135788 33522.58268513213 3183981.237385391 1.00624430985614 40.92646719051238 2902.071127899861 210 190710 2 4.626732333194068 -0.4830357899181888 4.153977478876143 -1.228107133653499 6.101803831306976 -1.251942580623433 -1.208783536678449 -1.103361157800596 3.481211394055659 -1.21516473244838 -6.118694715952596 213 566.1410598754883 2325 -1 1.694254743938487e-05
 -9.853748328055381 0.2033209142642725 -3294.074980597117 964.8405266621614 96.05433074923424 0.3591244021106944 -253.9068505262615 152.6498206108158 70.48799526568887 20635.36298320188 1350930.949173432 3037.36488192684 3235 191660 1 -4.22082432710224 -0.9946549180942243 -4.719267309851257 -0.7540373539256677 9.958018076856542 -0.7462316233312869 -8.670959980876843 0.04765680035232481 -1.585198080179997 -1.488769686825892 -2.566783036246367 216 570.3015220165253 2325 -1 -1.066012261879985e-05
 -10.78463053246532 0.3137940913114844 -142.005955870541 32203.89372985131 100991.2174385079 1.21590223732014 -1.679866554548323 59.89856764126768 9.900195085632202 1.477354721669794 7.436494430737962 3059.042464852086 580 127646 1 4.529292772136548 -0.7264834229737342 -8.919940578734888 -0.4641955028092779 -0.7069455419979653 -1.775020544842876 -5.975619324323557 -1.175028276605991 0 -1.071528078509226 -4.008942975699875 219 379.0615448951721 2325 -1 -8.24954193048524e-06
 -9.890998685436893 0.3386274299846722 -37.5524440001063 46117.81216639601 259775.8702692911 0.1470566362410731 -411946.6812750869 61786.94552539478 9328709.083767211 2739.499142346856 9278.749542599449 2893.700539754849 512 191661 1 -4.264337075606875 -1.099493390262067 6.551509193871053 -0.2967450543318106 9.646671062868496 0.9775137471712583 -9.795527869974029 0.6139358572365841 0 0.9953097951104746 -9.954931013373763 222 567.881826877594 2325 -1 -1.74298108628914e-05
 -10.15071533271866 0.2525155707470251 -620.6606828963581 53.6656596505886 0.5243934523571906 0.4402899168728388 -179.2544419747252 1694.29741290499 5142.499356271475 0.1621365116276597 10758510.92953821 3084.362158304511 1979 127771 1 4.233922141030201 0.5129951758587605 -8.860389502557027 0.4009430845913169 -3.14837119642607 0.3160585947866087 9.671897535649196 0.7434433159337663 -5.519649007244769 0.2761782650580579 -1.530817835974319 225 386.3376281261444 2325 -1 8.249589589764291e-06
 -9.558570399243745 0.2851638938060743 -73.0496627487374 68239.71084091146 653527.0281798604 0.3618870248390904 -433.5941327646877 61.57672056124063 11.63628984156823 0.1685795448374262 1540016.825838052 2876.537298986829 2551 191602 1 4.695034286895331 -0.6971849664151515 7.621130431847019 -1.274913840191268 -1.762990540235625 -0.02189899559526866 -1.263656536074277 -1.007783551139515 9.282476448592412 -1.65248145175072 1.818259079153976 228 571.4553139209747 2325 -1 -4.949051087745377e-06
 -9.58938484769366 0.4483858085579309 -9.193898809629816 211.9913860118489 2.54910579287001 0.05794545870319406 -1766992342685124 14309.81541734823 500480.2945410151 46551.80435823924 1620939.216502046 2948.785958126392 1078 191626 1 -4.351246410012425 0.491444360843734 -5.161329593264249 -0.3141247065870916 5.856671567698196 -1.087115329357802 4.027640037177008 -0.5455250710528096 -0.864446715663397 0.216236931712765 4.271076646189056 231 571.0848138332367 2325 -1 -6.146011592384035e-07
 -9.343106319796808 0.278717993898576 -83.94881713639865 2.129848238788931 0.1415083644341271 0.06830162694526441 -1139102419070.679 172.3443176801651 77.18627697998564 524.2211178713126 444.9767588148455 2904.886628616154 254 127578 1 4.649256474151628 0.4240171355263032 6.355736168702347 -0.583283843456619 -3.849686359785479 -1.52063054018132 8.286326932487922 -1.776786092771101 4.742204910892611 0.9137889126163929 -2.730290620025214 234 381.1679830551147 2325 -1 -1.798758895018976e-05
 -9.938226308303035 0.1717577647777813 -1369.049015282368 4058.148019313146 2788.429468030199 0.08763642895622412 -461306722.7899764 1347.577541865183 3642.595238946761 0.03357360586440379 9.999096155490492e+20 3003.526747281253 1109 191662 2 -4.422218609631553 -0.8156690228098515 -2.520967492303304 0.03338536712875004 3.152763593758423 0.7925828227314691 6.679647646236128 -1.426712627082118 1.015541172925833 0.9817780425517193 -8.912698517162161 237 567.6240558624268 2325 -1 -3.348090589080517e-05
 -9.719392861024954 0.2348306004256443 -104.3268516185814 667.2562547146659 79.01219166548347 0.09820371692391223 -230394730.0294425 1429.93435337701 5234.794853858491 1.538239197289356 6.591066737902661 2886.253147585586 545 191294 1 4.60335585275272 -0.2437830329419928 4.271363824280278 -1.471420839201247 -2.240043102303697 0.2004408007084955 -0.3103426625157772 -0.3428949423889973 -7.351507280923808 -0.1296312415032288 8.941437777619317 240 566.6076560020447 2325 -1 -1.669195568844908e-05
 -10.1312730212938 0.2225365726700576 -549.7112565249828 16304.82539344683 16684.95625358244 0.3020808626549046 -312.2846571453069 9712.258080178728 167134.3341334715 0.1795285800390923 -163037.2463264751 3003.778245396859 596 191659 1 -4.627490497948761 -1.853438839222451 0 -1.970426367755374 4.261388435675178 0.9409384090736097 3.559015789367184 -1.199719212124652 -4.559531311898811 -1.127490127014115 9.186377362395589 243 571.6237299442291 2325 -1 -2.591393498148368e-05
 -9.876843773312048 0.3044623918574503 -84.1490989535162 0.08928606515358355 3504236929.668522 0.2794884461376129 -2568.285547271406 23141.9390898997 1268491.725886544 1.875377831020894 8.426981381087268 2975.414356563198 1243 191495 1 4.212881274276438 -0.9348717723616673 9.403834664993711 -0.3448572100453724 6.12508012582386 -0.06677704628202898 -9.19626054719086 0.3617345314350473 -3.152478192461776 0.5933878008993423 4.921940415469817 246 567.5167169570923 2325 -1 -5.116197850271547e-06
 -9.810110051824482 0.2727554163994086 -83.21673073809312 98000.3886984602 2856651.690793592 3.288277314095552 -0.268814916194861 18561.31383252054 780190.853488976 277.2344856743001 152.4027160987683 3008.619271720714 211 184825 1 -4.497959088341531 -0.2999513091804165 0.3725881710127226 0.2478379608032455 -4.254217549775093 -0.6149972843869707 1.67981279657252 0.9564354177126497 2.245367827789749 -0.7381808084504559 0 249 559.6934349536896 2325 -1 -1.809158231034705e-05
 -11.23858496456592 11.18757516406275 -0.04545056435832928 238.6593438116564 6.410690463858759 0.07837472306410956 -603864312610.7791 1083.979032114171 2799.477827490697 5.302116662664848 0.3804572909644435 2926.55020518206 911 191659 1 -4.491698459750304 0.2080460839665767 4.550905971166633 -0.4556706782658786 -0.9034053135536353 0.7917586614487941 -2.939604121619001 -0.02031257528740048 -8.220023920043156 -1.837134386168871 9.689340875748703 252 559.2599449157715 2325 -1 5.626608324128073e-06
 -9.751915438767723 0.10312218699272 -21141175.49970652 83.83459315585677 0.5881169234395931 0.1028107195838032 -555977530.6353879 14.78981594216847 2.346912996787711 1.004155688921736 47.61757295883027 2934.292175965488 1422 191614 1 3.159740236700205 -1.132989687834524 0 -1.556251737363019 1.535601884244312 0.1302440206815532 3.237220516893242 -1.167080725200909 3.183563801348988 0.01176804144286074 5.26673100175187 255 568.3277399539948 2325 -1 -9.464958019286424e-06
 -10.52597138404234 0.2388780244757091 -2602.559063801053 31524.40822584511 113958.5843993062 0.04655805141732123 -6.535797225365749e+19 13.22787678871847 2.030487721762897 7.199654951847765 2.210450096461171 3028.882176672453 1526 191645 1 3.736271712465268 0.8757268653890193 -2.856419121325608 -0.0339102091705801 -0 -1.350238649174638 0.9360944639070112 -0.3295868400973507 1.593107667565948 -0.6020603734019048 6.168231936093099 258 566.3180091381073 2325 -1 1.173283632212595e-05
 -9.718480854573993 0.2155266765502224 -6021.239804424825 621.9703764268097 21.83226179083705 0.0755836850039784 -12563771983417.95 46348.77163798612 4914586.092684951 457.519779931418 146.5763396681389 3049.551929728647 1949 191564 1 -3.593455175767551 -1.375573084727621 -4.552428981066793 -1.191671523858512 0 0.09609343300732666 -0 0.9344981533506389 0 -1.07174166083391 1.046327263527505 261 565.7012321949005 2325 -1 2.054875112160594e-05
 -9.969661135950362 0.2626720244012006 -219.6996887383781 9.241818739422186 0.1190686504068609 1.178118431076322 -2.624957895385631 419.3814140494207 490.6065611970939 4.095364632452953 2.327415884887661 3008.701130519515 622 127618 1 4.624888838121218 -0.03229361028278004 -2.780401469330448 -0.6191403647876595 -7.501948149918517 0.8724400437607014 -0 -1.103068189642444 -1.194025851337506 -1.271167372909598 -7.637572464401458 264 376.456592798233 2325 -1 -1.510388065447051e-05
 -9.449403636446918 0.2360401145349829 -924.8734759126023 167.2048737975371 4.388800710419981 0.677858403406119 -15.64299670413243 19118.93199165116 905567.5885969342 150.9324202421753 88.96539297238148 2951.584350319661 411 127668 1 4.038133470725118 -1.430735871513686 0.9136013771096403 0.3307733155426051 2.419783286175447 0.9568630220352476 3.902430947030373 -1.730086801074286 3.621009392051491 -1.583318367925988 -6.378508307812609 267 386.5494809150696 2325 -1 1.53223076882164e-05
 -10.21585111742369 0.2841741093776661 -170.684091839375 2.773256037440261 0.1780074530953309 0.05774655341996578 -9506669756535814 112.5351913445167 35.80732106300409 0.40531659420691 481.6529178671193 2951.018621258082 2325 191573 1 -4.596713172247961 0.7618246207235329 9.810809791368415 -0.01971909766577615 6.056055870413727 -0.5270346723767627 4.222884212787818 -0.5883941226207074 -4.376449694986924 -0.8909010158208952 -7.029276219449414 270 566.2536950111389 2325 -1 7.806875719780218e-06
 -9.858726808007294 0.2148286391631893 -2275.423823043689 3.780400719830461 0.08729769473027794 0.2587615238903036 -1816.903749480221 18499.08439601324 819883.3733332801 14155.38419158902 492110.1067544798 3093.493088250817 2731 191659 1 -4.338331612623785 -1.010238729346505 -6.36558115961092 0.7320501349848962 -7.529359483434099 -1.930757571953762 -4.747918105579022 0.3870962556992281 -4.026837754923611 -1.221080368279969 -6.109967145551356 273 562.7194797992706 2325 -1 -1.16329750351015e-05
 -10.08066477647763 0.04099645120814713 -3.506631932501527e+19 4486.004351934531 3131.206494369265 0.2308737917926498 -17504.21093958719 2926.960538507541 22596.38525464185 33.66736806471623 7.387749151973548 2927.7153592375 2394 191662 1 3.736609978433465 -1.065913925928356 0 0.7165152090447569 5.263750415036655 -0.4007555506240328 -5.518877551351761 -1.396944991483474 -3.156184447747814 -0.1756523754994951 -9.761636703526104 276 563.7944629192352 2325 -1 2.407082751639744e-06
 -9.747701785021485 0.2432078452883326 -915.3992719013411 1.945147567957315 0.1626812300123467 0.04788460994455161 -4.313026855744413e+17 413.7555098120513 533.9968920892923 2.332390309617077 6.436630884622653 2866.05206895967 1720 127772 1 4.12650776207013 0.8245183460579186 1.833690414917663 -0.5367017811457346 -9.897348490598535 -0.6536951426230644 -2.612505006565228 -1.884605199222089 -2.950553159175194 -1.27593187727712 6.976243766020958 279 378.730199098587 2325 -1 -4.865345045476069e-06
 -10.40501247718134 0.230158750906036 -1276.708379048363 478.9053872328041 30.41457815364046 0.04868545417702259 -7.997349033414319e+18 62.28161075318803 13.05765176756036 0.5982251882700793 266.6753078938573 3032.697213276102 2400 191646 1 4.581281479135752 -0.3641350454708796 -3.061049253651985 0.3632599456362859 -0.0852823778132894 -1.022208835475999 3.810461853015342 0.6921698051974707 1.212403765415546 -1.765473572025533 0.9293506096162218 282 566.6984281539917 2325 -1 1.32096661203969e-05
 -2.798950237587711 123.6288329016725 6.733607379433598 2034.029044063667 413.1205910756228 0.2052604988009206 -19483.34945592836 80.64781991334188 18.27602162521035 1.040316178397788 5.003463443325473 2869.427774935322 3462 127774 1 4.600893114014339 -0.9101910116903031 -3.046116900211463 -0.02277323405517251 -9.464048656424925 0.1395821331933389 -9.933408202473716 -0.3841851036582344 4.463404072397509 0.01006502106530684 -3.012171220408419 285 379.5203440189362 2325 -1 -1.852508221928103e-05
 -10.39588206396706 0.04421009229116307 5.344176435093831e+18 498.6116601091224 21.73747785046913 0.1041000853332455 -2712442673.210585 33261.859223375 2955214.311061299 8399.363360366864 97719.34424296909 3017.024441245547 2927 191631 1 -4.674062237599037 -1.597639781804821 -0.4376045773812365 -0.6386324818504931 7.764613805362739 0.262657862233516 -9.276149984514822 -0.1713716770956602 -0 -1.582325710615865 0 288 562.5494821071625 2325 -1 1.334396021376773e-05
 -13.10338555237332 13.03768666553845 -0.1303494104991264 0.05390479986681718 -1.100695406914202e+16 0.1557298262654252 -1151894.42034455 33414.79757363793 2558722.398944922 2.878348039611241 2.143383157123692 2985.369928710883 2340 191664 1 4.569631438750799 -1.854843012223907 -7.773309772894436 0.4160815549392156 7.529834963548961 0.06292619598355116 -6.680502118543586 0.9463474716256801 0 0.2615941267261883 6.261443898349614 291 570.8048090934753 2325 -1 3.387067953485342e-06
 -9.466720816141461 0.0368584160346959 -3.584361633249469e+20 80.57031981548398 1.188856676053075 0.08106798730624946 -109196098102.7338 56.47286008322853 9.551944141835204 19904.78582367125 143996.4885142664 2964.784363151809 1235 127774 1 4.570059645796772 -0.3556012743830159 -7.701765956943959 -0.995697004866015 1.687043382328141 -1.866713448550108 1.30770113346712 -0.112683823284689 -3.571990328209116 -0.2556177300883968 -4.257267238021821 294 380.6797311306 2325 -1 -3.60630543324303e-06
 -10.03870800138674 0.06815770752083235 -499544671003.1268 12728.62952016209 26984.63122436974 0.2876594813417919 -1810.200130326319 1164.338626854956 3186.03207759862 202.5962618296222 66.10447540768141 3118.416542520827 5018 191628 1 4.670329067021657 -1.094249407399478 -6.709366355563163 0.8634249805348357 0.1868644445203014 0.5959498879846863 -3.989871371699581 -1.304239337673231 -7.368870422061518 -1.181206824193954 5.618743555724043 297 571.7792570590973 2325 -1 -2.768376963145853e-07
 -10.19338960127473 0.2989761492014238 -182.9175660147262 4191.95627006087 3433.036461542518 0.3298792250172189 -379.1789527911052 5.608489403451309 1.466230764996439 23886.10543074442 628961.7613521962 2906.607230767368 595 127583 1 -4.148270737557784 -0.4566527004753693 0 -1.086416739657174 -0 -0.5105354139156582 -2.500467288462116 -0.2879758724132797 1.153685017442355 -0.9522980072057052 4.278765497996853 300 382.4906961917877 2325 -1 -7.705712642049259e-06
 -10.27063330824537 0.4810630633831819 -8.784754457756602 2147.247848239903 196.3094989246383 0.2143372963361278 -18416.89935608904 3788.675250072338 35455.96566865144 204.1571844507694 55.22429199327424 2936.773454288377 177 122156 1 -3.882643725932768 0.7863391670426818 4.281375649462367 -0.2330641483947104 -6.607177526074672 -1.958301565255136 2.434180421153855 -0.7419975278794197 7.947842997884612 -1.866471060298946 -3.332221260991045 303 383.521203994751 2325 -1 -1.541695221568619e-07
 -10.41521391087333 0.07463154118225061 -67685513462.28409 0.0806057294209835 217480774528.8983 0.1860874847632914 -160317.2232580461 1320.330006394161 3592.806230579559 1.993285064388059 3.818588387680905 2823.911684453527 1534 191659 1 -4.453368800280846 -0.6610273252444596 -8.291468918254804 0.01072244405599406 0 -0.6231275862040562 -2.884398988357975 0.7994634448131119 -7.134304954541648 -0.2582677383279854 1.355076469755902 306 570.6441538333893 2325 -1 7.377517638423029e-06
 -10.25866534999339 0.2702870346875852 -268.1508957523299 284.4482332787881 8.832827983907775 0.337503817292228 -891.5970940851358 6031.95616830135 76654.29906277043 1.444993359567525 1.673277340918899 3147.46908980311 355 191595 1 -4.584131806307786 0.3681908034192092 -0 -1.00955059229116 1.13767248805139 0.1686639325124242 -5.193564724574519 -0.4665390937622558 -9.730951294284795 -1.897771225039549 -0.06267227456699587 309 561.1594259738922 2325 -1 5.490699486228183e-06
 -9.002420605825954 0.05928165220631517 -12530756006828.59 3.923753999592829 0.205957263612315 0.3566170401521346 -229.6944620217892 221.0265667656533 134.821944847674 205.6717643560828 -4.137040989177714 2886.839019025129 5687 207605 1 4.030502260943247 0.272398691039096 9.991285285282558 -1.967261831140472 8.42455732604456 -1.45393369345052 -3.142781209298671 -0.04742946219708168 0.3786210773151293 0.5117774407777205 -7.71347747357057 312 622.9800472259521 2325 -1 -3.468459329910495e-06
 -10.03249441930956 0.152235757283886 -116993.6247290565 2372.576259606421 615.8882095884289 0.06503539895703053 -36227504288852.06 30477.91727960521 2311792.332660796 2.519175406132384 2.194095871473873 2855.255158841738 1447 191632 1 4.683775844502495 0.1386931188767822 -5.039995849472787 -0.4324874803787129 -6.124261346455397 -1.93831920185785 2.576765055176261 0.7783259123815087 9.126713562931371 -0.9480782337627991 6.228436297826716 315 564.4797608852386 2325 -1 -3.557118928030291e-06
 -10.54500933884909 0.04501955765351529 -4.167428942305974e+17 210.1534452711926 7.597524216108999 0.1618551491331815 -539957.8688027565 77.32270289559912 17.4300403958627 0.04216500332266611 2.772695250720883e+20 2816.330315761284 1151 191589 1 -4.530900405465502 -1.443923827077871 -0 0.8739120556014175 7.131806242345785 -1.235465849533597 0.6183838774300376 -0.7099800547264454 0.7175154629402214 -1.101107478108739 -4.942556625003315 318 572.7068810462952 2325 -1 4.303994615086276e-07
 -10.51568146208747 0.05397385878930475 -245252593483544.5 0.2128527964162831 -4969.034035351185 0.2417942668503645 -4331.329414059306 170.9752966973984 70.0555264105769 0.08964137934346166 -33894072643.90913 3056.58958738855 2711 191584 1 4.625288805236467 0.3393490924470059 -3.13699913417706 0.5219186348792269 5.30644712916104 -1.044500250637984 -7.35635072294988 0.4117609273578883 -9.308134056210543 0.5971193748891213 -0.1330933916781287 321 565.5117518901825 2325 -1 -5.658247539247888e-06
 -10.445175602563 0.3332046726843142 -21.24199389275643 60938.77559395802 324253.074981007 0.1185372839513144 -82066378.87531117 1249.965686301599 3195.96950565613 0.3229686407063165 2565.590889438609 2880.044173075175 200 175635 1 4.461567342340575 0.3212755634469166 5.796541607847068 0.6423174054278187 -0 -1.093945712606802 8.704551659348128 -1.065119104678868 1.411114598817948 -1.672934096994777 2.310579370626127 324 517.1554079055786 2325 -1 -4.212595819559404e-06
 -9.956425782904093 0.1558027641381837 -44363.76593894245 1.861803529566725 0.3779716648077525 0.5045990445697771 -27.65636408756544 372.2901569819293 316.9011250846835 13597.98773176112 157385.8728474721 2896.325590817036 315 188224 1 -4.555789736937736 0.7634885745763969 9.628025085713515 -0.5004834171952037 0.3320734340225515 -0.09685954745605233 0 -0.5550585115649662 5.923172441634041 -0.1141797584756299 8.076760313112395 327 567.7955219745636 2325 -1 -7.997321573653873e-06
 -10.31727521588549 0.2580174539313572 -742.7725298631644 1.796528865890872 0.1975202865290083 0.04511111353969041 -3.450759503457509e+19 598.0788145779524 803.5830965371811 0.9962231418558556 15.5065601865233 2920.834422933618 786 191153 1 4.528169467077933 -0.3270053578905632 -4.108050882891846 -0.02029131727212176 2.238335294193995 0.09585424382469479 -1.527075386356387 -1.85872778875067 -5.286844817352754 0.347120234481737 -5.009629623620503 330 569.8272919654846 2325 -1 4.200957704618372e-06
 -9.831593497767404 0.2154818617799059 -3552.979404476398 7.741071689897754 0.1028481107210826 0.289739632519267 -2120.339285069054 2442.226395450457 16602.34114086365 1.179054282077441 11.51111415909194 2985.748423733769 2705 191651 1 -4.62132068632668 -1.483832960047695 0 0.4363118023499162 -3.596393700310434 -1.663144811792262 0 -0.4917253515950817 -1.2088347420142 -1.813614154490542 6.103481903392769 333 566.2423920631409 2325 -1 1.171647835618128e-06
 -10.05081374876133 0.2019224551074856 -3600.527971620008 1.099625109002091 0.749558689649898 0.05416411333822603 -2.361971902881792e+16 58.23173064670301 12.23728097225855 1.492709433830808 9.912750189269003 2889.73425331599 2351 191651 1 -3.749218331189854 -1.071571893878442 -0.7552393086287612 0.6805371331980865 5.383757232629877 -0.1649293163676369 5.25083005569765 -0.7223198706200602 6.641945646782189 -0.6986826615205644 9.203658533137441 336 568.7102568149567 2325 -1 1.464700610777453e-06
 -10.15830587559614 0.217900682736344 -702.122808218164 29519.84804325429 105785.9958360734 0.1355123809873809 -3584640.080737064 10953.59148987724 315103.4170704762 1.09980404853666 16.19983551738508 2977.027679766986 463 191630 1 4.019456156176806 0.2782127184524631 3.523488095567609 0.1976108873528028 7.05541373689166 -1.037280640306553 9.14893874677041 0.3014967872550426 4.115983088159272 -1.027477622804617 9.524355472298959 339 569.6617479324341 2325 -1 -1.380539996053439e-05
 -1.710546312842986 125.8548778103179 7.777036931738474 0.8751603200074732 -0.9178827260861673 0.3347639980854948 -687.8401081364433 1324.217256662959 4001.721749223125 0.5691747212160608 268.9981375538301 3170.870030640489 1919 127749 1 -4.671505149287063 0.1106074383572979 -2.571142054031379 0.2814048268104513 -0.9900327156429181 0.800878986738109 5.173458021802943 -0.00753394638190128 0.8204719518173595 -0.3808981323713452 -7.916149479925441 342 381.870069026947 2325 -1 -1.068169080523754e-06
 -10.26627718379021 0.1901183991359023 -10825.78936195771 126.8119610701957 1.114367281679442 0.2627703101256615 -8502.851224644401 31771.47109881147 2464774.93306001 0.04322125254227252 9.740181728253431e+20 3159.747711933474 171 174811 2 -4.696314506046734 -1.910164127800884 -8.76955782191013 -0.1327825192252715 -1.808548209897116 -0.9426507223292155 -7.27131599900383 -1.871135384350869 1.815324024837922 0.1147615006680436 -6.187894839919394 345 519.2962779998779 2325 -1 6.172653765465479e-06
 -10.05545782414838 0.1539484521749683 -246180.7203848396 4075.161108618928 2157.375678293961 0.05684698563189367 -7330164547502953 5379.726468531439 79394.09344089411 636.9614667040954 1118.696940255759 2906.016882738889 2687 191642 1 -3.485114194938083 -1.96475700650057 -0 -1.381707749684923 0.6022320611861622 -1.144517908942862 5.757792100025315 -0.7536303228932226 -7.155067788390843 -1.037275306820026 -5.127201834990332 348 568.9685130119324 2325 -1 3.265509710078521e-06
 -9.810445576289624 0.2305284255901096 -2578.225058262228 5504.646548937253 1330.972963187001 0.1502589200088515 -5606534.62255672 3799.669337559722 45266.435618879 1.865648575421236 7.590351184882063 2832.20023529286 307 191209 1 4.694527916658966 -0.1445413515425056 -6.704373573715785 -1.831386158184575 -1.011730655678785 -0.9140025202075197 2.760982060694877 0.1005185201211654 8.718010473351155 -0.9350055398761921 4.598253998413701 351 568.7937321662903 2325 -1 1.403819558294164e-05
 -10.17505096069799 0.4068012330277053 -21.44530077097922 46.74026871427618 0.6090081493214591 0.937652549761495 -2.808357657460763 1052.019616484074 2541.781575543403 27504.59814740692 1693639.238858763 2964.811764401173 349 191580 1 3.731537496484576 0.7220612829211288 0 0.188790962935319 -2.699574810969433 -0.03830238604330386 4.20155591294511 -1.752145442829917 4.825467767891882 -1.342416995043611 -8.514847346005693 354 571.6567199230194 2325 -1 3.029128621810158e-06
 -9.778986336393611 0.07600209330190731 2849801055.49871 0.1480414250685411 -84953.78763343809 0.2146915455623115 -11847.65943109093 146.1024614087722 64.8006187701294 2.240397046521468 4.514515951520093 2732.945010345329 1530 191651 1 4.02698073536787 -0.5766111308215214 9.621505797978365 -0.7232473143578133 -9.717606563492376 -1.069869311017632 -0 0.2459970002523577 5.4330687330665 0.8399586339252729 -0 357 571.5309951305389 2325 -1 -1.721858396483918e-05
 -9.803190777981595 0.1648177509213653 -40398.90909948241 388.4826102085466 12.93252092623973 0.5421721021176532 -21.37238349875156 47.34195713781369 8.297886595261023 220.3002143558614 48.41709004670152 2933.486351802582 659 191470 1 -4.674843869795275 0.4599164856907203 3.594294859921158 -0.4519684785363829 -2.794126660708985 0.3509652435722148 2.382147946511985 0.01488296585079454 -0.6579703853841954 -1.405976641247003 -2.673900120855361 360 567.4749538898468 2325 -1 -8.920964455197967e-07
 -10.26280777816382 0.2287105236905742 -2052.688901887659 360.6663107684703 6.904749277901968 0.1506579491203499 -4570644.434158967 18024.91307469976 907086.5386551119 4772.768805395491 78915.47689466015 2960.678912128937 3539 191659 1 -4.428448820542057 -1.492701365316567 0 0.09837706674465437 7.876996444077978 -0.2395462903102397 -8.343110119059652 -0.3919094005919144 -2.784781885243842 -1.414861781215622 5.325316340447092 363 562.4192669391632 2325 -1 1.289551905600288e-05
 -10.04305337328289 0.2985058355779719 -213.4633499853356 319.23061354177 13.42759087986059 0.06749956149542945 -108190949402152.6 22.51164030952687 3.520358882411234 0.04488094573131367 9.989086585687424e+20 2927.715954149694 409 191307 2 -3.755942943317953 -0.5368631259328414 6.781546510966721 -0.8125052800049488 9.391200530192791 -1.776785263514958 8.04518841500953 -1.310803455920273 0.1774488330727939 -0.7278957149557055 -9.332066737277064 366 570.7886388301849 2325 -1 1.127197105937254e-05
 -9.673599169543325 0.1204881201280586 -5757051.02948318 13665.00510594417 39359.02566736796 0.5801464851901391 -34.05246291956986 252.6664325464146 200.1564697967835 5407.32144029885 44964.90508498259 2850.322448254625 1437 127733 1 4.693667905533656 -1.357818676336858 0 -0.7364929673134348 -2.462700218669592 -1.559497735392538 -4.327232076836691 -0.993699628638657 2.952144041502992 0.8696892532701059 -5.901043827007117 369 385.2029318809509 2325 -1 9.532497503639737e-06
 -10.16980745600448 0.2565579312631031 -447.522638585495 33511.96425319187 123780.3580717891 0.05496013509382958 -9483318984090030 49726.74774972439 5216326.098244999 1.671504746298782 9.469081417340471 2979.258197486865 2015 191637 1 4.651619578381005 -1.831274905554012 -8.594021288477316 -1.466232095086489 8.691603043730218 -1.387605190247928 -9.75024616471517 -1.29405204561848 -0 -0.9709602745848223 4.635204134297876 372 570.0236580371857 2325 -1 2.35605613808923e-06
 -10.46281255323154 0.2202939199760851 -1607.019921353011 3.030165283789881 0.263090383186905 1.396471978514125 -1.115984785680139 116.7665952394052 37.1967579889839 0.6461432518606062 48.08371021274885 3087.01145097106 473 191583 1 3.77880733567496 -0.1023665600012205 -8.580620330244175 0.5170622466953532 1.610149977868457 -1.187774725396038 3.415461717666735 0.1383925966383623 -2.875031239256109 -1.051080743809152 9.650932536843117 375 569.8339931964874 2325 -1 -1.250431559044208e-05
 -10.00022375631926 0.2715724664320744 -220.8058957141341 437.9007711609291 14.51035781610045 0.2044300026904195 -107720.037583071 295.3533320230234 253.4888056470579 4.354796481061539 1.757597734727493 2979.695444714473 1416 191583 1 -3.74000560133995 0.6538387179804968 -0 -1.871035208592985 4.516975390859744 0.1122177480924455 6.057100820354375 -0.3438502772146581 -4.848960026825548 -1.728373467617485 -1.538569807527396 378 572.7885258197784 2325 -1 1.54912053862894e-05
 -10.62228019037936 0.1354711419260854 -2690898.74988293 462.6258739424209 -1.041620593142968 0.6304688758477357 -20.43407913286303 230.3647166941211 108.2478233698725 0.1281097355062338 314397287.9995977 2974.124955410786 4121 207629 1 4.122780053833776 0.3847595073164287 0 -0.09568095694622515 1.384637045138106 -1.171416664483835 -8.54779830525921 -1.951109347504151 -3.182017747239684 0.9207660451296684 -8.821844609906361 381 610.9774260520935 2325 -1 1.605596365601028e-05
 -9.740464261273159 0.2412653145321993 -454.8858587124388 27303.50641722709 64945.14813119489 0.128496194221035 -9711867.244568499 143.0301047346645 60.0909784846533 97591.647299356 19470529.33857713 2973.279580927675 1419 191664 2 3.688146834640616 -0.07802981943596166 0 -1.379164714205691 1.658527242263433 -0.3245511865106696 8.365172230232096 0.6532949859594209 -0 -0.7054744880986155 2.015875296091441 384 576.8879370689392 2325 -1 -9.386364593066447e-06
 -9.934863983722741 0.2428011365505082 -854.605238209827 5676.073875968975 5457.998818689961 0.3479618646944526 -352.4124442738491 6597.475575524566 120503.152106566 194.1161668721721 62.52615631617959 2985.907770714736 324 191476 1 2.5102844048587 -1.69552896608571 8.461858944666488 -1.262707875383032 8.289283628385819 -1.041370089582988 3.815530191226481 -1.104910015236401 -0 -1.454453984099103 -0.2352243720173188 387 570.3453288078308 2325 -1 -4.580982289112535e-06
 -9.70483533337076 0.1430893124400424 -209091.1775535597 0.1419680515691642 912300.1125801607 0.1936875130907461 -68459.31160926819 6.279044255404452 1.479932719404984 0.8739428209826349 74.75979993055739 2950.123638750251 1875 127771 1 4.43805164228668 0.1688573436037348 -8.193050815047176 0.3766351514588284 -0 -0.9844250679907454 -3.688162362869818 -1.81697287531631 -4.056281582928023 -1.406602322583708 9.724281686684106 390 391.1943869590759 2325 -1 -2.98582816661529e-07
 -0.03674805449405543 26494.39229177313 342942.7282634217 196.7729187273677 5.906096947442448 0.05788411452369895 -479527959972536.4 73.78803150095783 19.5631001919673 1.396396491510537 16.76402319507788 2901.532508055217 1915 191640 1 -3.840614536544616 0.1651505971922189 5.597248936522182 0.7501642147826817 7.738041644204831 0.1019477366853638 -6.172782380175846 0.2138040714698435 -4.827722019738125 -0.09569854379597051 9.427537282700079 393 570.9762527942657 2325 -1 -8.999761059578334e-06
 -9.945956318077231 0.2867862106684362 -346.0091108120992 8614.53886012855 25337.57150469116 5705.863890214178 -5807.081396153306 177.0351315839717 94.31038271313389 92.50444428833605 12.35449857536829 2871.220310663824 334 190994 1 -4.659028319199886 -0.7967333866966834 -5.814945889151933 -0.2666320408445895 2.861452753649467 -0.4268364230083392 4.38658703935369 -1.414070681423705 0.6612920770823796 0.5749547023859174 3.603880910326119 396 566.6257281303406 2325 -1 2.649006388503578e-06
 -9.997628307701021 0.05976755678775045 -91228323985.70026 0.3246886670960032 -66.42510333535297 0.0489727445971612 -780724099880769.4 4126.510375182656 39906.41810539254 0.0332899112733377 -9.947338923407168e+20 3033.757821558456 1218 191628 2 -4.042148226946931 -1.635136910726556 2.540094632990768 0.5859254773811484 -0 -1.631978333177092 7.589920810137004 -0.4293093701100004 -8.706148027006208 -0.817010690881343 1.531692839836607 399 566.6570320129395 2325 -1 -3.257900708787627e-05
 -9.52778969802109 0.2865187199297702 -78.62181103749677 0.1369452474933242 1380468.925872843 0.2382689103281096 -5158.661003667705 65423.13999148455 11737164.86077957 1624.636012147034 3392.073063887465 2890.459302901204 1698 191664 1 -4.684699812138761 -0.7655586181619984 -2.755215153067237 -0.8154747199175585 -1.519371844088601 0.2009598362721299 -0.9677627940254681 0.8189652921759856 5.527295438632393 -1.028709416315825 -2.216848990249129 402 568.1888208389282 2325 -1 -1.571952236944863e-05
 -10.31681254799962 0.2506322960826691 -119.535285425881 0.04211547775271552 1.473475148126295e+17 0.2332183542077092 -2897.075254262164 6468.206248824585 82132.16185047984 0.7556496537983891 30.55712996242043 2998.414668811342 1536 191551 1 4.565128252511494 0.4914486135388181 2.120627974693679 -1.783002267317561 -0 0.4609655882008576 0.6883983836354606 -1.038918746062471 -3.910107688257549 -1.623695216468693 8.680535766356181 405 569.5001399517059 2325 -1 -2.740893951376447e-05
 -10.00074509754733 0.3175613663097804 -55.44829927493979 204.9685351955175 3.261716251794097 0.0658103475583927 -27951100219131.59 10498.73121652146 259994.9880759181 0.0529578806247317 3.912584030744919e+16 2998.267381841239 433 175540 1 4.314633680530821 -1.111139827319594 0 -1.263741252095107 -8.1145293991737 0.4447787598249606 -6.570037318512142 -0.09770075619053036 8.062066550009336 0.8702624581490102 -7.035404614309437 408 513.0799088478088 2325 -1 -4.81138396571722e-06
 -10.52964962570422 0.3942426548097336 -33.66698084321146 30089.111218411 51866.19670656522 0.0856437789692627 -104967015783.7704 219.368252112158 137.5836025698875 1.136004917829239 14.17434362128735 2918.688913359278 732 127455 1 4.392119305547658 0.04078570318067549 -7.398516130660861 -0.3670309858329599 0.8765048882510764 -1.301787323702389 -6.348874491905722 -0.5556523304780496 -0 -1.978069279200802 8.361800014087226 411 376.916491985321 2325 -1 6.938372181519136e-06
 -10.42888753166126 0.3153651440636224 -57.14651462362539 0.1835316866564832 38627.19301029408 0.05046534607927288 -5.36622881085615e+16 59.76349312617789 12.40092990411219 1.852195584811274 5.883139142916297 2921.792636087405 1445 127756 1 -3.941126211466492 0.4794370649877067 5.537456828887319 0.3843987291324202 3.207249006844855 -1.273896622837558 -3.783921018354243 -0.6095057881973451 -9.116412576019048 0.09763490459033568 0 414 394.8842148780823 2325 -1 -5.601838987050697e-06
 -10.69423028773996 0.1506722711709446 -137918.5840107657 74317.43980004988 181178.8340016604 0.1854093689972185 -249794.9401019536 8440.131274623318 209752.8937533686 0.05115047480377202 8.062595345177573e+17 3008.231405187178 4676 191664 1 4.569969748257021 0.5432436085279986 -0.5778075963777294 0.6445058084734692 3.730641238413272 -1.730506199979545 -6.571028983261132 -1.918930733530934 8.963390581469161 -0.7533928196436293 8.21039977356606 417 565.261519908905 2325 -1 4.613349020948752e-06
 -10.07138865525648 0.2755042172416766 -791.5723779450279 0.05633870160734585 -1.110941777664812e+16 0.2071421744316717 -121096.1927532849 618.6493482580013 1021.31450967232 0.04672219128755845 9.993585226951682e+20 2986.826885337073 2145 127771 2 -4.652475433696386 -0.9179806211211865 4.303175606180312 -1.812702575117997 -0.2676600668653002 -1.898363846120984 2.681699659046586 -1.31234862315654 -0 -1.241882362822114 1.755809914149927 420 379.4240489006042 2325 -1 1.930905068587408e-05
 -10.42577550657778 0.1497215104243745 -63115.61261556529 0.08736964057922392 -767187361.3738179 0.08256956793301803 -16989222269.28151 9154.502616216698 206709.255498479 178.0527260063757 46.0834320228882 2895.564132194789 705 127473 1 -4.542769007303987 -1.409538593862451 2.183976578609094 -1.595592238500805 -4.719711283978467 0.2737734513545744 -7.218946325167789 -1.982731820382352 -3.190956807098321 -0.03521187142070218 8.644994919771911 423 375.2656450271606 2325 -1 -1.507205631105172e-05
 -9.489817140503895 0.2326124389603156 -143.86867775454 0.03795408880972889 1.293146032812302e+20 0.733607858812641 -9.069238846983321 9764.515042783707 226987.7226111525 0.4994137169697858 252.4331401136223 2946.686870843235 1614 191656 1 4.385959416711749 -1.615657396222139 5.980059966246763 -1.221036472781956 -9.247431526585027 -1.180754027313575 -1.825748332222665 -1.699937331947449 -2.525136924043966 -0.788759303361541 -4.21370171823894 426 563.718386888504 2325 -1 -1.45441817510412e-05
 -9.625973866093094 0.2590181919379408 -310.2120864952768 81.44919391767027 0.7332459641308194 0.05283549560563233 -5101617234503036 129.7057360908537 50.86400938766544 1.63970224325035 5.205141646602682 3072.652999174815 429 191040 1 -4.693830182627657 -0.2366504740673819 -3.964906265144258 -1.088916074659759 -7.052209114257025 0.5942061382444912 0.6914883391266846 -0.2654299490451173 6.604775044706165 -1.417195088882658 0.7014431800887153 429 562.8415949344635 2325 -1 -1.083730224458037e-05
 -10.90862221314902 0.2270536626225628 -741.3096435967993 2.27426255718539 0.1389901816826754 0.1207979665218619 -41053142.20154589 143.0595454232102 59.26827068658662 4.845862313656023 2.06260617073886 2875.974703420688 361 175637 1 4.530413948692074 -1.31752565922762 -9.189362250522141 -0.1507578503938536 -2.61339966764753 -0.8378720436411049 -0 -0.663369514890471 0.3887596065956318 -1.304889695470798 -5.041355672135683 432 532.0206031799316 2325 -1 -4.432400792457775e-06
 -10.24187152601616 0.157726883076358 -251383.3161577973 493.1864003743456 19.29665754800539 0.3979816437831528 -240.6802666534917 26097.2703481863 1449293.113477117 462.3338547596956 -53.8364728688729 2902.543321320202 691 191547 1 -4.231680579366438 -1.031292182786196 -8.340733018886834 0.4925509203000775 -8.486235691567732 0.6880102596397286 -8.399234178433284 -0.007689480268501456 -8.461648460488346 -0.4105329087616418 -8.551951941180365 435 561.9406270980835 2325 -1 7.73270057236124e-06
 -10.20881878774916 0.2422601857335487 -1186.332102995534 10.33458983984413 0.09724839249327424 0.8194685282416878 -5.709853108283741 1163.338993433406 3447.876750716335 3.104535736576135 1.373005675966346 3022.322694958978 688 191045 1 4.524457044520578 -1.811602904978932 -7.444569271767493 -0.2537999682757164 5.590490731302101 -0.7551554077543425 9.563070432493657 -0.07868179104873189 -9.978414118340941 0.2197008729818508 9.11106755828667 438 563.284343957901 2325 -1 1.329301195513397e-05
 -10.10116214968722 0.06995988223299543 -94868063168.83775 214.954416076371 6.845196293515547 0.3391288022564388 -531.9961775940211 50087.47669928116 6454547.885859353 71806.31951135788 17826141.27637238 3014.108257020981 1685 191654 1 -3.312673429247018 0.5119859620537799 5.061091435728577 -1.779884699606481 -2.34178575127474 -0.8917316959151886 -8.625628633317126 -0.8091218974381604 -1.113455028219187 0.8006701099291909 0.8395023450926242 441 562.2654318809509 2325 -1 -6.077569954479588e-06
 -9.974231973050543 0.1646850484617811 -22624.49445990278 84.15171656253287 0.5983139770115576 0.176522087674001 -92518.53729767984 1566.68095036079 6132.960195833876 0.8339825070384663 48.64458304478755 2926.274520867832 926 191651 1 4.620342337948334 -0.09575788808656327 4.002298894328521 -0.6950695285614916 -0 -1.396761879968047 -6.156212161725777 0.3874784227495018 2.773585328112878 0.3295209876376246 6.983031651412245 444 561.8160488605499 2325 -1 -1.635340507607701e-05
 -10.07453203526568 0.1313675836463631 -2622532.657202013 2.753184676329144 0.1056080811372263 0.385695760955832 -312.9695236485406 122.8019833759935 30.42678043429785 1.404181510251983 5.054911546086059 2950.644539619948 811 127762 1 -3.946145769429566 -1.078452841480344 -7.403741755599341 0.498973283812143 5.889549063088412 -1.992212998945756 -1.80600126985775 -1.961734795764223 5.512227503454737 0.9903069000062795 -2.499770583421225 447 377.5752449035645 2325 -1 1.027750227129947e-05
 -10.16981323765351 0.1480893030998643 -428917.0882151392 4259.623456950058 2154.670628925737 0.08761852064234497 -51616803629.21741 9.017745428729064 1.823920163135188 1.749125634927933 7.848896525105448 2898.490703285431 2089 191642 1 -3.683230183043459 0.1108005282779087 -4.207604906801198 -0.6963960016083828 -1.22707824891099 0.5052074263563928 5.805790776941014 -1.665824310293127 -0.9596564931846521 0.3984655166146922 -0 450 562.1173870563507 2325 -1 9.705263153194396e-06
 -9.907043882679275 0.2785082531570165 -446.0192940609189 2.602604523552313 0.09157588326022516 0.1933151273887845 -223849.325798588 412.5232863779445 444.5335871044485 0.1963785276829566 1870812.826515814 2850.454978378144 1195 127776 1 -4.491441121388083 -0.3719102343279817 -7.114848113333801 -0.7190945232643102 0.07495482825533362 0.3745595407427436 5.987863286205955 0.7294397669568164 -6.905175131387207 -0.2007019581476337 2.627623521526918 453 378.8545889854431 2325 -1 1.396027513087787e-05
 -9.378592477104869 0.1665229680580772 -57539.65561248214 198.5456017023814 2.858425401096484 0.229452634514748 -30660.72607809291 44.57838493372747 6.866559044845586 1.770075701320864 2.209026104148565 3034.832086349784 3592 191663 1 4.465146587969589 -1.278884576037782 7.328467510051658 0.2516598790321662 -8.301582075404859 0.2648631775118568 6.971578979320009 -1.888025831940692 -8.064591809040415 -0.5906450887750392 7.917110620413641 456 564.1822440624237 2325 -1 1.13370092877445e-05
 -9.905301492480914 0.1624565364708193 -25904.55604857492 15054.09111508902 21708.0265775255 0.1094145720320055 -61304219.39048436 1826.575488687605 8454.928298992279 4.48424984250963 1.457636410870695 2792.773728319589 1164 191661 1 -4.57369130430936 0.3219030731739609 -9.934479263517149 -0.546060807748006 3.261358100207765 -0.1178895819855015 -5.230505917186703 0.09516582198063785 0.7325565606377356 -1.509060668608162 7.184873231614516 459 562.199597120285 2325 -1 -1.66054779302702e-05
 -10.01575865610917 0.1551757922670491 -467525.3105603559 10.97117407530974 0.09867856414056103 0.07798989621461315 -1539215372519.982 93.62628412360742 24.12664302463243 42.20883985553444 2.484475813833937 2949.251537655885 1922 191566 1 -4.051725021033662 -1.768149059444452 1.412013604627337 0.2049809476905411 -5.704906374955518 -1.425980664670643 0.9251645356090843 -0.4944961303113172 -5.233783346319349 -0.7280574685360275 -1.97116493320139 462 563.8683979511261 2325 -1 1.032288626983706e-05
 -9.58669102956198 0.247474874901398 -1248.180283074792 2368.503663349336 1199.918705141527 2.264987474481992 -0.5237923754553585 922.1686742597799 1903.937740495999 0.8547159118163874 52.90541209647767 3210.671292575964 381 114129 1 2.582874816863131 -1.99078433590046 8.901017771789235 -1.214258154482998 8.744798226565676 0.4287740428824782 2.716219251438635 0.254601906699662 4.867445658886597 -1.92183511555579 6.435771782791346 465 376.306969165802 2325 -1 1.373968107215246e-05
 -9.950237061756432 0.08165566007944339 -9758121276.571928 2467.091273759273 326.8467073856792 0.1081088194909449 -524996637.7158567 81.4988007679102 23.6389544154736 1.360110427293681 10.790650148217 2882.305652035125 1206 191407 1 -4.366822548796054 -0.3867363556853646 7.173688516304223 0.3530272889834642 -2.812911643573271 -1.749524697119947 5.944713029503506 0.4065337433633673 4.239225600692446 -0.801541876780087 -9.764261863852052 468 563.592658996582 2325 -1 2.452759929145527e-06
 -10.52125577355643 0.2126624926721674 -2795.005931941774 0.0764395644842441 -202500077399.5127 0.07620293598029625 -2403854553502.458 124.5690648685546 44.86426044591129 0.06930460813593109 48175478695888.14 3194.338241406193 1522 191484 1 4.452355110585017 0.9116645783256149 8.955601033856421 -0.7254240494327631 9.523486553302945 0.7267742431917932 6.630476591225754 -1.33080005259562 0.1938133172210552 -0.9921672798610635 -3.300005505419623 471 563.9538040161133 2325 -1 8.368735416062571e-06
 -10.74615433666399 0.2628784672562458 -560.2224066758047 7933.647954573221 3742.619499191936 0.147959958039913 -2651386.974666195 17.09590311454583 2.127068645159271 2.293949890899729 2.663878202288939 2863.934576920257 565 175473 1 4.692354390833212 0.1097660881344144 -2.267849355436592 -1.216397358579377 0 -1.740996849415606 8.996410368281413 -1.721368581365232 0.9697397048613565 -0.7511498106268295 -3.375747128160059 474 514.8682148456573 2325 -1 3.886051647095914e-06
 -10.00837358829583 0.03747856919270502 7.306140888417552e+18 289.0930770935219 10.57482500717828 0.0433397197602528 -8.355326229448546e+18 116.04160826125 33.71191141670041 1.590945184781337 -2.63900744775126 2943.386817413892 1388 191590 1 4.133376650332866 -1.108418210695215 6.38480504856216 -1.362500588316795 2.019470311062536 -0.05924255185530217 -7.369503276893246 0.5618198244133406 0.1064244241422188 -0.3428679131087629 -6.07142928777731 477 558.0340690612793 2325 -1 -1.172127767799682e-05
 -9.444032931175279 0.05648383502454072 8425587749505.123 223.8545289759231 8.256715458385065 0.1175828453156736 -55505069.24801777 850.8488290355938 1868.419208422632 1.654787391179628 9.697456399458675 2944.995153392237 664 127649 1 3.204111769256321 0.7320833474080222 1.008818950391585 -0.641539452598229 -8.34232007654056 -0.8009058927108157 -2.882458649898776 -1.861046570724286 5.484750171142532 -0.5308751097807933 -7.202390452237784 480 375.7696821689606 2325 -1 -5.523623246609005e-06
 -9.476023443502157 0.03997608401840406 -2.528248697114612e+18 6630.042059779833 4011.436320468327 0.06415331586287 -9695296754122.312 5.838872567797781 1.531294565415878 0.1533266514388076 7548366.328846813 2973.262037330997 2083 191657 1 -4.099426809281701 -0.8198975860378495 -0 -1.535803987353009 -1.087121203230004 -0.6828523037076168 9.823460576431335 -1.659749102894815 0.7211001275169786 -1.150905943753028 2.04088592502373 483 569.8206610679626 2325 -1 -1.263178004836506e-05
 -9.652839521664781 0.09652256218242367 -861582301.4510494 0.3207836172301006 -534.8409125635284 0.3526547051726707 -651.1034542532728 4799.360913079936 59634.78235541032 395.1152047292202 184.6498725891128 3085.474540355354 4176 191652 1 -2.868378697599153 0.4809273217146428 -1.693096195169125 -0.6790656652176477 0.3199398264103079 -0.08360473151301129 0.3053850883541691 0.9859249210427086 -0.3960042660738448 -1.531722287915516 -2.781117825683347 486 562.9509308338165 2325 -1 1.04077532949696e-05
 -9.275139868252124 4.854535456634615 0.02356002937069319 3.196299475369129 0.1214829688221286 0.6435894037379239 -25.34492634480754 612.8187093505652 957.0040569767956 153.4946486086203 19.9187106964269 2993.923181133763 363 175655 1 4.263572151187247 0.714877315144042 5.465217403969644 -0.3029548676310485 6.84469065181023 -1.664053446567246 0.8256825266583023 0.957257043091058 1.975354892438092 -1.534256576170227 -4.945579814346261 489 516.9195590019226 2325 -1 9.827677774661798e-06
 -9.490316624087137 3.467738572003126 0.02024459241249509 541.8939611039925 8.580124381967382 0.2239165557703802 -18253.78901459387 3831.00079842908 32306.72463092729 0.04072700261594157 9.997827994463311e+20 3007.211998030314 1097 191633 2 4.63470939818003 0.9180820616474801 5.170524634062704 0.564485314533854 3.78529371312844 0.5306767188021574 -9.628069484816155 -0.7586428764728019 0.379288761928275 0.01709112850714559 2.059243340390976 492 566.3229858875275 2325 -1 -3.785108904388701e-06
 -9.524705028522099 0.2526268167028938 -221.7537935179722 290.9888673581274 2.990885441126385 0.2517390453282964 -6155.640933641287 21141.13516574813 1054455.646469665 205.7662976207369 65.29263819499936 3002.885932694155 770 191574 1 4.635127805179428 -0.7449645461886139 -4.046450477177361 0.2716210472762515 -5.14208535749521 -0.484684883868634 -2.560672456513005 -1.813637928118927 5.173744783126049 -0.3155873601416168 3.176880251092888 495 560.835165977478 2325 -1 1.299012752305358e-05
 -8.982815129019196 2.058902160517053 0.05330406146770635 2284.200001799099 367.3747070649245 0.4489598445371716 -65.08849421701476 3653.925794425992 36835.59335087058 22342.50038423728 491060.027320609 2996.808347917834 167 124269 1 -4.547232688049421 -0.492877344320112 -0.8280162811115357 -0.8160580639486223 -6.90786508247242 -0.5170230282541777 9.14324250618091 0.2642409576611468 3.906868645360453 -1.588281526238261 -8.646520528599941 498 376.2908070087433 2325 -1 -4.348250755872414e-06
 -9.912456147047729 0.2700111806166203 -111.7417824614681 2127.222438002973 454.209097617711 0.04558683291871959 -1.537869608035514e+18 82.96652288105952 19.65993560628658 2.037338977995105 3.442713438505713 3033.033237127609 1352 191660 1 3.721686478486866 -1.72741906117619 -2.555203012537956 -1.740613561281421 -2.868998653135025 -0.7739602498627995 3.938088371909051 0.4101890787333775 7.653322303031617 -1.507628536500267 -4.4363918047993 501 564.2330298423767 2325 -1 -9.937205481914529e-06
 -9.881452764246932 0.2293779529682622 -8874.42156052891 212.7407830823042 18.38626153067228 2.982424254970066 -0.489447128360703 25836.0687302556 1833168.520312226 3.292214665268824 2.205313588626934 2823.717294139215 338 191575 1 4.541462137511184 0.4849521489112334 7.776625599289964 -0.009674015678144559 -0.1543427610973316 0.679277397283064 -0 -1.688050968004782 -5.265315882244691 0.7064418150092346 -9.563818796522485 504 563.7356750965118 2325 -1 3.090960275752685e-05
 -9.609942988097348 0.2687682734564186 -112.2574732500387 488.0185436270338 -17.22306815592353 0.1494611012984641 -2153298.216928606 5819.963777149441 76291.44515461578 0.2158774029513066 98343.91318080749 3084.712801324067 386 191639 1 -4.43228652210783 -0.2350080234077865 -0 -1.170195290375011 4.912161683323037 0.7130141394322473 0 -0.3236818422519718 -8.494412062603553 -0.8803819020450607 -2.682698322824705 507 560.6844608783722 2325 -1 -2.014153841595088e-07
 -9.103741778529207 0.2037339102091903 -2919.278947350572 1430.411306477091 312.2000579659746 0.09966612755841366 -1946675418.801755 61.71224400782138 13.10735497074036 0.09921672611695792 -4655804889.048526 2808.519103715341 2391 191655 1 -4.408071502604363 0.9154701627556312 0.8815423589010765 0.4805809093627005 3.6721099108284 -0.08134458882999061 -2.778189662046801 -0.3681415696469896 -8.664945708343396 0.9426460647404902 -4.757757349278259 510 562.1321649551392 2325 -1 2.026724858399563e-06
 -9.228143298850588 6.305031225351795 0.02004642333063857 10978.17578802689 11873.95992420493 0.1903397510057741 -101205.4771279051 1206.520234239021 3511.104170180414 374.6776797832631 203.3742178032078 2884.275000185803 874 127698 1 -4.290293453518596 -1.106037720574054 -5.509773055774192 0.3435528563236918 -4.702744754592904 -0.3120507364457197 0 -0.4755174115120493 -5.969095877495954 -1.187354269850587 8.521927404017591 513 378.4947869777679 2325 -1 -8.952313142291097e-07
 -10.61617604406114 0.1990553653314661 -9027.433990320231 21810.32947524153 -34492.40810765442 0.1695694707361493 -320342.2869496479 137.3497423087983 57.23635907519309 2.160532991283433 -0.97275827817508 2889.890019938607 535 191466 1 -3.807131355700679 -1.999280908924901 -0.4678274906246953 -1.083466923211931 1.937777856676525 -1.148595727134309 9.395328940690126 -0.4188231892078766 9.372412874474426 0.4964319338712508 9.880904464601072 516 563.0287899971008 2325 -1 -3.552690628437877e-06
 -12.25484053044736 13.16090381397178 -0.09376472557596004 0.3040136672696379 -426.0594281056427 0.0649882718799288 -361555272141670.9 3393.829233634857 29291.06585785613 6884.473653329128 163399.1197908487 2846.580647227663 2283 191643 1 -4.366813822266542 -1.950017850313257 -2.061266774761933 -0.4789581882583711 0.8779149615975594 0.7093319040773068 4.134594343564807 -1.16751754552552 6.86051687429004 -0.8632289111996734 -6.317524245833199 519 562.1746740341187 2325 -1 1.284990893618177e-05
 -10.59956357524608 0.2081981212547602 -4780.843981010614 91640.79369966334 702536.634132068 0.3637311708273668 -336.3920304895501 293.809387978424 191.0213107605681 3.491142968223323 0.9736173530296346 2949.619681618482 801 127282 2 -3.224180036724646 0.9771031488777524 -3.26416696271507 -1.504678309507587 -2.67574475625382 0.7827574801995576 8.433847118983069 -1.43741526716598 -2.027779653591161 0.07812602544639799 3.528449282764613 522 378.9905490875244 2325 -1 4.53596631922546e-06
 -9.975976879010918 0.2661977026289825 -219.9492540250939 708.4355177920572 66.09252662347383 0.3802734458258909 -208.0246964308753 1629.219717915086 6925.14753041081 1.191757606527516 26.91287206261738 3077.224043609892 1455 191637 1 3.95209197282576 -1.196223736942605 -7.93278327627314 -1.813258449485009 5.365876622566882 0.07587393155208978 5.269831337524533 -0.3929989390069207 9.703708234623541 0.9849743560778705 7.394282580720633 525 564.3230078220367 2325 -1 -6.736728002281414e-06
 -10.5870495527532 0.1673502325342051 -21196.94687784517 0.2211878032344913 -2966.159825188502 0.0431333226291792 -2.611198108385461e+18 3679.527266043106 26789.70051670903 1.429107812871148 11.56337225899888 2848.786479792945 3091 127775 1 -2.791413159711168 -0.3720994921432998 4.667025434399672 0.2200941501407767 -3.918768015158217 -1.499408939701095 7.769159340339579 0.6220624460876776 4.443627102766055 0.6178197766353231 -5.159334668305538 528 381.0810520648956 2325 -1 -1.659615735906479e-05
 -10.1282475791268 0.1006063469716809 -54653936.83705804 4.584817775662953 0.05716636779882963 0.394236449665412 -167.9275741591952 28221.49331151929 1783849.063123495 4734.34411857651 46516.57410867365 2888.414746258004 1937 191613 1 -4.641378532337131 -1.278209247944562 7.821404408300719 0.0389208684329096 7.0311888754024 -0.3769980407624223 6.590319100721299 -0.3188944660658315 2.860219942224098 -0.2079820727552919 -9.511297734616958 531 562.8564898967743 2325 -1 -5.878436510663697e-06
 -10.47191837606486 0.08156012957387425 -13364826555.51864 747.5300542420223 52.66853248196595 0.04841018237238005 -1.713946793011758e+18 103.8408405732589 31.73857770827501 25.35973323214106 2.210045891297495 3008.681029881804 3373 191662 1 4.289147958927431 0.9027633509917208 -9.521378391226479 0.1814267561821312 -2.772297713308848 0.3444050502649745 7.171975938319802 -1.922582956037406 0.0002909604414798039 -0.2445576491212238 -8.345858849126394 534 555.4853248596191 2325 -1 1.719598906294759e-06
 -9.958075793321916 0.03607782099038537 -9.999636396006101e+20 39358.15563546055 242576.6098971551 0.1497976324980414 -1559712.618164391 7081.880123913992 105908.6694438179 7379.758664097033 -87371.02509648737 3082.969260880707 747 191599 2 3.562316951457609 -1.690557448571215 4.477144847468097 -1.762101049054996 -9.791188394351632 0.8069311776820878 -8.59356427042797 -0.1853095303173546 -5.978193622112395 -1.235863711317517 3.342065738651806 537 564.014307975769 2325 -1 -5.856299761401165e-06
 -9.634307936715794 0.07450400935229119 -640481684280.7567 0.04431799498562636 -2.31998074660711e+20 1.121378087753471 -3.440192510399833 55.06472756636784 10.58046775503528 2361.982724835885 12547.3575313403 3007.69094575842 3245 191656 1 4.499760624778001 -0.616998670622225 -0.6931023022689899 0.6294879830819484 -2.930600973784141 -0.8242730046364706 -5.435016097408334 -0.1760511925475461 0.1188923031400266 0.1253310123974107 7.162603459778341 540 561.1765429973602 2325 -1 2.044473628733768e-05
 -9.67106553834939 0.1368110909426517 -461327.0584692045 223.6327801019573 6.568182117639743 0.06768220340877029 -11117888958967.54 319.3052935851948 231.29456272815 0.5056303160610899 442.601312789915 3017.40019364199 888 190957 1 -3.746571946147568 -0.8743224295548693 6.047284837772978 0.3816602404883364 0.9428025207995354 -0.8477376969239216 -2.570341849201753 0.3787181101554777 -0.7828909311327079 -1.113957705208492 -1.281328330796392 543 561.2693409919739 2325 -1 5.110876395708086e-06
 -9.939876378978283 0.2628346382185339 -181.721094658765 191.7932129171634 4.178707741135563 0.2684076072074614 -3911.245806666449 804.278448193123 1811.200575063532 7231.672705616226 66507.15201290694 2974.4058744135 2025 191661 1 -3.497635330075027 0.1790315967761669 5.960367742554564 -1.190499242974334 -0.4498393711319988 0.431861931657822 7.14464538936951 -1.09564862334077 -2.565216050439604 -1.108224543446767 -6.62651235302449 546 566.569995880127 2325 -1 -9.673127418794556e-06
 -9.77882709740201 0.1700211761073004 -62591.28334035086 922.3525273691469 113.9994794668905 0.07405046817295867 -17831381449005.79 1966.98750943628 9935.748633999332 68.37459055496535 7.681502404800573 3017.151350601393 1721 191649 1 -4.182339890066746 -1.455695508831417 -5.640269697498116 -0.4616998729135933 -8.423279080244352 -0.5289460867767204 -4.693353332413057 0.2630290361316132 -8.225939603491625 0.4734751416845024 -0 549 558.9364387989044 2325 -1 1.733263161212245e-05
 -9.619409524720455 0.1567812369749737 -70609.3089634004 74.15414158926141 0.1241486784048915 0.0895898186325231 -43279091845.58179 8660.389737575471 164615.4265016779 4.897283848577591 1.24340316777418 3173.118422463915 448 127195 1 -4.440395240956719 -1.052069013762136 -4.216192694779705 0.7551945527653001 5.62878910767343 -1.991388594681022 -0.6321463637911773 -1.931564364820023 0 0.09662957592511921 -7.092784406429477 552 378.5947458744049 2325 -1 9.174729980508658e-06
 -9.76143850204855 0.07003104647985478 -3600819862109.94 0.1156636010317271 195080515.4810375 0.07285999886347973 -28363672073171.75 91136.89036914759 19441982.62951238 405.2899791112258 32.83669772020679 2941.333178484324 1221 191654 1 4.530529920371094 -0.8851616800806443 -2.481722958754642 -1.104572036951663 -6.823188410681427 -1.870698079624416 0 -1.211191115179517 0 -1.007388566937847 -0.4368378176859249 555 563.5132660865784 2325 -1 1.848127803841094e-05
 -10.48150978107525 0.2778977677767623 -258.4072792207061 41454.3627460939 79049.21864745597 0.2563535816015789 -2806.914460684082 8140.550189648076 120531.4397091147 8217.794964555042 159768.559645961 3001.392640524025 864 191546 1 4.667376243174314 -0.8760753026064645 -9.442599875132187 0.9474036982694236 0.1786585200302309 -0.2906501023503827 -3.547658395351565 0.7864679909917345 -5.301385291082039 -0.8089108490453309 -3.390136448796465 558 564.3995318412781 2325 -1 -6.884039844177387e-06
 -9.924439896434786 0.0670124059025454 -84817616811.67027 437.7034266216351 4.91817060788448 0.1846921088308046 -69368.97434519744 6712.661786262131 104834.7782916558 57525.5426161484 3216846.468216415 2971.601174584057 5390 191656 1 -4.621155849506016 -0.5566817162787174 5.631936354571592 -0.06893435236810144 3.564340839372502 -0.9401972645821894 0.3923900809581466 -1.905627420647314 -0 -0.9938168540097401 7.269736480789232 561 585.6901009082794 2325 -1 -1.626423354789374e-05


# name: injParameters
# type: matrix
# rows: 1
# columns: 11
 2.01 0.03999999999999999 2 1 1 0 0 0 0 0 0


