# Created by Octave 3.8.2, Sun May 31 07:17:06 2015 PDT <charlie@yukawa>
# name: outString
# type: sq_string
# elements: 1
# length: 114
Slope	Lambda	Gravity	Lambda	MagneticField	Lambda	MagneticField^2	Lambda	AttractorTemp	Lambda	AttractorTempGradient
# name: op
# type: matrix
# rows: 188
# columns: 31
 -3.483635665326785 0.7380631166988906 -1.162657971694302 1.0857343290723 -0.3558470607775985 0.6673902052263398 -6.948918763529063 5274.444768696821 68866.60067674093 791.101863640062 1826.736793306701 2891.622094218393 561 189813 1 -4.375387623645027 -1.560074431871946 -5.523536951749086 0.04980495287721219 2.964408728089938 -0.865645675745041 -6.247141727555202 -1.18991438976142 5.489779275667602 -1.73205895561886 2.893487492700204 2 888.3976609706879 2325 1 -5.110136739173274e-06
 -3.828415908074943 0.2212561687674706 -2712.160963537886 974.7400087166009 47.13644610070044 0.06315602278607579 -139145553450901.7 4627.164896646075 50308.49296312565 67923.45034665414 1684097.67909973 2915.592930056813 1161 191607 1 4.145976726736642 -0.9030223324246691 6.816989731079835 0.7085594919472791 -9.071801279002788 -0.9730698604100496 5.582782369093051 -1.527924175555155 1.713642504379086 -1.80467546236952 -6.492637118217754 5 727.1906988620758 2325 1 4.680138204573214e-06
 -3.798587060450676 0.4470478730672671 -17.90427559425892 9.774628957192755 0.03156817677904493 0.2757864907387503 -6270.870709352413 9081.982188024967 176565.0500238329 0.04968923280606266 7.849650433769357e+19 3073.545742228634 1742 191582 1 -4.698513832461991 -0.7785915981767815 -0 -1.677501445517339 5.963450978213138 -1.036939765783292 -7.709647823615573 -0.1722615838013697 0.3120348830280402 -1.450323153598566 5.119986448392057 8 730.4391899108887 2325 1 2.233515955117185e-05
 -8.039222070384369 7.767855093149442 -0.1508537819483085 549.7391314536148 40.35830241564724 1.123330791990049 -2.743692846269455 4946.688890124406 54457.52747681727 2.757621442109992 4.436095562026331 2795.881997282904 2717 191597 1 -4.641985809348959 -1.980948500853858 7.1552976291813 -0.6278412646264506 7.486696659842954 0.8338810480270351 -0.5329091166877156 -1.733126313055588 4.754177051901197 -0.2941801046169292 0.1473830439745267 11 727.0628838539124 2325 1 2.788486242267133e-05
 -3.30834642070975 0.9482271494799531 -0.3241605664598902 0.8425228408639699 2.332859377949569 0.1874205386208891 -46072.16990375384 654.0668239589261 1161.835884116067 0.0967833133977765 3267154876.894175 3089.546573966829 693 127713 1 4.220862095899624 -0.6679754190611238 7.377953836312015 0.9584022640878156 -1.632511450167745 -0.2663282802915611 4.746816783777501 -0.1471978415007094 7.251606359036236 -0.546668872484771 3.196223460633833 14 479.2451279163361 2325 1 -1.162616737408086e-05
 -10.45501835526805 11.67151343557107 -0.2620541465598642 4.904685672796722 0.0394846760780382 0.1057266213517392 -149158875.1451191 104.4750680893986 36.39038202272538 247.4929425809175 208.309722710462 2984.898679643841 3029 191661 1 4.407710690416128 0.07095699979987022 -0.4141637845034447 -0.5504258876715706 -9.056143908962207 -0.9020680564819328 9.403776513954668 -0.2037709258601881 1.756185793335414 0.8602263873520974 -0.4391899502282817 17 659.5354878902435 2325 1 -6.625282861989097e-06
 -3.884990022782588 0.7585124224959097 -1.113381531692835 0.1932811619558512 10636.65840870463 0.113240402579243 -153827372.2922922 11.93963309435789 1.520201276983784 5175.7849488259 56169.8439826625 2748.743863023565 2690 191664 1 4.138649988296488 -0.8640212774465716 7.30604172622798 -0.2930601403523641 8.306970896565232 -0.5613980908463221 -8.86196975989416 -1.351291165963423 3.076139832103695 -0.5480512376708457 -7.981814487720584 20 563.6349229812622 2325 1 5.755480088678478e-06
 -9.925980542221668 12.62682502575389 -0.2570015811602687 19950.92745570988 180051.2072982916 32744.54312486398 -526495.1667473849 33288.15278315644 2154591.993322128 4328.41194305972 -8660.933048382547 2701.471017833723 1729 127759 1 -4.530377456234303 -0.6025468520967951 0.7238587319099388 0.959485712151591 6.160495718892453 -1.930835663708335 9.388490596425651 -0.3917272111715234 4.357452711647005 -1.157843479957748 9.614566446967087 23 381.8540198802948 2325 1 2.313602344151393e-06
 -9.554773435278426 9.620377741198725 -0.2162561462422168 57150.71410439854 499998.0941750375 0.2131206788222983 -14431.62644847531 91.18846115761986 22.51902493750644 8.564463724960659 1.303778610567677 2912.067468332371 3860 191663 1 -4.168020791187493 -1.527492147742537 7.765856782568031 -1.619262525414596 -9.019822864250241 0.942172924562509 9.895018244016653 0.1488428174931289 0.4881350413018604 -1.561360091288908 7.143129230886752 26 566.6693801879883 2325 1 -9.906984332792075e-06
 -9.016547222356586 11.49688965197094 -0.1778498807431972 918.2643960715296 79.58307479184212 0.1050072530088301 -379639330.4261811 151.4227039201766 61.18793842869555 2234.256892297058 10294.76141092408 2885.570663452277 2193 191664 1 -3.376777218417106 0.179051737135775 -0 -1.69121666914014 -2.907627099907197 -1.947427288655631 -7.285932219372382 -1.055361137028552 -2.642141458738559 -1.328861820990965 -6.039847691734305 29 563.5332360267639 2325 1 -5.879378031631842e-06
 -10.60086133773445 10.55796397433595 -0.2479620303055296 1.424307601211119 0.3429516466474479 0.2157458214273714 -7649.463313331214 9823.985320334035 230988.9161515246 0.9866988429374541 23.71521753638032 3049.027134599996 1626 191656 1 4.646606361184432 0.2489143026614915 -5.183068125546555 -1.128770790561451 -3.926653706111027 0.9438622078357595 -4.089428720107697 0.560381487850012 0 -1.195619617143446 -1.977233609924196 32 571.2698628902435 2325 1 -2.163588424367262e-05
 -3.202776329870804 0.4321625663680065 -18.82281387820006 1.3735508767328 0.2383445557291139 0.4980136008524012 -58.04167559931899 51.36947018608127 10.39866432663222 91.92966858462188 29.47922197849865 2987.027942824092 671 191614 1 4.477521403912054 0.1992590606606872 -7.318009246205424 0.8128399850503683 -8.400690467616823 -0.5527677973875864 -0.08244067327517524 -1.948525844810326 -6.236236686904793 -0.8940443152505146 -2.936603889473884 35 566.5323760509491 2325 1 4.533059215040186e-06
 -3.21205968516599 0.670990601560755 -1.33285996159954 0.6999400829219024 2.508666016529265 0.1897978805476013 -105410.7491036049 117.182694439467 36.84150426034397 2.190039571094994 2.838394461647308 2926.213651530679 679 127677 1 3.667455120437768 -1.0788561516902 0.2840886932370754 -0.3527334592779132 -8.36492532993401 -0.7501669274894525 5.184530566687259 0.8196131006840264 2.448690573616726 -0.9208015965981433 -6.557951550821771 38 380.3153810501099 2325 1 8.831130721109175e-07
 -7.632189319584774 7.999890814509921 -0.1346279614301203 1.183633362694749 0.5959907799196759 0.07770097438356852 -93886633942.03102 3368.337459385511 28758.01222450718 13897.53841517756 491527.433414948 3072.347841352208 2342 127714 1 -3.937371151395365 -0.6650482182528332 1.40092030993293 -1.746204119515202 -8.120594221808881 0.6067148008392698 4.825246491521712 0.499817174213768 8.628269928169523 -0.5536483197642914 -6.198008708386731 41 379.3057241439819 2325 1 -1.056914493465794e-05
 -3.903630671727848 0.4729167140367261 -13.79729785620107 1210.21754683738 511.0040268800935 3.191470457848308 -0.2878282785261172 19693.80469786174 826414.2484954408 498.0730063932606 490.3987917095466 2842.504308677207 1354 191138 1 -4.607107324484366 -1.16378042422245 -3.215771303933828 -0.3361579998462609 -9.046704189178509 -1.599549811788315 -0.8118783801565579 -1.253809294252456 -0 -1.574258253749019 4.075877606333926 44 564.6142339706421 2325 1 5.249763464283808e-06
 -3.412033695602424 0.3010612794587558 -333.9562781589102 170.8169279977531 1.359493352173057 0.3168749670176947 -638.5616866859049 90739.52687116913 20849672.38156753 0.05877546211425729 6279836945669411 2959.765759112448 1168 191662 1 4.681513830627718 -0.2171708207029628 9.266169420802978 -0.7892591600551064 -9.10964286181637 -0.8066638521316412 5.096141527818322 -0.8831417697328341 6.103237331130337 -0.1682374865125152 5.141168437609688 47 565.5132710933685 2325 1 2.554124889277652e-06
 -3.29595717097046 0.4891563778597317 -6.584176518260898 8579.638830883618 12585.48950451448 0.6575801382116955 -14.81787930308903 312.2620039701542 296.3533589283542 13000.44104930707 376179.4705071367 3016.740755050396 672 127649 1 -4.671248252990088 -0.1624750292883696 -8.724653459814599 -0.7042561976483341 0 0.6184450171143361 -4.763401659821581 -1.663146374465493 9.551668632289957 -1.079967887077714 5.486332180026451 50 384.6568348407745 2325 1 -7.782298899614414e-06
 -6.170951009398231 6.13694607208685 -0.09205693813738623 1.955143699696569 0.2380229960648742 0.07567532064367918 -5837712732512.933 887.8976121292942 1890.350892678277 1198.479237040199 1226.810436053683 2960.716283533254 1057 127745 1 -4.091686813539376 -0.1464300784032542 -7.053256261010587 0.4461451660461 6.596119755171578 0.8591704765977929 2.445394007146129 0.9733550793459766 -2.390766148845465 -0.07783391312639054 5.188004544973861 53 380.7378978729248 2325 1 1.392939172240049e-05
 -2.901022384946454 0.4321191511120897 -11.67680100919955 821.6138132469555 88.31513045189223 0.07221341500338047 -1294958873694.085 38694.71141737895 3155827.206705814 1.158875409996913 19.22185854027131 3070.407434995149 1043 191541 1 -4.453496177904382 -1.214678949466324 -7.243818700172445 -1.920257497747757 -6.294474887898278 -0.1980942004693098 -0 0.8743488560703345 -5.351694945726823 -0.6504522650485125 4.186577480459344 56 567.7923989295959 2325 1 -2.621534099711948e-06
 -2.491449652419951 0.03757310184270585 9.999231169273219e+20 13032.90403801446 75602.24247843334 2125.888539363559 -1782.725839130932 5774.898297385905 60190.21881238934 0.05679575096611746 1.491463294127697e+16 2932.928880540605 303 125960 2 -3.297806341370443 0.9926434485975379 7.606157570487833 -1.843417553613839 6.376065962047154 -0.9228819509807025 -8.059642198525658 0.108338205037521 -7.399460430686545 -1.768273120378751 -3.864099127119287 59 380.375627040863 2325 1 4.160983207171092e-06
 -8.746713026374737 11.81965328608983 -0.1995476739989947 2822.727652532322 510.5250061297563 0.2382640908586601 -9688.843098481881 151.7706536878861 60.80842298240523 1.267084456626294 10.70937746513727 2944.188073481538 2162 127761 1 4.371580078479008 0.2946915393792073 -3.751051715169398 0.5325938432169255 0 0.7103927168813513 4.850755553096849 -1.936044934560256 -2.058919614108861 -0.5268532354327453 -8.599482084656717 62 381.730593919754 2325 1 7.589451998267603e-06
 -4.000215691250727 0.2996592272801787 -179.2092591584205 0.1619242685337893 -78176.36262258014 0.2572321497228161 -7144.281154384563 47222.35710790344 4740561.169670882 0.626627584601126 138.3570771032321 2994.064738613549 2175 191652 1 -4.638903311731588 0.2179654521291949 4.85260271814396 -1.606825735037033 -8.264425182841906 -0.6030324860973586 0.3603649195564618 0.1360873318845836 4.867573860676995 -1.227971164768585 3.442988322985271 65 571.9675788879395 2325 1 4.922349016741342e-06
 -3.869864681817895 0.1375145098850833 -154886.1840717904 2693.277332131844 340.2369784162003 0.06020895648676489 -32339794229988.72 10655.6082911483 254561.6095566527 0.3720242017855284 1677.957912698863 2927.810755359274 1263 111795 1 4.600548783615375 0.4160407287990546 -3.361420147275538 0.4035831981327833 -6.638629221534219 -1.800801803196836 0 0.3459098291150422 0.745249611780844 -1.38827410091676 8.656222952216304 68 331.4974122047424 2325 1 -1.24073622096183e-05
 -7.535205551976571 7.854637590806483 -0.1278456899623136 0.1127166869475099 -25275278.76280355 0.2119752749883305 -26668.32074360792 54.87006014441283 10.3088131975567 1.758928485461048 7.600282265990065 3034.876231119139 2541 191660 1 -4.181440397340183 -1.032605315141571 4.743791345388531 0.2304501563748285 8.049267630159621 -1.015511561830165 -3.035027573786371 -1.077408531274128 0.8286228608491739 -0.866465067778539 -2.54856234178807 71 565.7831330299377 2325 1 -2.415497743126922e-06
 -5.785011356544248 1.485384438281401 -0.3790575786813441 182.4584969505252 4.479065820846574 1.292888971247156 -0.7333638119830193 368.8164992330268 365.6968930316436 75.53793292886905 31.46544446606801 2909.884640409109 1063 191615 1 4.333709984295641 -1.260604488515559 -0 -1.466033524901857 -5.757722658557635 0.8771090667077663 2.011006095408562 -1.953291222793291 -9.107409954024277 -1.876262598115767 -1.638001676005814 74 568.5475981235504 2325 1 -1.71784889813669e-05
 -4.111129865074483 1.289118055495998 -0.4185400615269248 196.6922245130631 3.813264795444606 0.07409187484601772 -11791728981358.61 18417.58283756765 726127.303995157 1.81515600393901 4.17172554149728 2872.631172874715 2693 127773 1 -4.38629568581772 0.5567766745537361 -1.002574840900968 -1.691383582205777 -1.608078823110582 0.8511030747794521 0 -1.31126079751041 -6.02717395831172 0.5610035066646661 0.7355312038412269 77 378.6165180206299 2325 1 1.413616129339629e-05
 -3.482495708551205 0.7479505674779675 -0.5778624893315116 1.214882514513308 1.018071667150143 0.1208119207848474 -75513938.44711635 238.9605439369994 137.0153848762936 1.139525525133093 5.938383533752132 2695.314151568877 2442 191657 1 -4.63850285922178 -0.2543989341342173 -0 0.7940618199821889 -4.221056525280515 -0.5005653758051984 -0 -1.023089830706835 7.104687256718517 0.6965489875607225 8.566210892375532 80 562.1014051437378 2325 1 5.80689819952214e-06
 -13.50891507442263 8.930014566141352 -0.2937687991745488 75741.37626244072 616714.2271713798 0.07360733032296576 -44867711428.81995 2593.449126091308 14405.44493631008 27080.10350000292 650541.5748327706 2987.957811177067 2054 191640 1 4.227500715222732 -1.817851158035197 2.355964553920588 0.1719053605051597 -8.420181257910585 0.7991513774861119 -6.585574263610269 -1.502100840642789 -1.435618681833263 0.966554605866218 -3.445350519986047 83 568.4901878833771 2325 1 -2.605689110264522e-05
 -3.833568102841327 0.2560124153309727 -1379.04995578255 0.2706593309075791 786.0957391777566 0.05289746077661003 -3.528144089172096e+17 2725.509519898296 17504.48555090756 335.2785558126127 43.45134775245874 3013.396967256151 1037 191642 1 4.207462853512995 -0.4878924771725934 8.228235584804693 0.1993101382673692 -0.9051627636114183 0.8133540347203132 0.6407669492882055 0.5743426856693556 3.245171045787504 -0.417207643017397 -3.00076279796059 86 563.4918138980865 2325 1 1.34069482522514e-05
 -4.716814599647383 9.623698320346501 -0.05822777776458964 44001.22487054377 271440.5012310647 0.2528376248673032 -7136.562873923516 936.7031166020181 1713.546804896914 0.07789008123776518 5023859909960.491 2854.667642349873 1780 191663 1 -4.635959737080606 -1.892463952975423 5.537264990319233 -0.2197898308027124 -2.673097372096814 -1.478333531616736 -3.742778509742767 0.7835718383468864 -0 -0.8361190752700205 2.575681323972691 89 563.3507120609283 2325 1 7.854749202251138e-06
 -3.412330674339609 0.08667731395282487 -783604469.981156 0.1844230193767992 -36157.0783887432 0.2852330428973895 -1585.177967052589 84.19480285437945 21.11211685141701 0.7942440551371374 82.88982051825329 2951.4127333801 3489 127771 1 4.328573970184587 -0.5008032114444685 4.552894612467293 0.4954490687454536 -8.311844761725711 -0.7847229207239348 -9.902294893211282 0.8709709689461058 -5.726016115335391 -0.7588519864148902 -0.3510487561226756 92 378.8358430862427 2325 1 -5.070496411517215e-06
 -8.402974877240984 11.16429082127503 -0.1721180672614221 0.6060596698463881 4.399907933140057 0.2388520535102908 -5471.91066601889 115.3518316221073 36.78665506793138 998.9732177566631 2455.638815933595 2853.572618166805 2621 127749 1 4.291271972962774 -0.9043499855058048 7.535529510582277 0.4378328294807474 -7.795394050787852 -0.1342057749085548 -9.723199277451473 0.752027350513413 9.732331256149211 -0.00812887657144227 -0 95 378.3278470039368 2325 1 -9.639346428663929e-06
 -4.755248027749958 0.6841514702033448 -2.640337436487259 2.199218346947592 0.2887529554333517 0.2003594453892932 -81972.02097560996 914.5856237855452 1654.569510751374 14844.15553917555 283998.2100109942 2750.689573088392 382 127014 1 3.057003148690685 0.03250260501070281 -0.8783279438019087 -0.9197422299135898 0 -0.9533448668172674 -0 0.1081345216334206 4.944180496358041 -0.001977312590556238 -2.210076330866504 98 380.0261979103088 2325 1 1.313695248475203e-05
 -9.233050606304575 11.57879531108396 -0.1987130584097038 0.04904376516021289 5.661427483098397e+16 0.1240963269111736 -9220251.183729054 911.4254938761674 2199.18104571252 1383.555580813646 5018.12219909072 3037.018313984153 3125 191610 1 -4.406781681501892 0.3471636863718345 0.2845134616110028 -1.288248341368698 0 0.6349164370302862 4.693116538290108 -1.14915339073228 0 0.239159692015003 3.615486132424455 101 564.9842309951782 2325 1 -5.433253520713431e-06
 -3.715646377555954 0.1143077371657003 -1010599.638116601 1800.119935759381 -35.48972137581062 0.1347116268007709 -1254079.515321161 431.0752218603505 450.489310172216 11901.40547726607 246887.9883530494 2920.006494186585 874 127768 1 -4.022854428820862 0.9033508672469566 6.189435398239194 -1.737068721684705 -8.645940032969467 -1.321845691537624 -4.405031092002913 -1.16254648548541 5.236116672848241 0.07033882463792285 9.494527683087988 104 380.2278821468353 2325 1 -2.574808193641054e-05
 -2.803229618494878 0.04669416474382723 5095539674392000 1409.882087603458 148.1452287373436 0.3850935845163467 -141.0049964974144 67.36859521188084 15.22688358086918 207.4305025785445 139.6624859065524 2693.79893046923 3519 127776 1 -3.409418576598068 -1.676595586689487 -5.185355072720199 -1.60062432104524 -0.8854475709652689 0.1572269181579128 6.943224619541605 -1.664363065565205 -6.013595967279857 0.1929849921536015 6.487722703317655 107 379.5777959823608 2325 1 -1.120190839434112e-05
 -7.355413556632635 8.179245763639862 -0.1107440649077852 0.3145033909983795 16.02297527846473 0.09393941250671133 -492160284.8686891 3597.767772159065 26531.73220166843 0.06294842548285345 7787625271869.781 2833.988609951688 1720 191653 1 4.538146552559347 -0.8735937496752966 -5.395580028615967 -1.907464259780177 -2.366747566225894 -0.5356531009632359 -7.172233368156903 -1.228880624534525 -3.674447937285946 0.4520984821596667 0.602996425162809 110 558.440083026886 2325 1 -2.216780886053172e-05
 -3.12834964815135 0.1313406783087018 -1101001.770862949 100.5925492532223 1.185768396759332 0.1678732009494902 -236502.2580070642 128.9099018574701 55.61835213960003 44618.01598272621 3596140.805340535 3001.472521712486 2583 127768 1 4.569066545113861 -0.5506359118665092 -2.204766892713741 -1.350035126552796 1.52906843500269 -0.09956454350173165 -7.97450834167492 -0.2865073477374072 0 0.8623966214691023 -7.909672147536424 113 385.2561168670654 2325 1 -4.255125449290825e-06
 -3.596640458077424 0.1161014152408453 -174195890.1766529 750.3433381481459 -14.83778296942544 0.1123089337801083 -5216097351.04401 124.7794226819801 36.53913103796566 0.59150995079105 576.3766931953445 2808.643530650819 324 127542 1 -3.994806639459783 0.6142039170644851 3.5231992363192 -0.1336189606264915 -5.561470716604672 -1.684796829022802 -6.883158852378369 -1.616108961906529 -4.672652306022323 -0.8563247296313845 -2.151587386172554 116 377.2668399810791 2325 1 3.798531927982928e-05
 -0.1233775158392282 6097.197580716529 6444.884149662962 4.528212055029388 0.01089786827656271 0.1430113840838554 -16486149.6110982 20341.1221164766 1035419.068565612 1.949537408830021 8.810339823554431 2908.656256622593 2095 207621 1 4.314321080064102 -0.3858685544780292 -7.500289201049183 0.7609002636482938 -6.823047876842465 -1.44893835426125 -1.753694082282764 0.064501495754385 -6.624024334294045 -1.45309573519924 0.7181539350903412 119 619.8541529178619 2325 1 2.043362560949117e-05
 -3.326594881177582 0.3884956067826418 -42.47077028734414 1.526548080015454 0.1466480079264625 0.3762747120044043 -183.2641431765631 129.7656590232473 42.24329657288674 0.8494053943677786 27.19883850057805 2954.289478949834 502 191607 1 -4.663658212781848 -0.6042577688564084 -6.221363508999554 -0.4470375811657245 0.06247570555852544 -1.48427244099291 0 0.7759802657743364 -5.371435644591666 0.5136383407392868 -6.734435453036074 122 570.0397889614105 2325 1 1.31744342534474e-05
 -3.20307236868579 0.352636746700868 -114.6540171987997 65916.20335095652 612356.8607549536 0.06948077136068326 -155558997344535.9 48.8945078072034 7.778517863813479 1.232666620409242 12.11889795936334 2902.824677525002 3491 127775 1 4.134046938282147 -1.188151727290353 -3.743939484136679 0.2621394736621778 1.909623355815482 0.4755261754787119 -0.7280540381823748 -1.212824404009868 -9.53320796410031 -0.752085807772489 9.733452813004087 125 392.3988602161407 2325 1 2.191517694373191e-05
 -7.278007834027989 13.84350257645489 -0.1560244971232274 0.2426208734209615 1237.459469278392 0.1472169031817041 -3397942.31402983 35958.37789160742 3218048.649366486 8914.323682344335 141599.7141476034 2959.63625510807 2327 191652 1 4.215944347346661 -1.615048177488246 -6.457750146009183 0.1418695144837674 2.36724490781066 0.2359460421861459 -7.596513089668482 0.2651772279190769 -0.2489757442760343 0.5978064011263919 5.910796236395045 128 582.4990332126617 2325 1 1.199420609356423e-05
 -2.86384432866794 0.1926369712592504 -1394.946698508488 361.5246260827718 9.365421220957424 0.08824391462654299 -623036122.4005519 46.72275670347427 8.776193354306653 4.430035199487584 0.662886284727621 2989.625296356393 2439 191615 1 3.885813886528649 -1.609396720213246 9.068160809035669 -1.151939337627057 8.291730583311667 -0.982137310735328 -1.682324807367008 -1.085895489606678 -7.584029381554664 -0.5543325254060543 -1.589175692641169 131 565.6820688247681 2325 1 -3.086531714880685e-05
 -3.544613863358868 0.3708653584433192 -21.01461016550583 3.961688301772674 0.06286787707647618 0.1608666983921244 -355356.2298459912 52.08846882291292 8.465209219582832 1.093132660328658 33.47179870627217 2992.875889374427 2488 127751 1 -4.115419688741437 -0.734938074973611 -8.904183461555711 -1.562356548056945 -8.700808483673601 -1.268886378289619 -0.6346486564912723 -1.145749542530474 2.396363429412271 -0.729010574478103 -4.795369676528674 134 400.1748600006104 2325 1 -7.614510261426214e-06
 -3.268950078352646 0.33106025152404 -15.70210134092413 0.03947463006863137 9.998917223066877e+20 0.2213495237353175 -13080.4466128009 49567.64899664043 5840648.099411039 0.9951228551335718 45.09705955603867 2896.743268246947 313 191556 2 4.268649328345485 -0.7671745730852919 -5.385136556621463 0.7701326489037577 -2.161661409485648 -0.452479523838333 9.72796044708371 -0.486344837195567 -6.120709340367785 0.6533818986815803 -1.036933479625386 137 605.5804769992828 2325 1 8.944934227532299e-07
 -8.114651276533953 8.854605542170031 -0.1359208812333278 194.1606398109545 4.59229351540013 0.07587287764227174 -202746875.765576 1977.39149234954 9894.540651739988 58.65582614505688 9.018070584421208 2842.104079516934 2270 127776 1 -4.65763763274063 -0.2615499230692296 9.972997037786929 -0.283608434799949 9.254711136550684 -0.2176548815898034 -6.131774340693486 0.4414072479484523 2.015211617262822 -0.2150663622195843 8.974092991785943 140 438.0123488903046 2325 1 -5.135000425209498e-05
 -2.951089271586748 0.03437039589603741 9.986862070458935e+20 18.40539502638557 0.1829507281462588 1.108526161641877 -0.9993165688537664 861.8309085621094 1420.073539038898 0.1132129635270923 264880850.8891266 2969.972732599336 655 127599 2 4.45380848360467 -1.855613123266343 2.040259553749545 -1.669791042053464 1.100277613820977 -0.6258862451043052 5.607339819773434 -0.9070349960293793 8.8804596210633 -1.535197655670525 -8.119862021780085 143 433.1075949668884 2325 1 -1.242335172904487e-05
 -3.5826548339728 0.288135344275979 -259.8618303865427 13.34721442359735 0.1826532007583083 2.043295618154904 -0.7013733827944738 3333.460036572047 23821.7011162067 1.569311908841142 9.304175086754263 2847.405092352025 683 191637 1 4.667862720663236 -1.331664671766316 -8.887721294253797 -0.01479966286390603 -1.84228083034108 0.1840321189225946 -6.473808866130133 -1.975092023921571 8.396998330781599 0.4913128202374861 -1.59621546341211 146 566.4779810905457 2325 1 6.675408740525099e-06
 -3.972341732346049 0.2900383088321359 -164.6440163815698 0.03840320443787305 3.167551620856613e+20 0.1946942119203362 -32045.94455543289 175.2306505230211 104.4420230170982 68975.99568512265 18293471.30504455 3116.09220336614 1871 191657 1 -4.504146224505094 0.2785333812971968 -5.387653603013435 0.9647066955658845 2.496110526032699 0.82286576973876 -4.111369548225919 -1.304570173460023 -9.123716535305777 0.8031856720548327 -9.208806520377081 149 585.8770527839661 2325 1 -1.31871989425565e-05
 -3.825425935890209 0.4684141315006659 -6.201913156109588 60051.29929897872 215081.698956437 0.09999429423002029 -86000435.44425483 55086.48976030086 8490392.470281402 8872.190143654712 215831.8347662319 2823.310682501854 1274 127662 1 -4.349733288806805 -1.0201565850934 -6.219593285423304 -0.4891624439294846 0 -1.673191297444183 -5.121649051491661 0.003058710459453277 -3.806569319911922 -1.204047272116759 0.1497001937382016 152 394.6215500831604 2325 1 -2.623367468423155e-05
 -3.528286111703316 0.2765288009706142 -401.4249777834184 156.5365848123109 0.9679053875245675 0.1068801107411563 -423397905.1086659 1387.351974464523 4552.028150597214 1.299704724096581 12.0534263217171 2876.885475343377 1124 127773 1 4.689647106130805 -0.4705618087389167 -6.176298774916681 0.06420410094034246 5.216162048506938 -0.6021378173925811 3.219846304318496 -1.347241219080598 -4.871354458352051 -0.5743610667638466 -9.193555465774724 155 389.6453418731689 2325 1 -9.166462298410143e-07
 -3.360363685930059 0.2880495189118618 -242.9901418136951 25259.59745645349 63973.40116821657 0.2521365656672953 -5065.947057473099 29.50029168863437 3.932160929091587 402.3868677998991 459.5464064590695 2785.63842373311 170 190686 1 3.786220257347324 0.1885310104455344 -5.475122475528842 -0.7885594796911422 -0 -1.299261945523756 -9.977422066115491 -1.709507286906676 -0 -1.204181773279957 9.813245923645892 158 587.9310059547424 2325 1 -9.23594122941988e-06
 -5.793330047735804 2.892050713930272 -0.1590359975307678 0.2018465696541114 -29802.14526577885 0.1348647211065432 -7234509.975243117 12.18374271234133 1.521124270087719 0.1553190361329184 15579492.27094168 2856.577243991563 1693 191608 1 -4.691568099152273 0.8520504516834375 3.797154526270005 -1.528262361293822 3.10257880716567 0.05466862009240088 2.638429446024476 -1.297765321276291 -4.601331713135271 -0.498448437106644 3.452182611729533 161 578.950756072998 2325 1 1.530659211584534e-05
 -3.569574018067958 0.5719367311244824 -5.233952388219662 0.04219820777459774 2.116173545100556e+19 1.95456179983672 -0.5517542959977828 55.21876408639007 10.49905981434646 5.664031166862756 1.120279678756991 3120.97799499744 1829 191645 1 -3.94245840864108 0.1512393667056617 -4.067742324941245 -1.438076913048302 -4.899725740295113 0.5502254222235718 -6.602908982781374 -1.176527119243497 -1.778394386463244 -1.64428209760365 8.787299449160017 164 582.4163069725037 2325 1 -2.554536606887848e-06
 -3.311758487563972 0.1784041551250109 -25140.35114599326 891.9525519371639 63.83080937385157 0.1178123545331193 -39063770.56529524 37.92015913877933 5.019792093571032 63808.26470414655 -3505380.921234532 3103.171220520229 1200 127757 1 4.296802384814129 -0.4006387025845087 6.305673905908179 0.7014750219153321 7.187052282454681 -0.0267327740899983 7.347690723172786 -1.870337177362015 0.4123257598030445 -0.3785186790336041 -2.252017599194391 167 399.3684098720551 2325 1 -3.30979136005321e-06
 -2.923143334703271 0.04273178684665825 -3.821915836463954e+18 2.907458358562279 0.1366586860759351 0.1508084021753592 -1351388.144684434 8.917009227616656 1.334444440639247 12193.82068933286 243665.6760923605 3024.472902373034 3260 191663 1 -4.238886582100237 -1.428201943545902 4.758151176159525 -0.7615827897235707 -0 -0.0991592053959325 9.162926576758897 0.2529219048096394 3.168626614526183 -0.897902251879386 -4.562498144874521 170 581.4308521747589 2325 1 1.577342634746641e-06
 0.441441020146268 223.3834690540496 10.43548574249339 1707.326910642655 376.4724089282325 0.2427685960199421 -5463.482053681127 3089.44053979171 25872.65391152951 0.2265709086910435 70200.83677257964 2750.22416171013 2672 127774 1 -4.352029721423456 0.3883604321001286 -2.619701662045078 0.2844378886985517 1.482132253829598 -0.07542861459245566 -4.526519321092437 -0.1762776759149762 -8.853233613887223 -0.7946545065211801 1.602475136418223 173 381.9032790660858 2325 1 -8.126528768756904e-06
 -3.695693954009085 2.073681726013886 -0.03399392645836685 18753.77105077445 34398.8933487649 813.133502634656 -13.88068591158053 613.8329905670066 926.1643054743772 0.1190147173981167 258044501.477623 2938.836453016278 783 191642 1 4.442308428928452 -0.3314342211410005 -0.3296964428611688 -1.491843088837183 -0.9146923429929821 -1.584598748727831 2.683660175464749 -0.5340845764196729 1.945281743316721 -0.4982744767478575 -7.812237526750842 176 595.7095968723297 2325 1 2.015454419701373e-06
 -3.729445146431189 0.05868823166276459 -1452730523719.689 622.7661344084366 6.463893795761398 0.07710231843825957 -92360611270.7625 170.0938830151881 70.6025185568236 0.9319973669415528 21.35184386067064 2868.173082113568 3037 191650 1 -4.624674751899014 0.1580073529381262 2.312256697640325 -0.6785034387354552 5.216281395996665 -1.506964507017767 -0.5704601521849404 0.9546039630456482 -9.11916668578194 -0.6836867349766349 4.384398345974061 179 589.4034039974213 2325 1 -1.409749854356477e-05
 -0.02408055075380052 24519.72281200611 91449.30769694579 178.157249162138 4.702372229039103 0.1039881864569906 -362349716.4508334 1606.071951664082 7454.050739985068 1.685321415707798 12.64500320874556 2994.970665894044 1894 207632 1 -3.961839112038658 -1.471384367671204 5.937222070961533 -1.43903159844457 7.088630943437 -1.110644880135937 4.446897390963696 -0.289037857640821 2.987819934092513 -0.406093599058881 -4.809467482607811 182 646.1229510307312 2325 1 -5.647879593409908e-07
 -3.150055930629124 0.5232780631100599 -3.252097406785905 740.8315427108818 47.88374671522938 0.07583358555239067 -156958626839.2952 5179.362721456493 49360.1679123984 393.8623895417056 -386.7089279999827 3010.642666659669 631 111700 1 -3.259781858599376 -0.7992277783372801 -3.442446540866636 -1.909082942188904 5.37953888473248 -0.7932380209458003 -6.333857972150039 0.8666343152368476 6.585345223426075 -0.2328521914730572 -7.715733944050752 185 341.4696159362793 2325 1 -4.503756252817127e-06
 -7.155402987051423 8.176859187808862 -0.1257139767725676 805.6284993042595 91.57747203068931 0.4409014152029133 -23.02427978400846 1003.544680287749 2334.439777634586 0.1067358037050134 23064057.8280558 2863.199081277338 1380 191637 1 4.01339879323404 -1.28315138147021 -1.921776307592337 -0.9498103856530138 0.4708569257103434 -0.03438589775205174 -8.2602316944762 -1.703119779168623 -9.030552345247974 -1.773867034163053 9.800391850212533 188 599.4943978786469 2325 1 -3.973652960734846e-05
 -3.099714127004255 0.2600337113075608 -1211.583862270147 3543.850794388165 1262.948302978225 0.3298106861824258 -1116.706792794862 42.90663502170562 6.544712500085928 2860.625364283218 8936.594565539701 3104.007457781137 6290 191661 1 4.217735391922131 -1.79464931461496 -6.855881957895458 -0.5864445225053823 -3.213773099871166 -1.693422376200426 0.3720277308627904 -1.963335812714174 -0 0.07497692484300257 -6.959925860141188 191 600.7400050163269 2325 1 1.294881257198428e-05
 -10.42363358391516 13.79251740307445 -0.2873069826767654 174.5228346553016 6.289075974986443 0.4848819170580505 -71.34113562467569 12955.68396204624 471624.457752367 45325.0995371916 4173528.774787426 2784.496921039355 1390 191506 1 -4.410895357234976 -1.813390482881514 9.790263990703872 -1.571584809447105 0.1661251484798552 0.6694652745871811 -9.314560857250481 0.9905283220370729 -0 0.8317215527568704 -3.243758485529289 194 593.4421570301056 2325 1 1.997962497394569e-06
 -3.117829576401219 0.263594381309412 -338.0241230621424 73600.48731060789 439778.2316063017 0.2376241339890948 -8113.011141853238 18577.72972480685 763181.3291397875 64059.96537864865 -2924885.814663361 3029.72241375905 3649 191660 1 4.44688530654893 -1.239961720696225 -7.563612527566189 -1.447279404121669 -9.104274221085545 -0.3666299680917105 -2.926803398878921 0.9158687354395383 -0.6962168134779341 -1.376329924365123 -8.58164829758519 197 587.049791097641 2325 1 -2.514936374166382e-06
 -3.795075926010337 0.1714913546606617 -13272.10686498131 6.634437389182022 0.1144532683582076 0.04910259206006465 -1.212978898982424e+17 270.1095649067835 201.3176406995166 2.560302843199814 1.892941570469644 2838.526493575041 1556 127746 1 4.52270793360503 0.7055059200113334 -0.4635170608020625 -0.1066128972052312 7.152265374937491 -0.3718288756503583 5.259452574495456 -0.7672436430439458 1.416278911315028 -1.888261564118959 -8.576218573890538 200 395.6153180599213 2325 1 -7.753926744563167e-06
 -9.463807677283272 5.970449894071336 -0.178396655188885 183.4964099686857 -2.340981976978185 0.135067612664391 -641935.743818933 23630.13572355923 940329.442283442 451.479329701622 170.5047423423899 2940.655581337237 2051 191660 1 4.690585002412338 0.1548339884459375 5.61012089595126 -0.4269161267435475 0.723023943005086 0.9521581744980017 -1.170190942327708 -1.875044103963829 6.294086202104063 -1.593930522466731 8.954883165614227 203 591.0926060676575 2325 1 -2.836492323913349e-05
 -6.159996976912096 4.292673827774498 -0.1164921174046836 9365.159312200652 8122.975461802818 0.2378931611146261 -7915.492063691071 75704.77807531094 13057757.77723945 1.670127111876696 1.896603458394619 2857.058558697877 2602 127696 1 -4.563503759074358 -1.564288794339486 -7.333313015952484 -0.8180248839440463 -6.584608102040543 -1.693180930429484 4.844041717928005 0.3941228995966073 -2.448815013790236 -0.3054677593908615 9.069170068291957 206 401.9476149082184 2325 1 7.902192021434675e-06
 -2.772697019554723 0.03864579670586799 -1.188459258590979e+18 3502.010923578014 2420.875780877383 2.507347378012696 -0.3226448146063716 73.10492560541705 17.68415950903865 73622.41913973649 15488947.20225521 2832.582827582615 3202 127768 1 4.563725940956334 -0.7675367283045649 -0 -0.1727237621174726 -6.279246954856776 -1.622873405602947 -7.534469354145607 -0.2166182533491838 -0 0.9131578033594909 -9.628578907066734 209 396.0047271251678 2325 1 -2.010041554381461e-05
 -4.015363911763966 0.8091648703262313 -1.058499954003346 4954.275175596623 2313.19065527312 0.1378635577050836 -2261982.624010161 385.2514541560823 388.7271033371598 0.7454093203501098 122.5042013867449 3050.298895146738 978 127776 1 -4.288786979836195 -0.5192329621799656 6.891597332334475 -0.009265236458460063 1.005645868299348 -1.697828816142415 -7.394602881297635 -1.22771758500571 -5.772091116738272 -1.555884544067463 -5.943987411301356 212 394.5983779430389 2325 1 -7.894718326247559e-06
 -8.577403897453145 10.72066301856917 -0.1626875057650644 15508.02770680392 11419.85547421127 0.1033593680819957 -99514403.49227127 98.91159705601601 24.05384523172376 0.1666080215736179 -132699.8196834315 2815.587711684224 2039 191656 1 -4.102947042228346 0.9943766912287906 3.023462226916237 0.5556802627320914 6.22542326387642 0.4679255257364159 -3.225732663966883 -1.004205700069363 3.03141977267083 -1.266250442663228 -6.171489822662212 215 584.8431777954102 2325 1 -1.859128521356492e-05
 -2.985635025301558 0.04935971758984723 -350456473126962 66124.08314617565 278576.7466272949 0.08932019626873922 -4866532132.411721 1997.381820601822 9579.422718026324 136.4488763251836 36.87853829704154 2949.460463651174 2739 127772 1 4.284546743491797 -1.048081670877012 -0 -1.368095205317626 -8.790906521064588 -1.765763386213897 -0 -0.2795216008048866 5.231428162731803 -1.123535998466997 7.567761291466992 218 393.1452450752258 2325 1 -9.560821824632857e-06
 -3.207054852170983 0.6379962571675052 -2.301786579937405 59928.28134883688 431849.1016622873 0.04766043591455434 -3.707714342017444e+18 156.2606166467758 79.06569670878845 3.586889557331978 2.951861302295768 2982.158237638168 1464 127774 1 -4.284501749822458 0.5015505906888887 6.68851002613499 0.5991584668537397 -6.904545118183766 0.1434873797395552 -4.101815704196714 -1.470538433191086 0.6289829985577229 -1.89036667614667 -3.109082856733814 221 393.6199450492859 2325 1 4.796238074832177e-06
 -2.819457306111704 0.1571789201357102 -560094.4560556631 2.265341524206336 0.2673753978958296 0.3229988697697424 -1445.758763037273 54.75971110782946 11.21203468267506 66629.77484844494 1955623.721955371 2913.512678669562 1586 127490 1 -4.575750410601175 -0.3265590598839073 3.758833621129257 0.6905258097497304 8.639622574206912 -0.3133248023520317 4.268853664834979 -1.963281954937891 -8.943660519774822 0.472287426100554 -2.278707034752228 224 392.2379488945007 2325 1 2.732062095256396e-05
 -7.690751579481677 10.90416855756509 -0.170445733359674 311.8849029767085 11.25016805613377 0.1851437650523987 -65907.46508888034 349.5328380602234 338.2079120569561 1.568990720017292 10.8234455080182 2834.979176218086 1920 191640 1 4.081277336413387 -0.9025389224398559 2.350958607222393 -0.4264523088476677 -4.418859048976734 -0.05074308054521383 9.390329090064579 -0.5370660256091533 -7.111278083519968 -0.224976709940873 -0 227 586.5819602012634 2325 1 -8.857382704042749e-06
 -3.336762000987185 0.09412238437545639 -47636741.38350001 0.1477106271333291 -78723.54531961794 0.1287319959513003 -2823057.952821783 97103.84371667467 20903904.53296211 0.09562212432647231 2235656076.101315 2881.293659520518 1866 191653 1 3.971993874030542 -1.167199295553769 -9.476193368445516 -0.7930026679288069 -9.510167277713212 -0.1638181776274461 6.924701703065316 -0.3163572628996567 -0 -1.617934576425672 2.6675231860843 230 577.9283518791199 2325 1 -1.680744679277332e-05
 -3.312344804074769 0.08346811127067215 -4926262548.613971 0.1949578801946833 18162.78312783458 0.1717326255870712 -418957.2275121195 5011.463108317491 54918.74923181943 0.5236529519048159 463.5609742343256 2855.818865331877 1377 127735 1 4.571942119549298 0.7168953215621645 -0 -0.0313870265928387 -6.370500610851455 -0.8682495622954356 -9.247702629538688 -1.837176003947519 -0 -1.20253391091477 0.8575033523235911 233 391.8507058620453 2325 1 2.563560888953124e-06
 -5.085872186885755 3.260984447580233 -0.1029727004459152 1.897308394991454 0.2762909955412192 0.2366114040914747 -7426.308839963531 50475.99458646589 5325644.782811085 0.8120118881363838 58.35840079451138 2984.236842084111 3360 191657 1 -4.200343726274102 -1.433881339956109 3.826658429562063 -0.7847213690949904 3.064520590112603 -1.768400654109152 5.775652967817921 0.7688603404309973 -0.5246048168234978 -1.302676850306275 4.200027295347793 236 586.3351330757141 2325 1 -1.447277544564707e-06
 -11.43867449466998 12.22051529085156 -0.2855286748983091 36238.34883141874 21965.7744132142 0.2083975779485096 -48874.40657571453 828.36006307925 1690.17607645637 2.480226345131509 4.666544988919417 3069.156236176782 1737 191662 1 4.24778737784631 0.9525576398945955 5.943438693657498 -0.7440364240210435 3.563739072910638 -0.6562876045372574 3.535501873496715 -0.9399211236700582 7.55975290178473 -1.924477452130095 -0.4370390267322888 239 580.2148370742798 2325 1 2.791458743958829e-05
 -2.948902137542705 0.1371232596466163 -297027.2983088507 74.3007432869115 1.281913904895053 0.4739287627231827 -11.70272094301773 1872.235268036088 8267.238875484474 37267.12239892928 2503939.590626696 2915.882026271554 233 190843 1 -4.693419139706868 -1.320576159299744 2.005189367994122 0.2024886735976778 2.116325381348694 -1.822376988268981 -2.065240880510216 0.2534149073495806 -9.698155661710333 0.4909350252739122 0.8032612933734979 242 586.3779349327087 2325 1 -1.107889041648496e-05
 -7.902035378052404 5.801669805231355 -0.1481854555064836 688.9688335764062 82.49821019759331 0.07392886564546397 -3067277115489.579 289.0685111535977 232.8095127894436 2429.636230746004 18140.51302177997 2971.103943333461 1032 191660 1 -4.445859207283055 -0.4932201949082042 8.483884644283796 0.9514996834521691 -0.4193190399071551 0.4881509352699878 -8.782371794061284 0.2923187098869184 0.7633197259040991 -1.924232721096084 -8.271580922106072 245 581.5247159004211 2325 1 8.10354387440186e-06
 -5.504506381509642 8.143425293781762 -0.06056465263446462 0.1633571405524233 17047.99349862674 0.2456012242218527 -2821.472663393095 98872.07811828938 25189947.68521998 0.04583435922793393 1.888980072310209e+18 2771.752699145342 1959 191637 1 4.648949819623331 0.7499163685888637 -1.954235648231863 -0.4611942200753898 1.331550648791092 -0.4345138010925025 1.299216718278904 0.2728027905883668 6.107050548028623 -1.568278626510263 4.764012475604338 248 584.4290361404419 2325 1 -1.278052455038832e-05
 -7.096442367972414 11.07286004157118 -0.1449398153806116 4.055505364823273 0.1088599028610485 0.06782944570323597 -32085173880803.99 8235.292733152446 197140.2820818693 3.290805171322636 3.564611122118823 2832.982197582405 1218 191631 1 -4.404573048231919 -0.1541530944390024 -6.030064324628184 -0.9641729533966679 -8.052089908397392 -1.206021566927781 2.007676903582946 -1.714110242098477 7.783693713823494 -1.472791663071112 -9.206762137431754 251 582.4571058750153 2325 1 4.080962549579056e-06
 -3.23404937107633 0.3269873228952541 -120.6908459427063 3874.550774677572 1226.901440715649 0.1866507973636682 -210980.1358367821 878.7980850303393 1540.422431027899 0.7082482539705994 94.89320504617123 2937.463091332598 718 191641 1 4.294726795440847 -1.674569464194431 5.062868692933831 -1.3381389272161 -3.151972052897226 -1.170372947874125 8.419263975054367 -0.6489308747884817 2.173641492950651 -1.802666977757636 -5.237687652080526 254 588.761164188385 2325 1 1.621678150365743e-05
 -4.922285223252579 3.531328617138324 -0.0910365426438329 909.4607856296923 77.3082937519091 0.04559412357555384 -5.972391476278518e+18 2839.243630492481 21944.930607518 1.074334190268415 19.12896048838377 2862.931226981866 1327 191463 1 -4.152807892246085 0.7699758666803982 -9.339220481261188 0.2746772789015504 7.522475200174846 -0.8559117211444072 -8.151884693319374 -1.299581431501841 -0.2261129288818133 -1.925757095745444 7.034415840694425 257 588.1248710155487 2325 1 -3.07430704575194e-06
 -4.443400530955886 3.886603700873862 -0.06296804953776498 2.103674873954091 0.1197048802980968 0.07747377623662627 -270616460752.5352 87871.31239653556 18199963.76642407 2.366645194359095 2.728105069946658 2889.247650900927 2065 191628 1 4.569895377624321 -1.819198929761348 7.82645705674023 -0.8729103478010574 5.893803798124735 0.6736369358617842 -0.08258207341352808 -1.903965077363627 -3.468327799001772 -0.3813266905100461 -8.790223762239384 260 583.5957691669464 2325 1 -2.506607277563588e-06
 -1.202383147585386 478.5419561129445 24.94554346784924 97.34585961081467 0.8579683809176561 0.3882375161665896 -95.45274206358258 243.4666495624739 156.4762387978631 1676.32726408722 4959.608120058081 2911.488000600948 368 175658 1 -4.646482173488182 0.1058278849941767 5.974164951964258 -0.8408577329625366 -0 0.4543725592324606 -5.246082970519801 -0.3087238090226476 -7.887337473402841 0.9954039469688474 0 263 539.3589661121368 2325 1 -1.435053339576114e-05
 -4.056818579797344 0.9268932949924877 -1.021107314601901 0.3391433161750154 -99.80440783803576 0.6073097368977068 -23.15388631262219 78864.38565465159 16193269.19441189 1.611556897153999 10.20457873886556 3045.492002611295 787 127761 1 -3.734062517871167 0.8671170456288779 6.352883988922318 -1.944135482583973 9.250286154310096 0.1567462404852962 9.349363409410008 -0.8373600353076256 -5.882460118193371 -1.556146332972602 -8.846158869276007 266 391.011500120163 2325 1 1.132023883198908e-05
 -2.965148670450564 0.3070103539517323 -103.8664549473007 4.434158513352092 0.03824873747096293 0.09483227296794215 -307100622.4032247 2424.237232231579 11847.59306184833 246.784438874374 28.81217717748807 2997.93335473996 3167 191640 1 3.628312520838349 -0.2377184672862694 -2.268636051983767 -0.8154285743719818 3.105839744823967 0.2169388797612121 1.160578779102471 -1.309827056391226 5.806785897270002 -1.323524378379062 -8.262522196363943 269 582.516716003418 2325 1 -1.157737454160387e-05
 -7.758381204929188 10.20894905436358 -0.1620864356683447 38.20597455540192 0.3537214380654763 0.4173851213538882 -30.12521338771642 18481.62813218926 882180.8124657625 1738.829383505684 10010.39425771122 2917.790985321252 1249 191659 1 4.59583973408482 0.5033347982333334 4.74632421120294 -1.454367582604071 -0 -1.682984437353002 7.062337544744302 -1.782094416151061 -3.623371822385886 -1.080438703846281 -6.67062468978017 272 588.9232568740845 2325 1 -5.760224259398756e-06
 -3.431905408951089 0.04906753135215976 -1304820706817679 3.409592520662924 0.09349926685158154 0.2043254460921973 -38348.4686360528 206.8034317151373 101.5215486491921 44808.05909567101 3895630.249268279 2699.07101915627 459 127773 1 4.441757107956828 -0.1872072887632897 9.132109522190232 0.6819917994677054 -1.975253982229381 0.4930674418273653 -8.351999476289615 -0.3094636749097122 -7.355942912943402 -0.117912555407199 0.4316646458526661 275 399.8197250366211 2325 1 -2.062072798287154e-06
 -3.580544808580813 0.366442429259098 -10.96522689374076 0.2676806003885002 1167.722115106306 0.1073016569891669 -336194821.5306785 86596.65731193144 18267495.6830346 1.282095340578022 7.707058606400626 3014.92043519795 570 126446 1 4.329805935412972 -1.958821452568066 -1.797559322903902 0.5913717961135165 -0.9332712561367842 -1.425314696019613 5.611139593595151 -0.297116616418366 7.699216393960876 -0.6359721194319636 0.2655979708590834 278 385.2344818115234 2325 1 1.020162512073151e-07
 -11.40144591731411 10.83261030551075 -0.276913566930694 0.09204628136046809 2801701305.181375 0.1592239902929702 -460842.2813470887 16574.08382694859 611725.6168772159 74.03153698696273 5.018255252759454 2965.807157796971 2424 127768 1 -4.652913075237805 0.8568552389946915 0 -1.777089198423675 2.917903201684354 0.7306059507665061 0 -1.076484040653371 0.193308102109147 -0.9162697356881022 -0 281 387.7187860012054 2325 1 -5.587676819977065e-06
 -3.168747785579113 0.5332411998217653 -3.283514521236665 0.1634069442832658 171170.7032027654 0.0428058815600008 -3.330759714517657e+19 43325.20434716455 3948497.553251219 0.7649235728451467 54.25669157550772 2804.264879140718 851 127776 1 -4.354326404347351 -0.8344535799965698 -8.392886386335908 -1.801254781946117 -3.270466842863081 -1.540500935654878 7.257076901569643 0.2668058077587032 3.634173483675506 -1.496375872546506 -3.232889341350237 284 381.9658029079437 2325 1 -4.099864402734821e-06
 -3.448781962145281 0.04436845664459317 -6.711484266059629e+17 0.05206918649462267 3.91977394318847e+16 0.1759972501379495 -374063.4954357938 1844.911228748433 8222.748599520619 1.586316429837548 8.025968760603147 2905.310319812565 3618 127775 1 -4.688361661138993 -1.781590667289318 2.380892597921493 0.6688447599899026 8.753107997388799 -0.6321211108187441 6.542112036676776 -1.26297910438884 -0.05136480047997605 -1.847887730107935 -6.815099652255281 287 391.3433120250702 2325 1 2.212942394204976e-06
 -8.033797887173824 10.38842806227815 -0.1436354903086283 29743.94139281536 39215.46986298436 0.3179665314046936 -464.8704065869556 36034.7919903368 2782922.098484684 1066.274745604871 2724.6066703672 2892.206116599945 1817 127767 1 4.571762985956946 -1.272345069740096 -3.122912830622946 -1.958656762262723 -1.858195340963761 0.6637750635000104 3.062961516614555 -1.930614225273607 -7.677772726411058 0.3644221711728006 2.542170649626863 290 385.5417912006378 2325 1 -1.635341569176832e-05
 -3.549386227569022 0.07938596287990075 -46738841170.16596 328.9030423445523 5.194719093184474 0.2218338596370156 -15417.18143125022 17460.31222911237 711504.4428314765 1.121710929900972 14.28716228969624 2999.707546115971 1280 175680 1 -4.566668985009459 -1.795622759080823 -8.798938437752406 -0.9287849012458418 2.658035177220951 -1.256282437070237 0.6240405236985982 -1.118017234833202 -3.177889676647295 -0.5586496440389181 2.931943191089762 293 508.4179308414459 2325 1 1.427029477268055e-05
 -3.909438073043291 0.475336280515624 -23.14736192117606 224.5824463947642 4.141464349823265 0.3489740414931558 -550.4777804342891 605.8290630173985 915.8165525444974 4852.08440681278 44733.1591995842 2952.560291994325 601 127725 1 3.904543914806066 0.0540854168576272 -5.164508204803565 -1.726747085755859 -0.4198952739978639 0.1444882935093314 -0.6165792558430052 -0.7204556674047433 -0 -0.712947549215027 7.817177289048539 296 390.3465161323547 2325 1 1.584951993272706e-05
 -3.429432264231328 0.3745214960666126 -42.83294214119555 0.0961817974097868 -881100259.4473058 0.4044015571235383 -141.4655954928118 95.88987547337331 26.31756511360115 1.801061820626877 1.886121003172622 2842.150754109671 1640 191662 1 4.619061875709149 0.8421913612148266 3.644026329077039 -1.533495746693059 8.647553537802766 0.548208711110568 3.0541720392939 -0.9134551697570465 -9.69185703202521 0.359290004341255 -7.380551059312337 299 663.7583181858063 2325 1 3.278632238542905e-06
 -3.061462949297578 0.1441348162257675 -41327.62234247381 0.06411166521110168 -824501002273.61 726.5713246416219 45.24560095520509 613.391113296451 955.1326652809134 1.670318028393068 8.421971809937174 2949.086876076274 296 175673 1 3.943159982033097 0.01200191262853467 3.531179590477212 -1.733780877920784 0 -1.016947113445915 -3.158146276227724 -1.938335145469463 5.196620533789208 -1.645384581235091 1.654019847398509 302 628.8105590343475 2325 1 -1.777537297950047e-05
 -8.187356828437036 7.108622355859072 -0.1308559978556784 3341.459545985307 471.6897720378855 0.4280572234054736 -74.11214715126708 82.82653944958182 17.71882228093558 24903.82904314628 -215570.9214666651 2929.744570805031 1150 191653 1 -4.645589472364069 -0.9188229454801755 2.876833794201565 -0.3327644514340111 2.049571533759205 -0.4243161391326424 8.431065795504638 -1.796083456875669 -8.90431978660399 -0.7547327914112536 -8.98631574338444 305 713.9089169502258 2325 1 -3.022459111038578e-06
 -3.439225017730821 0.3473985745748876 -62.95893110969638 0.2176682188585674 14811.59020231777 0.2359355599667618 -23352.73683520026 567.6094785094413 825.321955443962 26217.23470935338 441461.5947554396 3093.706763715758 817 127680 1 4.61756268747247 0.1142138662158074 8.976673735662192 0.8910786685661249 -9.194099421454185 0.9040750471524186 -1.300016052162593 -1.74608047416218 -1.873791544960944 -0.8668933433104886 3.915464109985058 308 461.3393421173096 2325 1 1.525936455612636e-05
 -4.420730911950899 1.708771044686822 -0.1772061669599937 0.05293616132471257 2.312089701926611e+18 0.08334408062550931 -1356691676354.999 42009.55940990378 3852539.873875924 1.299176067786548 17.80404304698765 3013.598016253838 688 191477 1 -4.310905268369329 -0.8709366816788808 -5.150502674067697 -0.5688654872544907 -3.029053656510485 -1.393616363495142 -6.218130857275509 -0.8830983563434733 4.714130297125863 -0.8752191226404609 -0.5805026643162035 311 670.5285260677338 2325 1 2.546543118907178e-05
 -3.557602928978686 1.463707414256476 -0.06464010924271335 1.200572595462778 0.6842345084792059 0.05948993428991133 -67880100110876.73 867.5589994356257 1775.69704083993 2.155617121148218 3.347994270126136 2742.880839099013 2307 191661 1 -2.387596135079027 -1.529967451267082 -9.071245040139926 -1.742169625338603 6.112085136825613 -1.79375321931404 -7.285490794389592 -0.9399428558716902 -3.364672494947264 0.5376298068166148 1.177605299854283 314 682.1473090648651 2325 1 -1.466685425027792e-05
 -12.37316903350404 11.68049436966454 -0.3253031686345322 4089.71858325817 739.8228723361457 0.2584308522805628 -1829.983934211193 1436.293411757188 5420.067394442616 1872.929001370591 3883.48653975149 2944.459302811749 2658 191659 1 -4.573120090934313 0.5208898190514901 8.914214878844247 -1.950122386442927 -1.686377759070803 0.611742944599361 7.246355009885395 -0.9003954918679478 3.041964657885443 0.1373493091938837 7.759436438512894 317 652.5252687931061 2325 1 -1.050833621426915e-05
 -3.722726451535534 0.4688219709905286 -4.312709950827139 0.07621376246197369 341246076149.2621 0.09769697305237472 -1528719263.263649 5491.396766270718 58684.12149091257 2305.079354061179 7540.175893360422 2849.49986991651 2085 191641 1 -4.685941638171116 -0.2215308752006484 6.151543124498776 -1.092875718989664 -4.029020493006564 0.2042307163465029 2.889869799559576 -0.4846136521095135 -2.724138944309862 0.6959043806498898 5.489742511491276 320 679.3429670333862 2325 1 1.756594724872145e-07
 -7.087448390131457 11.28924855675047 -0.1095792187353255 2.282004686241145 0.1930367908815831 0.1787275429258243 -56325.78134955562 697.6262635290709 1255.938760536883 2.413803690203868 2.44143867930221 2943.94690712592 657 127642 1 4.686944017142899 -1.543678457811342 -0.5580772828896921 -0.4836548776356456 0 0.4014249118899897 -1.314755534519794 -1.779551499860451 -0 -1.217022705798179 1.01263508218023 323 458.1433551311493 2325 1 -1.759849076388299e-05
 -4.592859520576556 0.7795870424065626 -0.7422670587792792 1.35818218759447 0.6271979851070798 0.08436454007331491 -76788009812.45564 5625.688739128745 69214.03995826487 0.06246821981665993 857568873493111.2 2627.205826431792 1948 191644 1 4.537130215631599 0.01397658134903509 7.949250962454961 -1.112224196904358 3.290005913022822 0.2783611315860206 -5.590159173696258 -0.8299686861881597 -6.77023321005082 -1.585089012897157 8.682156976879252 326 682.2700619697571 2325 1 4.581808333754308e-06
 -3.918382985991205 0.3008414351909169 -116.8020037122005 1.919290699935335 0.1310397030768763 0.04007417567122513 -9.95494110919217e+20 18572.43200681418 550631.8192748714 16486.84050292847 -449143.4998466758 2930.913269775026 266 127071 2 4.377981582946951 0.9696862857041085 -9.009446708942557 0.9125591062762886 -5.864783714096321 -0.9792564112382918 -0 0.439148380907791 5.604415817104292 -0.895853076894042 3.908435454021303 329 375.7193009853363 2325 1 1.171948778984388e-06
 -2.748641926141635 0.03430563321739229 9.999712367509926e+20 7369.188518466282 7690.107755135969 0.05179220728393975 -1.035670605323935e+16 306.5400860422341 268.5844239681989 1.562393476252922 11.64891253128729 3005.864510493407 334 127678 2 4.67757054437785 0.9635974029868133 -0 -0.795885713222475 -2.542632180995696 -0.106939973612783 -7.981772155802718 -0.6284830016195491 -6.414351743287114 -1.98860503247206 8.373413569285999 332 373.9347159862518 2325 1 -9.732470535203922e-06
 -3.51920273966229 0.101380745854834 -704111643.2508057 41121.23073747269 145243.9968016229 0.06450198491828808 -5338962651474444 51.26506453012983 8.678409216074309 19360.42832036006 730209.2788192319 2964.360661548255 1295 127773 1 4.451769826840057 -0.2608374415215842 6.162128572039279 -1.15780796925922 -1.71046934836707 0.7518544863435919 3.670029731588326 -0.2671023432579185 -5.824159890613918 -1.206736380095191 9.469397769204843 335 374.9140291213989 2325 1 2.706443335621477e-05
 -0.2705212050607096 1471.628735254623 331.6174106744816 773.1216679626499 51.13175064915751 0.153401572566496 -2445110.597803051 77.21355164474411 20.07478132128599 558.3626645984923 726.1831235378933 2898.219948743584 1029 127744 1 -4.114564185273577 -0.1357976869823006 -4.358227499133099 -0.5020183073598279 4.631320974584909 -0.6095758643633413 3.184119320789148 -1.061868985491281 -3.65834494554575 -1.044694790266192 3.015875878080383 338 375.6587340831757 2325 1 4.72086379849339e-06
 -7.390404233885213 10.70154192371245 -0.1473806792935829 9432.5732019262 13595.59302513448 0.2654006511993398 -2648.028988206902 56661.517787554 8562091.130795529 0.9700641579711836 31.82075151326806 3033.513151886989 855 127771 1 -4.406661671287472 -0.2948580845237068 2.80405228131357 0.4254291710493074 -5.405040858388023 -0.6709962399352865 9.337132015036701 -0.6480587541237544 -4.611594924650886 0.6218049091137559 -8.746035415526123 341 374.7165319919586 2325 1 4.002730245844832e-06
 -7.617070630322777 8.165982718458146 -0.1457988751868596 614.2767671169884 82.45182014154049 0.6906194773159569 -14.52840249600459 5134.852666892894 59933.70101987173 0.1951993411306247 342220.3085041085 3015.706418888987 1796 127698 1 -4.553586002212141 -1.748686979956961 -8.536509132032002 -0.7846054366488531 7.349320168563885 -0.4813676585319779 1.680605424309552 -1.90158282440671 -2.764730738682818 -0.8688688415485757 7.371423131024889 344 371.9530591964722 2325 1 1.974521777786251e-06
 -3.689920764958069 0.04109034273737899 5.524070378818058e+18 82.97605420621261 0.4978762311352359 0.1787906036420699 -198866.3629758665 70522.40858760137 11899239.66432283 0.0402863238190786 -9.954259812429671e+20 3066.513543830993 963 127660 2 4.447526976550642 -0.8408385439459423 -3.391140726004878 -1.243747790259063 2.672475946153748 -0.120436763695956 8.406453393441048 0.5789540120420105 3.811888561794312 0.4662481345332771 2.67152805375012 347 371.7448859214783 2325 1 -1.336719824525499e-06
 -9.05572879556189 10.67852560490421 -0.2029648182114078 8913.082660511023 10642.79430429423 0.04907012279232101 -3803368049033310 83.17066377438411 20.57326770826509 1328.565310757558 4085.070571175423 2960.629621123001 1478 191575 1 4.064176144166821 -1.689569822675653 5.079227707233649 0.3982253797586814 -5.981909981241098 -1.85149071089483 0.1384321690576247 -1.750256040042139 0 -0.6001038914789625 -0 350 560.4269161224365 2325 1 -2.391180270965757e-05
 -3.163126042981434 1.163204060524251 -0.1678459410737822 0.2164742495706877 8430.44385334682 0.05126120311767474 -3.036600714234062e+17 118.5051252981172 35.58006899843392 1.218193564538668 24.38569137101442 2927.605852908081 1378 191640 1 -4.590441178378086 -1.611728356275599 -2.917875761072758 -1.541223643617715 -4.779478520833446 -0.2219550238996009 8.155059342665274 -1.10276988985496 8.915325051753975 -0.01076270638273071 -3.389054850886092 353 552.7171170711517 2325 1 5.480667699666582e-06
 -0.03157575201611161 66909.93979761474 723518.8875365546 113.5254489837748 2.640795365108371 1.322286174274217 -1.574765563779032 892.5168875828385 1880.158001089841 0.06980431858713863 44302958289861.63 2908.407782321837 4821 143748 1 -4.14519496586564 0.6319863543736406 -3.110358145195129 0.4333111675307793 -9.214932011646059 -0.007961144517991259 -6.451687611082815 -1.267739697779721 8.201151631289074 0.01560817953689408 -0.02257235250302259 356 420.1522052288055 2325 1 7.092049757374789e-06
 -7.243009943780816 5.585642712060798 -0.1416104422576646 452.1856713994479 14.68706359049239 0.09898940600479966 -1364744258.145145 96.46837234960165 28.56663776818767 18195.73022412295 844763.1106511926 2883.549518666267 5128 127764 1 -4.214385981807276 -1.577789592749173 -1.763275536391434 0.765372651170551 9.395801748700707 0.9185848995614068 0 -0.4628206471049641 -8.131136054505744 -0.2509574830495654 0 359 370.092983007431 2325 1 3.579064731799735e-07
 -8.426422862304305 8.979415035890712 -0.1536924550608732 1003.437200015319 327.1463129601883 68861.75316982411 -1256257.572460578 1893.193180333837 7615.601856849229 37780.38991826565 2726355.154043851 2878.862162852141 3353 127767 1 4.359334840720617 -1.576060162519534 -9.636727988457519 -1.877234688914911 -9.476849613111099 0.9893146927055807 -0.5390753389430065 -1.229722923008979 9.982537042957695 -1.484706109666538 0 362 370.9711909294128 2325 1 -6.128074533436078e-06
 -11.01675524323851 9.075204362450341 -0.2377634032655706 4978.828565257167 1806.511889144939 0.04918592863308963 -2.580434131536754e+16 280.4722000259067 198.5307266195851 188.361496964623 75.29495279028701 3190.331867480491 8271 207635 1 4.558048391577268 -1.348951638250045 0.07180869881692242 0.5834158012878126 -1.621659640509253 -1.133708330927501 -0 0.2292457922656834 2.4751898189908 -1.545130807570065 -0.3417074784024079 365 602.4708001613617 2325 1 -1.586562145823937e-05
 -3.478455709524295 0.3095479460641379 -173.8132762034977 75248.84513926897 750609.4525585962 0.21235065677801 -34174.33640803713 141.1134579988477 58.24948766848791 0.05491152760551382 2.329977528434926e+16 3037.229967744755 2075 127764 1 4.681963406999867 -1.065675468877171 8.649294323846179 -0.3196223673246035 2.74666387850573 -1.810403965121242 0.1818190363142889 0.7031575696615104 -9.194206898017512 -1.81726793600334 2.492871075728966 368 376.2326691150665 2325 1 4.941408192584206e-07
 -3.933472167655407 0.3162578567010084 -172.4040820370828 0.1953087186407152 30272.13202220133 0.06699426461820215 -28380259136801.52 65.29472968605984 13.84008868378783 0.8802396130515022 41.06327552875914 2908.147771232366 2346 191649 1 -4.687537128919492 -1.185444114681713 7.829055332516861 -0.9103981936857402 1.016067187934729 0.3601873325036387 6.8370273205935 0.6289431369607308 -6.145063749884724 0.03263719947116912 -0 371 553.2281539440155 2325 1 6.133866665892114e-06
 -1.820438432055293 865.9203767277423 61.47626282576156 9276.607050379358 8283.221064471492 0.05029857828124132 -3.022698637689026e+18 17472.56956513075 619518.62737828 0.9673740806787601 26.05294218805201 2907.691593286627 2388 127730 1 4.618195256411402 -1.720173655254139 -9.271406501909983 -0.3843783263669547 6.06361328700902 -0.9889758597157439 9.532382140302575 -1.92571609722475 2.50654365757114 -0.3755864325799934 -5.50997587724141 374 375.994845867157 2325 1 1.280492668945107e-05
 -3.565959857135248 0.395086363480148 -22.96465706363438 211.0041321310178 8.055955935527143 0.6960137505243603 -4.867461692052159 302.1700983851978 260.7906568912098 312.1697630373419 214.2982519686572 2820.886281877509 410 191663 1 4.026490139881317 -1.2421268655359 1.20467096925876 0.7388167020130822 -8.593202794559973 -0.9578732579179974 6.356524650448966 0.8777040165159984 -5.680902784565496 -1.232106226377418 0.5866893718662327 377 553.1403439044952 2325 1 -2.908555029056259e-06
 -3.328542828793843 0.5937729989606596 -3.89476519579625 0.1168588458125036 34781370.64804187 0.09083266978804869 -22457146972.78773 98.96882500196647 27.73033629142062 1.902347748930017 6.738819969746126 2827.122148893964 2680 127635 1 3.907891754132927 -0.09370233287771604 -0.4029027574637034 0.3863669009825506 5.197895239732848 0.6405829571454005 -0.03054724982256518 0.9289695602168244 -2.30531926205497 -1.149972783944433 9.5640143489238 380 372.4147160053253 2325 1 8.854409707774826e-06
 -6.852010105088133 10.63940694367795 -0.1206911983407721 3.989955992622315 0.09126530645606599 0.06249002196859473 -8160023123827.185 17158.85558211074 675240.0602362162 0.09111194298774548 6756791567.690743 3078.800371331727 2006 191653 1 4.423415183730968 -1.676802277406837 1.717644530301592 -1.238686696342994 0.3583144686348034 -1.240603237441576 6.859827071518837 -1.569157396695366 7.303765105183217 -1.978025274453985 8.96690029395435 383 556.0069110393524 2325 1 -1.863172606309774e-05
 -2.836309888660334 0.03858116115808966 5.430744857105223e+19 0.2057854814179314 6141.864307779871 0.5268565221994741 -30.67420318205206 204.661879676271 105.6545012168255 3.153638035716363 2.034004039230921 2920.761801499506 1683 191652 1 4.411269887930072 -0.9564517850327121 -8.53635855456287 -1.709160799639204 -0 -1.888012180307696 1.845344907380562 0.5866238376581041 -5.58973498568933 0.938557143088508 9.153670484201657 386 556.606626033783 2325 1 -1.983407915192252e-06
 -2.739762069280519 0.03373718518799752 -3.890814728231542e+19 7824.521471965601 4282.760960816562 0.09794005472481426 -224236243.5572914 4778.896057734052 52525.54377865836 1.359356969793633 14.05176646834127 2865.31964622908 2596 127775 1 -3.983565304168783 0.8432948063389243 -3.935559220833334 -0.5339250398598114 4.069447836042591 0.1614529384965082 5.281551191632517 0.09416906313816394 -0 0.973240085352896 4.359959373905981 389 373.6999988555908 2325 1 -2.194398696339761e-05
 -3.940485578094843 0.4212088270101582 -14.61417313828943 1095.091166363568 64.15144813861464 0.08721586652417741 -15673724651.70514 7459.364805459341 145192.1795140947 221.1532738101509 94.98660883225256 2931.77305578154 2347 127754 1 -4.369089145870356 -1.362577141076264 -0 -1.72293320069743 -3.569851066963044 -0.3337270276461499 -6.576547504820407 0.699266116892769 -8.893673275603856 -0.6726727490628308 0.9293384023527587 392 379.5422987937927 2325 1 -4.671611696366834e-06
 -8.837662899787059 10.7159597976337 -0.1866322720546474 0.09618542302496821 33491722.56184611 0.04992179461696873 -1080592233772153 21.40053081721427 3.473549403017582 2.169823188879659 5.051159611891829 2975.233677702976 2909 191491 1 -4.384300434310308 -1.020216849858357 -4.041638011268956 -0.4880971269711241 6.075321276289778 0.6990666199983964 3.722520873197695 -1.46080287607868 7.957416504282197 -0.6456547136266853 7.031377950879458 395 553.2415959835052 2325 1 -2.733323752104081e-05
 -3.625800313018679 0.720027711167583 -1.343393881865221 54439.54926924474 52286.8719102211 0.3720903946632959 -268.6095916707184 59869.34541411381 8430731.19823966 0.2349766175693566 126665.0992746498 2974.761015862803 1276 191653 1 -4.531669623383587 -0.9639255229763616 -4.407184767913829 0.6830346289707684 9.943453754972728 0.2319633146229396 0.2463564762247001 -1.140618703047111 -0 -1.710007826351228 -6.738897651643653 398 556.4047608375549 2325 1 -1.01630822606282e-07
 -3.616020311966625 0.1650984230401905 -79784.94206846705 0.04016676156348131 9.807744231585875e+20 0.4682792248134074 -57.44210994455 88.86436918078087 22.02067142827251 1.478274616786272 12.11057551446579 3003.342122136576 2070 191601 2 4.584642028548243 -0.07368610213633885 -3.496973717684599 -1.403812050646877 1.772570211916048 -1.36955692582847 0.5215068063754407 0.9887920133826595 -3.894424194860298 0.420275761213535 9.70809540851511 401 556.5701701641083 2325 1 4.742042355476039e-06
 -3.103769080511303 0.03592003909643265 9.989808572496726e+20 10966.3982741799 16088.36925424223 0.2549910524885708 -3310.732895387306 255.7708759190243 170.3135062864666 1.394036057319634 11.32836921630627 2957.726028223456 1119 191640 2 4.210754453801835 -1.950601437587625 -7.239867122571773 0.9290287843861997 -0 -0.9476342546834609 0.9141803565328162 0.1946324770136271 -9.700578978413354 0.9379110508267922 1.507776402598376 404 550.4620878696442 2325 1 -2.676804126564748e-06
 -8.803875685511496 13.73175681094433 -0.2085746111206281 18178.90336645539 31609.7826802114 0.05970558230769955 -55880778318787.94 2088.369041953598 10298.57872168847 1.316557357743146 6.642150004880848 2847.54283085306 599 191647 1 -4.466406504176498 -0.4714240828523996 -6.3705871340046 -0.9515446251509836 -4.031432844389733 -0.8615108512585739 0.9690121426286202 0.1137255741774705 0.5921239570722623 0.941136449236871 -0.3778101204071014 407 549.9071450233459 2325 1 -1.6382239399586e-05
 -7.260311673092061 12.50670372931847 -0.1305632797911392 1912.986311548058 199.1062577823097 0.2530097753736966 -5185.683206401335 7237.268117740798 76481.02324562853 25051.84920006042 -1128490.745184873 2908.236674605067 1395 127692 1 -4.585781995676809 -0.7427287760378469 2.66267221923535 0.2765439584925811 8.520435465654746 -0.7019501838670319 -0.5581528747105979 0.1925041337318349 -0.7250338404678347 -0.7346320404975781 -6.022694116066427 410 369.7365939617157 2325 1 1.493129716427487e-09
 -2.392196482903623 0.03645956627884085 3.92419155104055e+18 15886.71884369243 22186.65681859027 0.04330173538270232 -6.961335047626941e+17 67.92067190091966 14.46595746387507 0.06828736300152607 2674463679458.458 3117.730403407965 4456 191663 1 3.290730573806834 -1.2964719595988 -3.998311851433505 0.451907856591359 6.295107375371594 0.7807608538424983 0 -1.268596890527732 -5.598754565469874 -0.04980747171110164 0 413 549.9936001300812 2325 1 -2.168733010990539e-05
 -8.904103450146902 8.606817757241343 -0.1625007872147266 88.55099033053355 1.038004708785963 0.2469949090162566 -1473.703326839494 11122.91511556476 241540.4435492704 2408.841738993201 16796.40733998473 3095.038355118078 1300 191471 1 4.684730921969328 -0.7807816861434862 8.894633328083295 -1.727219338998014 6.688811872400221 -0.8650464474505819 1.580257196482769 0.04641440674325585 9.136308797829278 -0.3841722671562824 -7.516504978353337 416 555.979514837265 2325 1 -2.264874312336689e-05
 -2.71549713031671 0.1956416318282384 -19990.76351921288 10132.50397640743 18848.56372684556 0.05064878800745098 -3.204623735048397e+18 430.6854711343474 551.0933892044251 72794.52151716294 16110101.63310881 2975.577133829261 714 191637 1 4.587201058888943 -0.1037007248440807 -6.831358630016957 -1.35030882605429 -1.14384799248268 -1.857489817636326 9.605626086239827 -1.045842630505415 -4.908297312256441 0.1847828716512914 -1.174826656550918 419 554.661661863327 2325 1 1.41282716661013e-05
 -3.662079133620635 0.07233430056596396 -195427908384.7245 121.2994802203991 1.782064792156607 0.07113326079095174 -2780950927598.468 44.90204150300242 8.062675043271145 764.8159907372608 1416.759176824703 2920.719708693974 3949 127768 1 -4.6797391961732 -1.168007075727353 -4.650922962939799 0.006539420791921836 0.5781922669842214 -0.5021234760610609 -5.456122640407444 0.9296005225684589 -7.295908830877524 0.2996071166227798 -1.840546999593421 422 369.4443380832672 2325 1 1.466220019267794e-07
 -2.86382504659225 0.4440032926725245 -10.34091865512897 508.5845039071562 38.86778400685759 0.08724010419179962 -10217361286.78834 1621.646819534495 5795.850566077693 0.05483916534953788 8612904670940043 2902.37561486574 3071 191664 1 4.459846255089624 0.2197959777479092 -0 -0.7900888074196697 3.030038145979628 0.2170515973151326 -4.344666576246603 0.8446567324321572 -0 -0.6050631014202148 0 425 555.1541488170624 2325 1 -6.246495218340646e-06
 -3.52124457348657 0.1716114991305792 -37386.22428849093 0.05957826804880616 179660700052215.8 0.09730418321537362 -3252946452.596045 13599.3689403605 417366.5187055319 2.365990191032772 3.766350689234407 2886.01527792999 1348 127635 1 -3.609719014787725 -1.874593053298836 -3.75836837324594 -1.341973409917555 -9.879180886370749 -1.694475619484143 9.19762142388417 0.5810758387203503 -2.23033175676421 0.2346452238315923 1.729702586564618 428 377.47585105896 2325 1 1.351626990107242e-06
 -0.03059635185565111 7222.540396936766 7302.768569652809 18533.5468121025 27911.11678543931 0.08536408726065002 -159410082251.471 23954.28441692768 1394019.617443431 1009.002388758508 1105.626393056076 2869.734778618359 775 127760 1 -3.238776376241558 0.3491310586169862 6.886593957501606 -0.09472783828174158 -1.853107730353601 -1.954814168989772 3.168933764517154 0.8400513012250039 0.5385965482530235 -1.468837770337408 0.9115577712752763 431 368.5939970016479 2325 1 1.237722173641798e-05
 -4.234743592371816 1.591360849591234 -0.1717997431201463 0.1917466547748068 17359.57452698681 0.09598499907354291 -952785958.356583 176.4503672758472 79.45522998922097 55808.36712336613 4919610.628425648 3100.152716494381 1618 191614 1 -3.913200531479265 -1.850367965329291 7.786297203642798 0.06119960030444368 3.189236801682673 -1.166362684241076 1.630306654593286 -1.511744077957013 -0.4415696881461377 -0.6069767665856762 3.239386679046842 434 555.1838910579681 2325 1 -1.212931062565575e-05
 -3.382353594400036 0.09751506840000954 -251862591.2937392 1.926993379624227 -0.07372546856604097 1.184692167366222 -1.989798831819563 44782.13906231672 4421002.635464896 2.038394929470809 7.005843428404904 3018.224051932812 2378 191642 1 -4.623493494904046 -0.4435509669404194 0.1697297733986209 0.03195358447786304 3.749175243302765 0.2305692680516103 -9.969980404822877 0.9860913151365689 -0 -0.7352867039076685 0 437 554.4769032001495 2325 1 8.275693274868282e-06
 -3.315397489422817 0.176022794591102 -39652.78711382596 0.1677866834416584 -278500.4701733067 0.1268739249794713 -27266852.46136408 5872.28580781271 69050.66868489397 17747.82933666689 700438.0883498217 3049.023105306376 1342 127742 1 3.223652093641435 -0.5326353997794664 0.6145698158940167 -0.6241316963628636 6.449580596458173 0.1995762840145509 7.558024394081052 -0.8584986651087734 -7.054928536170438 -0.6997861912296131 9.405461889144245 440 379.4401710033417 2325 1 6.950410267507665e-06
 -3.293705167260159 0.0465867068736798 -7.087582633774432e+17 55865.99203660685 285787.9361805251 0.1502082500113017 -4664875.994801566 217.6073811629776 120.5745549248376 89920.39072486111 6775644.927640626 2803.765534137659 1216 127708 1 3.841986220816546 0.5755235616992289 -1.387327398053015 -1.762669668295254 -1.081948163321496 -0.7807908109105758 4.089792901152699 -1.380892860326163 6.878636823102513 0.4931446863598543 6.151124492126896 443 377.5983791351318 2325 1 1.107400427583445e-05
 -3.374983045478305 0.4235365811699908 -8.109819435202329 0.06481343071041977 176918602890.1964 0.1876022671768264 -15207.29677151943 194.5794045296105 96.14056879501396 535.5420470711498 551.5137142908877 2899.177638062344 2043 191664 1 -4.550413167244837 -0.2829950068158942 -3.848070889456914 0.2479787795278821 2.002212794924626 -0.4834997655560844 -2.902900791678894 -0.9404151411936965 3.403431737383658 -0.1522404682023772 3.219549494411367 446 546.7813899517059 2325 1 -3.208897094671542e-05
 -3.302436484053689 0.3785243638325284 -36.46831635503082 0.5204939834316964 -7.635013379493806 0.1317022249328477 -7890556.971637329 29464.99914332552 2241227.44189089 739.103105958319 556.1077540738585 2994.81123578246 916 191658 1 4.252530035698116 -1.921231062279509 -5.659012569721818 0.011096712128257 3.546527614528864 -1.49469629509558 0 -1.694555945027052 4.980225174478927 0.478778962300745 -2.505918614075283 449 553.6507039070129 2325 1 -8.248038918177857e-06
 -8.97041433076164 9.091362160938013 -0.1645506452387003 11.37211169366746 0.08275596336381659 0.08158305177711972 -17836318596.54491 820.0058480992443 1401.688635772229 4909.457100286684 42151.29896189892 2916.870459942313 939 191660 1 -3.617692326106229 -1.067221082520745 2.869428629386315 0.6226811802920054 -6.298311423182674 -1.371320857429069 5.321575593464508 0.3256801694429554 5.457122924929504 0.273757058967158 -9.547789288441281 452 549.6903460025787 2325 1 -1.387650012035525e-05
 -3.941488315240683 1.197620935292008 -0.2281309523692173 15502.95618197025 17940.89213245136 0.06075446868788584 -284408772921813.6 1096.898361842788 2695.242857199074 1.212595728955079 16.20132786631311 2899.113597727634 548 190766 1 -4.6791875926311 -0.2023396083060476 -6.429170340714855 -0.330178799067916 6.967996390136257 0.4288875459953458 8.118316116860896 0.4458746184395226 -1.331057105529452 -1.477413100765568 -8.155400161140674 455 559.8243339061737 2325 1 1.684474928539897e-06
 -10.81419562105851 10.68109914817935 -0.2375723619793191 621.8618883585779 44.44098500224576 0.0950144392502334 -1733133353.625922 260.6379158131591 201.196084955577 351.2275817130046 393.9127137620707 2698.437276311463 2379 127688 1 -4.457429038608333 -0.799068392027702 2.786166676624682 -1.89054725994117 -9.90420098473046 -1.442190723173743 5.670118278516871 -0.9334100466201152 -1.141602749441042 -1.652972888066811 3.670023166513163 458 367.1036128997803 2325 1 -4.898036207989245e-06
 -10.33708327707997 9.247453258460862 -0.2322306131834859 1.343628060832981 0.5368900807479692 0.07462223537439812 -1076888768278.138 86.89014588484301 22.53999013062114 0.3496394549863252 1008.240532251094 3063.780759518927 1130 127776 1 4.581942296582852 -0.1806967391336318 -9.911666108237913 0.8631825606753667 -6.078299267644071 0.2280395489545488 -1.13526990570749 -0.799025543749897 9.129268889846655 -0.663803466109802 1.874181867804615 461 374.9492030143738 2325 1 1.136048978188487e-06
 -9.5979791612854 12.09105197995037 -0.2272253877406344 0.2883712301784928 -330.09508262611 0.5349804675031188 -35.97549807620431 96.32356185747607 26.71202169760414 0.3248668908175826 6865.618096038663 2781.267307931903 2427 191656 1 -3.786333813059307 -0.5915410080230821 7.419829904063747 -1.247339925677174 -5.847382590274501 -0.85886774568693 -9.309257724309258 0.4649087727746108 -7.754089100315994 -1.224188008980271 -2.397788881388027 464 552.3894290924072 2325 1 1.201497266351349e-05
 -5.764903464534568 5.886776672579745 -0.08656592752270277 5044.414696245743 2019.329071463354 0.1873845713127094 -70056.75623559025 11943.34132185401 390012.5687852739 1.621478769437249 9.473347094347391 2761.212314392525 3724 127774 1 4.681710724164231 0.9301634717529366 7.79378124160846 0.5449483076027505 0.9256056629244638 -1.859873194456641 -0 0.293103747341291 7.674063869391517 -1.003687253568756 9.072273660738421 467 371.2758729457855 2325 1 -1.264127636614971e-05
 -3.538533087760804 0.0476858293419824 2658660812523306 0.2653760282509222 -1317.135141664243 0.1541548487436204 -548787.1918565115 407.877038406695 349.4214576915278 0.04721510966177993 -6.391168020937284e+17 2868.086521282886 2846 127776 1 -4.554996401368654 0.2024188822846727 -4.553182689005912 -0.6329410792551178 0.3938543976787585 0.3099521311403546 -6.085164589000034 -0.1978412703439912 3.931688744343313 -1.135632275172718 9.076937995083808 470 365.885899066925 2325 1 -8.160924824885938e-06
 -3.299072645339979 0.1500342920711142 -119281.9256272094 0.05944385136556464 53404956011347.49 0.09127931230876835 -1973103336.131324 44114.81153844903 4736891.49126098 1.633728534162042 5.847897355694109 3097.271430042244 1247 127764 1 4.63937750098151 -1.604510027063859 0.109964495883105 -0.9889037124731441 5.081009813165755 -0.124029958719114 3.340357598209356 -1.74201797798798 7.209324356923037 -0.08356330214661511 9.328962219188295 473 368.0188548564911 2325 1 -1.057425556451523e-05
 -3.034808044973132 0.0899537490338564 -282452446.9391843 1376.987775459228 244.3719336734295 0.07559712059916898 -954671872029.259 612.9457175367224 923.8462257245786 2.938089018502648 1.471017602758992 2874.535011695168 925 127716 1 -4.479835348030988 -0.3830086724230908 -7.166659180993392 -0.343181128618574 5.498533963782152 0.2799039778609522 0.4085084026745447 -0.7611827564731444 0 -0.5983248830031149 8.565547677135891 476 375.7106840610504 2325 1 1.268277256397709e-06
 -6.099841749714319 9.891121300907619 -0.08670728881571459 0.358656987246508 -94.01851788244109 0.2638777050899654 -5104.721541240295 4.815861854243777 1.463655428384746 2.104177641914251 5.154271001580476 2968.027402355863 1274 127756 1 -4.494795965053838 -0.451302065897881 -3.808449533163079 0.2984063552049898 5.531746317094083 0.4014681707812322 1.534496817313041 -0.7268371295436955 8.919013924689692 0.3704892823871222 -2.855478649737979 479 367.182384967804 2325 1 7.077088472479368e-06
 -3.516119149691886 0.04118323167381112 1.456697391726814e+16 0.1460911460627573 -151696.8775363727 0.09139430203601365 -620213051.8359566 36066.19139859478 2816038.872540474 1.777660011046546 6.941474184169526 2848.914467569646 3010 127730 1 4.462997314654844 -1.877832148359897 -5.758929992153809 0.2345693651607545 2.108091770847096 0.9007614510926922 3.464260366588886 0.3729963937155238 -8.086857138767053 0.2857313537291927 -0.3267737629573357 482 371.6106870174408 2325 1 -2.436488041298178e-05
 -9.959074207243418 11.79038975564908 -0.2479215770383044 9266.059499693469 4379.003985781031 0.2513778176872875 -6867.753030964301 24183.93415554932 1619493.780028901 361.5441049398026 183.8545288769324 2983.658816719751 2823 127736 1 -4.358353343259381 -1.300312566784035 -3.729589559589622 -0.4885710698079571 -8.170071363871328 0.5365888185791232 3.379159576453207 -0.7879250316600119 -0.4693948859360741 0.1869508191113578 7.172973756214169 485 373.9223608970642 2325 1 1.278984573536058e-05
 -14.40146558241112 13.46793860803449 -0.4394693129944163 1228.107936530621 202.4282294379181 0.04670275261894449 -4.701890720288319e+17 134.896689317876 50.23569192684962 1.117863352979757 25.79306855107477 2988.583668598837 2658 127773 1 -4.507708775037355 0.3470925940233496 -7.361282425073707 -0.3297775275403812 -1.079401628475398 0.1898356790051538 6.062546018826438 -1.183509116556517 9.480662089044355 0.1280115068015819 -1.750502600134554 488 368.5482439994812 2325 1 -9.006629524498915e-06
 -4.026799567216565 0.8509233183780328 -0.8369293016306023 0.08701492140425972 3518745483.394975 0.1233827967572218 -16575404.52139343 2498.429945502731 13257.19732313615 1.018930504549217 6.353536838540207 2946.719762987954 1121 191645 1 3.435137900886676 -0.3891769657199449 -8.595143111459608 0.4518931436634998 9.807096955647394 -1.579770884452546 -5.083954129047352 -1.276462013701306 -0 0.9596713600839961 8.29612610027077 491 553.3795568943024 2325 1 -7.92219153913803e-06
 -8.62849767211504 11.87414687725776 -0.193211874712921 1.355277801024749 0.4496337606294728 0.3650198913611014 -121.057584304663 536.5114299945091 792.1915779677829 1.03950423397792 11.92383066039108 2834.730312067373 1113 191623 1 4.452766662298977 0.7517034991618976 1.005708120423712 -0.341388199147005 -6.718897314808099 -1.189955495825127 8.184247507496156 -1.725568944995401 9.815225971955924 0.4187790296051404 4.36392960367927 494 557.2363569736481 2325 1 -2.14324847717544e-05
 -8.619118119307011 10.70349269148387 -0.1756050943360876 3.713469532309716 0.08812957712255476 0.1992536453383273 -19945.13693047193 2889.764710398747 23743.24677034485 1139.547263831906 3035.319182293795 3035.719234910263 1050 127543 1 4.692203112435091 -0.8016844674599524 3.971791052831446 -0.05491835389349387 -9.13484835498067 -0.08088453043876953 -6.266107470380081 0.8885106782025698 5.071509942307825 0.4966224351765484 9.661458551596402 497 374.1353299617767 2325 1 -2.612492142510131e-05
 -7.910653971051928 8.168778725202975 -0.1340660905036013 1.032377312824989 0.2455755933233102 0.4401032463268395 -59.53107968180078 3602.350769229511 28783.46749786341 0.04773836498111731 2.828322727005582e+17 2757.125870429962 2010 191635 1 -4.672247656944915 -1.124168942148573 -2.479007195559381 -0.4440064189929513 -7.436087036211356 0.7522650762708416 0 0.3163738572393049 -6.713723403227574 -1.498966585658356 9.699695590231059 500 554.9584329128265 2325 1 -1.253133343684134e-05
 -4.532809672451163 1.718175897375531 -0.1569875368412878 0.2126838734233943 2384.644313593157 0.2616045035325027 -2903.420417382279 1019.736117997943 2352.214802985974 0.04303459843741372 4.7495627778558e+19 3062.266048439009 2570 191648 1 -4.291548793802315 0.4830128546756312 2.597679602483582 -0.2161641959683393 6.39383874567346 0.2606875033932771 7.728830586133032 -1.979307790686637 8.950383754310709 0.4322816562490974 -3.710879375277596 503 558.5500328540802 2325 1 -9.055638408668932e-06
 -1.261958801751193 1325.348334974386 150.5132140921556 83.03061114382845 0.9765575811792601 0.3843540085823581 -161.882447389174 887.5445057367302 2022.781011782842 0.1802038863573783 3058908.822783038 2847.151330707236 2077 191653 1 4.262239674843906 0.8660721614297935 -6.368402642769309 -0.8390138337951418 -1.740442542801142 -1.937693389432948 7.450682906470899 -1.958289164715665 -7.022088773115946 0.6329953979744936 -0 506 556.7902300357819 2325 1 4.265441866610222e-06
 -3.083252209191005 0.044164165646784 -1.468800722973178e+18 7634.144188280929 3944.617298854749 0.070923879430001 -6347743661999.787 85568.72083589627 17743316.76651358 7289.696769098088 118374.3385448998 2877.085154550891 1069 127773 1 -3.497913080351917 0.4448307247793063 0.4980482475393773 0.6272003500159435 -5.987755041424868 -0.2075659847049644 -7.582136035084073 -0.8023479464860879 7.752869591666522 -0.5717968134460483 -4.272903056546594 509 374.9742369651794 2325 1 4.284183550761703e-06
 -3.194855691159325 573.4556295166628 8.164627283519566 0.05106478282392782 -3.354766204352822e+16 0.2312526007590402 -18431.05801048163 36.91430149934123 5.510784255273292 1.720204434049501 6.09965678554904 2849.130548833042 2760 127773 1 4.553830099555839 0.1252292197618971 7.097786815790638 -0.2953466044006685 -3.128696104739481 -0.3225050571766701 7.038302004986802 -1.124332542629375 3.8151320958048 0.03211871676824708 7.018246016568035 512 382.6758949756622 2325 1 3.039124981123211e-06
 -10.11200146526733 11.96901763107553 -0.2560947986541345 52.33821581324159 0.704362680553855 0.1148278277198256 -245452787.7563161 98.28195668887093 29.19339549790271 0.3845604087836878 2527.725353975305 2934.023189796669 1455 127755 1 4.693806352782504 -0.9055332254216779 1.243758421162893 -1.651647780413766 8.45041246700233 -1.90089661205574 8.06729427473433 0.7776394377799392 -8.076572855384649 -0.1402490699590402 7.014083644066424 515 370.3049149513245 2325 1 1.469073530324458e-05
 -3.712194619716075 0.06351203529359106 -21297519765434.87 12958.44028378634 16371.70756204458 0.1044977727413038 -2550012498.967714 650.0921790038311 860.326600157971 2.22759084320309 5.085855362083314 2705.174391292612 1345 191629 1 -4.524921194491307 -1.126748749723764 1.845201766613677 0.04014511492286355 -2.959986324849446 -1.149660971505959 -5.592801837432671 0.7226442082328232 1.526467711842079 -1.196007482241345 -1.304617141918344 518 545.8336048126221 2325 1 1.560891763671676e-05
 -6.388065161919458 3.382389886837189 -0.1048215965787764 0.902621996209259 -0.7683451482685629 0.1332862158590424 -2201967.59014449 1899.106571086344 8096.313817675388 0.03625183399380318 -9.970858992872404e+20 3016.834527593347 442 191644 2 4.35176462327325 -1.287926791214407 1.30157888905461 -1.785583763136826 -8.632487502842745 -1.774601958733554 7.221454022054871 -1.703070664116344 -3.033962866650087 -1.746371395329515 -1.220282529650496 521 560.4223299026489 2325 1 -1.980068567577382e-05
 -2.589010831995007 1.09901208154526 0.08724868514981808 0.2834486751330694 103.7811989073797 0.08735197609182319 -17288489654.80841 2213.995475360759 10930.99870407956 1.908134859558952 4.63419956643703 3174.531978255542 335 175604 1 -4.357052927137216 0.231629519848612 -9.597664421774358 -1.877702376250801 5.11712545926746 0.3478138756937001 -3.971515377162516 -0.8500222840828666 8.084910707470415 -1.624839087520129 -6.680167830355348 524 507.202780008316 2325 1 -6.761820429740511e-06
 -8.66731825796068 6.161315177366701 -0.1610899532801499 506.7007624155108 15.30514875335933 0.4183200238840157 -120.7196177335011 607.1198604880722 791.8440849787887 1027.881767025149 2663.994425245806 2965.055713732168 2445 127672 1 4.231326687798916 -0.148899751291018 -9.635997465939431 0.436273258356298 0 0.5601802269946718 0 0.03672416304246659 8.343961832116628 -0.7372622490849885 -9.072173181327514 527 372.3898658752441 2325 1 1.034288701463084e-05
 -5.960290556782597 10.15070474756874 -0.1018430316853471 31.3500294485104 0.3832182981201158 0.07713071223333061 -3734458044432.778 484.2842176991892 621.7201554282457 3.355747352465333 3.459580820268236 3018.884752487417 2455 191610 1 -4.676982565184361 -0.4791751650977778 -5.814369373066731 -0.1605999542404116 7.815310604225168 -0.9765672223845057 -7.678623205506078 -0.2364086805972452 -5.827052639166302 -0.04304513555390167 5.197862432868956 530 555.0630040168762 2325 1 2.083279849176503e-05
 -3.894483352341588 1.005744485177154 -0.4540109658803747 2.147293613715543 0.2016844139828962 0.09029376449066222 -881862092.0146118 19095.37994831897 762673.2998239492 1.983244331263567 4.808262892101334 2974.823985533199 3218 191654 1 4.4398382042751 -0.1808540740456142 -0.09938055698056214 0.9188280635250958 5.498568317774246 -0.614498049072342 -5.330618050870553 -0.2777249236776997 -7.852381857014546 -1.387446446202234 0.142483002929672 533 548.315062046051 2325 1 -1.908235555464973e-05
 -3.532792549931258 0.1741834815849284 -3995.838006612778 0.3408618830789528 150.187560830967 0.07885858546227895 -2879962850.908585 163.0516037632324 74.90357059557773 1.035604071500825 14.92958089844762 2949.2974326193 797 191654 1 -4.662487261777581 -1.000175387401294 -8.876904361422941 0.639466171297089 2.084687381866448 -0.8897828582711345 -4.700985479871806 -1.71979145241388 2.707080394908763 0.06883366600494327 9.105370819400488 536 561.9615249633789 2325 1 -2.898660059913126e-05
 -3.617768749670059 0.441150242340555 -15.62828370185634 2493.754736746728 177.0689443087129 0.06174449219004543 -109149314677619 14640.70027491702 364981.8771817184 4193.271829206999 -11679.95297887182 3071.849892955892 1124 127749 1 4.570800943112959 -0.4772003436095309 -0 -0.1753032536839294 -7.671543692100164 0.7846739062020913 2.692053265529588 -0.7919647401695471 -4.008981575068283 -1.321070523462404 -6.968198710176162 539 366.8941328525543 2325 1 -4.369151700985382e-06
 -4.502327594454117 0.1391445693415976 -436656.2260144495 40759.15126153002 99740.37763468274 0.09742158668444217 -1517752282.813777 2277.813034473186 12420.51268632938 2.274193930520586 5.780714834484296 2781.198770061973 1375 127725 1 3.617476735364753 -0.9422120128191898 1.881858625749486 -0.6911499709224209 6.451904994553442 -0.8820122932835996 7.840961847058688 0.7323800322048855 5.652215539207663 -1.035299742035026 9.757309036880624 542 699.3935289382935 2325 1 -6.427475490469602e-06
 -8.644240053003463 4.852442124826103 -0.1683444715609 0.3113113705458687 244.5442348616038 0.1112103278216284 -109058960.4487228 538.5731302977779 633.4174594823671 1.764035536650473 5.570349543494605 2807.091953773259 821 191618 1 -4.653204221317493 -1.904281138602745 -0 0.516352400104616 8.083703679295844 0.5640379220670524 0 -1.867118493138002 -8.756253574980537 -0.5207435381587491 -1.477024087377694 545 932.9526309967041 2325 1 -1.116569258055319e-06
 -6.421792720292676 6.30513155427427 -0.09835289768439673 0.6925952621596693 5.815922042491832 0.1062482286541579 -2862080959.85268 466.0655889875364 595.856624247212 0.3595432775341017 9084.056970032252 2830.771260040995 874 191457 1 4.477539964730958 -1.483722266009382 -5.042677366615001 0.8028101877739862 1.001767273601912 0.3734711558924313 -6.756559079241579 0.8402607052047494 6.019983126482241 -1.767916529232294 -1.963101856964572 548 1437.455190896988 2325 1 2.119431853583668e-05
 -3.061937230596623 0.1817879666735902 -58171.02721891785 17166.82040153169 28432.45698802275 0.1670475750317526 -496597.5148451442 1482.110599283596 4948.602161021713 3.577640142815663 0.4260742545914195 3044.631673740073 414 191546 1 -3.842680713388735 0.2719490661242818 4.449503818782457 -1.332433123992971 -4.215302691739025 0.06555947635488296 1.013219717931207 -1.413913033129605 -9.977028426557087 0.4031860065736356 -2.519268681538254 551 1285.862469911575 2325 1 1.870822403387523e-05
 -3.796479504044913 1.099022478716337 -0.231163220606033 334.8235434895901 7.406533583298277 0.06578165417928696 -70475956320972.12 8729.619762955783 184924.0780037086 1.282661419607561 11.30042121570867 2805.873243525353 1595 191660 1 -4.370255615938772 0.6089617921069785 4.297283755012503 -1.780696109689702 0.8581931853260172 -0.6194887870848086 8.81348470761168 -1.544564880983947 5.354578812829474 -1.386555675543995 5.229719065854553 554 1279.5623960495 2325 1 4.203354269669466e-06
 -4.202526671988243 0.642697046197233 -4.911463613849691 8.923954610599074 0.09103110292269673 0.3129906244159099 -1509.178870733117 13394.76666497975 365672.282422626 314.8880742302238 96.03002972669626 2727.236607814399 845 191016 1 4.69857204799052 0.6323853449090491 8.210346864041309 -0.6570031699700358 4.615959152535319 -0.2635850113934675 -3.265532616249485 0.8901819827676807 -8.949031965334738 -1.251351367938295 5.044417540302519 557 1289.537426948547 2325 1 1.691112696285077e-05
 -3.170800866872424 1.22688841522514 -0.1262932492097029 5.219304218642057 0.09892537278733456 0.1741040188841928 -69702.485530077 343.1071093721453 296.722067141733 0.2724689701707337 8271.438740507503 2859.678430553963 480 191480 1 -4.658915872822051 -1.23239469286476 -4.1889028769809 0.3348797879084677 -5.427999803605719 -1.639252727249166 -2.803669694475529 -1.646252284062594 -9.107685709678643 0.6960927796016181 4.595877154355675 560 1299.950862169266 2325 1 -2.006490409970451e-05
 -3.483001840410171 0.5721446752150419 -5.549474346427223 80.09910817340329 0.5412014709499263 0.3731349209970429 -279.4757584678773 4220.106490242371 41991.82607451938 1081.511428424676 1965.084286197866 3043.426344514276 2468 191657 1 4.526919455355915 -1.143723070880112 7.052586344352351 -0.8816060947838508 9.90559382630944 -1.065788608273295 -7.708941586921648 -1.078563843212869 -2.948465939730199 -0.5347744067870064 4.836367762337236 563 1175.934779167175 2325 1 1.390926775217005e-05


# name: injParameters
# type: matrix
# rows: 1
# columns: 11
 2.04 0.07999999999999999 3.1 1 1 0 0 0 0 0 0


