# Created by Octave 3.8.2, Sun May 24 05:30:34 2015 PDT <charlie@yukawa>
# name: outString
# type: sq_string
# elements: 1
# length: 114
Slope	Lambda	Gravity	Lambda	MagneticField	Lambda	MagneticField^2	Lambda	AttractorTemp	Lambda	AttractorTempGradient
# name: op
# type: matrix
# rows: 188
# columns: 31
 -3.3107375137994 0.3340656098095277 -21.32369967767697 2.508335423920238 -0.02307218188726624 0.0734925442431079 -102853562566.2698 33.25746635280103 4.910197874223625 0.5205045779641998 465.7871117525829 2952.724847355851 1797 191539 1 -4.544138023468316 0.1051798849416747 -4.580628298034259 -0.5002818899863692 -2.210632386102862 -0.2154138359872455 -1.766481251544046 0.5397728285158818 -8.769043082421209 0.9347556619041102 -6.338458420608702 2 846.1410279273987 2325 1 -2.108707549235172e-05
 -3.812055033723823 0.08713811993113245 -671574504.7085148 0.2502062826033705 -1210.301244285969 0.2436169361678033 -6800.779442769507 310.4587980140734 239.6184752863971 128.5503576171234 55.77260367023732 2862.57187191913 518 191574 1 -4.455157807918656 -1.439630623061873 -4.837273885591157 -1.280147291779884 -4.605685930361888 0.413500094962914 -5.45642602132421 0.4990972373973621 -0.01729662502072982 -1.387523284544079 -6.030116995672042 5 699.4091329574585 2325 1 -5.863791089491795e-06
 -3.807405955946551 0.4455691812940108 -40.58747541785838 7767.899095096398 10325.27951448634 0.0754995466637277 -19416163578588.07 3207.136820812992 24945.98671355306 2132.135076993029 5173.89789316177 2889.906537111319 1601 127714 1 3.850704999359911 -0.9573868971430787 -0 -1.633450789627539 2.722264479685643 -1.305739580731668 9.965070568850621 -0.5688912244512361 -6.566547701983608 0.6635169088382606 -4.783308592709405 8 464.2508311271667 2325 1 2.797474647168256e-05
 -3.636135901594738 0.3863964375971041 -44.80048667920452 10700.67671666458 7789.049520765845 0.08712997704284711 -41324021485.62914 4994.930595155267 49893.10841160346 292.6181575426316 100.9698460810092 2747.332476795445 613 191633 1 4.011548105011431 -1.269553790263558 -7.377958828706491 0.06652764823275613 -3.675776617686656 0.8436210634640027 7.289343919652886 -1.786497982513782 0.7442115953326471 -0.698901946024666 5.190304329645718 11 695.8083999156952 2325 1 9.291377277831629e-06
 -2.794316816586241 0.5068051227748678 -5.573472677163534 0.1429965091766855 1267304.270293062 1.078567926063992 -1.403027358252757 79.23969104006048 21.55953649613529 293.4236381109 137.4790362424943 2846.37138105183 482 111745 1 -4.656871474802214 -0.3897998088818309 0.9754624200833857 -1.110142880873895 -7.765684148079938 0.3082152085731917 -0.7632270296414045 -0.4472094015280535 8.642182171544899 -0.09201921902270271 -3.751469271062894 14 412.7703359127045 2325 1 1.204341341098846e-05
 -6.379983346674575 8.558546124269251 -0.09558888351221219 102.0870139530454 0.4119383692148652 0.5975444598547004 -17.5782003885244 173.1063891833902 64.04335320724235 1.16889048835075 5.962316713405434 2819.248769940831 2889 191663 1 4.637216136784122 -0.1972676574496362 0 -1.622382842580098 4.240010227646342 0.394026814635179 0.05561276939006365 -1.423455489868251 -7.353783352732078 -1.987345389877417 6.847254237439043 17 644.6641240119934 2325 1 -1.239087757176127e-06
 -3.573245514472328 0.05253248760096389 -214042916844807 0.4733004461322571 -10.18664683032945 0.1355093794602398 -5523048.548392023 293.2954988321408 149.7061503174248 1.583868479246708 8.223460942032748 3151.898927889812 3514 191659 1 4.675853366480786 0.378544743136243 4.667296047592934 0.6217482676413653 -6.569124222604398 -1.837254407356081 6.230168651179325 -0.9171837674165353 -4.411435192222155 0.3859123300424643 -1.285811075531666 20 548.780886888504 2325 1 -7.625087341861696e-06
 -2.608936657032059 0.1735499516569326 -49306.92999514683 355.9813342470263 13.92170345611526 0.1044503806803989 -2234652790.327263 4917.793194683644 68780.7981847116 67.80314978680182 17.07580028065869 2963.018448131484 1324 127725 1 4.59188776223789 0.5893135475705504 -5.628756509634995 0.1353525014330348 -5.34049199897497 -1.307666398873788 4.540514603264178 0.9384607205882851 2.045069998301074 -0.3215594429420321 8.839129583032683 23 373.3891141414642 2325 1 1.452685099096131e-05
 -3.449245824309094 0.3552554197020799 -39.52649680705572 0.2773846116680205 327.0177478624187 0.1025012567260942 -189072253.085826 2353.140875987157 9180.547552292648 4982.895620938973 -35210.38377597667 2948.834026191047 1000 127709 1 4.580358613177671 0.6316605404987565 -0.8799542238255276 -1.123894103017372 -5.146773044374711 0.01485554528378378 5.048514787804039 -1.951194439443523 4.431901298262977 -1.864767364134789 -6.575130654775887 26 373.3233830928802 2325 1 -1.572908324387403e-05
 -3.13903297548765 0.1325039400583703 -415135.0847259044 89.14885030393609 1.810222790886654 0.4310933430660394 -77.8616582430051 194.3325683380429 116.9917086924576 304.0959235654815 101.9473248893463 3061.165939041086 2120 191659 1 4.696672161189494 -1.670361145043456 1.635903330690792 -1.764227211844405 -9.744580270691198 -1.70196463796455 9.961479862284726 -0.9936649382001682 3.125534926233094 0.9460297736024925 -5.435963468211792 29 554.3616440296173 2325 1 -1.476779786034424e-05
 -3.549884561482144 0.4219847885356179 -7.977629506973107 0.04356662083881553 2.989473379093252e+17 0.134787873492442 -2054403.675557094 75.48418930301243 16.68717730016655 55.59062716156276 7.993129340143858 2927.133343876017 1868 127763 1 4.634817114166527 0.05477236940834152 0.6167657577500862 -0.544355375749169 9.323151804241697 -0.415324865134453 -6.266085404180346 -0.9838968698062986 -0.5565798168600922 -1.286543237291973 5.233172103916222 32 374.8458850383759 2325 1 -1.877330827389856e-05
 -3.003025597154745 0.2319242895274359 -593.3733897681726 1307.917301834221 116.7812419043238 0.1721585133702912 -177782.8421206442 7638.791947526326 144308.7441794026 1.955139405389658 4.551722916669673 2803.39678722178 788 127229 1 4.561387938303335 -0.1224434638837541 8.72399487114191 0.7705076281478473 8.563476138730152 -0.6527655111527847 0.6872308331345938 -0.8237480289933128 -4.895967404493247 0.1472132608742811 8.289644258300648 35 378.86217212677 2325 1 -9.672041180894101e-06
 -3.55925084669254 0.04267637341654046 -1.333605824144651e+17 1.910790195128144 0.1770775585201874 0.05258605230087186 -4182754336736937 392.4965668399573 362.6567918756076 222.715774978022 -64.20013028375848 2965.575901239402 5395 191664 1 4.324083856471934 0.3035905986625544 -0 -1.321152764049283 1.27077876894292 -1.320993119130305 -1.284936529083639 -0.009103944694007129 5.513711190142496 -0.3529657902237906 -4.68598620288793 38 558.9103050231934 2325 1 -1.17367642538661e-05
 -3.620814295929677 0.0395458723300935 -7.312538070666283e+19 63636.74610417181 553173.8781808366 0.1140969304424882 -160122445.4363258 52495.39219336172 5446537.171482563 13.0769372531852 1.613332257391102 2948.506461616302 996 127688 1 -4.302187477918149 0.5159767865625513 8.683451512805151 -0.3580395961555896 8.236791077946586 -1.648712096935527 -3.524567504613831 -0.7013259216890289 -5.111582109247436 -1.803911451647546 5.532538693981738 41 369.9190888404846 2325 1 3.595810684095449e-06
 -11.71727479264693 9.778822030832586 -0.2694027983474415 0.1130214018050792 -74195964.01378381 0.06808673435624157 -16981380036548.49 455.5657046539975 578.1212551204738 1.214455671768114 11.67122948649391 2964.533366525059 1811 127702 1 4.589273821860796 0.4699139770283507 -5.92457812975356 -0.8259087088679218 9.92771703510077 -0.02841287790856126 8.482832443436678 -0.7474713554228822 -6.725387115847117 -1.298722830641361 3.93089313785468 44 374.6288719177246 2325 1 5.859678162712791e-06
 -6.651815704911441 7.957766978849726 -0.1191443597163793 247.329793400462 8.090377657322744 0.3772752866106182 -420.6893474442184 49318.29728479458 6200950.221849494 12.96912928127809 2.19351900248952 2897.017320406994 5487 191660 1 -4.439741265988792 -1.926091280711944 -7.059057193202145 -1.115926691967841 4.960195994349982 -1.839981987887176 -5.007694901892629 -0.3114195884672473 8.633907995246261 -1.590885610826846 7.24341376078438 47 551.6319561004639 2325 1 7.501765902212884e-06
 -4.037089852382954 0.4910784938489331 -10.37288988587219 218.9099805478611 6.258195023073199 0.1679623995057989 -337452.4602305049 1227.752059804487 3061.743638773701 36855.25976087399 -430595.0771521474 2720.802057494072 337 190259 1 -4.610733092700188 -1.898726092239308 -4.773360823357952 0.2665980287921949 -3.174728848544717 -0.3073450432457907 0 0.5228276847289091 -9.86933904637327 -1.954034562355562 0.9854147572635639 50 548.7892282009125 2325 1 8.781145248926679e-06
 -3.870421618423051 0.1320870655514326 -3444532.552455046 6096.842442509071 4090.016514459914 0.06970024299153854 -55975608460867.7 73.46560592712284 18.94728526008648 1414.744643567646 3840.895433967671 2875.285426427755 3335 127773 1 -4.09559698512366 -1.767661215955202 8.676253126158313 -0.4657700643134 1.484819585073612 0.7025579276616432 7.873837972505854 -0.2862147176912604 -1.374182164994252 -0.6025068522653569 -4.536546421269612 53 374.2356770038605 2325 1 1.53383488382896e-05
 -2.9832785701133 0.3281944911742125 -95.21934788813469 3737.585692397145 934.7109809755565 0.5689621971350194 -22.66321663986962 304.1247894547206 222.3583393458482 96934.74453809203 -13625504.71822411 2857.81119556412 221 189634 1 4.618831328068876 -1.656728607400485 -3.435038535591201 0.863496354315878 1.68334030497274 -0.3213844162720437 6.0905534349659 0.643943447631377 -0.2006665103372787 0.8771322489993221 7.96306336258354 56 557.3402910232544 2325 1 -4.413463420665271e-06
 -4.328578568531387 0.6395756606694094 -1.864494674309672 0.5201834927981516 8.236781848738392 0.5079706501816278 -23.05640789149211 35447.73957224692 2383952.427177492 0.099525993017724 2091716724.503316 2796.649913279072 529 191609 1 -4.057449456632101 -0.6202446865667461 7.779152746730521 -0.4921334214734409 2.8221906021756 -1.131819129135772 8.62640841124275 -0.7116695546945415 -0.7531893331664836 -0.8158214412555029 -0.449906798777806 59 555.094043970108 2325 1 -7.802681998837954e-06
 -4.000024169926478 0.973117191309152 -0.3562479356816575 5858.247852954283 1780.938178649001 0.2920299588371584 -305.4248724086388 56047.86208735835 7310709.382958119 1.341752843913873 19.58257252973913 2904.687033992737 1128 127776 1 3.638459492392264 -1.491739792761634 -8.480452458743923 0.1117767214686669 7.109386590966464 0.5020066078831644 5.374273333672912 -0.05556468264748652 -1.797429610602773 0.7441962985984847 7.280370989226499 62 373.4090740680695 2325 1 -1.807254679640157e-05
 -8.41608318966493 6.438217183135769 -0.1502829652810591 291.3411373894634 35.13745775610235 206.0423941610853 -17.10376929519989 35060.74279167268 2878560.052926676 6396.283927449517 88562.76724578867 2959.513121361887 1230 127500 1 -4.661662246809268 -0.2075266998168175 3.502892154455959 -0.624394296374108 -9.192426439053984 -0.2303745568526328 -9.788002214840706 -0.1916665715225516 4.009678832650143 -0.257199336877532 2.510085776107202 65 370.4281780719757 2325 1 6.228475971818866e-06
 -4.036816874801876 0.3298571938451607 -141.5357348153954 1.620755868870867 0.4101622731629707 0.04585325241990309 -6.498066609346027e+19 1247.352800641389 4303.435564621402 22598.05677502918 559023.7425734969 2879.67900172751 220 127230 1 4.40019670666983 -1.568250989219231 8.322971665829355 -0.005591143744320398 7.079337455409183 -1.728049242144682 9.52669775880449 -0.840814026507136 9.465217889474619 -0.5476689229660217 9.184098747503016 68 374.8609008789062 2325 1 9.074610103474897e-06
 -7.641797001501144 9.471304004927045 -0.134734439616872 512.5121451997559 -16.36811132771607 0.08106993376422809 -605501126006.7745 3.820328903065998 2.041569140516817 2.49900467310141 6.098567365477876 2819.493067552738 4203 127776 1 4.590974725858525 -1.714086403826258 -4.668599121939865 -1.768445588923204 3.271245201545659 -0.2933452978723476 1.640227930600726 -0.668665552853497 -3.929794425422632 -1.446491855128537 2.172486156641617 71 372.6124651432037 2325 1 1.297227978908336e-05
 -3.695235344563794 0.3463280325311782 -69.238898264158 1.620941094359267 0.2487530172636982 0.3347298645899167 -468.0927872683328 1454.717807892785 4482.228287599556 154.4897752910944 -10.6194971772143 2876.980771959778 626 191542 1 3.929280534358515 0.9350595453834281 8.148820535976597 -0.762144797461703 2.205840666551812 0.1125678983023283 8.333982119886636 -0.1690575598810726 6.626108067381661 -0.1342963814479567 4.776411493876948 74 551.3729360103607 2325 1 8.61913437148257e-06
 -3.877922587753282 0.244987420262149 -853.9692597283151 0.5178132900022252 7.41042944862291 0.2523555479782946 -5444.16703196139 3344.999205898826 24237.47791276272 794.1120004875602 1931.131977468523 2883.554637699472 1822 127761 1 -3.742425977142287 -1.371940675265913 -7.198600613975797 -1.838676294958773 3.431742099473067 -0.2950179049477226 -9.22991924906853 -0.5651589413314566 -5.262714423827848 0.9791345803784193 -1.237344607436861 77 370.4001269340515 2325 1 1.201146768771253e-06
 -2.945906889767707 2.936808415363206 0.01055627873280574 750.806153545713 68.24114193863326 0.1107286683607616 -502478296.0159775 63744.628805891 8892661.79847163 1.424277942218342 13.35396242250788 2792.27261631792 687 191585 1 -3.185846960972097 0.7810953084287044 -8.798681930284287 -1.581541281763463 -1.78868351310416 -0.5549500518421997 -4.849187336379591 -1.545650448657795 7.342812934959095 0.4864824758819539 -2.211952015199699 80 556.7815139293671 2325 1 8.118933663078961e-06
 -3.703377211152739 0.2947293046970045 -201.8033428688231 29.54808373426308 0.2259744295000878 0.04193178178225344 -3.729143075741322e+19 4602.559052860681 50994.81703197066 0.1986098673114705 264665.7225053275 2929.782067372419 1670 127645 1 4.671324168555678 -1.154244501729824 -9.943670567081655 -1.924879259306636 7.502023173272223 -0.4760085037371997 -7.929990738066756 -0.6565461611652825 -0 -1.223234138741174 3.74746477268967 83 370.5567469596863 2325 1 -6.502528843704446e-06
 -9.017373389965313 7.798638599903063 -0.1673486863059261 13.21899698324094 0.1935251187923525 70296.34122046223 -1082097.32516528 2534.189981327258 12907.20660860559 0.1404378044560376 -52315684.5156144 2777.856981622739 1332 191631 1 3.732056156003324 -0.4111863861767482 -2.207632474952509 -1.111862229830428 -9.798932752202859 -0.2481405123438165 -1.035107221359085 -1.419473496837943 -4.239020536226316 -1.227013629709758 -7.299498377911078 86 557.5200169086456 2325 1 1.284273549565666e-05
 -3.586762132258717 0.2118909049071575 -2369.192398428718 0.5652516420049581 12.1078253765917 0.1956886512988606 -79277.29232108654 11416.01204178922 328732.5828072757 1.220404147142654 2.627420836820917 3047.8723888915 670 127718 1 4.069639107893035 -1.120957618007902 -8.908326365982711 0.8404275214857009 0 0.5486199542671466 -3.210837680634706 0.3234424979440455 -0.0264601535643143 0.2885245592990318 2.394165553396744 89 371.4839890003204 2325 1 4.954032143145978e-07
 -3.468500906212606 0.1883014168336733 -15850.00983175091 14.31404310061106 0.1520374468086324 0.9259958816133664 -3.824607877895101 79013.57774268881 15128263.80767579 0.849184141946066 14.78952813284778 2833.538774458823 263 126991 1 2.927972105529598 0.8022865119122957 -4.434733543868401 -1.918114491609147 -2.453082755537532 -1.102676836860751 8.727583356821141 -0.07415624944767087 -4.574657469877486 -0.8705515746746064 2.08970654282999 92 372.825464963913 2325 1 6.582640639693028e-06
 -3.655454572388547 0.7106037793301826 -1.596958135080839 36689.3239113326 182086.3100862292 0.269836367439836 -2698.904866197896 30.98010822953136 4.325408701748577 0.921834962577236 32.41589593718808 2843.590456377277 1897 191633 1 4.162789994035349 -1.6743878027995 -1.443729204102979 -1.411179480518181 -0 -0.555618549351812 -8.680710090413744 0.9128219991743708 -7.544074240516562 -0.5300402046325301 2.506389224656681 95 550.8548228740692 2325 1 5.37452221960331e-06
 -4.34287539313097 0.570576610240876 -5.027979470298484 0.3024219089798962 -163.4161162416012 0.09560879321939196 -2811270885.701663 1839.199131273289 8276.880328529478 215.237981402785 146.3409402435173 2785.886277342258 484 191569 1 -4.546405027063962 -0.7824271402457006 -9.187022616977229 -0.1319521482885895 1.894082952945986 -1.203439001595916 8.252148736390248 -0.203719764021205 4.932014965671068 0.6510913744488511 -4.655855063816808 98 549.5362751483917 2325 1 9.04654252603354e-07
 -3.864763589355727 0.4168328381448942 -5.077652603510193 0.1404394463994008 3362542.427204575 0.1544572443392731 -2637435.215952931 3216.863678010689 21835.59354441812 1.084159470352702 26.55868459187876 2933.782808732285 849 127666 1 4.046590517123295 0.6901818676787719 -7.500723712241815 -1.809586702612696 -5.26770136925582 0.8142172071326614 8.089263864386936 -1.333744271218082 -8.417401824806923 -1.842352548267892 -3.918723592727749 101 404.6198749542236 2325 1 1.271447232517959e-05
 -3.620757384120046 0.479276513670325 -6.963086615496765 38317.25982638296 280535.0570100618 1.339148293313954 -1.08241987070465 24368.6666149656 1479264.353772192 1307.504102811642 4780.100261096115 2869.863369223706 154 125317 1 4.668010885792689 -1.761687748577704 -5.48677235388769 -1.237059162975054 2.684741270332122 -1.701897696754182 -3.60248268448515 -0.5870843196883158 2.030190571481163 -0.6285197770075737 -8.208366595697806 104 387.6586589813232 2325 1 -4.996269852476116e-06
 -13.50993879629284 10.49250860793202 -0.3237813917528337 3.03965527841019 0.1259999515559035 0.1537067556513664 -2409932.499929705 60355.83382125624 7817426.297114689 113.2382679050166 13.40521579644708 2879.699876362517 2629 191664 1 -4.614268868218643 -1.769339742063501 4.972238386906121 0.5817750455757373 1.69760097126243 0.004236433444722446 0.02380703497524195 -0.14177585183399 -2.325752956509189 -0.2296727909177445 9.857398873167293 107 554.9286961555481 2325 1 1.4048770934774e-05
 -3.37483616466531 0.4158475783328436 -6.315141856604239 294.6862464021564 13.33856372274061 0.1102285799500366 -362699169.8227659 14711.89205673871 448479.8883648461 87775.70447118889 6977452.560471517 3004.736905815801 747 191378 2 -3.876528779222512 -0.2966471149191961 5.908219046981023 0.2304274611363394 -2.114027431065578 0.3183241560136691 0.7764029484743848 -1.344505312589702 2.360126028675936 0.05627504200666243 -0 110 554.4513649940491 2325 1 9.811260532374005e-06
 -3.750901668194223 0.0710010789672557 -162430610064.1295 57454.8282183218 667850.3047088302 0.2110386182811518 -16405.5957614568 20957.90870693199 1198779.900715835 0.04068141036964514 7.096405879796588e+20 2767.455280632378 4331 127746 1 4.32411598930221 0.7581567335422092 6.89066489341699 0.2376253366678021 6.47041696410954 -0.03568924274085288 -6.709958515935338 0.389347890577346 -2.34002767280281 -0.08812308694988145 -1.830646231812736 113 381.2553019523621 2325 1 -3.342810523477783e-06
 -8.195695782646585 10.8703460473881 -0.1607671267975268 10548.12854913328 5709.615521312259 0.3701148634906785 -159.0521474131032 1179.474682581603 3211.969837951777 1.228089752709463 10.23139022511515 2835.690082898114 1570 191604 1 4.683164066140005 -0.645638231396866 3.633188759996846 -0.1991787399408817 -5.628507554670485 -0.1106083154742192 4.207243080689491 -0.3443909389300348 -1.355735969976501 -0.5554377557209467 4.337942976793319 116 551.3706600666046 2325 1 1.349491785453071e-07
 -9.928202712040632 11.851574539572 -0.2159779937246479 53113.92392653682 142171.56091957 3.742345809218035 -0.05903023837021705 213.0484788685366 116.443318214028 2.594460427053847 2.559483423293207 2924.453587028873 1448 127773 1 3.503931395756037 -0.3766901334023878 5.396727523235327 0.7678985949436843 -5.650446911615624 0.457159272313726 -9.901781917217386 -1.980563664740243 9.668289416213076 -0.5811243139949251 1.933777557384912 119 369.1007969379425 2325 1 -1.120707489259317e-06
 -3.846613383188146 0.451451539350773 -14.53836208313469 16719.13295893295 123574.2193792803 11508.94263829354 -72385.7148929292 3546.548466884707 26277.58938781034 357.3633496921977 91.14625684971087 3018.213353748984 186 186566 1 2.916531115214577 -0.6580708149543222 1.99008120180814 0.3116247129842171 7.034158126809547 -1.153969803845072 0.5844589251266878 -1.71527297345863 8.873965239818691 -1.382075913330343 -6.540564994255092 122 554.5172638893127 2325 1 -5.099241912914632e-06
 -2.868465993292987 0.7959102496634896 0.1476962166243626 3167.375315803604 787.3788593242202 0.08265845708256189 -227601466591.995 29.77707920486484 3.828203976919674 0.3171716308138792 -1266.930755701577 2860.920779473746 2130 191617 1 -4.50289853699973 0.3733156780927178 -4.283578873724294 -0.5570508040883739 -8.167036103645612 -0.2181168806873295 3.736881121699145 0.1884353023108902 2.507880769933523 -0.3321333844511187 1.648443321928744 125 548.248692035675 2325 1 6.638713523453607e-06
 -3.458430115162583 0.1372017705026368 -1394433.35046889 173.1159986467694 3.227406512916527 0.3619791113543285 -397.8500866784141 2309.117233547447 10454.32541762818 24341.0819253621 445462.5751052478 2899.74725891653 1811 191631 1 -4.539210068872548 0.1092899794505006 -5.7295394708926 -1.495112885520088 -0.04328426561296173 -0.9686797820276656 8.587490722458348 -0.3026978946037993 7.650776691723852 -0.430254636009762 -5.935147417920824 128 573.7771978378296 2325 1 1.329642677700185e-05
 -9.344955297872334 12.06497377500594 -0.2200893042687758 0.7501010187317031 2.217010911614445 0.8614203140615166 -2.274460879812207 104.3102226262394 25.23155668502876 1368.668757418512 1788.455051519245 2989.662447630164 2459 127757 1 4.341067886389304 0.4286973777062638 -4.857317115256302 0.3116685755777406 0 -1.703664224966984 4.555466377387511 0.678403163577002 -5.743988013709441 -0.1654613339765074 -7.874449946657382 131 381.8546009063721 2325 1 9.40191317047176e-06
 -4.861495399945879 1.963681635702889 -0.1810632453989085 0.04834439197016432 2.599590259562852e+19 0.09915833418687733 -17424742144.5572 52.75860920936825 9.470903348324644 1.161249029598331 22.00328845288327 2833.265596708673 2078 191636 1 4.483710097045371 -0.3222150947099509 -5.519950035067881 -1.913506781131455 7.441077146738357 0.07768466803964542 0.8381803417726403 -1.458608079204151 -3.711014687856585 0.007024691240621062 -2.419073083646851 134 545.7021908760071 2325 1 2.283054334274117e-05
 -3.551900057624201 0.3436546670956251 -23.19422862637432 4.690584350725194 0.05108298152672233 0.05698194641374597 -323660529826369.6 2525.934105191995 11607.4999563471 0.03778451776105083 -9.988173608815335e+20 2908.715491380907 577 189419 2 -3.789328627307825 0.2883143572249635 -0.7851099163273432 -1.655551715616885 9.124652364667792 0.1393999802239403 7.801570064836648 -0.4134979836511246 -9.612254535547656 -1.121327302287549 -2.568352174581509 137 553.7849650382996 2325 1 -1.33838002115909e-05
 -8.652236074966872 9.584124001975624 -0.1731744295604266 1.92023199064806 0.3267991524683643 0.09549803654703588 -9834405112.831511 52598.92565817871 6238511.950292637 1.188007815988579 18.20399949575732 2869.875133112463 4252 127757 1 -3.775692843122598 0.8434246478202949 9.443914752772651 -0.6485743802142609 -2.602783931435225 0.2016583285165203 7.95252128213842 0.4297274737062891 -1.218054858135232 0.7522919914822555 9.857301530271611 140 390.8652889728546 2325 1 1.231118498196293e-05
 -3.556560627614958 0.6887109064540118 -1.236708081996379 92.14141287902291 0.3989684291561165 0.05293826257462645 -270041600232127.4 11654.08339425117 279266.4327969488 53454.88420244637 6125950.99771474 2771.876734411535 3417 191659 1 -4.009124930133316 -0.6308757523526873 -5.878773682996601 -1.264266706293278 -1.80386725639393 -1.3609767224682 4.059518920622381 0.2429348139465026 -8.647241886074875 -0.4548577699130619 -1.337040253539956 143 567.4803190231323 2325 1 -2.247242547092381e-05
 -5.390877891957174 1.444693984332188 -0.4703410364621993 622.2789312364213 26.10525314204634 0.2191844119785323 -22942.14401808454 281.8262674194335 242.4460869488766 618.9401243835738 1144.18922526978 2909.32773514635 3231 191617 1 4.674943334651842 -0.07588535415166042 4.656755847263478 0.625076124696812 7.392506050136909 0.6743178441018189 -0 -0.6089873756303597 -8.547563461886812 -0.2303541312971618 -2.006826527326696 146 576.1510288715363 2325 1 2.220121922690409e-05
 -5.566591693147605 14.93497222371399 -0.08766575761334042 7654.416794268107 3928.933644506979 0.06353257219523514 -253415503021368.4 320.9479625817046 278.6473481513003 32045.83564110967 3447869.874839261 3056.474095279345 1089 127763 1 4.300851464053315 -0.6824757920395808 7.53594860643893 -0.3497370360007004 -0.06021539667389586 -1.998924463415591 -8.86280918379447 -0.7741260622541812 6.803044343005878 -0.4838931154089181 4.152585741955687 149 379.8942000865936 2325 1 5.296689919602065e-06
 -3.372046056741135 0.1045434195920414 3510125.396909828 140.726460743233 3.573791114321538 1.310460976856205 -0.7061549604319993 209.6166939930586 97.29900249292265 1.047257681437864 34.79189227933581 2821.973665880173 425 191009 1 3.736907157517287 -0.7726726017600978 -0 0.197321583912053 -1.943005093638329 -1.272742692426406 0 -1.717812139232853 -0.7556184971283626 -0.01906264642198071 8.203701870202908 152 557.8258938789368 2325 1 -6.410172938665891e-06
 -3.164044706794034 0.1947415483495317 -5531.502103648915 1.64643797783554 0.1207656859209809 0.04767577883963742 -5.883437355123391e+16 356.6133919263725 282.6375382665382 1.255005452414731 -6.119915864389946 3031.485573219108 2437 191466 1 4.24284545978843 0.5434641898080783 -6.87090054073542 0.6458918818798471 -9.529232591937639 -0.2408558725556915 -4.575068580670384 0.1404450532210814 7.640631948794093 -1.861283340024852 -4.629280041674005 155 554.8534798622131 2325 1 -1.455909244005024e-05
 -3.8318102897802 0.3720091528081724 -33.36650444656131 0.3870270941445415 -106.1947889062813 0.1723468485642614 -157574.1809974428 23808.14024944812 1218736.713859685 219.5094499983962 96.40838941064538 2967.300436173639 421 190964 1 4.295851776035517 -0.05392518776983126 -5.794949874481356 0.06184809811131184 -0.7978293404824357 -1.851955294348741 1.386913606612672 -1.165371710567943 2.345445723085059 -0.2412158775151116 5.850586864009126 158 554.0677800178528 2325 1 1.287543164006311e-06
 -6.280733115718977 7.005574473199692 -0.09557158995624816 1032.433771187406 175.3926219135799 0.3729934826695175 -319.860716102047 547.970039543237 647.5483305036441 393.9774017306944 278.3912329052495 2845.688384141759 4896 191617 1 -4.512371066595035 -1.80767694606736 3.315926345407138 -1.700535887837856 -0 0.1910514835746015 -6.755934139165364 -1.933448561356744 3.430565998137507 -0.01226529417029635 1.105849718664051 161 571.5329220294952 2325 1 5.736843409326407e-06
 -6.964296083548562 3.397496337605184 -0.1788693208863477 10.40375177604759 0.2168684474769376 29.79562788807784 -0.4657756654439988 1985.057527216396 11538.92354662468 0.08780619899494377 36760128147.29666 3092.287268291264 1876 127764 1 4.646532355984817 -1.184976133873869 -5.847737260181425 -0.5601191200832778 8.488879214671133 -1.898803620575294 -3.187346291023248 -1.890646009778718 5.826935175054047 0.3985433207466498 3.953440093841579 164 375.0891778469086 2325 1 -1.337937462667875e-05
 -3.079290370988481 0.1316554185989087 -2665884.056733637 557.8648057544347 11.32231909824688 0.04587156885556433 -2.358325792857047e+19 478.2736534413967 554.1463838220407 0.1326578368036417 144833844.5169153 3038.981592599951 4860 191661 1 -4.371931663303656 -1.51260853737532 -5.405494645063952 -1.723553870203139 4.219433400629169 -1.380726353020171 -7.088166764726786 0.2346993197676701 5.19286943927631 -1.63478708684322 -6.034284577033755 167 574.2613470554352 2325 1 6.462903361997978e-06
 -3.496616210784324 0.1025451130593809 -56190835.27900443 2.136931566809569 0.09269638274950949 0.1453520757862415 -1444569.640882018 867.4508620359246 1839.973911642629 25951.67088881065 741663.2145091189 2957.850318900086 2956 191663 1 4.392236018477736 0.4767479178519616 -8.059493171152821 -1.485807183910523 1.025031973525165 -0.7816436345384644 -3.074643284695588 -1.861144348303903 -2.894398643866298 -1.176251744467222 -0.9778379899864142 170 584.4934661388397 2325 1 -2.714889049568564e-06
 -3.32472318141676 0.6928396962599697 -2.532879570317821 2.43142672788654 0.1358622351198271 0.0960161484437128 -1437057617.601138 381.4315979612217 305.3182629381876 1.932669063262274 4.554200177434939 3166.416111344678 1112 191648 1 -4.674286530753321 -0.07652285127515236 -0.5063609106811167 -1.453175840145802 -7.479541225461688 0.9732206439716382 -8.675068732956259 0.6277839749445411 -0.7173417465214946 -1.94452478121603 1.901164101795185 173 574.1432909965515 2325 1 7.669225477979528e-06
 -4.204187272155695 2.046585963564852 -0.1183617950238503 1074.198904273902 174.1590089662383 0.672429394583924 -6.22480854812045 77378.48919125575 14825724.04188685 75833.55935407263 4610014.661600903 2740.365221506582 1876 191631 1 4.303273834382491 -1.908972013025045 9.003824515520595 0.4200111331655432 -0 -0.8515586762310825 -5.701871361854985 0.05267173684638669 0 0.1112491478664865 -8.380675069259476 176 607.644877910614 2325 1 -8.755999218645993e-06
 -4.121241580783704 0.4681079869671252 -7.689178868454991 0.2086628362908618 -3113.305595519907 0.04864956931503946 -2.609979167371606e+17 54863.2235975955 6189701.30822384 0.04164898971407854 3.17190347178128e+20 3030.963794762287 2871 191664 1 3.627789128999842 -0.7303307908858168 5.534218769628009 -1.833002530049698 4.620984466933273 -0.9913587368838019 -3.915745875575099 0.8975195137687986 -0.1225292977638581 0.2212128039528398 8.365046710197953 179 586.3482229709625 2325 1 -6.701156533239366e-06
 -3.658817419518018 0.07026310100218984 -14618861856.06222 0.2497023731168212 -659.4112847400979 0.1438027418163861 -1111418.309394936 63760.64578346271 9055450.327312322 1.765489448991481 10.46446835174751 2936.835858367151 243 126730 1 4.320321760704031 -0.1471721133117629 -5.736188331729062 -0.3677684703410274 2.413252859380866 -1.688546184124119 -4.585632995195701 -0.8771262522241114 9.021669884127583 0.0238615877591943 -8.050090673940286 182 384.6448650360107 2325 1 -1.740645015637047e-05
 -5.572651610361327 4.219376436445592 -0.08482585108274353 38587.28074816759 168784.4318953324 0.1437152025400301 -447685.1533867885 5609.226241646405 84960.48841565099 0.05404911717737183 289044130216042.2 3054.95092722909 5022 191615 1 -4.685769373166575 0.6987225056142456 -0 0.3334954499156346 -6.757094329396818 0.9213760881070314 0 0.5657653372738909 -5.965724069935308 0.8118833171195146 -8.679866360016741 185 560.9282059669495 2325 1 -3.063807601951658e-05
 -4.011611971654965 1.112085166830282 -0.3140966078948354 1274.452347457536 231.1817711912074 0.2882535972765325 -1166.665837997548 339.4780620217364 321.1028487017254 392.8545669399385 330.6180717047142 2823.600876205433 589 127133 1 -4.697040573395345 0.7434519039927405 5.161804397191545 -1.047601020218101 0.132027598613579 -0.4517447372989318 0.3492458922305781 -1.235628223082076 -0 -0.5879125027096732 -6.192891111950546 188 371.9374370574951 2325 1 3.272524650352541e-06
 -3.606168559038594 0.6387922831135466 -1.03607630597211 0.06099186444350708 11324582778204.03 0.18263993650212 -56851.76494844187 130.5287620104706 56.40134086710378 0.06679276466184449 31701538041741.88 3046.433570187814 1800 191647 1 -4.649369658069574 0.9152958278212511 2.413326511873053 0.06761330149551086 -2.730804853386391 0.5803441548498793 -2.650932177345728 -1.07204577122721 8.693453849749762 0.4420209145879275 -6.365758025891741 191 553.2518539428711 2325 1 -1.116886087018217e-05
 -4.435615967537204 0.2075794888030477 -3445.726021104532 0.6033599152529024 2.936976353279319 0.06540331754765487 -29513093435443.52 1805.624360722837 8200.705549890075 4.226705775654807 2.031737427939632 2621.892366714942 706 127598 1 4.644654469969332 -1.133858189059176 1.91510563269616 -1.5874742965621 3.635215593926254 -0.8561175216206447 6.658255774394656 0.9041453080549915 -5.18628767468015 -0.1747590481911586 -1.920284428793863 194 371.4998710155487 2325 1 -1.715465411105462e-06
 -4.064172216421403 0.4460169054938437 -5.715394638111255 316.9058005822716 7.915121457789952 0.2889719838179854 -2747.688584170571 33.86635991491224 5.355173662617058 7154.415530632893 98400.53927213939 2838.57538249386 2145 191645 1 -4.444146603588476 -0.1473876053324075 -2.243216306187763 -1.511170126499263 -0.174856312015498 -1.634670050316939 -6.175678143487422 -0.4476999138413138 0.6102633151538068 0.4035762410271713 -1.97551074829851 197 547.0329267978668 2325 1 5.48868055696317e-06
 -3.797941369468709 1.181026971491815 -0.2923243404832597 0.3029809041752145 69.65765144521791 0.06396323517213129 -6805486115825.558 8713.373314841703 155653.520070042 0.0470048277004519 9.202721406555909e+17 2781.156231324473 727 191645 1 -4.691440005922255 -1.417205887250431 8.105421917477535 0.5603355701200474 7.217647476194905 0.2588460365728177 2.83845092593571 0.5339991894680374 9.715817847135481 -0.7070781801641237 -3.558088344853311 200 557.203950881958 2325 1 -1.310706439220675e-05
 -4.040743709057169 0.7690589623286138 -0.7518578595536085 0.05151007259728821 -4.400131562818758e+18 0.1217805985802443 -292214065.0132721 2293.765609537566 12140.6636410338 4.425720840603358 1.203964381214855 2743.575188119683 1046 191550 1 -4.314213573477537 -0.9400444107581754 -1.941888403380755 -0.7147565156084852 -1.269071624805356 0.5348831527285332 -0.1697850519906758 -0.4236327864035552 1.941819322699236 -1.75334952433309 2.394153080036344 203 552.7594699859619 2325 1 2.401516730718613e-05
 -1.47863222651024 2982.782877373835 822.0337749267774 0.04096144701542108 9.995962192272164e+20 0.3239604340280677 -1376.721880496343 8676.820743278113 155517.4583429235 1.313932513068242 15.52244350920421 2949.287085260384 498 191523 2 -4.067264468657746 0.6246042371401104 -6.851876182767287 0.1574377816686274 -8.303118909147782 -0.5554885667336658 3.737770565960386 -0.4904858622648672 7.942997974400162 -1.528321935621682 0.6311447852043015 206 566.1960318088531 2325 1 8.435689203915397e-06
 -4.020605397973646 0.5947725259687451 -1.457146296423477 59402.04016879165 179414.4152861711 0.158993054898539 -336329.087618195 369.273441100344 333.3314728386136 0.08404338673024568 -25526429008.98127 2954.813524637792 2133 127774 1 3.936809148864446 -1.493618663402843 -8.19973310967772 -1.811155032169898 -0.5927164256014663 -1.755267131587273 9.168783667387334 -1.089649564046126 -1.320232936904813 -1.256337042441078 5.659867789818987 209 369.7526559829712 2325 1 -1.121492822417517e-05
 -12.26284942189134 11.69031865070821 -0.3087759412953811 0.6988588985134486 1.894590666846808 5.319387760982838 -0.1000011960958253 71.80018516898183 14.0592953507605 1.620658058013752 6.021160650448881 2894.510140453075 1465 191660 1 4.321029688515835 -0.1999719718156516 -1.82834763380736 0.5794600390117237 -4.245734470173919 -0.9240344397172144 3.259193920050827 -1.504354940159855 -2.219655615948832 -0.9432213547299124 -2.506364736365206 212 554.0820870399475 2325 1 -7.497888899610914e-06
 -3.171182447671346 0.07172718480077567 -68989426505.04424 115.0237727684502 0.4843984111922603 0.09585992981904648 -3425432285.032643 134.0150127862503 47.62282776379781 0.05171208943951595 3.144636444727241e+17 2872.216192584747 1589 127775 1 4.579419765646679 -1.362707713867115 9.655636773519438 -0.4419158867877587 7.368331103011545 0.2705858786382143 -7.975909301847963 -1.405397380474977 4.045735202803064 -0.9106519287673613 -9.602788803419347 215 375.379487991333 2325 1 1.194811368023633e-06
 -3.197516428501325 1.220495051604615 -0.2041004975312854 679.1761783351192 9.302656108946843 0.3703529510289891 -272.9954837116563 90.5224614918811 24.99045483397492 0.7326141906602718 105.2882549450045 2872.450718577215 3291 127769 1 -3.755779216877538 0.1557822105452837 9.478983919697473 0.8157389084252893 -7.97630818889766 -0.01545707595455606 -6.175532337096688 0.1986964195383102 -3.421498642048237 -1.666309406451112 8.118840890884453 218 370.1795861721039 2325 1 -2.13765075700732e-07
 -7.811059096935926 8.846758977000064 -0.1406558862445239 297.3573048149825 10.96789540160133 0.05679117515091552 -1598587307157550 47812.09078679178 6029236.302055003 1302.560605627762 2781.183139773506 2887.291187852955 2413 127773 1 2.543226965118877 0.1542924903575735 -1.841687814586162 -1.402605195222167 -1.39318924885281 0.2218151286311438 -3.730222580729122 -0.9966348917485854 8.173591119781893 0.126116842310112 -0.9827078344567188 221 376.802298784256 2325 1 -1.453115563333762e-06
 -5.493849541233005 12.6766462013956 -0.1121285741350605 14187.33961839668 30174.66489852871 0.1974713335990305 -10241.36464577739 66.9331206822815 16.76749102238244 21464.23532477998 995778.2848548716 2870.672069938613 3427 127775 1 -4.142643690940425 0.7924166857487354 8.044928463894465 -0.9471181013863479 -8.192493551404507 -1.762268677484315 4.30372287165502 -1.070140601690609 -4.401812600984988 0.3269155888049644 7.070085876349843 224 373.4113240242004 2325 1 -2.176417100026307e-05
 -3.385524367176196 0.4386401223389656 -13.71756329695572 1.873257631794468 0.3495848506338478 0.1282206648311617 -5096540.782542912 37688.97359213032 3343779.991255127 18674.95039143371 643182.0217149421 3099.972814591446 3359 127653 1 -3.998771021367493 -0.7246004006932143 0 -1.934172539900385 -0.9221372058760671 -1.456770493527013 -3.438064922934653 -1.266545066409144 -0 -1.14447845047758 1.756605122314039 227 370.8981080055237 2325 1 -1.683462990992857e-05
 -8.756359603810793 9.028523278147853 -0.1794989579547529 1.628833536423522 0.1976966337076028 0.1448401385729482 -19539930.81974753 198.8123084485436 120.9459595131395 343.0794265835352 98.68020364151695 2961.817791899253 2362 127740 1 -4.518032989563944 -1.13875594833269 3.259413807393294 -1.89540887468158 -6.162534636630758 -0.8376885389937555 -0.939078609297531 0.432558122996638 -6.906982739680555 -1.397892765093524 5.301252614046153 230 382.5660040378571 2325 1 2.51128789485735e-05
 -9.359555081828697 10.37928122375346 -0.2110705470503479 0.1354221087620291 822280.441269881 0.0442943081874174 -1.377111703070046e+18 77.13348336114382 16.18874282013539 48450.75404011402 2096603.116829022 3218.456309305212 3406 191636 1 4.224454236932507 0.1921507102067732 4.077850077967316 0.7432138717010419 5.365275189637918 0.0577427531845682 -0.1525331575068689 -1.590430392503083 -4.348115506676561 -0.01129191397639854 8.883162338765548 233 550.279009103775 2325 1 -1.284038491239167e-05
 -9.718575050454232 11.44229737125517 -0.2145201248061162 530.7923956915141 23.69111382292277 0.2346038537957816 -9306.028279873577 55157.05011578729 7246257.912131027 1.707597551740252 5.915459400494762 2988.420496788748 1295 127770 1 4.515367113900254 -0.5319516258306276 7.559492725727306 0.01962982008095301 8.084237169778767 -0.6468269737820186 -3.898636739013194 -0.7806718609978187 -5.0258942917103 0.3657941729386773 7.72564649757871 236 371.1957869529724 2325 1 1.077860232904109e-05
 -5.085678613434074 3.30977778378939 -0.0756767124364456 1.487753418653788 0.4701850612829738 0.05028738711799954 -1.686253592468093e+16 70.97588217659637 15.10703212018972 860.7386598567608 2190.553195351689 2973.530694588977 4083 127773 1 4.613333137302026 -1.416993310326809 -6.619537847772579 0.1745250063688726 8.825298462235708 0.354318647155198 -5.973505069969901 -0.7267245135460653 -8.773965728400308 0.5940642349736005 -1.722621368812993 239 380.4589579105377 2325 1 -1.312054235697202e-05
 -7.7807888082042 7.541927981210751 -0.1287280544453327 0.04097019482541322 -5.326714156988636e+19 0.1296524075202024 -9699131.404370734 1093.847751957057 2613.054965241111 0.07277871495186002 8153235874846.424 3063.833616463798 4026 127772 1 -4.542619813144423 0.8394250053007575 5.534282404424516 -1.507692568419525 -2.381426829162741 0.7026632530570093 -0 0.1206815272582093 -0.02143348686991864 0.4519276989739733 2.37269778180814 242 369.467453956604 2325 1 -4.596701106171361e-06
 -10.15555129255157 9.95909458437597 -0.1971575068536471 132.1947774145581 2.099743558622625 0.04505918140486227 -1.807430162231924e+17 195.4420040541017 95.54448658137733 0.7223849870164752 35.61937074445618 2918.240030049258 1439 191645 1 -1.863721265328287 -0.5766634599386551 3.670678771261366 -1.583415902375902 9.917007227062015 0.8264389237595959 5.180751653165125 -0.8288689347760343 7.800506088069877 -0.8011751410818295 -2.807336396560014 245 556.8904778957367 2325 1 -1.992533209351461e-05
 -5.343469767586457 10.11133242608438 -0.06462308860775466 1.39690014952403 0.2625568906853047 0.1455092785397736 -804766.7472851294 83361.19918488432 16106896.63171227 137.3859700917288 13.22091002956572 2878.693206368173 2017 191661 1 4.097501650330979 -1.140895937736804 0.3480682610125259 -1.944538539854317 6.286672834933249 0.6921435435802471 2.417160002112635 0.6414436167539321 -0.2963985224762791 0.5821133514357757 9.599136143516137 248 564.2293169498444 2325 1 -2.096903234861532e-05
 -3.489390271541212 0.4743208005605378 -8.181650885944848 1.932343588944288 0.2636023006527834 0.04362835165962154 -1.255068773552936e+19 176.1510078034583 80.85937396016539 3565.102981066999 26825.19104113374 2756.516554480768 1761 127691 1 -4.417706647382857 -1.620493481705132 -0.327130814776825 -1.412663842462873 -6.869373003588137 -0.1508882323229468 1.736278039255104 -0.8588348254848768 1.45882963215199 0.4029960335449232 2.676191286402152 251 380.2186009883881 2325 1 -5.223998840566625e-06
 -3.64347720016092 0.1004346682681176 -115526122.6090485 0.06411669340112947 21552761485603.64 0.2100570249056654 -29572.66404628843 61.3812712163341 13.94395085688179 0.8026136389675834 66.34268662714072 3067.980721339796 1524 127776 1 4.157309421772746 -1.13151492901191 -0 0.03128643890243318 -0.4997610670593513 -1.694945756311724 1.74988688943095 -0.1304627347232214 0.9689720645065201 0.394842962139454 -5.123964973614673 254 381.9574010372162 2325 1 -1.074308780413994e-06
 -9.172637078162438 10.05545524980025 -0.1860429994290126 5.272879305136335 0.09959438171550811 1.091237602910987 -2.232858190443781 2586.773734286645 15779.61764717662 0.2190153299781424 213925.4856445186 2716.941997003064 1647 191664 1 4.5395258949173 -0.4150353791934487 -1.033211081998067 0.9533927592701521 -4.217341627116177 -0.9175766676857329 -0 -0.9954364766327206 7.314365858881143 -0.01366581179029502 3.077636476137684 257 562.313560962677 2325 1 1.752179320146657e-05
 -3.460409936480246 0.05917904142438193 -459519284060.4257 0.2719255309070827 -218.9521686351083 0.09226183600522159 -942285220.6540401 7699.506341453166 164464.4184079212 0.8466861039603173 65.20943563632794 2986.070934042558 3729 191648 1 -4.070184766892813 -1.823175872577012 7.890916468712105 -0.6558973839777806 7.164638188126549 -0.415761801257836 -4.72925609229087 -1.415166111153637 -5.675677550813538 -1.673066826424033 -3.964298431523141 260 550.6065850257874 2325 1 -2.252351772386972e-05
 -3.615666813121777 0.3363081240220482 -83.77904481482349 0.08441450040288126 -8494556461.310292 0.1058914651809685 -284607351.2652776 4509.979355428522 50686.72641234179 36769.73700794578 4114402.088516599 2858.39170608764 1062 191526 1 -4.637849421179305 0.9458606770349172 1.582284385618278 -0.6105467080242635 8.953520146517363 0.5162340787917326 -8.547116243704448 -0.9386456417966524 7.21609500651074 -0.9645883825686319 -0 263 554.2841989994049 2325 1 -4.221288772200579e-06
 -3.321399335715208 1.758069312094368 -0.06503068631492839 0.170479468900104 343828.7230648564 0.05459280682186312 -2.516747605473353e+18 102.9888686818342 27.67954545451623 1.3085979068007 20.043850824338 2819.778199062802 1117 191643 1 -4.651735089204069 -0.8501628777571471 -2.999639667118425 -1.159159970549745 -4.183193911710844 -0.9995573366797377 -8.766208276726024 -1.589694037997832 4.797749907073905 0.1065767163925515 -6.144906435111482 266 556.6197791099548 2325 1 2.854422498004322e-05
 -7.416857805013402 12.10135025404808 -0.1548296982608538 756.0156044558805 125.2178697100368 0.04248567155669156 -2.584521305789907e+18 498.6222695362709 672.404407711208 2394.388657764162 6015.358341839114 2993.74127748593 1112 127647 1 3.945034872626608 -1.688473648173605 -8.221151813719098 -0.1374908690527717 0 -1.084392795064372 -0.9512432820859598 -0.2787101182759635 2.828464159351949 -1.289388331029887 7.412881122224066 269 390.5975029468536 2325 1 -1.892018709571179e-05
 -0.0922375318453003 6772.038598678761 7860.311656140166 70329.47203758116 748073.9861291794 1.340332741260468 -0.6499901953073458 862.6388979903817 1729.62281948795 2.631834142734096 1.739860038929485 3022.403351074428 149 191244 1 -4.299192035544761 -1.627226716408354 -9.944986118146257 -0.9197232410378406 9.920274098404704 -1.196602856390409 -2.802620797611986 -0.5169982026272297 3.145155051668175 -1.284628152395099 -1.2369240785431 272 584.806205034256 2325 1 -1.383033030532285e-06
 -3.801967976604534 0.2863275190813502 -344.230793318963 316.5908680891267 8.932221466369468 0.06557555005521983 -118204362794112.5 124.1109187262965 42.76874197043323 0.8611913383425082 46.48480282909721 2932.43777664251 782 127770 1 -4.612585395659265 0.397379805258697 5.061356967055598 -0.8715978439027845 -5.435167878877103 -1.926369290821605 9.595992200950295 -1.781276759035451 3.602977996056429 0.6772546010841092 -1.12508703323869 275 392.880560874939 2325 1 8.936651785488275e-06
 -4.006133367847246 1.408293352742925 -0.1542766676107734 0.2021524382533273 2744.493399798436 0.05150738413773506 -20649556901307.57 2419.920111757801 16084.77549141872 1184.809449993642 4135.384535550892 2796.54315123215 906 127758 1 -4.518914192398631 -0.7390808374266254 -3.965180783385657 -0.9626560786478811 -5.282306904549846 -0.5082972191921744 -8.458783276823086 -1.810382411652731 -8.001106963993804 -1.827750905968379 -5.452347051669898 278 396.3730049133301 2325 1 -3.977726872504674e-05
 -3.674198959707796 0.6297239376308421 -2.463973719743637 4.330492426980249 0.101553607534119 0.3711677635858698 -235.9939337997136 30.89049814435831 4.691013886072962 1.138448493446618 15.17620023394995 2821.636821325797 2099 127626 1 -4.269440852104093 -0.70405607484195 4.20375347546096 -0.1115107034232423 -0.1641071671009788 0.1121038549692242 -0.3146506718590256 -1.2581355675674 4.965860176688534 -0.2975782939066161 -5.302825375565966 281 389.6351239681244 2325 1 -4.847820207167434e-06
 -11.86216570237946 10.03039327631597 -0.2838466844045869 0.2863481105555269 -319.1670835360732 0.08178793228422304 -61816776104.37391 790.5393434905028 1585.48305849633 1.749126281155949 9.584098771844362 2879.475385768443 2488 127738 1 -4.409793182158888 -1.098663936399967 8.872674177034018 -0.8415076881802594 -4.107668565953742 0.05206469043057729 7.047181920904277 -0.7464698034486368 5.238211015981003 0.5411027926105971 -9.119914233995644 284 393.9487090110779 2325 1 -8.205014039192512e-07
 -3.620449750485117 0.2992173021971825 -86.6091594997755 45082.67053197274 86210.35808905063 0.2091904322668788 -16068.87830371648 97.09796088370861 25.00755461594014 1.06923486008027 17.01973770670626 2915.159320119312 1446 191409 1 4.315452990859198 0.6453958029768598 0 0.2883264838394322 -8.72371848075203 0.8911669902294665 -0 0.5976995236852849 -6.074048000724177 -1.37935198663231 3.640835887568881 287 594.5090999603271 2325 1 -2.386645098631091e-05
 -3.712982426445896 0.08787661878751907 -1947058959.28578 0.03975264765348499 9.950370228039932e+20 0.1446147954375614 -3623223.345589227 73066.93058352331 13692996.45559415 51.22997420575603 13.91781597868855 2967.878460226924 740 127716 2 4.527255121590525 -0.9368715708173347 -6.425052060814378 -1.024623483688944 -0 -1.773434253515283 2.567104199687071 -1.534575161176083 -2.512272018936958 -0.6044515190286752 8.083661507942846 290 386.8092319965363 2325 1 2.916547553190772e-06
 -7.824837569557808 11.53601405578251 -0.1507604650217433 1.341150509353592 0.330701873554118 0.3010456699828648 -588.8924309682648 51.69117419084461 9.1138269934779 493.463263951764 274.2073856830916 2901.904144941515 2697 191641 1 -4.60317382278809 -1.594933316577568 9.165471320387796 -0.652972835311358 2.93452772407585 -1.391178534739728 3.258723602545278 -1.845853856948519 -4.885998589353466 -1.102672302850205 9.636884286914984 293 586.9496619701385 2325 1 -2.60232387809588e-05
 -2.828797157034341 0.03999532955975432 9.996448715237858e+20 13358.03916864139 8678.854796634818 0.04693130413741842 -1.130567838201902e+20 13763.31093222333 475038.5985796704 191.7875215015488 135.6423535646887 3040.895525115691 261 191246 2 2.766474596006998 -0.3597114700112085 -4.585785313064102 -0.02485087050515668 0.7336305166404795 -1.695348340118004 -0.5593522850247097 -0.6628471536292722 7.525183452090413 -1.577745204063672 5.911747696702297 296 583.1823489665985 2325 1 1.588072128691411e-05
 -3.402721051943819 0.4473687692156614 -13.4141273327776 476.4937541232861 8.380664906641661 0.271428948250364 -2758.255728180006 24.74545545433251 3.499647381638537 0.04288168704868368 9.998629603213838e+20 3077.621856822136 2191 127511 2 -4.594376855907721 0.1511553050812848 2.718116259394772 -0.1646877419068886 7.559244676997665 -1.847608650280054 4.005415741444344 -0.8061782765396659 -0 -0.5908901859353968 -1.786974584769588 299 406.8485431671143 2325 1 2.358785417536198e-06
 -3.529494671426381 0.8061553978087719 -0.3255612936592552 35614.66089194511 202651.6362585322 0.05377834823725107 -1.543861292667968e+16 364.3068383945966 339.7532823909285 3.927022544380264 0.510489283028973 2982.872444817286 860 124799 1 3.631026481243371 -1.418585829718318 -3.885660075078189 -0.6308662028947856 -4.142299195716873 -1.286466516650622 9.49284309419772 -1.877884102028611 -6.397238349858871 -0.1753595563786004 -6.239369947721193 302 402.5577900409698 2325 1 -1.526968845448776e-06
 -5.158001875816635 12.14553870102056 -0.07664349613530298 0.8623756936682347 1.766634540354338 0.04657398480859162 -7.916064091942806e+19 147.102743789313 60.42184641655226 1.081264722440092 14.12354815612834 3166.680244559991 2318 191636 1 4.540277526697115 0.171322089103084 8.242055275893568 0.1741310730730982 -4.95938513137564 -0.5015702388793404 4.835351465363121 -1.823135739451262 1.221040873643167 -1.023544882129155 9.71529490760752 305 567.1397070884705 2325 1 1.626890824485061e-05
 -3.228431150802983 0.7323796561476834 -1.291149333494984 1728.092492399872 550.630706413841 0.1180441154880541 -14944605.71018635 32488.90528684129 1988594.365807317 5330.237827979715 56066.92834882844 2924.079158620767 787 191546 1 4.455136573883455 -1.767905978679861 -6.416350276857385 0.5823858487008162 8.125092808490276 -1.797131417378663 -3.632466432958585 -1.773936147507398 7.368242660894136 -1.267751248156403 -6.453052242159626 308 567.3575530052185 2325 1 -1.370409857505094e-05
 -3.389384633820226 0.3804444147928777 -18.73288315514716 0.2592784306963942 -336.6384890293941 0.2606674552481178 -960.2889133743927 108.8902166664588 33.43108841271773 34693.96701318936 3456348.289572409 2962.638999643094 296 191087 1 4.356631387305911 -1.600483482167673 2.593939305788501 -0.3639369338756612 -2.598600938176288 -0.7600785975859949 4.32943709611946 -0.1951983905406181 4.369687354716004 0.8497064415327999 -6.607483420288064 311 575.9106612205505 2325 1 -2.422686167639818e-05
 -10.55118487504376 10.27062815980841 -0.2381349789191084 0.04805098425336083 -1.916566118503116e+17 0.1915465289786489 -37156.96734843191 55.91526437007722 9.87694866205528 12780.50559621076 -240395.4659984501 2862.546967772262 2996 127773 1 -4.254851080851211 0.1002091398018994 -0.79781364085086 -0.3375001277801628 -2.051286774088858 -1.673160565085284 3.120622008350657 -1.740915857843745 -6.289978483369601 -0.9180410645042061 -6.399022692356741 314 383.9332251548767 2325 1 -2.990870154726978e-06
 -3.65017897973129 0.5120562534660236 -5.2778696700294 45997.83679085058 295517.7829143457 0.1891772704816498 -171705.6297034134 947.1589836543731 1656.983587322867 0.2653772392270274 24371.27163628539 2906.105231141023 2257 191663 1 -4.143069623842737 -0.7628464338129985 5.180186308254165 0.4338494486493847 -6.312924039202554 -0.4976109662658645 2.372044630116874 -0.9510122001518768 6.698994526962025 -0.1377806003846284 -4.720647351718418 317 575.5166161060333 2325 1 5.229758189025817e-06
 -3.03184274733891 0.04047931805976993 9.948887846715275e+20 0.1017194301865908 511829894.7729263 0.1751962332767248 -184934.4315338442 1082.312440204538 2734.718860915296 382.023613541236 218.2571841430575 2911.841311527619 365 174993 2 -4.504165333228226 -0.6567619408307088 0 -0.7492430118036576 7.370088647416985 0.5120777174287721 0 0.3922616748716212 2.5250972400928 -1.374733140477357 2.465362469773256 320 518.7441649436951 2325 1 1.794584547556055e-05
 -3.39308570866935 0.7168445070834901 -0.9670425189612893 2252.315035653345 655.6265671841835 0.03919185258297679 -9.993554228391212e+20 91205.29702916284 18961003.4743458 48174.89447260488 6852528.237907768 2922.735885631158 168 190167 2 4.292615297581386 0.6865647677375382 0 0.0843477717093126 9.264277670129724 0.4312470956919232 -0.4250782467822618 -0.8559592172212698 1.782781908528776 -1.036644030379496 -4.886340974627084 323 556.1695001125336 2325 1 -6.765636130509917e-06
 -3.423978841638406 0.3036260153325537 -303.1599403393835 897.6305161863401 70.12256699337229 0.1564875241840467 -1334162.719487455 249.7425135874073 136.0472513549111 0.2215819987812882 325223.2994254239 3015.025235818508 479 191652 1 4.503183901928892 -0.1055241851231479 -5.773208769668706 0.6729206697185415 5.330079384851101 -1.156180885355936 -8.807952720524325 -1.785589211470461 3.954156983651584 0.4282846658132122 9.485059476063201 326 559.5032000541687 2325 1 1.242377765335661e-05
 -3.948879766722821 0.732436037934696 -2.180585296668385 6294.172615606892 1784.476591352662 0.1314439163115463 -24064045.9750873 68975.23752690578 12036209.51114093 4.140584263486931 1.922736035860458 3068.888159292506 1487 191655 1 4.516349641276276 0.1930936882946215 8.534585472929484 -0.2782355223572513 -4.948976647914348 -0.2098584402579835 0 -1.659732623980042 8.745710910581751 -1.671632580118859 -4.105268033642203 329 559.1747221946716 2325 1 8.741896598202261e-06
 -7.178554975221783 9.385849843415274 -0.1281346385710808 3.581611691109353 0.05722848508634835 0.1837306183377048 -35600.24128888068 321.6033319827792 228.0478225652108 1.009921998631421 22.69068325435893 2950.825052266176 2387 191643 1 -4.347317404732332 -1.354366132011478 4.917869804002609 -0.1372852501230497 -5.736048779959717 -1.945237267426394 8.533125501390421 -1.47066023780535 -0.4373671265245096 0.7682538949004929 -8.055145261169677 332 557.3120129108429 2325 1 -1.932791183095014e-05
 -5.306410034684687 11.30978619547891 -0.07317013591736811 1811.586368555866 645.4271492595523 0.117405372058037 -85898238.45205374 2285.053932679612 14426.85740286509 5.345216266516683 1.878131350232818 2815.997443374539 13930 511076 1 4.619983248084103 0.587192249219449 -9.73264928844827 -0.4434882835500638 -0 -0.2883355197857061 -1.223888891782494 -0.5890441071899684 -7.578938241275491 -0.0550382782847585 -3.998878583119591 335 1474.923162937164 2325 1 2.716830509202529e-09
 -3.570219750866613 0.3963282460389969 -51.78477162137553 0.04109925399450807 9.992260383238419e+20 0.6316879814190032 -29.57038524259455 242.0926090176318 135.7037070720257 0.9218822783785692 43.40023727453121 3053.370408174444 288 187941 2 4.534595323341854 -1.679052058663397 5.449443296919339 -1.952588123282902 1.610455943659364 0.6124762013556325 7.992006941029953 -0.5648334669806667 0 0.9293831916746731 -3.166550707423342 338 566.360936164856 2325 1 1.351904838481705e-05
 -10.54862273760607 10.43736154025478 -0.2374370049002606 917.139839495357 60.3219226892854 0.09005622715271559 -82996210993.40413 600.5942247966849 786.8427558525248 1928.707455485761 4828.254559896936 3062.668121449228 2648 127762 1 4.681550544534384 0.7367198973502855 -5.839220113399282 0.3363112673850654 -0.6173911657131725 -1.990854527938951 -9.046492705611396 -1.029257817940374 -6.742435976304767 -1.073376405577195 -7.968413635180227 341 380.4931077957153 2325 1 1.973871777108454e-05
 -3.637925338870035 0.0466987487855881 -3.132479297828338e+17 2.86382715231327 0.1248199598386013 0.09371480771175641 -11070682089.7058 13757.15535755185 471714.057009523 92.55214115778577 27.11444304773491 2849.334221430414 4460 191659 1 -4.100704281173465 -1.692638023897357 -0 0.4180535718959222 -6.469098534694405 -0.7192607507526345 -3.022288598754807 0.3479132225507375 9.246839392903247 -1.796154632509155 6.896310193232739 344 560.2893829345703 2325 1 6.862511326437174e-06
 -11.88983386146675 11.94462871938597 -0.3082052507797194 65830.79468924219 42066.72261843803 0.5544037441506946 -23.23958102007932 3598.866885894067 32930.39149259006 179.1097029080759 21.27492422797335 2893.163404041427 1685 127751 1 -4.092448180706521 -1.294451388174441 -9.298316697402139 -0.3605677715580785 1.56841468682553 0.8987814884638254 5.546029175366482 -0.1770556738515499 -5.27753974556437 -0.1805952152483048 7.117596387078629 347 376.0025181770325 2325 1 -1.066247414368527e-05
 -2.738324589182976 0.04408307519074869 -8683233428263253 5602.170706685384 14682.52051387278 51.6518946359926 -1.843711103995479 39790.63641093641 3619102.223192464 0.0381793578105886 9.983315552930267e+20 2803.05668896708 2948 191649 2 3.311658279133372 -1.220756784805157 -6.818468275149677 -1.471005441015057 -7.832295778334002 0.1983594462221906 0 0.997298994548061 -6.875835720988504 -0.05824259938911869 -0 350 560.6234660148621 2325 1 -1.370530667412268e-05
 -3.615248232808996 0.3950824367851614 -20.94979646378685 691.3603777147775 29.4059653289289 0.04629220505896339 -1.969356786612502e+17 3254.202488787721 29024.12255131834 314.0290032478531 284.6197392586369 2826.511053550755 417 127106 1 4.205766425006003 -1.634053541530669 0.3724186736314286 -0.166838986030518 -5.346709073160314 0.2598409589492867 -4.635048128006658 -0.9808271578442422 4.863238823756048 -1.489762523873749 0.9444397483430436 353 381.8283200263977 2325 1 -1.010717210168933e-05
 -2.860930911511262 0.06352657794796034 -4029646767853.404 0.04013903068786286 9.991691347035674e+20 0.4420085034787304 -82.42831058265958 46191.90101074579 5416028.602273074 2.843472725078686 2.530791396083039 2780.128610057667 2749 127764 2 -3.462994114832787 -0.9826407261500165 8.409099502352827 -0.1976250117189942 4.909346343320873 -1.619284633257444 0 0.3799870861505781 6.494026513282889 0.2421354044588275 -9.897298261838719 356 370.9384260177612 2325 1 5.721407482036132e-06
 -2.237190692555427 0.04002729208046577 9.994281079748833e+20 61.84440695927992 1.434228133845448 2.435256075225462 -0.4509677963810219 1623.871498934748 6082.358077625604 0.05869170831652655 3.214102257900309e+16 2898.049838672164 2723 191619 2 3.596954057198623 -1.728798334284583 -2.142643137904949 0.9204121497715442 1.517741107018266 0.08089694057835263 0 -0.7426992642524377 6.039450218308508 -1.047570315071168 -2.832777662913089 359 553.92498087883 2325 1 1.284883889157608e-05
 -3.205826315071817 0.05053459718118562 -6.6365664921511e+16 98.31394639897296 4.160356190567222 194.6053902582907 -11.52893209426363 125.0605668618178 50.02586355666506 1.993978380776746 7.485773412029073 3068.835319376647 2128 191658 1 -4.673391045790207 -1.327516337097338 -5.635463336303024 -0.392130372022888 -3.270467659139467 -0.1861747665017166 5.181552541833477 0.2001555083492871 -3.508861500526897 -0.9738457834467527 -5.74530625391225 362 559.0486359596252 2325 1 1.63110572597975e-05
 -3.036691387605979 0.8360747262798365 -0.3548690895600864 9243.301662218437 18641.20227574744 1.65087789812447 -0.6344819937087156 1098.932365856113 2697.309620165686 3.477610185854117 1.575437627193073 2970.518069886215 204 126915 1 4.467378118849277 -1.57415772694324 0.5418180962792647 -0.720830692655948 -3.496864928740811 -0.1515836883058324 3.88354909309064 0.279973251207696 0.2274745400169396 -1.651152533281851 1.783547633250212 365 377.3027470111847 2325 1 -5.919678599969961e-07
 -3.406767985973635 0.4062239033651657 -6.925146713471748 147.3140008805618 2.248639433142099 0.07258908129925982 -174587481713.0297 2956.399075242433 20452.9483777535 1.764258172501768 6.389295033694913 2842.543017269501 176 110592 1 -4.337427020496604 -1.176142590422007 5.808856302290908 -0.8230429390799312 -3.052700527929654 -0.4299562150696073 2.878851442680411 -1.79034697217585 -5.140377752039487 0.5085086461881536 1.332909923194282 368 326.2951691150665 2325 1 -2.11147068105354e-05
 -3.193073414942659 0.1970738939600573 -13844.10843315175 0.4730928870332815 30.60424982981976 0.1059621279300169 -2013117011.711508 5081.290748325592 67964.34234683517 0.07519483196296811 29623144227415.55 2886.166879013162 3211 191643 1 4.265298230411841 -0.3596102833220574 -1.093996520857006 0.5220823293341006 7.103675434604016 -0.592175032930359 3.37189121168274 0.2441880414608706 3.285464753650484 -1.267747805576528 -0.4307342807683794 371 556.8288350105286 2325 1 1.494415989242239e-05
 -3.396775236603672 0.1934686030421103 -15437.57787389795 2277.908885445508 454.3822987209716 0.1270394384398567 -44646576.97500091 419.8674226149936 397.4012636933135 3581.036150717043 14548.7784580701 2930.072769839432 356 191563 1 -4.670117152279308 -1.847419168311401 -0 0.2504297813336546 -2.274355954012031 -0.1967067556621931 -8.644046404389377 -0.8691052870561169 -4.851624396888436 -1.240771605647034 4.953454686975877 374 556.5490908622742 2325 1 1.359062042587547e-05
 -3.198113085997965 0.1000056469611475 -45188485.91281691 729.1481663090542 7.648548013126021 0.05419773646399863 -3803985407081540 63.21571579759487 12.98036684467439 6.906475814989817 0.7780576750985706 3080.421871787369 2941 191657 1 3.977091766622201 -0.7031112659738179 0.6870865008657319 -0.6854325807474293 -2.285591202902908 -0.09574870688951624 2.7608238176376 -1.100505780307275 -6.294596712820373 -0.3626529107384258 6.922605433118935 377 561.9343919754028 2325 1 -6.034163687808777e-06
 -3.678737424928754 0.3288714870003233 -51.29893702204028 0.1019225800312269 246142870.2815985 0.2966122126318919 -858.8237770543783 2348.804797015508 11982.60235737501 0.1801302003349354 310009.1392566759 2720.259035828495 1720 127770 1 -4.56889585278322 -0.4485039386410978 6.982958550238985 -1.869709262735313 -0.7958329889686668 -0.4604481732414413 5.053633627681316 0.006019346843043858 -1.551855981613609 -1.028366890691508 3.878205549606657 380 377.9480760097504 2325 1 -4.49136358616485e-06
 -4.031415115317636 0.9891858592761855 -0.3146868204244284 6830.690312007236 2331.150369748495 0.05945583779035371 -147509051467069.4 524.5833291358987 673.0843050015691 177.2859928464809 37.55196355943494 2915.316007699376 237 191628 1 4.100361787527373 -0.613970091015462 1.020538073305048 0.09975847830530243 7.899349916529976 0.475726957956446 5.558092871246443 -0.242196736540686 -7.0580376929928 -1.667607322816576 8.214907108704271 383 552.9757671356201 2325 1 -4.996793644774063e-06
 -8.918556508642242 7.343484242428043 -0.1504674383743644 0.04102032416742458 9.967623447948862e+20 0.1897760008428836 -213691.1751595828 9464.648154913513 186093.3872049168 0.7234263729205087 67.05016735349764 3008.803684731007 775 191661 2 -4.554922174275531 -1.630689818246188 -0 -0.4571193298500411 1.595070528942575 0.1459021714850168 4.693483410344602 -0.05139341544073606 -6.211918929442838 -0.4153376051256519 -1.742526327053501 386 561.5421571731567 2325 1 1.226049212687594e-05
 -3.589878068570365 0.5284222374103208 -3.958605508268525 1598.608077876271 1186.961744522276 39.90620680349321 -1.29235373594285 6483.966278854178 103166.1082447718 0.1016645210383604 -387383485.6551399 3031.123499250541 944 191503 1 -4.698223096512822 -1.19669585466328 -6.08135187763327 0.8884962880839513 -9.848199629652704 -0.6465378244402364 5.860605381205959 0.05697046277430441 -9.779339740730187 -1.651015024957368 -2.807508867356262 389 560.5665309429169 2325 1 -1.582213052915125e-05
 -2.888439141106368 0.2262158742423066 -1275.178323769269 0.06789911723038201 -2028560224050.288 0.142035033058059 -2950465.402380712 117.1701339531454 45.95855790463369 1.823449079342574 7.976591615492455 2915.564553572824 1690 127769 1 -4.591339232122411 -1.2445210317857 -8.737146846544382 0.8252245660729121 -7.39729299413505 -0.5427070288445295 -4.720467248202244 -0.1413834348197431 -0 -1.276894953670306 -1.163770197068717 392 376.0692889690399 2325 1 -6.785212640681181e-06
 -3.183607737826959 0.2738472576025243 -687.4457676027108 5608.467211727925 1398.554109528882 0.1617335730137635 -1527723.066714642 136.6873714977001 48.32820465524282 0.04892943399026373 1.113238246665645e+20 2919.979368454872 1719 191644 1 4.63417235681888 -0.08378468307069301 5.586753324855824 -1.545203639492247 -8.368227995743059 0.1674462057338303 -0 -1.369608021741794 -4.826970623614399 0.484851336167253 -6.505548654546818 395 562.2607760429382 2325 1 1.889739097519813e-05
 -4.002242957386997 0.5965800863615812 -2.578451691326828 1.975528422637951 0.237068225724224 0.06320233686357207 -27891741856526.8 23909.35725282064 1509649.146379384 1.246922221441054 15.14193034345825 2839.351432102726 825 191630 1 4.515988442472304 -0.2466843709215789 -8.504648953180531 0.8554183853482247 2.943967640609054 0.05795286528105191 -9.668363568716385 -0.5929462806775003 8.335091575590182 0.06927146771132661 5.524523800262817 398 559.2480568885803 2325 1 -6.241553008857975e-06
 -3.24446076849744 0.4242711755285194 -8.214863483350832 19800.82494315225 18551.51573196072 0.1622084790142132 -496337.4201817801 775.3736980334015 1309.432369942482 274.6388746974498 -35.71985617725132 2904.379845476878 1385 191608 1 4.529371614716111 -0.4149076720423439 -1.978359248490549 -0.5194968965507218 -0.5771752848323572 -1.159856642764169 -8.739856377406337 0.4073182772403511 2.34968455203642 0.5256880216377309 -7.830255883467709 401 571.5620050430298 2325 1 -2.634225321629525e-06
 -4.41476391125368 0.9340093485643998 -0.74911273179649 2218.957155614895 243.3113602368007 0.05308370856056538 -1350189766747718 981.8887042141017 2011.926094805131 20138.70474832762 838915.2142893245 2951.172193512342 6658 143746 1 4.590728659951545 0.4217438313921633 -3.815792429085157 -1.10692061996488 8.29268436850249 -0.4911780725650452 4.849630149304231 -0.2864197750367082 -9.485010456020181 0.4916791424313565 2.915463769187287 404 418.5678839683533 2325 1 -1.763795293677398e-05
 -3.372568486882617 0.07962627051072772 -816906087.759711 0.1485846028080097 -86568.22936338244 0.2252308315735393 -4328.248789110959 359.9436818679046 368.0091512469059 2.483228651998026 6.394209218170882 2902.635831687912 742 127741 1 4.55581038179308 -1.984981491051151 0 -0.674385577299665 5.042713011968822 -0.4509748887037191 -8.425427174033985 0.9742731461345393 -3.971188180736557 -1.919785119064107 -2.880523374393514 407 371.2097139358521 2325 1 -1.805942821240696e-05
 -9.140791570497234 11.06652628280475 -0.1927936547600453 1.378470947367021 0.4539966218769922 0.08884920129573502 -222892470172.2141 13897.61617151386 413055.1199988675 723.3495819599617 1448.711496001253 2858.85167922726 3202 191657 1 4.65715834835577 -1.834338954902083 -0 -0.727337658754271 3.568392099457728 -1.735949683145237 9.363202658837844 0.008156530229344424 0.5509363791538231 -1.895117624062601 4.616464748856267 410 551.7976739406586 2325 1 2.312078198754503e-05
 -3.170782553252718 0.2209999648286945 -1574.739325250812 2.367249115574929 -0.1038672678826349 0.07596194940298537 -70096785496.27551 6004.813662519073 95928.89750941408 0.05678021007877973 1122312016994747 3059.174848437973 1382 191559 1 -3.527230390916066 -0.9345892835820528 -6.355490395917935 0.8052531228579349 -9.744252389772381 0.340339409127992 -0.9162232748567076 -1.525192108728163 -3.713278393252637 -0.01055632784690009 1.935897707386721 413 557.5610659122467 2325 1 -1.278631710966135e-05
 -3.961524169327112 0.510132098569514 -9.787326676110789 3.688071927041625 0.04143310598929496 0.3150965227829499 -885.3740538505087 3742.658107571561 32391.85985381891 287.6336707426198 95.00215978757097 2799.011651515416 942 191654 1 4.289789919463902 0.6809480760974522 4.065900554029799 -1.942704199447211 7.069365201798336 0.8428053708757681 -2.089374499081606 0.6159970029926591 0.3168256366333497 -0.5299514645248768 0 416 551.4734311103821 2325 1 2.138098239280799e-05
 -3.593573274588698 0.7291840869309305 -0.81107201029096 0.06990087527242908 -77465596755.56261 0.06967597001406174 -359189722272.1793 63.70268705098257 12.5660665526262 38.90204219915248 9.331797004317252 2930.81890536858 1117 127768 1 -4.288195535329094 0.2315888331530233 2.789160741390614 -1.038672769229459 -1.379334994938322 0.6524926838048333 -7.868825309130074 -1.623802606423189 -2.743263698745757 0.3646697392778733 8.272039531005593 419 381.3551712036133 2325 1 -1.715303727091505e-05
 -3.880786418653756 0.4598259880766376 -10.03253418158307 1.378734151127784 0.07781043475670057 0.6145677158959509 -11.73926775889585 9209.36665751273 169116.4918816651 0.06480866553064994 86033889245767.92 2866.456939749441 2179 191645 1 -4.595185732400824 -0.6701858846892188 7.209644012855149 -0.635936335867413 6.843764029732757 0.3914749703272701 -5.568530792569726 -1.997129887351395 7.298903799876026 0.3436042782874797 0 422 555.2756581306458 2325 1 -3.150637732491347e-06
 -12.8647263604647 8.653283633246485 -0.2852842086289593 0.3513176298637279 243.8063639917762 0.2021278788452074 -35945.25961568498 36475.56259539218 2839142.523053404 122.4256712534544 17.64042551181149 2931.659343195216 2528 191649 1 -4.588052640347874 -0.2011848580315699 -0 -0.8587507749617922 -3.400449197695624 0.4574495019784934 2.357349361040017 0.9949173349802035 5.817117167333532 0.6738115191067635 5.411695448518294 425 556.7601339817047 2325 1 7.205750219372371e-06
 -3.241793099718937 0.3588643498425479 -21.28828496922336 3420.302790545867 4299.149480185884 53751.13863529496 -1107133.176413351 147.7968262533222 55.84189616666916 0.1489902203393927 2894455.915296894 3148.698088891983 548 126814 1 -3.80035501391944 -0.9162542118696546 8.695714360768378 0.2575709164739046 -7.90618123358127 -0.7760497915327358 -8.268184798178622 -1.460206895227266 8.732011749514466 0.7632594669540813 -9.752009701263937 428 374.8713910579681 2325 1 -2.42172621241581e-05
 -2.891130855929458 0.6192873353573816 -2.940703863243575 2663.944674017345 1360.091522304421 1.539697527707828 -0.9433679544931688 944.6362909703464 2327.102030867932 67.09012665692768 3.691289339406406 2975.38483587389 2346 191661 1 3.171284849633982 0.2201241201222586 -6.697190883987511 -0.5564409108883517 5.657779646292408 -0.2057041214811513 -1.670061028351136 -1.720692291525854 4.083005102490082 -0.234247110180446 3.10310537878383 431 558.9223570823669 2325 1 1.839837848309177e-05
 -4.38486576414592 2.045441397176677 -0.09326277230315098 451.9180443894637 12.013157453544 0.8320190634168091 -2.545851314650734 2715.964736203927 20302.02098264708 3.047963000073654 4.713579173227654 2915.286530641958 1038 191621 1 4.214009673019694 -1.581040946084429 -1.685627247147333 -1.589481904210792 -4.305286609577062 -0.5838494453967584 -8.186934623380008 -0.4158055475044211 -0.8632232065589496 -0.8574824183681553 -2.599162381575483 434 562.7131910324097 2325 1 -1.349407334909215e-05
 -7.459156786801819 4.917859667317118 -0.1120099691085618 0.3960250365757642 -13.65303852467491 0.3031839265788097 -1590.565748920243 3014.016604780918 20586.30561396036 1.238203429928441 20.99990717375922 3154.781578937142 1359 191662 1 4.524288808341895 0.1527064928024728 9.552834809891824 0.7539365234993718 0 0.1823624345740944 5.322816549612981 -0.2958848458720685 5.14699954493479 -0.6872578623900196 -7.896169920976005 437 561.6570777893066 2325 1 1.05551883540104e-06
 -3.699836078418029 0.790359886297171 -1.301625293115796 0.383764381094198 -32.04691626343278 0.07267787114632278 -5397787119266.827 921.3805821962446 2224.506397936899 9119.661267866601 80269.56622501193 3004.073175619078 745 127708 1 4.28979770766519 -1.936949034277836 6.020150962828227 0.3233072381804671 -1.290733861828602 -0.07174500331035996 -5.948744721464753 -1.605385557901595 -0 -1.078568553268834 6.079064013790388 440 377.083545923233 2325 1 7.494337761423947e-06
 -10.39063701964969 8.099362411319795 -0.2126949530438066 3.158992981521229 0.09197224667476724 0.04282123132878718 -2.894937965698907e+20 12603.25878691976 316403.5664218747 1.161827131511448 14.58104513239896 2698.883476389581 2277 127660 1 -3.817128174217314 -0.0008150628160805792 -0 -0.8339602573984761 -4.822863498775745 -0.9386046964786345 -5.454070478845724 -0.6516153351353493 -8.853376839345092 -0.0436829925386135 0.06488122040443312 443 379.7713961601257 2325 1 5.51052418979201e-06
 -3.755151505215378 0.1925287803354488 -23820.78648863624 2421.579005450865 429.0446237711844 0.06443062849392707 -276118107035797.9 4072.112132111566 42686.74884349838 19.06821219302775 0.4790805891180714 2786.057152396454 2737 191664 1 4.63131124727108 -1.640519793604179 1.925641342449309 0.3855381805710456 1.788254482962091 -0.9988558206300571 -0.9014518807476857 0.03985064852717454 1.787975716924975 -1.045333842224327 0.7957808793902217 446 571.8606009483337 2325 1 1.616554577033087e-05
 -7.201930402382366 11.41779712066078 -0.134071471121477 1.579766242061659 0.1302897622997829 0.04606595579195967 -1.937734511194885e+18 114.7329200681842 37.67923525478478 0.07313289945287081 3148532178780.204 2962.905303110535 958 191624 1 3.447658109460566 0.5560221227404885 -5.187406908334031 0.5723538738800853 9.868423766979674 0.2704304597345954 -2.452821646063281 -0.4229931952430839 -4.762818287019693 0.7567973282268863 3.071942677923419 449 576.2285549640656 2325 1 -5.940211374577245e-06
 -5.927605279485201 9.939235393039969 -0.09174320499552539 524.8069014460791 21.73245273084497 0.1370777247852467 -17823951.72916566 520.5177334417078 800.8816920946276 1.413517655982571 15.03906002561806 2816.854787655854 1695 127712 1 -4.181039558215321 -0.4051320703277295 -2.921754066786452 0.5358427478983114 0.8117201318882077 0.4700195965467961 -0 -1.364423092738435 -6.144461245872876 -1.551558774750455 -4.165774984998139 452 376.8373339176178 2325 1 1.849715156888039e-05
 -3.368962604748122 0.08363501316517276 -2277136512.763834 0.2925597198772335 -512.146360589501 0.2759309389701223 -2111.773540085658 1506.861924769082 4945.586293397909 0.06628620991206881 738977047358156.8 2848.630788217662 168 163502 1 3.244318697780634 0.5716882334310167 0.8487586611726097 -1.036350352739798 3.011722182624285 -0.8294529568211884 8.522133992073517 -0.7091340523923595 9.282560209868851 -1.486395564405459 0 455 511.6281681060791 2325 1 1.377126304523908e-05
 -3.921199245605552 0.6637041076311534 -1.87324385762133 3.017354778032633 0.1258975496313699 0.1371273126463204 -4248691.727519656 435.6345696505111 517.1685037430352 753.6885129101988 828.7895594033963 2986.638202110438 599 127672 1 3.946466595542072 -0.5747497786122295 4.84959659539093 0.002184568522995498 2.340198499008001 0.3802359500925458 -9.136447930907003 0.3183218671200168 -3.318841757913042 -1.210880074245429 6.717186085748341 458 377.0005488395691 2325 1 -6.95013482059969e-06
 -5.08615452016856 2.086275192276983 -0.1463361115768106 1272.265098910422 425.6436868831734 5014.795074107043 -5642.3958982462 91.41596805547906 23.30514800972523 0.1135330415323899 2609134197.030978 2895.052737197517 1548 191630 1 3.162336890937091 -1.140215100823589 -2.260147133171488 -0.1990701373538588 5.963469234159152 -1.626585181701889 0.5452158422866136 0.09262109295228432 -9.184315371594151 -1.392560344327696 6.524581211543362 461 561.7067201137543 2325 1 1.35521729358563e-05
 -3.849050497511614 0.6210259031088303 -2.59165418594488 0.04981176050670631 2989240134442572 0.152396408281922 -417789.4816792493 2264.885102103049 11508.25737732747 481.7022687797738 -374.6480908531145 3039.906367377838 3049 127717 1 -4.276330776924816 -0.9727057137071951 -3.077892421651185 -1.713134220245802 8.55931071205592 0.9439621572443517 3.059529338699511 -0.5757339210793067 -4.042896910064734 -0.7201194191396088 -6.954178388619825 464 380.8644940853119 2325 1 -1.562786597331758e-05
 -3.867621831704203 0.6852847634698521 -0.9727378859866641 0.1063732433705716 455222845.5834918 0.3056604925457623 -1529.118153336724 71561.12535262079 12441370.71070796 1462.372844908224 3341.351136796236 3093.24543208813 1713 191661 1 4.558309258941997 -1.246774546129586 -0 -0.7268519220126572 0.3642086334552994 -0.2282330654925318 0 -0.6312420870157744 3.752284718474362 -1.645966608168031 0 467 592.361319065094 2325 1 9.513964203338432e-06
 -3.631964944477679 0.2918407415076003 -197.6223005267535 0.08889463337775774 1813140292.642636 0.0653139200638911 -4316683683518.306 76387.70086265846 14022658.37274672 9160.724150959837 349978.7492073723 2777.111138419993 2173 191649 1 -4.298419106778712 -0.4331933582196221 -2.419677591451119 -1.970459933339155 0.1550984118834999 -0.8259188838785221 -9.24141213772327 -0.3497821849190146 -9.760853906840586 -0.1726325890451861 -5.695912635573916 470 565.5017850399017 2325 1 -9.294487268635925e-06
 -3.059364646016063 0.2334496780294313 -2333.833628139015 0.08387760800023038 50488587664.47186 0.05024932232904589 -5.05116170520843e+17 3073.318638615427 24145.37283929395 1.58813138019244 8.154274330679053 3038.619288448958 2940 191663 1 4.413284533450034 -0.5443311509645081 6.680975657139845 -0.4717374160917984 -6.721503560006143 -0.08058675664754673 -0 -0.6384686250045064 -5.058862600526765 -1.913305458126831 -8.195884694016589 473 567.9394319057465 2325 1 6.808972425625109e-06
 -3.688589407917808 0.202592442183604 -15851.98487803915 3698.198412432996 -545.6367022631154 0.1964693481801486 -186342.1821267973 47934.72749476301 5154819.701865749 1.280936699031446 13.2616695269671 2851.580648386543 3251 127776 1 -4.660853293047425 -1.046546090602098 1.545196199990253 -1.708130798609362 1.36350768028397 -0.4104997009319363 1.824845022175519 -0.7205513049303925 9.36889784750832 0.2620621386399744 5.165121360485605 476 382.4023199081421 2325 1 1.740611578498185e-05
 -3.278218158642197 0.04713902356606056 1918808904221286 5.00509013069933 0.08196895638386516 0.1033631396951634 -142762639.9181682 889.2163019576618 1961.809000035621 0.6539518257672572 68.40461394266875 2812.840445092047 162 172779 1 -4.43438752838509 -0.7858808150018924 -7.641912221653076 -0.9244871884843322 0 -1.603378338362933 -8.969629897188922 0.1250805977333611 -2.69907368876418 0.6756637945286963 -2.66548513710286 479 519.8464291095734 2325 1 -8.803499421135427e-06
 -8.410204722782717 9.057360448228001 -0.1637118703046657 2.33686115290581 0.1395423990251494 0.05101629324974538 -1.106814317505255e+16 76497.83878975615 11995832.36662573 0.03848046713131208 9.999499616874524e+20 2868.996213559848 1343 127706 2 -4.655923157675266 0.7003460190118047 -7.268356485805775 -1.304971796841807 -2.66104291152939 -1.814243027045474 -0.3479525960420782 -1.513703690245023 1.858699093451012 -1.18413278694552 -5.910350587989192 482 385.0420398712158 2325 1 -1.368012797932537e-05
 -8.756453455303115 10.00109426365196 -0.1757094490332574 1.608594763816815 0.1283069912701849 0.5105789414402958 -53.27476428405086 36810.11119222486 3376132.615344986 1714.384066166506 -2076.547787242238 2898.20660768882 1341 191650 1 -4.381417612526342 0.2132746820863156 -0 -0.8915568434398438 4.491587686895368 -1.497236845855291 -2.278951082715727 -1.387784299604358 -2.720133097118165 -0.5932595942188419 -3.321408628269696 485 569.0672419071198 2325 1 6.592749958064387e-08
 -8.185396827963984 11.30821822571276 -0.1762867044274667 85.54409460008215 1.307449531829153 0.8594723835212867 -5.081834637002553 89.55660145664318 25.58052464728168 4766.91955295948 39502.37040371543 3029.709313489207 377 110132 1 4.372654603231164 0.3157651395653777 -9.952843872063442 -0.1633087424975246 -4.90438301579895 0.63954474169594 -0.09399716240030109 -0.4113861811720643 -7.628987830058875 0.9659140917798061 2.589107548789502 488 339.146155834198 2325 1 2.189102368246767e-06
 -13.08715823639193 10.45056262377965 -0.3118769134829322 579.5436674441441 37.62167394710688 0.04848512506355279 -6.640262376503927e+18 729.7179257092931 1350.653227758037 0.3602421214263793 3144.014934375287 2925.336926976167 1889 127757 1 -4.176363135329327 0.03005166813277599 5.879162619725295 -0.4789034053803443 0.3214919866293995 -0.1614855242934521 -0.4038966038214711 -1.559870285143353 -8.24304992760929 0.507463334474239 -1.679519337714267 491 382.122631072998 2325 1 1.279243072178613e-05
 -3.762919084370013 0.2462885683987543 -1273.957276633189 75668.37054606793 726605.0462669509 1.538254061809026 -0.6664150880090072 822.5942950758997 1589.135171154685 1.605186721601774 4.323700040589325 2889.269353219175 3439 191659 1 -3.068625089753152 0.9633555603830173 2.344732505646228 0.1013635794769816 6.635283204488311 -0.2187289626571776 -7.090333263913523 -1.992601969891161 0 -1.946628303403912 -6.967004150824843 494 571.5282487869263 2325 1 5.85135012254625e-06
 -6.948465101920175 4.462471945705961 -0.136268537754606 649.8808063203434 22.84118727346451 0.2471073799326919 -3672.009668699242 115.7504750210742 39.46668452636561 3.276765268565126 2.475511440829712 2893.473483321078 1570 191519 1 4.49042363138943 0.9291583326532673 9.93795784329795 -1.785248034462194 0 -1.608567505538423 7.726606302618791 -0.117189340626945 -2.856611185629341 -0.7409735964032826 -4.116595728294753 497 565.0424740314484 2325 1 -1.830230225278109e-06
 -3.447382910780029 0.03557785400739751 -9.949894366223527e+20 2.038599524351369 0.3804121343597057 0.4320976424388002 -130.8933152605991 156.4094401666189 68.18795309518104 1.03588681903735 22.97222029989597 2978.940408842801 1704 191663 2 -3.239378616533231 -0.8500971526808191 -5.856522038118355 -0.6792267124274183 4.511506083482592 -1.355242484838103 -7.308383973082689 0.3475633283895813 6.687015393083929 -0.1734958621890232 -4.721110830526838 500 572.1927928924561 2325 1 -3.780259992935093e-06
 -3.339857454781676 0.1658277771438642 -15179.49540036878 564.524184479615 51.1128926939005 0.05864933481362495 -35832830682033.37 5995.224534648201 99916.28340537482 91.2177363909355 26.51717372001635 2868.969501472822 853 127760 1 3.860680266064964 0.3954959511824665 6.422778589254313 -1.181066178990589 1.055462573381904 -0.7730257919700065 9.449063079252973 0.8088993345548068 3.317658183359286 -1.456759222639302 1.586896344745775 503 377.2371850013733 2325 1 -1.761625006737325e-05
 -9.626166129557232 6.969266742559588 -0.1849703271132088 3.008814749653517 0.04082846358137291 1.855688443061504 -0.3516967489700341 347.3837632065639 313.5393179695017 1.562047984754564 7.044151091280099 2920.853094457937 2915 191644 1 -4.618321123459586 -0.01279410246964476 -0 -0.2089784337275331 -3.427372891928007 -0.6461233258716081 3.319303970458034 0.1832029132296817 8.206302261334528 0.8049224340302588 1.024764106548678 506 570.8604278564453 2325 1 -1.656577440850365e-05
 -2.947018472554589 0.06891880216433677 38504776775.1842 141.5249212150299 2.555378114037551 0.08161331940447926 -31054358333.02573 321.2747453824324 268.6006269718422 1.642834751672514 8.971716228147065 2865.658593142523 1634 191596 1 4.281913535945377 -0.918286851236175 5.425306733957271 -0.6794902407848271 3.991077589499872 -0.4875588124445294 4.482302032498866 -1.650552089540074 -7.481872560227925 -1.529152445210086 4.119669065542118 509 571.3815979957581 2325 1 -9.837572240975265e-06
 -8.238897651652374 10.41651573211498 -0.1577279505908981 0.4276946109286365 11.01068402357736 0.3249369348153571 -700.6817576085409 3367.557846333923 22501.70219239036 0.04167272871925905 4.170737655983375e+20 2964.369376772677 1953 127702 1 4.134863414728351 -1.308374670271789 -7.228787853889466 -0.6809288994162781 5.82561923687762 -0.5267400402816529 5.642801567799475 -1.203848222653908 -0 0.3385391507140544 -5.677860048565203 512 388.1293070316315 2325 1 -5.036251019183367e-06
 -4.0333974615521 0.207233866360104 -9648.613625893586 1.4800135115272 0.3705939318270837 0.3456908683200178 -483.2217258037241 96.62975475864941 25.24351667588827 1.320766810266132 20.13081138042527 2964.173267235086 4083 127760 1 4.521430504390727 -0.2224468427829596 -3.20031862228715 -1.608710260062471 0.6441756730580748 -0.07047151901443276 8.471817629286798 0.5503141995987164 9.865651037923545 -1.775838121630363 6.118454191678491 515 386.7150230407715 2325 1 8.520563776079337e-06
 -3.42980917845437 0.3061810461723635 -196.3615159492352 3070.143767584195 -350.8628024776962 0.3153220872941548 -1006.573600147515 59171.31531006897 8533221.430470685 1.44544037682075 12.42525296571651 2822.661839390689 3045 127762 1 -4.277895818875649 -0.4740735980930673 -5.570287845539621 -1.208461965734725 6.358451610880346 -0.914752262420329 -4.333073109313961 0.2083792913600107 1.064190732443007 0.3874094109745787 -8.957968279043124 518 382.2168989181519 2325 1 1.437994150802187e-05
 -9.594636635180013 12.34325481750993 -0.2361060471579339 695.474738374972 29.78563142242114 0.04794505657913698 -7.041855707401076e+17 92014.61328678834 19745674.52032555 1.56509958998499 10.59910242021112 2917.706271497744 1841 127771 1 -4.291536568742618 -0.2415910680091997 1.470975610538618 0.4376667486254631 3.063267483300077 -0.1641084409056823 -1.178327650198602 0.1936531806071703 5.669867056569812 -0.8202397278740365 -7.979796804585757 521 378.4808139801025 2325 1 -2.090796657242107e-06
 -3.466543780362285 0.334733411115739 -81.52822947424012 765.2692180168183 21.62859695707961 0.0693444422417346 -33416867266055.92 4913.044962827409 61013.21144373214 0.06797671713973101 263676248320067.5 2743.275045895246 1777 127775 1 -3.832490002254779 -1.077872137164835 6.561099566749165 -0.998255128086778 -0 -1.336128927229887 6.6930859118929 -1.548169580943945 0 -0.445299622644848 3.746655382428566 524 381.5344879627228 2325 1 1.171560732725599e-05
 -3.095130671781826 0.04551613787286866 1927207444633719 1916.466764593898 316.9858097016982 0.06999211846361411 -544053315377.176 16724.33421212314 611263.8864300491 60315.93456692483 5115842.602068548 2992.949938175774 1642 127773 1 4.288841181156839 0.9762758496166803 -9.547571050362491 -0.3955657177366927 -1.583104516217774 0.7070766969197971 2.065321515847134 -0.9979674983582383 -0 -0.646060783278199 0.3394651991179654 527 380.5163810253143 2325 1 -1.573474666348323e-05
 -3.548875883154099 0.2124174536641606 -1131.307443187484 14.26924316580742 0.05521540516774653 0.4467023452431813 -85.76687530461726 171.9656258940767 74.27030335095532 3.603955560665631 1.378384650497867 2851.464299287464 865 127766 1 3.848487374477189 0.3523063338822539 -0.8428412410814241 -0.8995756755630868 -0 -0.5104505839900497 5.868656137803964 -0.8965578101100053 -1.287383830828992 -1.700920650635207 6.837309884851772 530 381.6167039871216 2325 1 -1.779260429393122e-05
 -3.665574284148033 0.05352498910849304 -9234806442908.91 1.089977837829828 0.7166299290936845 0.05584433329558591 -142176099091336.8 42820.95872110245 4000535.181855728 2701.995133344461 19133.20570586504 2932.70821187612 219 127417 1 -4.433444191996925 -1.914953555942684 5.930507397707909 0.1684991723846342 -7.638490241902128 -1.425579007976211 -4.61438846458622 -0.04415539489007612 -4.10122042573259 -1.439188049793793 6.635368051033534 533 386.1034958362579 2325 1 -2.112041082793155e-05
 -3.215856940799606 0.2710492469290394 -353.0150407203059 2736.716720441223 953.0302841343137 0.06760669566205746 -8687392035917.177 4295.568014919588 34627.84949891439 0.0470247174757361 -4.003147012848151e+18 2863.70906833553 1827 127718 1 4.697621853316418 0.7274361589427092 8.525399689940478 0.8029188308482489 -3.665515682265284 -0.9163606027964466 3.799691538137101 -1.183065351467915 5.690723210531305 -0.40556392480587 -1.48760369803553 536 374.2268509864807 2325 1 -1.652034132686007e-06
 -7.518388459840514 7.464744441369485 -0.1241947554510029 560.8047496273787 34.77564187949159 0.1887183638985624 -750687.6855078489 128.7839725470624 43.15974707377283 465.9955632350862 -22.30708624389698 2990.624301516124 1551 127771 1 4.199317278440681 -0.1881285545564957 2.604266459446228 0.6801553505125861 0.6191809003624167 -1.355085045540346 -2.532509160658017 -1.407514919210142 7.92309223109058 -1.942258449487212 -7.635305572042116 539 382.4281780719757 2325 1 3.700919104984674e-05
 -3.399236390834614 0.1064362039671215 -56836230.89249786 1758.533539814807 933.0913119032966 3.344998001503345 -0.2402391408821452 76.77408747122522 16.24085621138163 2.76654772269456 1.638360280029341 2858.190426855805 2406 191569 1 -4.567137691219469 -0.05540936687897615 4.299486279213469 0.5633300747132237 -7.525937267026706 0.7091619676205232 3.009151103110992 -1.17033931785021 6.740651498713135 -0.2442476622101637 -9.440901804497139 542 570.5544378757477 2325 1 1.439596908644824e-06
 -3.226100802320337 0.07264122308446493 -364137160990.4927 742.3983145330799 54.95002012369095 0.09607070381268376 -10364918937.21817 59.44007465344221 11.34813024780818 3.896356871994815 1.92087328424321 2978.104900358652 2930 127754 1 4.684672840970729 -1.892030478180654 5.919409885407229 0.651038623692429 -1.941115549105676 -0.25567865252542 -6.195631735958091 -0.8843051569256738 -6.167342250749334 0.6381541622625009 -9.810091030043223 545 378.439414024353 2325 1 1.048262248613692e-05
 -2.957491826470486 0.1167708354220807 -58766646.26924841 1240.161812306638 148.545680960808 0.2416205929164337 -32690.00260825361 11708.92534549588 289754.0827817108 0.8714359366071112 23.68934656366213 2912.986332746996 3348 127773 1 -4.48227719573698 -1.214546110313798 2.699831025879831 -1.497402830752918 7.823638439393919 -0.3944380642544427 6.54632873772505 -1.780844631431827 -4.026266535659803 -1.840751250088465 -6.719364007457431 548 385.1641809940338 2325 1 2.892577959940074e-05
 -4.936575897468006 8.219091210336037 -0.04176965645868422 36.59523880569512 0.4708929178552155 1.849765084869926 -0.9655379602163403 646.3086271585262 1096.289930059654 0.1586705730259607 8166221.466052593 2852.068860340204 1071 191641 1 3.597659720512077 -0.6108975673591318 1.318423284487178 -1.427674378921022 -6.012550883945733 -1.318570490442279 8.433545204298621 -0.2604495084114928 -5.97159127265169 -1.165503641280587 -2.718568303167381 551 570.0824499130249 2325 1 7.910093392305112e-06
 -3.71647360498551 0.1995091113801808 -15433.38954223835 0.1111141673385991 204059072.6288048 0.06723840157785735 -104741912927066 333.7403028005343 307.9458597642268 0.04577833778609485 6.981310741833592e+20 2793.141486163842 4598 191636 1 -3.549262995211919 -0.9588183672372228 -0 -0.1843853480196805 8.843358065430102 -0.7060593840528782 5.78518246980503 -0.6360590501467307 7.415908710057566 -0.5047233456776894 9.755045645205797 554 567.4342730045319 2325 1 1.455948576001989e-05
 -3.643990863468873 0.767838493606815 -1.496115804615191 0.8532121692749598 1.144753279341673 0.0834693794833959 -86186886624.54143 359.4869548674232 338.7356776452224 14003.85536851019 410545.0056876821 2863.159504238012 1118 191660 1 -4.696131578456775 0.2347435107811777 9.79445048264013 -0.958783411027273 -0.8522657205195863 0.3497223423489055 -6.89623392451381 0.6643501215714798 4.082758735571963 -1.617187375822019 1.725635777005087 557 571.0278029441833 2325 1 2.344300881875577e-06
 -3.520537390386009 0.4223335579645374 -25.12715750412986 13949.57500820834 26092.15550292938 5.373668578457093 -0.08961496870028335 390.5189921469314 381.6416056064147 16904.73365756317 229442.4002157854 2934.04343517084 660 191534 1 4.499776185885077 0.7516257453817263 -6.368293068019545 0.1065728868683635 0.01015520632538713 -0.9249397447445915 -7.894540694604059 -1.702400353620009 -0 -1.053526358748464 8.552282573333995 560 531.6143181324005 2325 1 1.310090026075295e-05
 -7.649175591203251 10.37668668281288 -0.1381136927661926 0.05112479204744788 -748268503397853.4 0.1125720586067243 -17189590.35507014 66793.61485426426 9287905.441379603 0.8155436889341366 43.26984640874022 2987.728267876329 3962 191660 1 -4.297411907744644 -1.25166172950465 -3.756855152349294 0.4610397417292602 -5.806696436996019 -0.2936696946227055 -3.854441845794056 -1.064191939869719 -2.758807808780279 0.07215057186546311 6.063476530276418 563 533.1241080760956 2325 1 -1.754370732488565e-05


# name: injParameters
# type: matrix
# rows: 1
# columns: 11
 2 10 0.2 1 1 0 0 0 0 0 0


