# Created by Octave 3.8.2, Sun May 24 05:29:55 2015 PDT <charlie@yukawa>
# name: outString
# type: sq_string
# elements: 1
# length: 114
Slope	Lambda	Gravity	Lambda	MagneticField	Lambda	MagneticField^2	Lambda	AttractorTemp	Lambda	AttractorTempGradient
# name: op
# type: matrix
# rows: 188
# columns: 31
 -10.8708238069531 9.00240548832859 -0.24545440539391 1403.396863530226 85.67452702524841 0.1218518383908417 -3894462.111500376 5409.479391890422 70347.23678601169 191.3114987005819 124.4563957657864 3161.502676246186 1699 191622 1 4.601552612459069 0.007292939845895866 8.152849693486232 -1.093076314113622 5.923162961664602 0.09580389727016005 -9.04782813370732 0.1328973418035546 3.838500692717726 0.7732502404150678 -5.363417952682881 2 841.9188890457153 2325 1 -4.248878184561985e-06
 -7.256835547674254 7.05383956511098 -0.1127386434824062 5.317038598111635 0.03197837910945595 0.1745783264527667 -281009.8433247189 33780.01710505247 2986898.643729863 791.2130795760928 924.4986612494703 2973.860460915695 978 191201 1 3.554787220962457 0.327432648095634 -6.377955555300743 -1.418401968929781 -9.334697310642566 -1.809255181965591 -4.567584748902525 -0.4507576064597361 -2.42926867716101 0.1876784120321156 -8.065372166830878 5 702.5700418949127 2325 1 5.615201659478853e-06
 -6.332187474940747 3.354134384753026 -0.1445605404836557 14215.45774201029 13186.26085749536 0.1943037020404274 -24021.04287921376 80.6524759294731 21.58220101469331 18195.93639610495 515714.8081704361 2742.976516546627 623 191460 1 4.619492680334521 -0.1928330014268855 0 -0.7474251368972036 6.256440769063331 0.374973878697102 -8.243372631965602 -0.6849330074793816 6.152010713778688 0.6313691078672461 5.697917306022518 8 696.5600719451904 2325 1 -1.117740381754524e-05
 -2.997361691452607 0.1880077555130618 -22493.25750453507 2539.549087466206 255.5696435514706 0.3336985464701595 -1019.282393735324 138.9396151565375 40.98884739931829 160.4242824619159 -34.7624088960169 3017.970705756729 2429 191664 1 4.503307346874037 -1.67020626697966 1.190504644875199 -1.573745045022198 2.41950188343422 0.2000201082622141 -0.8403449351902665 0.1170912279753162 7.113812856275276 -0.6959902539403728 -7.991463968641055 11 696.6793451309204 2325 1 1.522702839412218e-05
 -2.856151537607879 0.2905717043885068 -168.771703190914 2.108751174956917 0.2002376009305804 0.1975627864645811 -56718.68151276706 63609.35739494633 9656601.882862801 655.9530641732747 1391.823720870344 2779.007516229384 372 127673 1 4.074305124581538 -0.08789730647680206 -3.32707386925714 -0.5192299649504717 7.58545128835253 -1.785585440763389 -4.547461382956639 0.7510276850716995 -8.239052166911394 -0.08098244499713574 9.803779303332496 14 469.4880330562592 2325 1 5.80675107013169e-06
 -7.790953357034961 10.80900215867684 -0.1898175178622902 158.7579356403914 2.215151511967682 0.05254258470072342 -6.088561982673733e+17 29.0969740538481 4.233458132989472 1.432016946593161 12.81419252092006 2828.572238867871 1392 191630 1 -4.638583149602039 0.5711477404530152 -3.976287790978231 -0.3040529955432394 7.681458047194745 -0.7313314379298728 3.08013711541873 0.2033435363498297 -2.278603498214865 0.1955532442959234 0 17 556.6200242042542 2325 1 1.48812711745466e-05
 -3.226538761347977 0.04457826028610353 -7.176360159458102e+16 581.6623946951215 27.06517827038246 0.07810200029767621 -194828958438.5477 15339.74379232593 511216.1592548441 26369.77367408612 983263.1714046072 3051.021289568985 1550 127748 1 4.354951473370629 -1.266087258502689 -1.369598138042319 -0.939173942974727 8.609775143687163 -0.4193529029775158 -8.917890076648009 -0.1679448255650922 8.787673036171867 -0.7475590730744175 8.924623180006636 20 372.9524440765381 2325 1 -6.736584673031866e-06
 -3.490631262623661 0.2816008709667601 -136.7292622083201 0.04068907523039319 5.840574023619001e+18 0.2549543697196393 -1901.510477890034 9406.501677217651 153714.7953901971 895.7459420638387 1827.649346795114 2838.147935286229 2094 127773 1 -4.60726278321738 -1.267498051424223 -5.511511739909386 -1.300471011935183 -0 -0.3128646672000031 -4.448196585169129 -0.9276981718057815 -0 -0.3549311169394117 0.7040245223862076 23 373.4448499679565 2325 1 -1.662957647173001e-05
 -5.924441095371055 9.318764849492098 -0.1026752222223388 11346.36508980625 16655.69979093005 0.08879555887690102 -110092436026.4251 132.546802424749 54.26524956141779 479.8600118394303 520.8357431259241 3042.537534064204 2764 191662 1 -4.042112731747784 -1.885679015905553 0.3000072741462354 0.9883375928929126 -0 -1.712199364699464 -1.587413938404283 -1.040249854280209 -0 0.2931038337502584 0 26 558.1423389911652 2325 1 1.616791232311862e-05
 -4.382754550506342 1.229080361237538 -0.391352393294255 0.04871119718600608 3.854040488800637e+18 0.1789976407188579 -395404.5209929869 41.32205154091761 5.749968325790149 269.5195178837648 41.37908890863832 2875.957615483401 4386 191657 1 3.886413097365321 -1.790271986767987 1.046418248944651 0.7595185666184983 8.473196643432226 0.7311900550577461 7.146459439744484 -0.9593494224890469 -7.328312235896441 -0.6552702909962909 -1.323756955288307 29 557.4636270999908 2325 1 1.222707631640193e-05
 -2.935366241128841 0.04831885976063124 2.853811219961669e+16 330.5714546019744 10.64338985586431 0.05023168608974025 -9.463343463267342e+17 158.9967775020572 73.72356171046503 242.3984400826309 238.4919849219366 2950.235523673282 3661 191663 1 2.327523547660968 -1.942744277688659 9.956433852739977 -1.677633575231861 7.284715075471329 -0.4865669299676246 0 0.7420202109820555 -8.105268685217055 -0.6409927660775816 6.521117960154441 32 549.2394490242004 2325 1 5.490907223195365e-06
 -3.092761868946244 0.2224792713907408 -2126.961381706898 19.90002448350539 0.05882388214600175 0.1548841789998694 -671493.3212442582 10317.64544530078 338205.6475352999 71640.27228393586 21917919.85954604 2755.924685158298 1287 127760 1 4.637387043549674 0.5625692610064834 8.538861145501173 -0.952277142692469 6.05077512771863 -1.450592091181643 3.570008930154676 0.503960154990359 0 0.3978542040358665 -3.056794514427339 35 370.4113478660583 2325 1 -7.994211616381253e-06
 -7.885396050790339 11.73173145263252 -0.1625427181958195 979.8767783838568 23.06915271776404 0.07400063818819023 -85833535410.52553 1330.428326016283 4684.444159218476 1110.545425341541 3025.477131887335 2865.780107305954 2865 191660 1 4.163676324113269 0.2502720011231725 0 -0.205401087553037 -1.601016100890095 -1.499077083946254 7.986431595640875 0.1281256102330306 -2.114620544302888 0.4582057424028716 4.816310886368637 38 551.9872841835022 2325 1 -1.846686732468517e-05
 -8.58697595092479 9.715459038440848 -0.1635890311857466 0.0522423283900624 5162812064332625 0.5512887970694679 -22.1259411599592 8495.308074386792 151322.0542565422 537.3596727257295 -131.5483670303937 2900.597963596803 1724 191597 1 4.581103666793316 -0.8208474635280432 2.991580474237454 -1.447412783802249 -2.68078509246044 0.1977031701924337 -3.541226616830494 -1.252559531893044 4.774282190621859 -0.8060327763349617 3.391307943412523 41 553.6096432209015 2325 1 -6.118732168115501e-06
 -8.107500326183477 7.525792760814534 -0.1391910791214598 52.38095642835097 0.3221510516056323 0.1200304214144441 -57519621.1970396 21738.28798335122 1034299.402241737 0.1588193413451693 4887334.574189425 3101.047660105438 1710 191625 1 4.086985952917639 -0.4648277202192528 -6.217523188376718 -0.2391316012190225 -0.7940918010103766 -1.618147798291718 0 -1.712698616983326 -8.337370092656244 0.3713085228551116 -4.312494764942196 44 553.3980579376221 2325 1 7.564689774972734e-06
 -3.287486031546312 0.04205696665452651 -4.48617982706207e+20 602.6379790012902 12.34416042883835 0.256336313863689 -10079.62483244311 20002.1411366571 893540.2972648512 0.09410782448327826 -63295980379.22392 3028.341634694826 3550 127771 1 -3.740889604155613 -0.889887814570999 -6.715516666510167 0.4903942918591246 1.075857482334642 -1.991601472096815 -4.673863411715896 0.5006734004929063 3.88585570848687 -0.559471806927875 0 47 371.7562069892883 2325 1 2.0844441415831e-05
 -3.633448489137819 0.2620389232504013 -627.8909915531767 0.05678563745792422 278183637579361.7 0.06877569492409685 -2243264491469.12 53891.98428688071 6707509.007440327 21038.0203091128 859431.7737190337 2787.410053315057 4392 191659 1 -4.498309340255371 -0.9580859217950994 9.15929146092437 -1.52200582555627 9.674187072291488 -0.01541661761107614 -5.723682374266909 -0.7409454545578074 -0.2683408380012748 -1.294836943969483 4.608085540643666 50 550.5307550430298 2325 1 -6.895500325415332e-06
 -3.372861407588116 0.2100617680201144 -1300.556103805245 2.114145622760627 0.217644775058136 0.2445311670045638 -1578.739966848455 1698.267464798619 7388.053733167194 1.704335188497529 7.336373769585882 2889.305756897719 1207 127665 1 -3.362338076510296 -0.3720658539565536 -8.199892697091233 0.06760437039582937 1.497980382745081 -1.178784662582713 0.207681981347692 0.09660952564579388 -8.722175438639828 0.5661940806532479 -5.582304709711544 53 371.8055238723755 2325 1 -2.502827704497431e-05
 -3.077952497388572 0.2585211904634912 -312.3491775407352 75646.86183252507 575557.3126126295 0.03915657321149991 -9.999644117070777e+20 4461.929431494463 35827.36619982184 5.517374395304836 -0.3984595048896263 2875.184808572477 300 116698 2 4.114974137270527 -1.900845876765452 -0 -0.0679189348672722 1.487297015508834 0.2375227960970578 -5.963549179883457 -0.1612675577984089 -3.000246257911605 -1.476204916507102 3.866073242271703 56 368.0286169052124 2325 1 -7.167359201502491e-06
 -3.990153969465114 0.4524159363917518 -20.04657786956013 0.1521115872426987 2116694.895446546 0.07195711457900426 -53140890516735.59 1190.426649432827 3492.341642355123 656.1995506268397 984.4625343230859 2916.50591032003 748 191626 1 -4.334909291172147 -0.8342841118596063 -1.470456458131253 -1.906976078945596 -7.388411262606201 -1.974553797156655 -7.875276569609747 0.5525200084655686 3.243602181220815 0.6819255383297009 8.858314713077615 59 550.635910987854 2325 1 2.389977059548953e-05
 -3.806648989098504 0.190295548393017 -3048.341004887669 11958.72351265439 11393.91980585022 0.04042604350253218 -1.430050635187649e+20 5666.860909402898 72404.434073743 29553.70878353409 2218631.750832235 2836.945439369532 218 127410 1 4.279113667296368 0.2846135118778105 6.970501310322987 -0.2657449865502652 -1.335566783937192 -1.667330419756561 6.364039365220613 -0.731458773883455 2.478888510988944 -0.4505614141834649 -4.415621252881023 62 375.3006329536438 2325 1 -1.085917362269688e-05
 -3.997354444671027 1.367826597987498 -0.03691243454646963 101.7267271513589 -0.1526659746498495 0.08567987491054979 -64688283926.66301 4629.606504133317 35134.67196670594 0.7357837119216634 93.3043671227166 3004.308159082691 955 191660 1 -4.632398455453 -1.019800539134742 5.01672884153351 -1.046271217554183 0.8933056587172379 0.05363745142458676 0 -1.057914762110864 5.528781324977864 -1.345752356741883 3.477359412691656 65 554.0666949748993 2325 1 1.679865733519753e-06
 -4.17240584950322 0.4432862049615934 -7.794073258647932 0.05303642448018096 3551840407579418 0.1563255290136804 -1001579.612813368 51.22370125983823 7.346592400538302 0.03955734553760686 -9.979432946816029e+20 2927.786065517687 1830 191654 2 4.354369529691898 -1.719625093191166 -2.588764362919945 -1.971557335844019 -5.810553902694527 0.2950907678047585 2.709415176435653 -0.6145675506942663 -2.370933785510813 -0.7928435056939644 7.578848562192789 68 555.3903410434723 2325 1 -7.643446796243923e-06
 -3.367766549409173 0.04036411508860186 -9.99868089510516e+20 2.717832362133486 0.1564594409420999 0.1312193911827955 -69704350.98724519 37.324343167807 6.257549142352551 9151.366216981418 266273.0424903312 2764.776453346492 229 127423 2 -4.536763367969271 -0.8796517106647608 3.632475869627654 -1.550627305012638 -5.418715205778772 0.9649585329572572 -9.417531534469445 -0.2792905668292516 -6.710631342753508 0.5011896637068078 4.015584146114027 71 374.7606520652771 2325 1 1.77953294060313e-05
 -11.60343220595336 11.35780160477628 -0.2716635964053516 1.63968750639547 0.3139727446138566 0.0563236858179833 -4873865231793799 42876.28528354433 4627498.92989116 78.56052338414962 24.40968255379118 2827.786434087341 1836 191655 1 4.497296760162875 -0.8802840213659024 8.59929781298921 -1.024677253857354 5.833199094428256 -0.5360463361207639 6.121937963664472 -0.9105093502777502 -7.343126137659354 -1.417209401470698 -1.264619256054063 74 566.8147070407867 2325 1 2.800421009254667e-06
 -3.822098099499722 0.1528021207051801 -121795.9546877561 1.68825684576653 0.2716580627445445 0.2314470262080235 -18768.4050643853 4.99504769826508 1.373704253042392 0.8871198873321164 86.91212610209456 2983.362212382679 1096 191663 1 4.501879388943824 0.4014403549271254 3.946951951756825 -1.274264245263279 8.793892883583334 -1.872818041075333 3.278423733342107 -0.4863537404301326 -4.941280088102747 0.4829837645360122 8.435173634249084 77 556.6906011104584 2325 1 3.911750149327457e-06
 -5.324317226502115 7.525373201347486 -0.0650030364665604 1.640732408212026 0.1397846136069137 0.1970349887281638 -103247.7672642572 17211.23210381427 764786.1356742913 0.3919139952841393 1369.340447029548 2855.781038782332 392 111753 1 4.658133409682417 -0.7594098545192089 -7.310484681212253 0.758404257002431 6.468273760317284 -0.5596580460430056 5.440767378864448 -1.883341711596768 -3.025885196700795 0.5147636977293222 -3.28665609053607 80 325.1673109531403 2325 1 6.021257532321465e-06
 -3.558584422431317 0.1251547603567585 -1670229.843256905 1799.51646462313 344.6387392708069 0.1383359465952593 -2259050.73775231 12361.59004743268 338667.8452398644 12137.58608817599 205649.9049332401 2874.400070915448 279 191150 1 4.294928640466303 0.6419804153821174 -0 0.8541334403883547 -0 -0.7698697893715227 8.212541520682077 -0.6891100649809925 3.0868575020505 0.1582033658006088 4.97782902334415 83 560.9798491001129 2325 1 -1.718586937426283e-06
 -3.557253377898169 0.508238519520256 -9.339921874930235 1936.636534016269 248.4565223229293 0.1532788725159039 -5503679.465856167 87.92011279316154 23.56041244589458 0.6552823373414186 108.1952621640728 2941.753032216618 841 127386 1 4.223597060179745 0.38075519400862 -0 -1.485769448606975 9.060328683657284 -0.07653654550797566 -0.4808763370261211 -1.375709199160148 -5.089156722060739 0.7738042713726929 7.090076122440184 86 372.0259959697723 2325 1 3.003858517365623e-05
 -3.712680405145807 0.1790781365855952 -10806.16199359516 549.3310517802392 28.59496114287763 0.04490862662378712 -4.702923442413388e+18 108.7783136615149 30.93639549685459 0.04019612381197579 -9.948621447898559e+20 3030.180107998072 2303 127758 2 4.526183225404504 -1.024395731631037 1.374570020372269 -0.7231781959536479 0 0.4556695505189897 0 0.04577502589430264 2.261125639231709 -1.497789998926956 6.301387695127157 89 370.1141471862793 2325 1 -4.541745065267473e-06
 -3.662159373932425 0.3554664151744514 -87.75204274031294 2322.246096553277 141.0698677957378 0.07393725018786784 -136484245037811.8 62282.89873805674 8121356.082839334 0.07900161996347604 139182457527701.3 2959.346452287758 2007 127773 1 4.38285445683467 -1.016786857963631 0.2414270313481346 -1.916367095118771 -6.592722004480229 -1.753484167104491 9.169744761605045 -1.089692306066295 -7.609237296016456 0.2211563941169916 -6.775550784889518 92 377.7626340389252 2325 1 3.437345118532434e-05
 -3.714635971048547 0.1523621508898024 -73399.19501254069 0.1678840803986638 119892.7578552243 0.1043049522790908 -514705699.2692742 62175.20578674624 8715775.369026266 0.09004674771089229 92836135351.13022 2897.893880109387 3442 127774 1 -4.647388924924011 -1.623491436252393 -2.387768393429971 -1.670456667186531 0 -1.289881168780362 0 -0.1018183225927363 7.356343624664492 0.03166954258107155 -9.154960946205666 95 372.7152090072632 2325 1 1.371440022214665e-06
 -3.974854670752827 0.6972228162591195 -2.3712882117741 883.9538335063544 67.93390272983783 0.2849954085126367 -1301.21281151015 396.7465010690024 400.7905166781868 1.628988774695436 15.19046745991929 2932.690211826708 580 127563 1 -4.135964015921976 -1.113216844958779 6.840926230939016 -0.4050301217449235 0.3618925725363669 -0.9727143907233495 -3.705995923658103 0.9303615232992466 0.154834389484825 0.0136637476651495 9.929657961474804 98 403.779324054718 2325 1 -2.601398562429036e-06
 -5.353373207458582 5.695714219724424 -0.05978496046277133 14174.15306416719 9180.67830601777 0.04982244333549109 -9.015933808583164e+17 48.70188830830976 9.992386195746976 0.1079958091700751 3445698152.976843 2786.820031751034 1505 127723 1 4.654479778722773 -0.3265406910925588 3.265884829779775 -0.7314015683320889 -0.9558904912163033 -1.003918962221861 2.18981025927843 -0.3111757741099215 2.154856097785371 -1.44768507240838 -3.785439623840217 101 386.672327041626 2325 1 7.762386163409551e-06
 -5.12143763553716 3.092738650540095 -0.09474832961613797 293.5176488783442 5.658803628814124 0.2992500691451288 -1570.16159732888 67519.2775195709 12385809.19655008 2.664475119777124 2.359440892634406 2891.057173124743 1676 127774 1 -4.492498877713473 -1.590479742150285 2.369782501912729 0.000689385547957031 -4.071190445439116 -1.023542321008953 2.394559632568217 0.7679828570546947 -4.657528401736919 -1.432782032483047 -0.7746189543811099 104 374.1393160820007 2325 1 1.247145347555184e-05
 -11.39024785983457 9.378038198853451 -0.2508666635220477 2.022945557730516 0.1706509951685961 0.1066450684764382 -75169476.90330099 193.901033992381 125.1531573921701 5.111654021269876 1.257794855782611 2922.615915301279 2431 127717 1 -4.533930439001593 -0.2014145023607368 4.412708478360807 0.4240681682636501 -7.893226437704882 0.8941076016769638 -8.11475659313151 -0.784633752360528 8.87404315557858 -1.81716279734614 3.089401125099054 107 374.8432891368866 2325 1 -1.590349355776751e-05
 -9.961109454642729 11.97620469249531 -0.2271737511503913 4.007086066120246 0.09095480561822854 0.6603906183044623 -6.324559846644271 34196.57389397054 2943226.889170525 752.3820712588272 1307.005655756579 2786.033239243828 2346 191664 1 4.237124814917099 -0.6467202779095249 7.585606696249645 -0.3690084690434032 1.026930422250979 -1.827608782549095 -0 -1.363029935732365 -9.835701766903538 0.4642458504234828 -0 110 552.1297619342804 2325 1 -1.9588016834921e-05
 -4.318900760545462 0.1150049165179815 -20174742.93266351 300.4540466477865 0.3625533531096361 0.3108063284836653 -926.7207358675132 171.599215216841 75.79296446926897 1.047495387882815 19.81158908277581 2796.317965750006 4458 191632 1 4.668896874507376 0.630536785174021 -4.036125230841484 0.9457015956616632 -7.316673114631186 -0.3321623634937164 -8.227491644178302 -1.230876261650487 -4.136409658800001 -0.07157590327776564 -8.598258383846989 113 553.3654398918152 2325 1 5.054188308751832e-06
 -3.381264847937901 0.1132726894328085 -13521802.24919441 17061.07573602843 15885.15580159795 0.1385176645841528 -21937203.10472737 148.6060825164302 55.90303314034996 0.2029296636254564 369923.325822419 2883.103101533619 1298 191657 1 4.518957984685072 0.798095469818215 1.307744234207097 0.7748301282684364 -8.999786160108679 -1.73891877816378 8.223630750114344 -0.6489598566043595 3.261690006815368 0.4161177929183242 1.943336522166135 116 556.7748448848724 2325 1 1.951649870732078e-05
 -4.051974315112615 0.2587877528386803 -689.6423988734135 0.3051875869486005 -245.1386644669322 0.1597037493755428 -486668.5962301364 176.7427252820943 78.19448805689169 0.9925525560424276 33.22143213300301 3075.905992076675 896 191546 1 -4.563662765156727 -0.6253541622492431 0 0.376584245957452 8.456173146583827 0.7889584196164088 -2.271989653087316 -1.935452451658681 -0 0.03314863534051328 6.84635988220001 119 560.6788239479065 2325 1 3.694074342839978e-06
 -4.153122636450783 1.077340673040048 -0.7466918734872302 369.012749206599 18.55104119588054 0.06666862772047147 -118256897371759.8 905.5595402605143 2172.487884909053 2.333095585859648 3.814281818441009 2920.312644208379 2344 191589 1 -4.563543600605341 0.02149611539461075 4.892985751715888 -0.2641595137939544 5.518654314916281 0.4068170466035967 9.030477185808691 -1.078361179588786 -0.7478611747898816 -0.8686781408904096 1.391333520013159 122 558.7292430400848 2325 1 1.027374969312235e-05
 -0.8146920080234437 501.2491168225699 28.88078832713813 646.3074277070106 38.55966589784074 0.1052051990577031 -757473791.5843378 12597.22890464829 372405.1342459084 2.911023273016324 2.106807136330028 2948.199866688909 1547 127771 1 -4.467643444075355 -0.16751256655294 9.180234625183271 -1.63653190033961 -1.946331189268204 -1.367929186890679 7.200586526569699 0.4750306700356317 7.022261987114231 -1.040114118880149 -0.3200359097405161 125 379.5456628799438 2325 1 5.23165192337893e-06
 -3.78445299334059 0.4692770016085941 -10.45671221499376 1.700882233631772 0.2241802482106853 0.05104788633559396 -4576345443169307 19823.13053806935 849267.2141540793 87305.70302640297 29555557.02498758 2987.461160895264 632 191538 1 -4.152383725618908 -1.977532735329473 -9.087302230317576 0.2495058628271373 0 0.7873202352116806 -0 -0.6107157847901066 2.471308167743297 -1.448806570570778 -7.108787018472857 128 579.2243268489838 2325 1 -1.494991233112303e-05
 -6.142576932348124 10.70649393323922 -0.0977688809640523 99179.57221526705 759604.149479995 0.297773371292788 -1581.959143557846 2136.589181592295 9643.351763700812 0.05039633131181024 1.505860712445315e+19 3002.96856135322 2001 191663 2 4.441277068900299 -1.781396736163228 -5.003904665432853 -0.2580827587807359 6.043940321625414 -1.968715890001246 7.646471515225841 -0.4237349820340946 -0 -1.06443028282979 -7.775255844756929 131 550.0096528530121 2325 1 1.58809343014154e-05
 -8.208498303397766 7.352519498332885 -0.1397622467330971 1.649075869336506 0.4296651447432067 0.8790497854909892 -3.948379027134568 279.9640086558054 188.0266774530852 195.0172990361453 66.05758315663891 2904.563257990871 3379 191660 1 4.364931431827421 0.09974510697442619 3.357451375123324 -0.01095731758164756 -0.6305507784690807 0.2249122842892497 2.015875489168427 0.9368518010071436 -0.8757684198622688 0.01084435927063194 -1.313590995494565 134 547.759124994278 2325 1 2.127910627763175e-06
 -3.415954030692362 0.4957959874120286 -3.406359266649298 311.7225948995026 12.14694243211195 0.07764850521879309 -89171788099.3588 92221.22994768911 18448479.11135541 7550.013761578669 -29849.59394605227 2922.921409993735 1549 191642 1 -4.661509751709907 -0.8386511581872469 -0.4481845256333603 0.5552592863275292 -0.3874455822172029 0.3917455477733772 2.900240821926637 -1.1989980669646 7.804298506001579 0.7568047657219514 0.08428263422351456 137 555.0782029628754 2325 1 -1.234782739382233e-05
 -8.982916706454578 11.06812923435626 -0.1755998815089903 3.265421803547607 0.01680737695485465 0.2342010655793911 -6687.031154267208 205.032926779188 96.96278097369361 0.934217359929744 39.24394217693812 2920.29168487442 2689 191661 1 3.513456334262406 -0.9985017270052943 1.383650428266684 -0.1053045414643723 -9.82440839608174 -1.797087825170883 6.965038194770399 -1.963088038563521 1.119241204978272 -0.9865972125350018 8.113058641061961 140 566.8674101829529 2325 1 -6.717952605159715e-06
 -8.789137333355461 8.790098085503814 -0.1720259077644682 2.154787310108843 0.06639481096995629 0.05982087669500421 -1147609130130952 21506.93343361284 946534.9185017034 24163.84278178612 1062353.736790234 2733.768350557955 1483 127761 1 4.415675922317268 0.1160560844511384 1.335073164519167 -1.849502211509411 -7.381623175275841 0.686223587543783 5.579761239014692 0.9170358376315733 -7.531589744296898 -0.059299592986867 4.156977947689692 143 391.0465278625488 2325 1 4.862292959471772e-06
 -5.664256635687675 1.832888530302286 -0.2380592882852705 0.2080381632168033 10804.48776565896 0.04173392605293522 -8.107768534254735e+20 2043.186407676971 9608.686453345474 38037.61342496176 1756226.799895053 2872.735658139018 1123 191615 1 4.363163784276837 0.5414134372344295 6.651317874225906 -1.262199864468016 6.453677975296341 -0.2090879561091397 8.614995044597329 0.7741753274620469 -4.89678351051049 0.9432310955283891 -1.557255603664471 146 570.418576002121 2325 1 3.417688762820943e-06
 0.0001415164822579931 63142.25746357785 572957.3137491092 742.7716866015147 66.43238680087677 0.2103576766026969 -10237.78969093332 1423.142262000127 4915.528126987927 0.04826714131656606 4.71538326968241e+16 2950.029764146585 18906 191659 1 -4.265832484906694 0.3389616100340049 6.66724648934628 -0.9290469762296611 -9.99538587826703 -1.162179869054487 9.670682106234402 -0.2312880214926363 0.5664632149601871 0.3637359581972976 6.066396313143542 149 577.2604031562805 2325 1 -1.80238821496584e-05
 -4.258986597175221 0.4669590183001928 -7.759339838148045 10802.46047911657 23236.63437047146 5.591050461555242 -0.1392928088063601 2350.385061652222 11318.60443662109 0.06398856179522845 73686704372565 2873.361428019027 1870 191631 1 4.132637196287468 -0.3540244608045855 7.740636770426972 0.6328669136563323 -2.809269064313983 -1.023985545005719 0 -1.844267845389085 3.358611046455102 0.7743492905232152 4.521903159268378 152 564.751494884491 2325 1 -1.072232374694791e-05
 -3.571084763488289 0.09471820426589984 -87357970.28125717 0.2409770785948042 -1191.345972578662 0.08345384783949944 -19815658765.99075 4490.390398119268 33811.55922548239 1.621787846474793 3.708416527181625 2937.241032529703 1835 111690 1 -4.505523807578335 0.7024035528356878 3.161678334187775 -0.443600235589491 8.12235549621213 0.2423423991302877 9.999413416751324 -1.122368441189952 9.729932090522022 0.0544543370376904 0.4715770071537806 155 334.9257230758667 2325 1 -1.162437541628857e-05
 -3.937763087037659 0.3121125463760036 -70.67613853129724 0.367293021949566 55.7747179026812 0.2134176280487979 -9805.870121865548 183.1369588826456 86.28583884615134 1.657879706226308 8.945413001084013 3018.028442776966 1679 191630 1 -4.561788206372793 0.2527698676906204 9.159111796437751 -1.971018350513734 -0 0.3917924055597894 -0.7747532169810465 -1.733809579041204 -7.989538276555312 -0.09884905899605376 -6.351594227898492 158 575.6792168617249 2325 1 -1.04692668001401e-05
 -0.9065296739922237 797.9039311683166 75.72997423746331 2809.543311828808 551.4446506662445 0.0649368892473626 -340802199392618.8 48908.39487973039 6404357.220164563 2.873047374602841 3.72282091256207 2968.036942892915 1148 191624 1 -4.378750767298484 -0.6257168932851922 6.711050328471432 -0.06990987293660393 0.773719662893301 -1.163867451480319 0.8070615837639812 0.3504868045779128 -0 0.4454871108392759 -4.801856426777493 161 560.1971089839935 2325 1 1.308237512934625e-05
 -3.669927283395932 0.4261183209966317 -19.83261711577661 206.0898240235622 2.412185556330624 0.245025252878018 -14141.34465471099 7594.958362041335 123161.7798797717 1.52455855518917 11.75686328523094 2893.066252683231 1094 127772 1 4.651687978536486 -1.518919847383465 -0.7680222227878928 -1.806163478555955 4.461622070575498 0.988999226600181 -5.390552705951134 -0.8131488715405767 9.704512650939394 -0.5789131664917635 -4.052401010022989 164 385.4523010253906 2325 1 1.830367124056094e-05
 -7.985247772678357 8.453998965721274 -0.1492937192976071 2.580029695031721 0.153272936328562 0.09319162518857392 -3964007629.737915 707.3426267698976 972.771622254311 732.5042221595257 416.0682619591097 2910.186224353608 1101 127745 1 4.643198460011767 -0.6745395411237709 -7.285757808759033 0.7661450201328877 -7.40662331116719 -1.32548250528443 -2.442700507785988 0.4769543159777711 2.199073602005542 -0.7070421769583639 -1.606581507621854 167 405.8349199295044 2325 1 -4.068611639898558e-06
 -3.354521357284414 0.5228894850576092 1.408941962722611 76595.3395735766 1210075.030168179 0.3263050092980266 -278.0071623029632 80.26376093166554 22.27717408514065 1.588957000279667 8.426580329094891 2763.784934487257 2223 191648 1 -4.444827952418634 0.0698832057822325 -7.329881991846824 -0.1877227639912107 -2.09148446538005 -1.596562816089526 4.805254597302276 -1.902204132881742 6.246351724793813 -0.7870191013686192 -4.067796585432292 170 572.7099771499634 2325 1 -2.688972273983482e-05
 -6.640462450248603 11.55051558244219 -0.1064622620201093 0.04435247057199407 2.949149153566564e+19 0.07852601134223267 -271367769267.7876 160.7039215075538 53.75195508398736 1.263842750247561 19.20995522119217 2900.67095821941 2968 191664 1 -4.582330055676088 -0.6070125668279358 0.5374727158046051 -1.204305749881392 7.718027275730137 -0.04639123720550754 -4.409722624865494 -0.7439752379508873 -1.326203180152468 0.8260321312191135 -8.031905649017633 173 599.2209148406982 2325 1 3.357765862927636e-06
 -3.265481314059889 0.2604088452890531 -409.470258038016 3.101224728516224 0.04036751716378086 0.09304562810508658 -20180579376.79881 5683.894548458346 71853.12879390457 1.738909683631337 10.7729463222194 2836.401876630298 1474 127771 1 -4.603090552685075 0.04247234652773939 8.649882165203234 -1.070904793239402 -9.256016146031557 -1.803676107904922 -9.818486062149134 -0.1248786345078781 -0 0.6845064616442715 4.474399405828526 176 394.7471771240234 2325 1 1.105159159841606e-05
 -4.015413382061251 0.3734125624643811 -20.63558311397864 0.04831208947727272 4.681095344141586e+17 0.2885382290902376 -1582.644792461106 609.6829457241636 782.969728966642 1.627882366492756 12.35967673099798 3049.103383628297 1397 127767 1 4.552425354924138 0.406833748646271 -2.274006371086715 -1.081049809002478 -0 -1.686500284908926 -0.02165433784979776 -1.130609588262264 9.991293643690053 0.6878505185338044 4.924135499115501 179 385.6594800949097 2325 1 2.884177597513954e-06
 -3.431833603112717 0.1433283570135034 -166693.3430831829 379.2210986324576 11.51391570944563 0.1144020324371502 -55237130.24496871 60324.49471683727 8072010.00950188 0.03910436492810859 -9.976696254641909e+20 2946.687669426251 3112 127760 2 -4.337825202783661 0.5553690400856151 3.983268022155361 0.5125506633904875 8.921553431039589 0.04816092125347722 5.674997545136188 -0.1825175132744309 7.04624515128852 -0.4214109751715327 7.145592051342733 182 367.9289338588715 2325 1 -8.046194766442803e-06
 -3.358771529604591 0.3024684931039245 -56.1537947250773 1.125036174825997 0.7316246073288533 0.1711164846331477 -273493.7353354512 139.7488495525392 53.95133738892382 4019.240685899574 31192.88657910596 2961.107257230864 2598 127769 1 4.630760600832664 -1.208305743131151 6.114134076082399 0.4730025424313817 5.795204402236268 -1.781124098267645 -6.079996525781239 -1.923414076734573 1.14509676893834 -1.898784601057319 0.1191918491083896 185 375.1972880363464 2325 1 -7.026143414961405e-06
 -5.689973047260493 3.633335767388146 -0.1154148818357104 10400.38110954347 18875.31975632415 0.05520679583323661 -397124875044957.9 85.27929997901116 20.27757357883589 0.1441320037954379 6190828.070775962 2842.638096904426 563 191512 1 4.325692703808513 0.858454255111389 1.855581641366922 -1.010883842959744 -0.8843822141630788 -0.1929039569196691 -4.788192948711229 0.953368693918331 8.024244056111858 -1.490229158865436 4.504855210374112 188 549.0920548439026 2325 1 -1.355191384388073e-05
 -8.77388742832172 10.29500815448728 -0.1610903268711387 0.2380380221661458 -1065.653647310596 0.2665663976441464 -1182.985909497646 360.3963347338209 310.1761465319705 1.234816588870181 9.696475841840265 2967.438059779373 1446 127774 1 4.330746508794749 -1.555416046826156 1.589886732704782 0.9469445189597936 3.110685127469904 -0.2893043411930787 3.255462380020318 0.6650186036219541 8.886923440633606 0.2896836583738995 -1.088413844768075 191 372.5185110569 2325 1 -1.110455525740516e-05
 -4.111968002600153 0.2484640911112741 -1090.926849149384 1.384277961966158 0.02503572260803288 0.09893619132719515 -321314839.4065472 33.14940396089774 5.08069715246195 1.866079211088253 7.791084754495881 2975.214919840648 1210 191618 1 4.619688666989567 -0.2882750386895339 8.305119001114058 -1.41283135326577 6.440651226615051 0.7172263645001049 -0.8623759965929896 -0.7842768338370796 -5.225870703523261 0.7923409356416364 4.984844928272034 194 566.8773028850555 2325 1 -5.859345243397429e-07
 -3.083377438531219 0.1410012532716001 -60421.06543431435 2.362413665916264 0.1219892872337733 0.1793696353355427 -10756.80493686604 35051.29682817971 3263343.141164022 81.43656993484446 21.01189677709274 2863.46415714395 3970 127770 1 -4.679240796752294 0.1382492803260007 -4.028070266773753 -0.2736444803652489 9.286346078862833 -0.1435713256553228 -5.787365305705188 -0.1512956907513834 -8.662596599750357 0.483197635656154 -0 197 375.2480008602142 2325 1 -2.632970677161478e-05
 -9.059903136102278 9.354522707319715 -0.1883869179150853 0.09285887858306097 406012259.112725 0.151037378333412 -269175.8617218141 163.0539871885491 50.48257450829449 0.112301343568279 90028221.10179089 2998.343152772687 2544 191535 1 -3.326167975163203 -0.5253557704235039 -7.240668830892353 0.8032916121025622 5.529483480850456 -1.959073908838358 -2.269864842239919 0.951999274657283 4.485387726359552 0.989794196983989 0.2691509813575843 200 554.3603110313416 2325 1 -1.561726792933346e-05
 -3.634117799688414 0.3402762602621073 -78.39595267024889 0.1485056066537946 595045.1397015527 1.040175780443093 -2.729866327406306 103.9397792080569 25.80589109419941 1.991359284767601 2.90024210230696 2836.077562335597 1133 191261 1 4.393469748923128 -1.687950858836113 -7.509877575066298 -1.392562753392197 -9.342821418634179 0.02673294951173852 8.197032302620615 -0.5347332758726493 6.390632087036064 -1.872917406902046 0 203 548.494931936264 2325 1 1.204092096092475e-05
 -3.300411207292882 0.5566781609531423 -3.620566972278291 0.04867098637481572 -2.3878406168636e+17 0.2293887376467948 -11120.11267570866 96.11026750967156 28.40864720690265 1.325160188779004 14.28969987910058 2918.644804250247 2679 191553 1 3.969299656529822 0.8457610293262796 0.2221066320850911 -1.789802510924074 3.23244566469103 -1.025816346568632 1.817590377426796 -1.086642571650428 8.013330726483808 -0.9528518229930524 4.940899328135253 206 553.8775339126587 2325 1 2.670005092087045e-06
 -3.225165773987629 0.05615516614908918 302396044188.1033 134.6642384057845 3.13272844141634 0.352188397705828 -284.8269783777453 30781.78557771121 2476883.503190976 476.9429229339211 357.703578206389 3050.950118344826 527 191222 1 -4.329286048405121 0.6130595609781491 -6.641593591010524 -1.033871887937241 4.658620040164528 0.526854849949522 -5.270464046946398 -0.4249483613176626 5.12529887375542 0.8235507357162106 5.41035776451552 209 555.784628868103 2325 1 -2.36542006241973e-05
 -11.91675914176965 13.34865078622443 -0.3055867945841423 0.2320962253855454 -8081.492240181566 0.2026888305147698 -66537.36798423561 24.80079907596921 2.975617229274366 0.538815454162531 197.3812034301796 2850.165821060316 8538 207633 1 -3.237155506864935 -0.9666346308997396 1.18532489355674 -0.9931738238730299 5.030940072580051 -0.7726951476046962 0.6498462437529531 -1.972221362767829 9.926195485022053 0.9233320384900789 6.823539131613675 212 603.2038290500641 2325 1 1.292373758168367e-05
 -5.313466769414623 4.429213296852721 -0.09176005678674919 1984.451965759076 1242.801334106768 31646.81607078737 -286885.1020601091 895.9963557177456 1743.200812985058 64390.03095734094 7185689.188706391 2934.295491837052 682 127756 1 -4.400772784030947 -1.863022303309577 -5.231675230386082 -0.77855078691905 -4.272741767335992 0.2544464259050833 -3.016715298816557 -1.312699175379221 2.068992227090865 -0.7968905838601792 -0.06905091589755319 215 377.7687339782715 2325 1 9.521090433943824e-06
 -3.401020829191748 0.2877975347402477 -430.3897290266802 15526.33140328367 67036.26862710572 2.115334504669274 -0.7956863307429266 1557.892603055335 6693.763742752292 1.401765725703207 20.31974265785182 2904.197098623123 327 191572 1 -4.008035553487219 -1.797500982288134 -2.302675681758464 0.004575531926320712 5.74269227943217 0.738619515363641 7.579317023404339 -1.962167228510523 7.621397577597421 -1.626394641285684 0 218 554.1044158935547 2325 1 2.749804183133646e-05
 -3.360104561090256 0.5816902809572757 -3.539590023766679 659.3948659758497 24.24810345443669 0.08396815209242592 -28828832593.3818 92.16578943625524 20.99327410740474 0.9791665347948425 18.16652451129973 2822.836768170596 1521 191607 1 4.562692988378948 -0.3020383780833029 -5.975692134086403 -1.009232062175725 -0 0.956060582702734 0 0.2581670363563466 1.494308856828975 -1.634503037268156 -3.01214343509324 221 545.1573250293732 2325 1 -3.077316723861185e-06
 -13.68382470941686 13.01267314284096 -0.3956508228778553 2.964781069599655 0.09857943797161935 0.119288522611906 -37047382.49947128 61.44374848213783 12.11725823046212 540.0007394849524 -96.6594519242682 2879.765492106448 3585 191650 1 -4.641496779664759 0.7004545016227977 -7.237816125552769 -0.22627789539421 5.921954453783689 -1.395862794228393 -8.957797068018969 0.6664053333117397 5.55809352874418 0.6753584959105572 7.289366080684902 224 549.2145779132843 2325 1 1.596949688570985e-06
 -3.043910806168608 0.2830025158261504 -313.1490771954508 611.6871530094293 17.12340735045034 0.1582299871867275 -535309.4574918257 141.6433149164446 39.80529806018735 0.077832640142767 1255305496945.482 3004.834663601731 2622 191602 1 3.121069887588487 -0.2212866279658599 9.550843186123467 -0.5233069384465132 7.719753828016852 -1.213329570133786 2.939990790423451 -0.9746675090996924 0 -1.156353376304262 4.320839582189937 227 553.6912281513214 2325 1 -3.492598324161179e-06
 -15.57496608286984 13.13746629212202 -0.470314252983204 727.1170304689889 76.73097799184129 0.136581568489851 -5285170.192642689 9.111861572084527 1.71033176513809 762.5192686992334 1150.6502739573 2873.141508456501 3184 191662 1 4.656636027211988 0.7828371061693189 8.997279070295686 -1.903807137836816 0 -1.445034086668188 -9.879779016785948 -1.187038200184157 3.106020948257955 -1.902309895682558 5.736103984658158 230 561.1416878700256 2325 1 -1.525328157724134e-06
 -3.242740202508441 0.3947356687543002 -40.91247314938202 0.08937192024938621 44892823466.02431 0.05268211727220833 -1.23056231609851e+18 3690.099162136446 31575.69529548345 5167.900634197579 55220.50720474882 2931.46033849096 891 191663 1 -4.362230546213401 -1.190449657597106 -1.981511760816895 0.0996695295520991 -8.169806355400379 -1.861589572429569 -0 -1.687679251657134 0.7107138986938675 0.9319055422564162 -0 233 562.7312860488892 2325 1 2.236314354797483e-05
 -7.23750893737777 6.020119497359739 -0.1085326494193471 1705.274627519258 117.9151734615883 0.1297108352617173 -5590730.544281918 16560.21992667609 647478.5347860897 9504.315177886987 53597.54213146114 2832.707177912036 2015 191561 1 -3.794000634410299 -1.242659368779341 2.599527875761348 -1.631749434986792 -3.701408073123611 -0.7223096739717834 3.411231585068738 0.2498622822340004 -1.682075679293083 0.9947898588265649 2.370111764112542 236 555.4641778469086 2325 1 -1.052713307578045e-05
 -8.42699937556119 8.789906789394886 -0.1400546920238458 38959.18871029046 51890.15211567133 0.2063833378958323 -9710.805464428155 113.9256270361711 29.45897494002608 1.019545168037666 24.86329703528557 2907.280969921138 749 127676 1 4.696808550839851 0.868438061041434 -6.472384983824616 -0.6138171521290445 5.017675897423759 -0.3963793792731343 -0.1531672990367561 0.3505710488199085 -7.305006262817802 -1.534398587165568 -3.330409418789909 239 380.7163591384888 2325 1 -1.346552939156089e-05
 -4.136575296620813 0.04334323647868701 3.360329565840924e+17 160.4140125410001 4.274371355568604 0.1108657328623973 -353539924.0883883 1599.983154831081 6176.501833372858 0.6355390990778254 195.1775002217963 2948.562715479631 592 127742 1 4.423011624690263 -1.25258311592166 -0.6929212158202525 0.3793409550049835 5.548408652582861 -1.242645159937426 -1.615699716135104 -1.392647585335007 3.964732497213303 -1.801155831350752 5.370574955324452 242 372.1789259910583 2325 1 1.074980280978005e-06
 -3.600151466843566 0.1819990989484551 -18893.18885893293 11.9904517407179 0.05741118819331156 0.4333191954531436 -78.25952067214048 433.9214807641497 465.7952306586733 21654.57685094218 -108033.2919029777 2978.152140404466 274 189834 1 -4.095168304888251 -1.001024242831529 8.405332138388964 -0.8935462473241795 -1.610251283914638 -0.1808880819729258 9.440258514570882 -1.736629684160517 -2.21647453531969 0.9591751781226945 -7.02688455065023 245 549.1989381313324 2325 1 5.729621932879468e-06
 -3.553572854086034 0.05104008852939987 -2315908748708862 36070.64614520202 208851.7707134716 0.1065803461517747 -283025948.7458227 12769.0929740901 353737.4284391881 0.06003921740905975 1435379084545840 2995.41035669932 1217 191647 1 -4.53380513072828 0.9523976470099229 -0.6863274459475335 -1.322657704043974 -6.433284186628382 0.6721533848103856 -0.3365495804472856 -0.5525881668158465 6.235668370996484 0.3890931220052418 -3.495424453937901 248 559.1033511161804 2325 1 -2.50099698500041e-06
 -3.432121351395799 0.5794768232456702 -4.281594607365582 0.1311537578661511 6394494.084942513 0.06483754254897911 -264614758720047.2 5252.130660164222 58156.38382960555 1.152443794066761 10.63762471448757 2886.030723492826 1171 191664 1 4.606426571313587 0.591402565069119 6.259545016718363 -0.413966630256228 3.231133726298051 0.03340286766667552 8.050569903386506 -0.59852735434277 5.653986559199677 -0.3230287775230156 -3.683916295099873 251 548.9415881633759 2325 1 1.245571771010418e-05
 -3.37944332271794 0.1267491035162875 -515009.9109469499 162.2534501621949 1.190283114559442 0.3419825178026116 -490.1249945688756 166.3173182183753 79.51644977282359 0.22666068182073 65230.69765842569 2843.143804156548 453 111801 1 4.244539929150792 0.87523411373631 -5.36242641013622 -1.084266894664968 -0.3509562669045234 0.948952854978847 -3.894893917402397 0.6282321312927395 0 -0.9252408097754392 -1.220875709492844 254 335.0633220672607 2325 1 -8.533480836312328e-06
 -10.01766455799271 9.192847040930381 -0.2048550123469357 0.04625515594678237 7.62501474937329e+16 0.1984338617043256 -41973.14540866949 2053.682178107376 9428.167326694973 1568.750480571453 2418.702462179368 3073.319386222981 2683 127776 1 -3.573031334887256 -0.8307943157513932 -7.273995615656364 -0.6105013593775244 -2.944232409032171 -0.945242311142664 -1.290335663928408 -1.088108839236041 1.749867706247781 -0.8216718087395014 1.175540549605068 257 378.1123108863831 2325 1 -6.717664843115216e-06
 -10.08255077962752 10.96274288268033 -0.2400162988615056 2.798143819748658 0.1205042564984954 0.1144124135101606 -145468549.7101943 2500.346008817495 16036.75519455633 3162.014036180292 9047.16505598117 3031.32879937914 2404 127719 1 4.448534643077205 0.9697675138362865 -1.552642049577497 -1.444817050602659 -2.236932431827087 0.7490782012181523 5.400112784625758 -1.084886089405978 -5.595578248833302 0.6019601826471996 2.861298544126981 260 382.3524708747864 2325 1 1.214667520907978e-06
 -2.98545083830109 0.1704721241660723 -49920.03819012195 427.2984796177153 18.61799416356985 0.2277245750196763 -21348.25893663918 729.6223177826645 1402.370831867272 283.9645350732493 152.8427495601772 3008.206178546882 736 191639 1 4.660555971764194 0.7448158265257718 -2.077323700685709 0.7536489606953634 -2.762794549211076 0.4111758425500543 4.392957276951839 0.9564934502962066 9.535159279837869 0.7756191346157348 -1.658580399348332 263 571.7745020389557 2325 1 6.831936519660431e-06
 -2.776531225269005 0.03767741794233008 9.995450152127138e+20 1481.261821363501 175.4537980016333 0.3347353505037303 -634.2233238316062 147.962165356049 45.19321051975096 1.200319637289146 16.85271298376655 2951.9602627407 2647 191661 2 4.569586686165928 0.7835519674138895 7.46174778497992 -1.191204309756338 -1.890626129905765 0.5741448466039412 3.276911200162968 0.6440886787156956 8.241835808815308 -0.02944128702190694 -2.169431730752568 266 578.7245140075684 2325 1 4.447705910072638e-06
 -7.665414645766554 8.565997258163749 -0.1427274233012403 0.8867515273603592 1.500364080747669 0.1143892930130072 -249330584.2052471 19616.35507097534 1009382.880833673 3366.402571836163 33919.39755162783 2844.966392116378 2373 191652 1 4.12753811914412 0.9254233961000509 -1.925222961679832 -0.4501285369168064 -0 0.1570695154676125 -2.474277520242284 -1.1641475947398 3.891593004264052 -0.3702479144985542 6.321946961078473 269 581.4079191684723 2325 1 9.56041047982565e-06
 -0.02008934788545254 7082.501267167361 9851.473911877658 0.5500159054455324 0.6428830771805629 0.3826537793558696 -331.6396451265977 77764.43716855858 14407339.6403134 0.08685471934208132 488902286940.3051 2906.070435600211 2371 191656 1 4.197140760027266 0.3492079369909651 0 0.8814150915771157 -6.526382259403888 0.8653676842952351 6.663271833173805 -0.5508891992009568 -9.48666405062292 -1.17228217638571 7.961517081744633 272 595.7063431739807 2325 1 8.217822260843108e-06
 -4.152426404909534 0.3286959602986635 -314.6283455089161 1518.449372383833 127.1489094355966 0.04757364471218133 -4.204957042765948e+19 301.9571132401444 178.7675107580107 28178.93982222286 916557.290334804 2892.768960326784 555 191500 1 -4.205739019772622 -1.258399492787148 -6.419781634343535 0.4890756306924424 2.688989114588793 -0.8513974451497557 -8.747003085067227 0.2340916851063581 -4.528327760521418 -1.788531100767956 6.32766362962071 275 577.2613952159882 2325 1 2.043495252173627e-05
 -3.319162327219729 0.3726429543713143 -16.77252869255785 563.2346194455129 27.29000744129997 0.07875936515071374 -249225561622.9788 517.8398103757389 550.0111264105302 6200.91420672445 61509.49969963879 2858.629148793083 170 127340 1 -4.28341219741937 0.6429807311770745 -7.569176068162495 0.3716788395053512 -4.784991051772794 -0.02446835205118705 7.016772679023394 -1.161747856141916 -8.121902899913735 0.3508961795091254 0 278 389.694188117981 2325 1 1.002486541404618e-06
 -3.801745157632892 0.6198709449366474 -4.332446124521936 0.09732510991393965 924931819.0674087 0.3180743249749806 -788.6434514011655 122.8606110848511 39.78669138737058 543.8087757433615 489.6835905071546 2962.526753815103 1626 127763 1 -4.055487015042854 0.09913563767912185 0 0.1397191493621132 7.280713005070957 -1.948445377847184 3.298968734828339 0.5885746760071422 7.080503976867053 -0.05178616027465655 -5.357976872257171 281 385.5796961784363 2325 1 7.357783333298803e-06
 -3.589808714503063 0.357124384595401 -24.81315269067335 732.590429926434 51.87960606510507 0.4079101911786245 -114.6760417961113 35872.04044631656 3202710.985317253 2.668708717455817 2.203025169647573 2791.365094813791 406 190368 1 -4.520289179924911 -0.001997347537387593 3.846783282117258 -1.999273028401975 -2.218255374292395 -0.6061951313647871 -2.187775064771533 0.5643124867317422 -0.7669142738301908 -0.8907679527780648 3.963760443219467 284 578.5703511238098 2325 1 -2.261992106329793e-06
 -3.718621419556134 0.1939611161555481 -10228.89025354135 1.5459700475134 0.3810157287442253 0.04497670085782256 -3.065201979619961e+18 19411.47860071799 869710.4689219547 2.869118269858246 2.915340816430672 2924.781342869614 812 191546 1 4.039943401281244 -1.615173160871441 -9.173057198851346 0.8294890333792297 1.052178964967081 -0.8095269113698897 -7.001324926124145 -1.176571794390292 0 -1.980750720366137 -4.420929424102046 287 571.1884899139404 2325 1 -7.012425295881269e-06
 -3.829546740684993 0.7984139977169344 -0.8544748800891314 23.39387733402117 0.2299716073044705 3.358991871761121 -0.2521332500205353 26136.59122237482 1787041.271694333 142.3066660382202 35.2162345245898 2866.123802403084 284 190816 1 -4.62411878803116 -1.685157264762482 4.660649226760853 -1.541337553556932 -8.227620314833892 -0.6617162589703636 3.938362921831814 -0.3231959979106485 -0 -1.791535375595643 0.1222121351746814 290 589.5680351257324 2325 1 -3.891108815020365e-06
 -8.908410409078389 11.51397069998358 -0.184276003600069 1961.835409943033 391.3290037303154 0.09094358454775386 -2642323767.92201 518.892035425608 731.0007142258278 2.760808900196347 3.163229785480283 2819.090798369512 2022 127766 1 -4.508377221781618 -1.32298473221946 8.696733129322229 -0.436188810832407 -7.309272949592764 -1.538842280760405 -8.612247990187093 -0.3485446880328444 1.173519870471056 0.3564423599171981 3.696853971010873 293 397.412985086441 2325 1 -1.048713012553897e-05
 -7.644636566881494 6.255725768810126 -0.1552028344890475 71.35956935282799 0.7709366606208718 0.07398411120888158 -80702096277.10741 21496.11282953823 862784.535727073 0.6256578578577658 97.84808820244882 2936.48693763709 2291 191649 1 4.472237350200953 -1.470378503882127 -0.2491741285797353 -1.194246541585887 -0.6496952202455581 -0.7309209441567459 1.048286501615673 -0.9415879874335902 7.269085914224062 -1.507469450344652 -4.377831740920837 296 591.55411195755 2325 1 -2.064169178035488e-05
 -3.613158044529279 0.7045189953765947 -1.691528088625337 65161.34932986489 1640798.587811838 83.22252782561101 -3.440386388038846 4583.007045672058 53923.45876361438 1.133389533025934 19.66432970962611 2836.6859714416 355 191346 1 4.692169998143402 -1.334183074338789 9.190225182590973 -1.315733217350711 6.493373583363494 0.2202643049185342 -0.6080414527235272 -1.017452334022087 -5.607902524577964 0.949375360977426 -4.743893605253469 299 574.7702441215515 2325 1 2.525007487359898e-06
 -3.536273175188283 0.1955681999954569 -4303.693367342401 0.1732435675087318 63903.51555785786 0.0673794339296048 -10905091167043.87 221.2942719435288 106.707712393159 4686.035858326423 -20802.47300678187 3116.232826408063 4102 127776 1 -3.236869368197347 -0.486902181658854 -0 -0.2225097497674388 -8.310712845470231 -1.027849843303084 -1.61655340336547 0.7842493773396328 3.494396594864265 -0.876651009306407 3.619719492704804 302 393.1889340877533 2325 1 -5.056321333148041e-06
 -7.917044454480174 10.19246306761245 -0.164124723294106 0.2994616643761462 449.472664998479 0.7368485736332454 -8.037655518793509 11944.00073775519 408984.5468026866 2.750252840013796 3.08744989308402 2829.023398707588 1309 127768 1 -4.516261751716415 -1.619364369243752 -5.551198292439238 -0.6977128325660455 -0 -1.621530788343192 -0 -1.92291532050855 0 0.4220375034118518 4.17947047047722 305 386.4227108955383 2325 1 1.637841943811737e-05
 -3.681793226501632 0.8583088833798674 -0.9028353181566778 1.966554621074421 0.1502246631380174 0.2918415946282674 -4109.738863709355 113.8030471354408 37.82483934650744 1.04911338631551 30.71655597469741 2797.419659797499 282 111491 1 4.419620996208557 -0.8265323626454641 6.039285820721653 -0.2063791190480408 7.259684941225403 -1.990607079477495 9.334260242017045 -0.9818630701370354 7.036220092254057 -1.84404370121382 -8.214247520107905 308 336.2208590507507 2325 1 1.196139338716957e-05
 -3.542736032541609 0.1055053904424552 -25742629.3602585 0.03766303823337205 9.418224375953662e+20 0.05748116746480369 -596216466270011.5 144.1775051797902 60.33467407255942 1.363047993528366 6.355909717037988 2732.901873417578 1133 175673 2 -4.181520879104245 0.4178732886008492 -2.714686407651246 -1.949317326987052 -4.157124080824344 0.8562211933024608 -0 0.2856275387837979 -2.043350538447644 -1.840852710107891 -9.966024316829747 311 528.7391369342804 2325 1 -4.015859716570238e-06
 -10.19034943758496 9.661817426550027 -0.2250415339352082 0.9126097436673888 1.252757963578042 0.09228240117852704 -61529985909.6668 1055.701358263256 2805.769841918219 76541.15229411586 -2264229.311514216 2840.750383571869 2815 191660 1 4.379964806777773 -0.4641350072284371 -9.990254788260836 -0.3856518214193931 -0.9853844135210235 -0.7454656650420333 -9.962093230989009 0.7923129903818737 2.926387408739687 -1.336803684505757 2.82092587724281 314 568.2435929775238 2325 1 2.044971132517454e-05
 0.1028903020455562 10702.60545863697 18391.32781803003 789.8895258466475 128.3446325185751 0.8789017770149138 -5.346509117237709 1132.166060772347 2774.671576360753 1.362330567807931 6.861486691777551 2843.403705158226 183 112055 1 3.819525674611355 -0.2517209059371606 4.918869963606419 0.3948417406741935 1.103962021143746 0.6574454076442224 4.002533682880673 -0.6100248418470092 -3.706491679661339 0.8086955081544115 6.39392039995646 317 381.36150598526 2325 1 2.758089412962194e-06
 -3.22111779356467 0.4162359534866353 -24.43470984097356 1.240575473939069 0.4902790201369725 0.1384899582693789 -3440542.771915668 219.2053982677142 131.2402990007005 4.294528448844414 0.4517240435089869 2997.152465903035 359 127176 1 4.656307692870984 0.1679585778188213 5.81895948307964 -0.1738306322179995 -0 -0.616493509038964 -9.011040816960259 -0.8926713161110129 -5.121526574212686 -0.5216440086825322 2.30112042133952 320 378.0943439006805 2325 1 7.151092685950096e-06
 -3.597804262761721 0.141770467542227 -355843.6922172434 0.1695730559507235 99510.78899938587 0.09937441231789822 -1049088262.484114 2632.988343056118 16349.5848401855 0.4369590133663692 815.7646100795126 2879.0505954454 5577 127776 1 -4.666933178728438 0.3794185738740471 5.406882332245709 0.09307234341867766 -1.619109701671577 -1.044981917953416 -0 -0.4525931176634588 5.405873092689979 -0.1762773783789253 -2.397066671604096 323 374.7961800098419 2325 1 -2.694683918699138e-06
 -3.55638880121248 0.2592671485303513 -687.3965362562473 80701.85428542002 67607.54256947443 0.1943383416219324 -89719.26445092808 142.045680450861 39.97942709766616 3886.738844562172 9333.888340349553 2783.510781520318 2370 191664 2 4.050595742035239 -1.906948833726758 6.811859360031797 -0.2181273217279749 2.141196666760158 0.2915953669769897 -6.196458642915137 0.3451957428484774 1.865931950342706 0.3863899114319223 0.7590523607519959 326 551.4494469165802 2325 1 4.964216582590739e-06
 -0.01122769323118843 23590.22863032127 100625.5537040609 111.4058638388607 2.033049009239785 0.08252871047767703 -592211534549.1747 148.1946964407723 50.25091390148246 1068.204051440408 3135.718575214314 2719.755766935782 7558 223608 1 4.572783196189662 0.7013267932649754 0 0.5650677638570252 -0 -1.724555701344306 -2.334473412055373 -0.3971829784775913 -9.837375780320082 0.3756703861865445 -0.01642267338109216 329 654.4077610969543 2325 1 1.677212814753172e-05
 -3.858747795697403 0.1977183608000323 -3228.890353585581 38635.12729930942 172285.0118495417 0.1388886606886955 -3060259.709515514 61.62998520054091 12.37043997353978 0.1320173691652294 -9043218.575216165 2739.943530329735 1408 191618 1 -4.619186414364274 0.02874447923387533 3.966895605080017 0.3114800051625121 -7.22882846351318 0.02533712135951036 -5.094165482796885 0.8758796413797922 3.486926498915581 -0.7162462994195353 5.347739111452081 332 555.1605439186096 2325 1 -7.460932484665152e-06
 -7.765322593688123 8.133301861941575 -0.1215907215108747 1.503346155509292 0.3019259094708199 0.2311699423983561 -22804.25546818472 15817.55963445672 472251.5052772728 1.835525607320644 1.009011628217684 3094.927088865619 1069 127737 1 -4.529925933046052 -0.1099362992154696 -0.2605852774926358 -0.6379957017498024 -2.760299297425299 -0.8199240083584414 -9.773250352938122 -0.7625209156098522 -6.32819622736225 -1.725736139286457 -4.416449310419896 335 372.1828927993774 2325 1 1.01297039708477e-05
 -3.770207667070276 0.5470762298358476 -5.724775912284012 345.8551446415488 6.468063877001533 0.09077389460877464 -9052558473.166643 97.90458177985934 29.85926106982152 23.46438558464549 2.912712434628332 2895.383497168264 905 191620 1 -4.025749131855058 -1.453568369293468 -3.276198481110349 -1.863356835678953 6.29989215491035 0.0521543316878761 -4.262254627921295 0.7909036981161126 4.792995486863035 0.1875826044202746 -0 338 568.0718588829041 2325 1 -1.382462490529839e-06
 -11.30758264575566 11.68314171861717 -0.2913991281941127 777.8354722527474 227.4018152097711 3.844001447472753 -0.3174999503687958 6828.118839301227 89838.01880616936 308.1047879003821 -32.15558097475984 3052.664715285812 1811 191566 1 -4.339173359577791 -0.3699147763434088 2.19121112414076 -0.6617090609146778 -0.63668240417456 -1.056552486926667 5.874240894465757 -1.932981485224945 -3.808045091877247 -1.443364491254727 0 341 554.8496940135956 2325 1 2.02697912192753e-05
 -4.040536875925541 0.2268361204598495 -1307.523463811822 0.03904322909359035 9.932496733625208e+20 0.04843236754302956 -3.204986584421059e+17 7066.763193404146 86385.30633458857 1850.618356545463 3268.990163491859 2866.378719353442 2096 191619 2 -3.482300700249625 -0.790059134363494 3.760821887820698 -1.925531022689232 -0 0.2334941674566036 3.224695284387379 0.4879661460736213 -2.340435837687369 -1.593086842652412 -0 344 562.4702179431915 2325 1 -4.329993144372792e-06
 -10.30774182176821 10.04023296882152 -0.213676000411361 313.2690191575206 3.980106873863717 0.3282830790208982 -508.928240676389 240.004264036484 97.53509031311364 936.195719123343 -467.1367660939479 3042.677745599407 2445 127769 1 4.444591814373718 -1.884701607167039 8.016519120786967 0.0169516983712903 -6.654064485896006 -1.253272987075078 3.516707210865881 -1.76907622631572 -9.69330251615729 0.5390695512673398 -3.887118588289551 347 377.0318069458008 2325 1 -1.252341344859591e-05
 -0.01999129833400411 15171.25278355333 31699.18239722828 495.0369140383925 18.9422333309488 0.07506788662837774 -53307723914.45197 368.2011672548099 353.8496702125984 98584.68347989065 13087570.63495341 2916.165480936857 2035 143744 2 -4.364024864001568 0.8718749071718799 0.6074355203491053 0.08975062131386605 -3.971788011753768 -0.5262422258159187 0.4459341509535957 -1.63765917034985 -7.766874144762422 0.1442038058193793 -2.490427976720632 350 426.1149079799652 2325 1 -1.716391632316914e-05
 -3.55288479037824 0.4042843371271381 -9.837874470650601 34.210462176153 0.2548259756390158 0.08827428792815144 -14990868308.30343 197.0578408336261 94.84232755245714 0.06805112245208125 21898509130818.96 3101.824324942964 532 175677 1 -4.484479691571844 -0.004715834213877571 9.251333458610912 0.6371555434283875 -4.78817117057951 0.4196913861879774 -0.1914891830496406 -1.972610505214724 -3.500709255092128 0.6450340678441931 6.304110472729168 353 514.424045085907 2325 1 -2.79469192179942e-06
 -3.061358387191778 0.2151925365149094 -2638.830115188716 0.2336847867406381 2128.244535524518 1.232042096828173 -0.842184211489827 6510.825218260301 92458.35854364351 11.17062730269613 1.722850200471942 2805.077955785937 277 127696 1 4.527333994149812 -1.782306891363192 6.716147432945954 -1.662275117662186 -6.708382012616436 -0.5014095346194162 -7.691777884385354 -0.01872415846622392 -7.429251488227909 -1.863025525651685 8.591714200934456 356 369.9832332134247 2325 1 3.061723414892751e-06
 -6.151156816191045 5.002095827899478 -0.1146768574334641 4.746547533934329 0.03780680325845086 0.1180832244456649 -103411378.268363 210.9300180537515 124.3089788346226 287.8996200893467 84.40745374909476 3256.447079682265 1385 191585 1 -4.138287619300939 -1.000939233151263 -7.021949706251124 -1.623610733501399 0.7170637730728417 0.04990696348988517 -7.542045113757748 -1.897887225833162 9.38693906721196 0.3131768405490063 2.004980521125749 359 554.9100539684296 2325 1 4.759854741057945e-06
 -4.466505556003834 1.185108251038407 -0.2760577005105519 380.5071338794803 9.340184151587641 0.1479653534956082 -1334255.371506708 4680.665946363833 42181.95270885788 0.06176938344542164 426805134123056.1 3014.409832251237 1767 191630 1 4.275936846859772 -1.11359671738244 6.114103878787651 -0.6615919875527201 -9.356059317316367 -1.021320837987052 -0 -1.275139375267225 -0 -1.168776747325341 -9.78792626117494 362 553.5402278900146 2325 1 -5.389783743141906e-06
 -6.255518904785977 12.26295089131624 -0.1158576229247389 607.3252591005665 38.302236033645 0.05257671170500978 -4.344152746272207e+17 534.0018360217996 699.0731537031903 0.23738669085314 98205.45001807166 2961.52854887492 2562 127768 1 -4.634303314811854 -1.611702114314403 -7.133167893757244 0.6372431961956084 6.462451584855689 -0.3312955782549949 6.856958197769615 -1.698822234200654 1.019816835427946 -0.8061631597685803 6.419021196817821 365 373.7586848735809 2325 1 1.133224701712203e-05
 -0.02520887397097182 9954.523907827072 14656.39516358281 11991.16026864417 43770.88795990764 5842.406783008429 -11682.78028837344 7222.901875559798 132611.0196206287 1.213171796306571 8.891837488469257 3093.653914606242 138 127665 1 -4.346221008198651 0.06448409747046657 2.860309553145893 -1.280763578741825 -7.84933461048427 -0.1606326028645349 -8.642784361147358 -0.1164341153190094 -7.127584627536683 -1.809545747664576 2.207422122611324 368 374.7076108455658 2325 1 -1.015426869765363e-05
 -6.073620711496864 9.94057989509662 -0.0895396454122649 2.031591273487271 0.2741123783174764 0.1446332777509164 -204637.2873065074 39107.98094876925 3998910.705880754 2.847031729561348 2.717901900900841 3108.870064007404 906 127729 1 4.053580024857103 -1.470587047355654 -2.626671888656118 0.2314649954957484 9.979235173028759 0.9576652017948937 -0.4521437771599111 0.2819322273684852 5.941045043786959 -0.3792744217500772 -1.42267433015061 371 382.2285921573639 2325 1 -3.838400754706993e-05
 -3.865002201398593 0.2707169230003178 -705.4038263316587 39.00724286317851 0.1418029803425674 1.395586352603834 -0.550844923825754 7341.960879873493 131048.5234521929 2.472795547242348 3.885843787725242 2809.699414466646 482 126680 1 4.393967321844733 -1.502311525570305 2.265802374704949 -1.755268113932225 1.298777685525131 -0.01349512201108195 -0.6028849377283709 -0.8168089930747273 2.174137228154351 0.9602919094944786 6.158699682988665 374 376.7285270690918 2325 1 9.742086154094602e-06
 -3.206090145720709 0.1789175171227829 -20515.75001709802 0.07107554497697627 -494262779469.9809 0.0759897667744257 -480113897654.2616 124.6821165817472 50.94363351384561 0.06762659480083483 -26275245701279.02 2932.634459392742 3395 191664 1 -3.7785496671507 0.5118600209723954 6.308716446167382 -0.7111379678682397 0.7146361865924695 0.6165238417228602 -3.693046988952569 -0.802358418479117 -9.75735209271938 -0.5428348571151025 -2.590710758386679 377 560.6377129554749 2325 1 -5.365097117316242e-07
 -3.203690717903026 0.3918673298621285 8.506382912880632 0.2010530011540057 8348.341870801747 0.1409004679440213 -1528457.162517652 81.59763724692804 21.19413566238331 1.588148319210419 11.83191501645955 2975.003992086838 1428 127643 1 -3.864341436589963 -0.883924669606734 -6.820212794850335 -0.6287810976971304 -9.857119269304746 0.979342047127023 -8.576659060568019 -1.571205549083471 -1.828328473785674 -1.746219446611891 0 380 376.0069727897644 2325 1 -1.202676374943612e-05
 -42.84816959806161 146.6935661400119 -50.55917697735936 36535.04381095052 406262.760317003 2.133294143028868 -0.7546343010865311 6354.401945529638 91229.93160800371 0.1113403009371118 487199833.8759895 3001.837485099546 4147 191657 1 -4.596649764597904 -1.351783088799626 -5.738455635069675 -1.112665138540009 1.648635621746308 0.4374239649374028 9.706958309749194 0.4161897746516852 -0 -0.3099549805451272 0.7859628353083927 383 561.467698097229 2325 1 -1.397232874056456e-05
 -3.583127664651985 0.3038571328466924 -137.0030291397147 1208.811028497784 205.6116848625011 0.2181507382881624 -9590.464520141955 8186.364762791559 198246.157318731 1.667390631055784 11.27437847847279 2915.66060703188 740 191349 1 -4.659071574504682 -1.918384668101652 -8.884320623498111 -0.007661668366978374 -6.653483929789774 -1.980571636598436 -9.847113008491142 0.1530314563855306 6.594231492921068 -1.749306137008812 4.944975433092033 386 564.9657900333405 2325 1 -8.205577246216274e-06
 -4.054465956987182 3.28538149766466 -0.05730859910656771 4.031805579361375 0.1116432536866117 0.3225531773341776 -672.0796573289674 1144.497622976432 3208.534237900783 442.9071546718772 301.2782973948348 2989.437976189598 2176 191663 1 4.142933407793317 -1.984604382760214 5.989558281714473 0.484295715883837 8.555404918171918 -1.677752755622958 -2.01104745035335 -0.4294751734554385 -9.495290365985205 -0.5337285659613187 -1.11263220624216 389 560.5265769958496 2325 1 -3.008855023404656e-06
 -10.13658259092461 10.8159982329413 -0.2338190499028402 0.2342066959901518 9757.283952665783 0.1245588308987445 -42996694.37537605 19.18709129489495 2.133805581148195 1.603006543635899 3.504297907790747 2930.674136294224 2545 191663 1 -4.597797789881795 -1.411345802995311 1.049200478760049 -0.0001511930473148589 -9.781605284426425 -1.569271171888736 7.50268282967161 0.1525539282263683 -7.47719995225847 -0.4806332757914129 -0.8297223736669688 392 557.7833740711212 2325 1 7.881126180310429e-06
 -3.049434054023084 0.04263921096648313 -1.985346372793261e+17 5389.029875831931 3435.163556959025 0.1850136138543611 -47928.81904949879 102.6615392556854 32.91604199197536 0.07044971447613632 8283153236881.518 2816.524801847326 1873 127748 1 4.4154543676332 -0.4253422893530221 -2.728126793940489 -1.287290569782352 -0 -0.1921901849578287 -4.371639850662187 0.3429531233650072 -7.791266715318844 -0.6392373540173688 -2.164554295282499 395 374.8279798030853 2325 1 -9.153768720532384e-06
 -3.60607702088208 0.1232727797799322 -1069550.144066637 1.258887388968555 0.1879548604431421 0.3236270024685307 -427.2981036316312 7389.891110253897 121168.7085331375 4.080655960762932 0.8635679342336862 2861.932431313674 630 127757 1 -4.627214528808209 -0.1968914631340661 -3.885269370056579 0.08255527387967372 4.419133082061308 -1.776299081816611 1.118240453587982 -0.9285037036647594 0 -1.164877438949378 5.913330119542912 398 377.094309091568 2325 1 -8.844532055011348e-06
 -8.289228939297111 11.11581947093593 -0.1706934850502183 7431.948060236627 2391.116093437266 0.03826841139723413 -3.545960333248091e+19 6854.425704843226 158907.0959153957 0.09486699991394157 -291531887.5931612 2986.037924966026 2056 127765 2 -4.631013236349048 0.5886962179595576 5.27184787753384 -1.725073888789978 1.300951502962735 -1.311867213877451 -1.844217961478976 0.8195829549915139 -9.670590087881598 -0.02788055387885984 -2.972135616164128 401 368.877504825592 2325 1 -2.541126652329749e-05
 -4.005805220714687 0.4653024151628224 -12.83759181017698 405.0624534571647 8.505769543159397 0.2332381099707333 -12481.76531967244 42.9760000133015 6.352465908323845 1.068939802585829 17.17003498691939 2871.565781848732 1352 127702 1 -4.418412249887869 -0.08711374611217519 0.2454269386838832 -1.917762690647823 -8.788043758622877 -1.274164546390997 -6.087045024114088 -0.5656615774843807 0.3411104233705262 -1.742953010074014 -7.427829899309062 404 371.6351449489594 2325 1 7.617271804160307e-06
 -3.154445367874281 0.06978995816344764 -36593958211.92923 5.452515235188336 0.08361030536358925 0.2453542430587367 -4830.696174050867 1958.168046610169 9171.746887321058 1.389466778076076 13.50433926745562 2771.693559108511 195 119750 1 -4.460406142424825 0.7613694760030403 -0.5758138579954055 -0.7440008687833108 -3.805833423118109 -1.162148620675959 -1.249029976885407 -0.822494106822143 -7.170084506304612 0.4020828014544144 -1.055871929889646 407 372.2064681053162 2325 1 -3.571929750959692e-06
 -4.293761405019594 1.341058363433038 -0.2986296266543294 959.8479954752013 382.9856132037719 2.837843748690631 -0.5645956646220592 1312.190875256272 4335.218284971779 171.6077067062131 52.49931658016413 2774.799648654945 1030 191531 1 4.150771535209034 -1.46916096033969 -9.198490635193796 -0.5708050933700513 -5.046079846175385 -1.576391010061932 9.463155641801929 -1.612025176995961 4.841851109313383 -1.304821331114548 1.248085044106558 410 566.5473349094391 2325 1 1.0529070629189e-05
 -3.114025915415272 0.2615581815632324 -725.4172570622537 301.9682419672822 8.063491911448331 0.07055426027234529 -8745088071156.634 7095.74060093973 111307.8322744463 0.5745635386728893 167.2758602885663 3060.453523958839 1830 127693 1 4.478133202781986 -0.3857264856762477 -8.579059709965337 -0.2305603556951522 -0.7287926073169357 0.2001183696220958 8.26183244075418 -0.3880318956809639 -0.03931220257260204 0.4979447857764345 -7.940859509111162 413 375.5064299106598 2325 1 3.604010472467844e-06
 -3.766122555456612 0.3443918743751725 -59.98710622997598 1.583192328327263 0.2109838680500266 0.3630993720983179 -252.1482309696297 55.06050501980418 9.397958522737326 35966.40690995262 1741046.815109475 2842.730580485531 5387 127764 1 4.372082259315327 0.032992978339942 -9.918627966538292 -1.319138389348055 -9.822758938287302 0.4692429881300413 -5.144701507707606 -0.2829792216650437 0 -0.978474727348825 -7.213288023741233 416 373.9931721687317 2325 1 -1.593616102349264e-05
 -3.403225423416041 0.9742339955020415 -0.5616495204387743 0.2752215034166523 -270.7753383234655 0.3123782479740677 -266.9627339660723 21773.10284086826 1102837.019011188 2.05414055783976 2.79995489088965 2689.795388413918 196 163003 1 4.14255778731505 -0.5286859384573912 -5.451661801996268 0.1427345733049261 -0.08493299180517244 -0.126286136720636 1.15364209696821 -1.585876563129888 1.251092210895064 0.8553732496799826 -0 419 511.8848478794098 2325 1 8.736933740998767e-06
 -2.885850531315213 0.039919212469847 9.995809957402394e+20 26335.91601822169 77345.25994801917 0.1278670532586836 -61719936.22170146 708.0473901233444 1203.579074024742 1.167051594608668 24.07556210280751 2896.015892648746 1950 191620 2 -4.456050512600186 -1.601389037179096 6.102868900493378 0.4831850577316916 -6.405232824275181 0.7106245512973031 -7.959122029421687 -1.787254528243905 -3.698111487059226 0.4334627551382386 2.299122477432326 422 560.4865870475769 2325 1 1.365435032737073e-05
 -12.0301479890683 8.925629845401348 -0.2618960776864551 0.06217211780142277 53771951673008.05 0.1914938214565816 -44770.48856237828 14121.62091053686 498128.6566977113 1.475689106134415 6.212606052466813 2891.999615305287 3745 191647 1 4.658098450337123 -0.02948599387817467 -1.355423276505411 0.6534012776500163 -0 -0.6425675744214079 -0 -0.7057854971236566 8.818085796507336 -0.04795775881558485 -0.7724877001065744 425 567.1784620285034 2325 1 -1.775042772474774e-06
 -3.244559343380197 0.3458160388401536 -56.49950709574129 3.132467298846894 0.02093139946517038 0.03963117791060612 -9.937979027695032e+20 1630.495369462192 7084.9859608242 0.08138170128228257 1149740203186.513 3012.31573225354 625 191626 2 3.70882174963652 -1.810850687121382 -6.623744189534366 -0.6348007884279854 8.05828352498664 0.1409150693011209 -2.142763856675022 -0.2439759667999546 -0 0.240670649805664 5.928808232929369 428 551.4427330493927 2325 1 -8.89700119462413e-07
 -3.3957970888084 1.081507674176512 -0.1604251589541395 25050.01364465092 70279.43255231532 0.1921597404037974 -88816.30237747611 87.60552757531875 24.55460105540398 1.868222699045953 7.61074317699731 2879.777157359866 1820 127763 1 4.082049074972859 -1.493658426439486 8.574540593851246 -0.5973850516074251 -1.462685777875131 -0.7226816728639838 0.09220919683444961 -1.690016852758722 -3.81456872217842 0.9530588831945658 2.974355575276909 431 378.770859003067 2325 1 2.178927155960933e-06
 -0.1201107931575055 1655.269238373907 406.4526312448367 2.251964513652744 0.3184402290511107 0.3763009901239517 -384.7272809579462 326.9834546475073 311.1929116277136 221.4942980000211 77.98980578371577 2851.574866322755 1216 191401 1 -4.153048062888271 -0.8391066102916076 0.7611754558262804 -1.574240741181719 -9.969406037959098 -1.28674164057013 -7.427314717608368 0.7400382891200659 3.005097652307736 0.4871329827621338 5.415505759761218 434 562.8713870048523 2325 1 2.355554950529578e-06
 -9.804616271882269 10.18317201300923 -0.1931181752774203 27935.07553598053 42258.386581167 0.09590581514390149 -517653463.1196344 117.9072560803546 35.70292678187291 0.2728918161680259 10375.87987308031 2970.712640644683 1470 191573 1 3.964072764235629 -0.8912502897293972 -0 -1.005284302286992 7.389758004614553 -0.2188322477255156 -5.395226575359545 -1.150683541234349 5.217758905423182 -0.7160294439834729 3.433745732575427 437 565.5468518733978 2325 1 -1.727761853907059e-05
 -3.691773796127003 0.3852674188710163 -51.47735501773171 53396.96155055196 157801.9529721099 0.07602309637767835 -570019269657.715 257.3723110216762 156.2166321162348 2.486920595653293 5.647626846576014 2848.130378873394 3123 191649 1 -4.604775390787899 0.1867557021020323 6.902236206297728 0.5634955039017422 -4.977349412848936 0.6385157975834321 6.470854453596433 0.9281642546168425 4.10796144146709 -0.206191056620102 0.8225335103003664 440 560.0494039058685 2325 1 4.852604539094034e-07
 -3.144238649730931 0.5134699362515779 -3.440861791795415 88688.5354772718 997220.3164755363 0.4570551950673921 -67.33441413032709 2949.683818932035 22234.71326792178 1.02118902290784 21.46054165424142 2802.653825777159 716 127722 1 -4.274822262693752 0.4919156676618703 8.388256970443322 0.2829409469061387 3.83726511791239 -0.7627651009203689 8.340455374411709 -1.742557537548512 -2.729138960402146 -0.9343010140707966 -2.760334002213599 443 374.4175810813904 2325 1 -6.137102054772653e-06
 -3.467971490817249 0.05271952812133172 -152257208988908.5 77906.45665994679 1971421.198739589 1.454519065957123 -1.394115440324531 9.90344017311063 1.357853559046605 0.04209829670033816 8.560764420818541e+19 2931.842019065087 2807 191663 1 3.918843773040011 0.02537566470855964 -5.900099630274939 0.3757340495289769 7.923883564161466 -0.6960468336926668 6.077189083075043 0.3145852991670454 0 -0.2791726040678971 6.40396178392676 446 572.9853210449219 2325 1 -9.661299951903797e-06
 -2.795897070228004 0.04389274368721201 6622273122551492 311.0878760224122 10.80731505417722 0.2781136094026382 -1791.418234439928 2506.993936721557 15572.05431485687 2017.959565537505 5350.064179173421 2985.983249158451 490 127763 1 4.330017553729151 0.4505384600533668 -9.38096092576049 0.9794989418319652 -0.07396574260864641 0.7474849133550689 -2.885823827243087 -1.894871547916975 -5.540157929261381 -1.302603724773314 -5.633693021598707 449 391.6347970962524 2325 1 -1.940617168591386e-05
 -7.799136815493834 10.77697108462986 -0.1471426039677202 313.3088974797532 7.158786596455796 0.0995130771672255 -1222237980.231503 675.0795973662968 1090.919732299136 0.1896945640689988 532672.9077807909 2995.258548691384 593 111592 1 4.516530138812743 -1.780882570418288 6.935942343462331 0.3746280066546142 8.620347639002405 -0.7132430153702698 -3.290787383824453 -0.317615852054912 5.381138668922784 -1.481266302810784 -0 452 333.0948100090027 2325 1 -4.678911037553394e-06
 -3.884820999127829 0.0576781770959009 -3101168226305.821 0.03616306689924654 2.370786785376628e+20 0.2965381225403618 -323.8082376696374 26.91841605841983 3.241471939862804 2.370948229265856 3.712625354269084 2809.069195956384 3428 191664 1 -4.683547716260583 0.559918702400418 3.560779376042127 -1.788907268787314 -7.27993915546682 -0.6061063495682149 4.684971656063261 0.9291882229848309 -7.776175444698401 -0.2057777883444168 -2.540710443215741 455 561.449492931366 2325 1 -1.443386468214592e-05
 -4.118186148449476 0.8163495516703848 -0.4571068067826869 0.1966641375090733 24193.09705895574 0.0787914993564784 -655400028808.2583 258.0067031637338 162.8231105336789 23282.39822514665 -192606.3846334755 2990.474133849359 1051 127753 1 -4.634264668811637 -1.343963132425033 -0 -0.2624517644425914 4.919290227980633 -0.6340090062289665 -7.665513055138721 -1.769427581638647 -7.607252682126489 -1.566421088004808 -2.131799774599456 458 372.6550030708313 2325 1 1.217421566626368e-05
 -11.05453563161949 7.901042572156848 -0.2348674563166163 330.8303897016501 15.32443599245606 0.3066044828341006 -863.2180151213114 285.7876077959452 180.514631157007 3.535825442295563 1.889793679303102 3074.910311238711 4281 191660 1 -4.222869389334124 0.564137715857993 -3.070309948760197 0.1043825083741523 5.496488908499683 -1.353202721642534 8.32728616576245 0.1960344024424088 -1.714421648819162 0.296020318402173 5.92479051008385 461 566.0974957942963 2325 1 -1.382128774350905e-06
 -4.300873094096236 1.071705656649718 -0.5842424541137708 0.5997025026073409 2.536902951996726 0.7027327583965918 -9.19020594625033 190.3809249146164 85.95864580774034 17558.75817544114 -386003.9264714256 2904.762227134781 362 189429 1 -4.677951182397021 -1.044240869561195 2.679632572401923 -1.550200373261183 5.279437998287563 0.2607203861166214 3.634120506347783 -1.834465168070366 -3.125321032777848 0.7213201737899455 0.1139589112446826 464 565.3127040863037 2325 1 2.039022597624962e-05
 -4.091428882938511 0.7760341347157652 -0.6179675127152841 305.5371243042881 3.792021508597434 0.05944038811077166 -13295796443908.25 3128.88741622298 25508.33784088078 5.808037570333126 1.180658548074484 2888.541752550161 1754 127749 1 4.542719139348688 -1.194101487555104 -8.903668139246744 -1.307860059399585 -7.121065205195322 -0.1763045434855882 0 -1.554963192778731 0.3824843464379848 -0.5437563029479825 -0.1593583642106235 467 395.251177072525 2325 1 -2.226807877564714e-05
 -5.011296605891999 2.926456616847366 -0.08062867679753329 102.3175932349305 -0.1468296830686366 0.3609891046805034 -373.1096663844704 3982.320821110516 35738.72884996929 2.60425062216302 2.253906047272591 2893.602703294702 1113 127687 1 -3.81875453902207 -1.583989886277624 0 0.1999197018096303 2.343112939859848 -1.470525955639239 -1.076421079705625 -1.072128876126119 4.164673694201685 -1.315549473556165 -2.07163485170871 470 386.7883160114288 2325 1 -2.641283619914608e-06
 -2.834790082437886 0.4448308833420178 -6.648146322588622 1388.696892235315 179.618093500466 0.1396430668105257 -12494723.94104786 10190.69783378076 256446.2592188753 190.1943022128614 96.81817115233476 2815.619566190178 1835 191612 1 3.234732577812117 -0.3562329102135698 3.357482357759538 -0.1649763208644508 0 -0.4502450511900209 -8.064473931476762 0.6964034844886893 -9.323653278078776 -1.285099617534816 -7.267891786421494 473 570.1335279941559 2325 1 1.481898749146043e-05
 -3.640708829970708 0.1100532917908629 -38892103.45846499 270.8028728841138 20.73232284566159 6360.990743233177 -18121.66149460264 132.3911409685536 39.48609438280127 297.1600861401822 186.5442086258113 3002.848011651832 3085 191649 1 -4.698676788388983 -0.9907528272674462 4.1601751215523 0.8617934109703529 -7.065350815175234 -0.1615041441809666 -8.129856857572578 -1.122060597939976 7.62511506959587 -0.7071304141768904 -1.922462707360589 476 561.0708119869232 2325 1 2.564112684783007e-06
 -11.32403482206866 14.84033798853928 -0.3186458165164644 56411.8331389288 925635.9516013318 5.85430996742734 -0.1782224826426665 5924.189666192181 88809.11925187577 0.09828963820869939 9512165074.522375 2929.635151973863 1678 127771 1 4.664118015402978 -0.7616494620458276 7.233589397065749 -1.901711383945042 -4.371064068934926 0.6892402152044435 0.8440324204375873 0.1872341952412486 -0.2341519018962961 0.9838942041816859 9.735273588188189 479 376.706258058548 2325 1 -5.261238498102089e-06
 -2.418472839402883 0.1649448618461839 -46476.25281269484 64844.24962468789 492495.2317354214 0.266465058890194 -3207.468255736906 395.540713953274 352.4648990327124 0.2573746032732737 33544.44872680903 2866.049477457481 4199 191664 1 4.014295953144861 -0.06052403231836045 -0 0.7117935362354717 -2.773304113903194 -0.939961270521696 -0 -0.09891411333120102 5.776291760629026 -1.111118478639652 -1.688193782728578 482 566.9265580177307 2325 1 1.891278636829587e-06
 -3.481505384826943 0.5702726571862078 -3.348232674699408 0.09877415116404072 -622342656.6131099 0.231852330298455 -6975.133824783778 51.07052122046801 9.397849056908465 2.88614993216996 2.208958984690602 2917.177701783618 1100 127746 1 4.497281536808982 -1.383625715598384 0 -1.117450264233808 -2.200822183383937 0.03222822059740468 9.84056395860685 0.9082379910390465 4.091406124550037 -0.4098376998260918 -0 485 381.9225609302521 2325 1 -1.75744418036355e-06
 -3.014793079207594 0.3383153036576236 -36.73280282124535 68914.40208067495 515819.5939586908 0.03951553689435186 -9.994705070850875e+20 24.96987900339184 3.50082846885135 1.312886508307862 10.21871276688938 3009.459748576631 447 190575 2 -4.089907351567265 -1.392341088368767 -8.232097191307728 0.7073659609059471 -0.09712225695295107 -1.580087939880644 -9.23067806069276 -1.63753721347364 9.617104893161196 -1.686966118646207 -3.28107048727164 488 556.7863609790802 2325 1 -7.394376029839251e-06
 -21.62167628860553 15.06501671526512 -0.7682207364705673 1216.847324008502 182.3689922454048 0.1125838158779277 -187859702.4389505 76192.56463846903 15427220.90618378 1.82933659084591 6.950008711509867 3064.862994758123 742 191655 1 -4.093710515493521 -0.7097173839013085 3.797332365484488 -1.885611697333871 -2.072634289051788 -0.5058176335876247 6.446826052691839 -0.2083218123853348 9.473005291509985 -1.401025116989464 -4.238338555819293 491 567.4708859920502 2325 1 2.751261591042483e-06
 -3.911229479012162 0.5889910250015562 -3.431750129395395 0.3228718953968528 -94.85680974144451 0.3593023837755666 -715.7527661556863 86084.93276185165 17963337.15102211 1.424860905347687 8.584385955841149 2860.097205037786 1622 191584 1 -3.866811571871171 0.753690190310754 8.912994817781788 0.1618514221157219 8.088172410268363 -1.198373519030842 6.206582148955468 -1.1298845023322 1.927313462405467 -0.875275355069105 -0 494 571.4929602146149 2325 1 1.903493949385371e-05
 -3.650671163368369 0.3854158398071484 -42.64670133572272 0.04206900767498851 1.771230833732931e+20 0.05285835929105617 -8.237722684937126e+16 37564.46768081668 3826097.016383066 412.0077425820112 429.8893790100688 3029.865568622529 1674 191566 1 -4.570470696455752 -0.5690151615695189 -2.721734094215453 -0.06026253820352957 -2.755899669612504 -1.648778651908036 5.338392898790399 0.7622064636630497 0 -1.248961041088864 6.906582312163962 497 563.1266810894012 2325 1 2.953240333638497e-06
 -4.225225188717651 0.5439902842206683 -5.40962740566996 109.1460805263168 -0.880657736895964 0.0458413819363588 -5.789758856673243e+17 16.2020373089349 2.047544858325503 47744.62676369502 9990910.152056117 2931.16569546589 1031 191600 1 -4.319145642011933 0.01256781808291934 -7.701586992780578 -0.4155258766328949 9.409825467902225 -0.4368166346592686 -2.941120088141278 -1.394293610764634 5.855057005672983 -1.467322426421546 9.426575841989195 500 571.32967710495 2325 1 -9.585780726615495e-06
 -3.938507473124322 0.2866648572075139 -133.0478260673394 259.7908214621476 5.184776151542478 0.1828022091532588 -127023.2727846683 5.102981089844016 1.572020526548939 143.1301210617305 31.37996547427896 3057.630164826051 1542 191648 1 4.452214424026346 0.3012806457580322 -2.90231760139383 0.4860358618544804 -6.010556336294017 -1.15412941256527 3.184760219865868 -1.353498641887965 -4.472839133320602 -0.4143435773671805 1.59245824243669 503 568.6278820037842 2325 1 -9.010832046937868e-06
 -8.799837369484871 7.591165141228378 -0.1701833577657354 0.08439849585395702 29461896299.04337 0.09995115035406225 -1353008080.168073 1363.311503959296 3766.488585157917 3.334946296847001 1.80683585038839 2952.247675570797 4869 127770 1 4.462254783613512 -0.1997125570718499 7.105182770254098 0.4817893847030992 -9.108853029001859 -0.6481391156989958 0 0.8580246412207928 -1.418551244711376 0.2656855702000164 -3.943618298380866 506 381.9725811481476 2325 1 -7.565202487558577e-07
 -2.506068826891356 0.03790138088466583 9.999846535384186e+20 3.773855874738379 0.1250963699948743 0.342140776070999 -408.735484100081 451.3844171624816 526.0095417744526 1.446217976591953 5.423633726615546 2798.621867089128 444 127421 2 3.893832887929901 -0.57242772899738 -2.49829645318117 -1.030435204987373 8.970756062306943 0.08631510580697158 -0.8293740216508709 -1.517024413662123 5.588229158588823 -0.9587037248789052 8.461952692009836 509 383.0462400913239 2325 1 5.882425565566646e-06
 -3.241254140682315 0.6507932421779766 -4.439143505452052 9326.926259321443 9465.858988244599 0.1533435815712348 -6489262.919531167 63.15377218590126 16.74773566215701 1750.808372087717 11134.62733218939 2883.994840752682 373 191659 1 -4.211391901044244 0.5978990409404163 7.35126673919455 -1.217597790897602 -7.93408066812059 -1.254936074025318 -7.315196080324043 -0.9669861903326087 -7.982622079204734 -0.5976671376256073 -9.907425268427147 512 566.7472069263458 2325 1 3.249792712749292e-05
 -3.921000665832122 0.7893098219431128 -1.170011586654047 3418.032823939176 1195.692793731391 0.04863476571053026 -3.688169919580297e+18 3552.377196177582 26994.09623928537 1.461466130405165 4.659032059148274 2788.724875105784 1173 127705 1 -3.905983793580343 -0.3427477868168713 -6.096327701964492 0.9668643907375749 -0.6555142972075445 -1.892241672602031 5.942836889239453 0.04188775395771583 -8.710708873758724 -0.6835626227362379 5.134683053488128 515 384.0390689373016 2325 1 1.060579721677505e-05
 -0.0316056649062743 915.4965825599271 132.5718376732963 392.3812947780513 9.577732039155327 0.2401976831926717 -5070.565874724389 75967.74791776369 14064309.9076437 16679.15294784554 491040.2360948803 2816.460711945116 815 191542 1 4.60520195504772 -0.3580412704942306 -0.2494398914968716 -1.983528735612831 -0.4517036643062946 0.3516952029267735 -0 0.5880433650228305 -1.410505028423487 -1.316541042964467 -1.16985056934443 518 572.4448430538177 2325 1 -2.192156510556953e-06
 -4.995064682850205 11.64408838355618 -0.0813780649209907 1.727804551693256 0.3981385873637401 0.2098232025505776 -7390.800067388304 4679.754504936787 65076.55372546434 1.989167856879934 4.920996266143801 2603.725358692676 2280 127763 1 4.258690398098324 -0.79115625192488 -2.431777774065271 -1.190738608610967 -6.276412986980763 -0.9055287287190925 -6.890175240139549 0.8817388786700282 -5.626442865216614 0.512267785160061 5.582605199998135 521 384.8429820537567 2325 1 -2.770420724678577e-05
 -3.496377112763916 0.08697616125873187 -758343344.625218 0.1313177888767539 -1194621.702031886 0.1254375484478739 -12806922.48870565 33306.44517293351 2786784.019106259 0.04216369062521361 2.586481132726243e+20 2977.970305486696 3173 191664 1 -4.397475129181373 -1.130857610237935 -0.04671715884193528 -0.6709825521692068 -5.088062790889046 -0.7686585019138494 -9.34731481806168 -1.376146906041572 -1.504493381689572 -1.429535724173814 -0.9032078718363148 524 566.5580718517303 2325 1 -4.996023066335156e-06
 -3.538383705553586 0.549794900848469 -4.067390032779109 14500.14479436835 28665.92548570651 0.2610372974684175 -3530.553127173908 39.34099836501604 6.57844311650576 2.164000324971617 4.743044515266339 2829.313355351288 797 191646 1 4.385699427183095 -1.308850128751639 -5.386251408664017 0.04355372887508486 -0 -1.648923836257785 7.065467280036136 -0.5602589687210635 -5.547052387868299 -0.2999525379057149 -0 527 566.6818211078644 2325 1 8.665523846282588e-06
 -3.422692311945799 0.2610932270065995 -616.9661571652775 3.058799346073784 0.08942645874050452 0.04641760774567127 -2.350251730335889e+20 172.3298448635971 74.72317764865345 3.272488589390715 1.585763580430154 2989.919547432858 1653 191567 1 -4.189519541134246 -1.053249830739592 6.582951445791794 -1.598403904970051 -6.977110348610381 -0.8776647517848506 -8.528897169491049 -1.4668008088075 -9.115692992544959 0.6452078782819197 -0 530 575.8449339866638 2325 1 1.731503430882111e-05
 -0.2133767472528474 2369.850914504352 981.4419992233488 1077.860082673973 352.9372194622921 2.653384433013087 -0.4109422971412783 246.5519190752625 147.0235404031945 2.122463046016413 4.644923447340282 2770.729758637865 769 191346 1 -4.225849735378175 -0.253036665116996 5.827428628603081 0.7693202542971225 -2.861287493148914 0.7923667830419165 2.098008077308883 -1.47992378915323 -3.142933692755356 -1.518514571338998 5.678972353241311 533 569.0555980205536 2325 1 1.879196030581021e-06
 -3.295939300199691 0.2967269550172612 -313.0627620041839 67.25680012760458 2.337743896359442 154.7574273461078 -11.23164733777744 11799.11242270935 301437.6763818753 0.04329502815508889 1.132358946552311e+20 3001.666419698039 1659 127769 1 -4.345535961218969 0.9774258939819878 3.217044868632669 0.9639119098902507 -2.437434105997945 -0.4766578585259084 0 0.8575353914422283 -2.982949795052942 -0.1038850908664558 3.435650185274888 536 380.2017920017242 2325 1 3.987968137643684e-06
 -6.304706603231971 5.891289106131681 -0.07753637669327519 1389.795891298345 26.52355294793244 0.06152778007673118 -40792902560531.33 27.58958468069644 3.987372330023436 0.6926729871203395 119.0066595347359 2827.590328827449 2086 127684 1 3.955679355109471 -0.5764490435584477 -1.250432970648417 -0.2734544271276373 0.8493000640713069 0.0345943353610773 -7.745911894684742 -0.1485607961209965 9.981633542428415 -1.34517551995267 5.95598133872735 539 381.8186371326447 2325 1 -1.104922374291802e-05
 -3.390746652879046 0.1912521718128277 -39682.653003063 0.1576076498113254 580621.7003534727 0.551899831748907 -36.24871668459799 719.0300437882107 1085.838376787192 0.7916699358921924 6.833789498994816 2774.306848651835 1643 191661 1 -4.16374296831401 -0.8254994117923342 -8.642077611419877 -1.710308112462701 5.081084956935186 -0.1503603398033508 -2.382731587376397 -0.250287127023972 -5.838181543713348 -0.03760337304912566 3.686859862316138 542 566.0788428783417 2325 1 2.797639289720938e-05
 -2.993330838819632 0.3450162123708798 -4.375673682214609 91834.55700905692 748936.0985172092 0.3561276879822774 -286.6433005625994 5527.97367801958 69124.74290650325 952.2434511269157 -490.8583893306203 2955.03421388641 866 191615 1 -3.883771097063378 -1.48769599685675 -6.982743829604212 -1.426709357990209 3.969659644907619 -0.6322080902699678 4.391342531764755 -0.7294600071386501 9.963957717623714 0.4091218298181629 9.004528120487302 545 561.916228055954 2325 1 -1.376342512740229e-05
 -3.483057084412421 0.5841755954798832 -1.838610881486033 3603.31474807855 585.1072775729903 0.2007118312539021 -83696.34828287922 15315.81548208247 524509.6969328634 497.9394905342737 624.9106793851447 2998.801156866241 348 191532 1 4.631835282191107 -0.5761198616807972 8.406396460009994 -1.994814678721052 -2.319710801617014 -0.8471152832916413 -2.339167912999195 -1.391503885743272 3.697420610558368 -0.420517633832282 -8.584935204230783 548 565.4952328205109 2325 1 7.239047640365115e-06
 -3.70175667385936 0.4257662424095901 -11.47366625480437 0.5398343095608481 14.52019613057874 0.04300344159185177 -5.260038881654697e+19 189.3456725656859 73.30527845813256 121.8550196098274 20.50766227407246 3049.36934214544 1233 127760 1 -4.475466074898924 -0.6808364768275688 0.08581432794469634 0.739663824211473 4.656051489572494 -0.5276314335140579 3.805266562690608 -1.589625326874608 -0 -1.797743866994234 8.58958863389959 551 380.8191480636597 2325 1 -4.658740634259006e-06
 -3.415498913084615 0.2732312419408691 -233.9068703985587 1550.25326369967 238.1844693034479 0.2336742166875936 -3045.156590657706 52.1397129139737 8.383069581964405 2.09391448739631 1.677842641064671 2866.737452561563 1263 127690 1 4.097410540245218 -1.339073752929929 7.125534136085671 -1.777649888095402 1.686219928697819 -1.708823661206979 -8.243630931750056 -0.4538321691413234 -9.247565783827534 -1.465428285968827 -2.683452304811074 554 383.72039103508 2325 1 -1.652259607622109e-05
 -2.764774667413992 0.04162826092872832 2.720909773305418e+20 1.499444393893468 0.1786820213021021 0.07985397299181227 -1250304351227.835 41.47849363895189 6.101192389371565 98.47529476495899 24.50997907587034 2905.49922831644 184 169882 1 -4.249739556658039 -0.4163107322749351 0.414237276758775 -0.7572281326223607 -8.352930588311589 0.255463483854581 6.574308170668346 -0.3773234824607332 -8.918942173369999 0.8167839311284268 -2.247303699182195 557 523.7033939361572 2325 1 1.837031133988836e-05
 -5.933712808045769 5.818442967356371 -0.06862906269152284 15860.94016285845 13639.05008921909 0.1046714437078888 -65817767.38206822 501.170830228594 505.1938356810654 0.04075898384279899 3.192180297735877e+19 2802.238737924953 1757 191628 1 4.335669812402338 -1.140442637772157 -7.284445028843383 0.9210120414947798 0 -1.077299164059204 8.649453718686322 0.846812756171098 4.276862162246484 0.2598662147437433 5.270533824950527 560 534.3483459949493 2325 1 -1.892154646557237e-05
 -4.181285501537721 0.4816417681554965 -6.838338748346754 10.79993294787455 0.0803376006140319 0.8159103120080307 -4.595856827387349 110.4170116556722 21.51085292448692 185.3327430141669 43.18585993594877 2904.297359050187 800 127776 1 4.677045248347987 -1.029384366115081 4.653048450534815 -0.3049479188133111 9.96081191071079 0.746234141645195 -2.244769878228128 -0.09775089660230488 5.265397662903395 0.1470004058831509 0.782308585124782 563 358.0648739337921 2325 1 -1.145035336911161e-05


# name: injParameters
# type: matrix
# rows: 1
# columns: 11
 2.01 0.03999999999999999 2 1 1 0 0 0 0 0 0


