# Created by Octave 3.8.2, Sun May 31 09:05:43 2015 PDT <charlie@yukawa>
# name: outString
# type: sq_string
# elements: 1
# length: 114
Slope	Lambda	Gravity	Lambda	MagneticField	Lambda	MagneticField^2	Lambda	AttractorTemp	Lambda	AttractorTempGradient
# name: om
# type: matrix
# rows: 187
# columns: 31
 -9.077762641102792 0.06836475153761179 -1375950032304.051 2.354622689490853 0.1859601251443889 0.1330261534349296 -16214312.86575561 2766.302503807678 16487.79873264535 92674.70188748572 -3102125.913749877 2842.570662505898 1874 191662 2 -4.680107018251664 -0.6635171860383694 0.645747728576509 0.8973483672935774 8.06806073995649 -1.605360706347258 5.176949733624103 -1.770885812814429 -7.821329429582311 -1.981014921785992 -0 3 880.622997045517 2325 -1 6.778163184836121e-06
 -10.42061368137223 0.1376270407405943 -590955.6304460939 632.2525972721431 32.79933804605459 0.3484805473188195 -606.6574193599158 136.5879229256959 50.77671177739177 2.189709324935273 2.957135528476445 3014.342488903105 1484 191660 1 -4.578778949357918 -0.8507336199827584 0 -1.947498539445174 -4.627940986797224 -1.861664265248583 0 -0.01260034850744598 -8.358189133831942 -1.947363095483755 -6.882778418792735 6 717.4988338947296 2325 -1 9.42908682171028e-06
 -10.28976585624707 0.1102476304839381 -22594787.85235696 7831.997430598842 9877.104498526478 0.7644833175169544 -7.084040225277889 15535.10194248704 607620.7527411629 2.122162621939603 7.472719426539353 2849.649862199529 4763 191655 1 -4.45761488222568 -1.816055024310036 -2.584434886034064 0.4417739054004318 -2.95459220506243 -1.162736095307348 -9.194666180330852 -0.8227664679997115 2.120042105470861 -0.3225672158568749 -7.793492003991648 9 726.3294830322266 2325 -1 2.226972711944882e-07
 -9.663773120733325 0.1898220382442843 -5048.516960212589 0.08043538369956153 69111509029.22595 0.1772365355048201 -232313.5602628915 116.413580547366 36.33774074138643 0.1140785599716811 729168506.7172498 3126.238149100428 3772 191661 1 4.647324931058803 -1.104093918254224 1.041205177743505 -1.570155983439268 -6.632011548330207 0.4089699456086384 6.224173869350781 -0.2759240465019994 9.012965375457476 -1.768188873144989 -2.035399846617846 12 717.5891489982605 2325 -1 2.62198902477066e-06
 -10.23013656193422 0.2752905340086105 -114.9615309590928 4016.361083414311 1661.687148585678 0.06114433810838816 -10996263588086.49 135.745116532235 55.87512554444442 384.1128807961556 357.5975694323616 3146.405619425616 1411 191591 1 -4.615219329577471 0.06825431120060529 -5.168856480001997 -0.593049240195616 -0.5851120719342804 0.1295985307113661 1.259273014100559 -0.2431447458325842 -1.148279156135696 -1.729976255719268 -0.8767957091629115 15 714.89164686203 2325 -1 -1.770500875890021e-05
 -10.01017984238987 0.1256899649259615 -1548400.083661863 9080.243603645222 11904.63627949298 0.06751218164203632 -18674100944747.71 1898.51208328568 9618.707827978455 3123.120748513291 18377.33294818251 2871.10322432657 2311 127771 1 -4.402399028063437 -1.314336593010537 0 0.6713654892634238 9.534525732033266 -0.0692147726043011 7.198604606912451 -0.7212555579929179 -4.997138770962929 -1.649510802240245 4.022019705037112 18 377.5703830718994 2325 -1 1.400430135880744e-07
 -10.18213178018438 0.274180479964114 -332.356698553596 563.976187337431 16.87825757748428 0.1389144664732747 -8920999.856156187 1832.76326550303 8790.817454555234 1.177079489281013 31.03601868286534 3057.844416259662 892 191641 1 4.003589201699483 0.03313961515316197 0.1111947531672186 -0.193716454556018 -7.336392914074541 0.4104940796032794 9.103897508592528 -0.69599503943184 8.045241896791136 -1.434998551038462 -1.953905155658069 21 568.181165933609 2325 -1 6.845726581155543e-06
 -10.21960094301014 0.4176415630685492 -20.92252016065573 12258.81049345444 6257.427361980935 0.1130525960019307 -125562179.0203534 3932.277993876116 38273.13354052878 3786.559484221312 23276.65650356226 2869.751065636562 427 127672 1 -4.118879489049257 -0.7825554898151035 -6.85070606828945 0.6273780107067166 0 0.05480822094994987 -9.432464641887693 0.4881944308078667 9.677041884397552 -1.907670728713295 -0 24 381.3164029121399 2325 -1 -5.637553918203377e-06
 -10.39174086093413 0.1391171409523771 -489141.2588058277 15637.56041016288 18407.99073330229 0.1177211951851468 -79448292.61265799 662.682075073381 1071.744914411638 796.5117574970872 1326.587569000555 3024.443708275241 2376 191627 1 4.267556781295928 0.4721977677836455 -3.435692722024535 -1.26408319173319 -8.958980922256224 -0.2597539558552953 4.499161247222585 -1.125785173902866 0 -0.3651055262492076 0 27 569.6678199768066 2325 -1 -1.851379185151388e-06
 -9.643203157039355 0.1545438941332904 -169134.1363049357 268.5504808363999 11.53854915837051 0.4463343991242443 -150.3527027741588 151.1250234873717 66.74821276425686 0.855760009230297 71.11198803756089 3021.671936472353 1719 191659 1 -3.645020265571767 -0.008331470541463689 7.551416372416513 -0.01255810240794115 -7.015294693796129 -0.5590242944942956 1.773001156866359 -0.3067856499428956 0.7797134511084316 0.494709158636979 -9.083963563957591 30 571.1531119346619 2325 -1 1.166469068508983e-05
 -7.959153754220083 6.12661004350958 0.0348735267271967 2.301154950824162 0.175789474791721 0.1941451568563343 -36734.39010809409 551.2446167547098 788.7585071063658 1.720856073577647 2.85379593956014 2901.803448897967 1415 191647 1 -3.633867794199187 -0.4041569578322557 -6.213845197799082 -0.06232664768861619 0 0.6382072708742883 -3.526254891881561 -0.6715342940768316 -0.3147290996006324 -0.4740320360080715 -9.597270471341888 33 566.6535608768463 2325 -1 -2.096438424443043e-05
 -9.967095474391908 0.2845902103163 -333.9013965229406 1860.69734567554 396.3500567446445 0.08427648389911489 -202023965453.6945 19659.9806561955 889206.2941293034 2.847687012824158 1.548361597506906 2982.129466333936 1109 127772 1 4.311884267312673 -1.238541057748507 -7.046639172902848 0.4426400639097103 -7.764409590559124 -1.364921825865316 -6.570602980042861 -0.8966807381810638 7.534385126013351 0.5260878891098213 8.94470162476188 36 379.1990511417389 2325 -1 8.689062647114451e-06
 -9.862047358785841 0.0902203783357708 -3301390802.288226 185.686776221489 4.892215483412182 0.2340999126490009 -16182.23499707115 91.90145757759132 24.35273905049629 10385.54153658731 247685.6131804164 3115.630808616544 2602 191645 1 4.12073523642137 0.5095413148674628 7.594548230829734 -0.1778161702429237 9.757604126589236 0.3005143421247962 4.009973595771382 -0.1616685188400951 -9.451699341033523 -1.62919369351816 -5.043204037305133 39 564.2523300647736 2325 -1 8.873055872170563e-06
 -9.680468743860951 0.03820235576964896 9.999940092922897e+20 0.1365234927137612 1100112.992344534 0.1239838004835584 -52053632.12342634 7660.744986140688 126165.1353601494 0.06098307660037267 4578153516010733 2981.475207051427 2156 191664 2 -4.285112621234362 -1.324490760680286 -0.4159033901042619 -0.6099024531115633 -9.392987179672453 -0.7826666742835284 9.064247858404615 -0.8281403253974764 7.38679409647488 0.7468154148772035 -4.545715087630515 42 564.3199470043182 2325 -1 6.286513757582544e-06
 -9.809691909553239 0.04853340502265593 112720765206908.2 514.0900208515276 -18.5544746423067 0.2000157617649366 -32364.67909914154 6138.097914575447 71156.23934383882 183.1783195302285 32.71628426633722 3118.99758300422 428 111562 1 4.251851307539892 -0.3931846162417472 9.495097552644722 0.9463624802126991 7.090218040408631 -0.7279275879309512 -9.901320348783042 0.9872740041291932 4.65734133902394 0.5850396065324861 4.630314372061093 45 328.9964849948883 2325 -1 -1.787476723992918e-05
 -9.46697424274968 0.1584847040989673 -120839.4806601682 10.39937554012633 0.113081522799561 0.4717812505574627 -44.99599286385038 29.18923058179957 4.794225983462731 1.073367323439571 20.83979016458948 2823.64822315017 1015 191553 1 4.433916608409472 -0.9850308352702433 8.37222267518003 -0.5509331031133788 4.981657819110982 -0.1871319128687716 9.800494508323904 0.7314366812014592 0.6842255551679735 -1.02488709903511 0 48 569.7956581115723 2325 -1 4.609293088364331e-06
 -0.03603205224864824 2563.283767031459 3337.633473562812 9484.999159089675 6402.062756298428 0.03855736953019327 -6.627962212217659e+20 23110.33028163378 1488798.543931324 5646.233957698369 52265.74683370376 3036.263987077782 616 207489 1 -4.610059861643121 0.1338673216930561 4.988223993245565 0.8858577336093023 6.069278717868744 -0.5781238875537564 -3.557942201173073 -0.5348327148820307 9.898344655578754 0.05657287887981789 -2.155238434628801 51 612.2749798297882 2325 -1 -1.265989141439261e-05
 -9.318366370035871 0.04163106283442269 -1.945232929040765e+18 9.75017620705837 0.06806838396069857 0.0522586274048319 -6.385298125123251e+16 714.9797810270707 1356.985075091954 0.6991505067682964 136.3511651791945 2934.615420596786 486 191643 1 -4.609962079501381 -1.632142745901259 -3.28596131912531 -1.99240224888994 -6.093365537336771 -1.913885133914181 0.5321820713505643 -1.478800377270376 -4.044791385856495 -0.7876870611659053 9.495248526563332 54 569.2861070632935 2325 -1 -1.18773510601324e-08
 -11.05545830039243 0.2469904889093242 -1313.836984226744 48558.06295356031 139782.5128081406 0.220883647002184 -26216.36784664075 4326.05702291659 45077.48877707308 66758.94019054249 14611909.98712131 3029.765129002487 1473 191663 1 -4.557705834364537 0.5388215518566355 -2.990027571627456 -0.9181536217407107 -9.92254766608786 -0.8739244720400716 0 -0.5613082965353016 -7.315291037858241 -0.9482521376013793 -6.607966812915258 57 567.1002590656281 2325 -1 2.020588465763748e-06
 -9.476015039877739 0.1801568864737113 -21255.82444663658 95381.08595881048 594701.9179962629 0.07175915820109065 -12513425829603.85 6243.118183362804 100329.5505247108 222.5583146745552 66.82981012084554 2952.459438104152 231 191286 1 4.596717264768547 -0.8638042707415901 1.958076530329072 0.2577974563553891 -6.965341688102113 0.5767496097653564 -8.13321396504263 0.4784158101693956 -5.743709814875624 0.9590333154082303 -3.63963141359084 60 570.1639070510864 2325 -1 7.388116242508426e-06
 -9.796525520162648 0.03887407656018615 -9.999265912003217e+20 0.04167463432488392 9.995492325308622e+20 0.5825432421487843 -20.17968471908712 348.0993293440717 328.2545014089088 139.8694143420154 -19.55751238300047 2987.956802473799 295 127596 2 -4.518890602464996 -1.16999885189285 4.069797037893682 -1.968734901372667 -3.438135178552512 -0.01354999249300091 8.21467170299657 0.89778260237712 -0 0.7756847860687373 6.318808448205318 63 379.3197679519653 2325 -1 8.981465839545855e-06
 -10.43171759632971 0.1726183526086568 -36047.78087464686 0.8390190909339237 2.55299472363343 0.30956419618849 -1316.226212110223 5923.348010493084 101033.7571987948 38275.75987124912 2593385.446988581 2918.927658084899 1012 191519 1 -4.585132668825192 0.6925703928689874 0.204230232679357 0.09709022124464355 -8.110151346233486 -0.1872787710929061 6.60735510015162 -0.7773847379506114 -6.798118078824465 0.8154084477219499 -5.619180087253173 66 574.5883259773254 2325 -1 -3.3982406663251e-06
 -9.986241314110611 0.2612017387381636 -222.7857050083791 4.483874722307042 0.04264764948838927 0.1898859743919474 -23796.02157166874 11553.0215204039 365648.3177363659 1.369321337985628 11.13908212365904 2951.173405928309 486 126955 1 -4.64970782111147 -0.1942393098382445 0.5693756856757286 -1.608960454704063 3.160581079394851 0.7588798559626642 9.448698395728233 0.7257281842046552 -0.3642646799979219 0.09380965777426681 -2.345961937308464 69 380.3678169250488 2325 -1 -2.522004984867745e-05
 -10.1032220874008 0.3952324562636796 -33.50702312206075 4.352986912868997 0.05290945154533341 0.2634795727059735 -3421.172696167414 4832.861873902727 57447.58057450588 0.2747011737971836 12249.35169795478 2889.213819688769 1781 191520 1 -4.51937465382585 0.5508228793398864 -5.7086234954116 -0.9694374034127708 1.461351403057253 -1.041477243285466 -6.245214494197151 -1.883636426653847 6.777785916774763 -0.715079076227374 9.933588952314915 72 562.3942108154297 2325 -1 -1.085773157510633e-05
 -9.722969028851576 0.06497880192633676 -3688466004106.419 3291.02723219998 1427.791108226624 0.09920797952533343 -2274976627.578794 41.32550080271189 6.806034844673219 8171.071657508125 120191.8120338421 2900.678777163047 1076 191658 1 -3.875378884646081 0.5933037154097303 -8.752908636899148 -1.151841753294105 3.19624990637811 -1.182673924985899 1.216189335631342 -1.400404215088619 8.349437593243721 -1.452585453189982 5.610795755397764 75 565.5528750419617 2325 -1 4.563317058610959e-06
 -9.724456994445109 0.3284371910804392 -41.66255110471702 0.7096012260258192 1.4130451610504 0.06989802103870657 -196653749388.8597 125.9597710162998 50.32787885372726 2.238371086167813 3.721462010170754 3084.494965109013 665 127760 1 -4.691885345104971 0.841192519257993 9.543309779553043 -0.377268054825219 -0 0.4678417226272038 6.975745176178357 0.7523525767155523 -0 0.4314255382318941 -8.938560140516863 78 382.773041009903 2325 -1 -2.276910063343188e-05
 -10.28517601565158 0.1539510452484004 -51904.95902192939 1173.809377353201 150.3359600939222 0.03812138312431571 -4.366703350203125e+20 6467.929387932061 105780.6281314343 2048.18676497972 5589.790541454702 2911.946512270836 180 125919 1 -4.207573692891553 -0.5879225654321854 -7.172381331365999 -0.8443307800611946 -6.752964247382891 0.09445711201820607 -9.55756974774113 -0.2031150798458335 7.779185999887764 0.1927307730505712 9.689222097021867 81 382.9856390953064 2325 -1 -1.564386243849498e-05
 -10.21689637073593 0.1053703938330457 -14367004.57822672 3.463583010966058 -0.03421811236036499 0.2312646590038637 -5745.332561573753 220.2383056307092 130.982465382778 31.84201311692538 4.169886028291269 3027.112846687395 1520 191652 1 -4.50149151137685 -0.5249732022663114 -8.187266636412586 -1.614692951570429 0.6721514487718752 0.1088434430181517 -1.711113681255152 -0.3055096304046749 5.700773462467531 0.6518488385444892 7.450121576602799 84 564.6130609512329 2325 -1 -1.367190715342652e-05
 -9.66332038484744 0.1776397397717982 -15128.30032776564 530.1284380583309 25.86838046927991 0.06762585890960511 -11445915267733.24 309.8039106113152 234.6729525181761 136.2634341537053 50.17088576652254 2871.798400233115 372 189789 1 4.349859875811666 0.3464971181467504 -0.921887882585148 0.9565301533685666 -6.98390676462731 -0.1377297655118506 8.870398156355206 -1.078282733179281 2.792687881498251 -0.3412320093747293 4.45564112026885 87 561.3878479003906 2325 -1 -3.16460536018701e-06
 -9.70037106378043 0.06414522270050503 -9465769840905.953 0.2949945575659797 913.4343170089492 0.1834014678736695 -249549.666966755 7498.448249525953 125461.7474635792 3660.137331371441 17855.27348324562 2918.057435736242 2443 191651 1 -4.402432523406515 0.1763375692379236 5.054972427894069 -1.178353450591896 -1.886949190107658 -1.617716568793461 -5.784418308910605 -0.2400833553525503 -5.395681266089877 -1.645936439160442 1.68491088995225 90 566.1040101051331 2325 -1 1.112494602205481e-05
 -10.23518858619726 0.3603057236527458 -75.48511374580147 29130.8263475056 97671.07880141475 0.3759697566874968 -316.8801052269673 28795.08296473818 2453989.066176591 8188.669956376078 290940.4901685811 2937.593068693016 469 191283 1 -3.410702514974992 0.6966969779086808 5.321860597122363 -1.318289287502318 -0 0.1559985907482563 4.831278110632976 -0.1168547433345779 5.525167385786663 0.2966618759365245 0.4720092622723575 93 565.3459248542786 2325 -1 8.584107117776532e-06
 -5.91852097120308 6.815526252290649 0.1114893781604571 58646.24245635201 428657.8783918332 0.04039042098305896 -5.711439567634859e+20 95201.2436654919 25762821.40493101 0.8798820555335205 6.454674315045442 2800.190934756435 497 191631 1 4.248865961458301 -1.342938368421599 -9.941061408485837 -0.5566480359215538 7.205702690311766 0.7861920142767946 -6.566967157592345 -0.132489188274918 0 -0.2654594427910225 9.452461323076594 96 564.3120410442352 2325 -1 -7.634140105737083e-06
 -10.48624474702576 0.217595722425064 -2402.543909187647 0.1250358530576663 1660944.426414244 0.2748650460220095 -1751.709107186633 269.8769341298846 172.9750357864195 1.572706551882383 -2.272583431840658 3183.230020393284 1152 191662 1 -2.608629384634859 -0.9208930103828106 -2.748493144249908 0.009369854550685237 -1.808381567383141 -0.1834301213174028 7.776962686678925 -1.423184107690625 8.484240639111814 -1.907442762009675 -6.265660199736159 99 572.4345870018005 2325 -1 -1.635130438027049e-05
 -10.64307219544214 0.2014286780051736 -2343.025069274206 1.318013168687542 0.8544360535491629 0.2373427742370313 -5358.37557887121 233.42252058758 146.153672255154 1.362668619336848 12.03885751341654 2903.476890010029 313 191254 1 4.194669679554336 -1.575555401757433 -2.37994802469745 0.2394867822355207 6.969014184838532 -1.36696200608768 -0 -0.02186972482857641 2.347495016187989 0.1181667325976571 -4.525784564085308 102 565.7483260631561 2325 -1 -1.223992152651546e-05
 -9.837584954716128 0.2369164190504268 -754.7667276063734 4042.516448887815 1786.68755095317 0.3311517862191101 -1124.830800484928 217.6174853996692 129.5377209687075 286.1997781683418 197.9144887625049 2930.873609402039 245 191521 1 -4.558288117772242 0.8915851217215884 6.511532568220567 -1.849640990782234 -6.559354363819948 -0.006236734571650979 -9.174527140481942 -1.526955522954308 9.86434411082473 0.1003055219986715 -6.900880754694403 105 565.9354388713837 2325 -1 6.088680582955744e-06
 -10.05916786842326 0.05532648004189956 -322187856018392.2 72269.93322211168 655410.5216384302 0.246474025122449 -7669.101536310147 61.69408903516869 13.80393026662257 1.017920283280707 6.779996141497221 3076.791755735946 1291 191555 1 -3.799449719803866 0.232751436900481 3.555144615534625 -0.8356216151485967 7.77324673027835 0.8462198470781437 0 -1.280710269609353 -0.9010771705477021 -1.378575780318187 -4.233136869545049 108 569.3610980510712 2325 -1 5.341868403205781e-08
 -10.58381438735762 0.2135278177193097 -3886.086464755716 0.1227407520909972 12110551.61076318 0.3874706336013834 -221.6693731659909 399.8829716675307 443.127734593576 1837.630260870472 7320.970741217466 2770.728770096192 2166 191657 1 4.585859445597931 -1.514380725315088 -5.191992515028629 -1.800951506924312 0.5898872361802541 -0.7624635142976199 -7.959650780762461 0.9065890334436086 7.532847982309407 -1.870949726127401 -6.251734416077442 111 571.5415589809418 2325 -1 8.227824465650171e-06
 -0.1051846521405256 25226.98185621233 299490.8674592752 2348.694756761665 222.1982587304415 0.1211108501505129 -26450811.46603755 17323.75497453759 792239.434777561 0.7493970070594993 39.58684139357558 2999.513665305198 836 175521 1 -4.655757976912387 -1.157863196308737 6.666770922180771 -0.8911064733480396 -0 0.6239898702941971 -3.197773873352663 -0.1305253208343889 -3.818440383158199 -1.960481825018836 -8.380001033209489 114 517.0339469909668 2325 -1 -1.164399558548482e-05
 -10.34938492808362 0.08393903733780407 -47082267536.33641 254.3590675980652 4.817493964064074 0.2731309631053692 -4754.676565162756 83297.7584333079 19584286.8653254 2.336585949106328 4.197722682919981 2843.153530099016 3677 191660 1 -4.520786600196351 -1.640036784752436 -0 0.5697527749549605 4.590511578251397 -0.6388580307710487 0 -0.5742995610881039 9.441963339347888 -1.165667138659035 7.54878987212799 117 570.4709370136261 2325 -1 1.691510775681831e-05
 -10.06464327563215 0.2481154082023155 -608.5478106207374 2014.390239135618 487.3804319572513 0.1764183742881756 -393133.9535378994 2225.37611241883 11621.01076264835 1.968403133899148 5.235796577580596 2918.721212886011 1537 191658 1 4.029659248939068 -0.3254285652286023 -8.814400669819598 -0.5962625968768673 -0.07779488388246003 -1.241664438769227 0 0.3678030638497763 -5.713229412806565 -0.9403651929784509 8.521657799211726 120 563.7198729515076 2325 -1 1.058216586521127e-05
 -9.599228463577678 0.04457822212038053 -5.796904417531002e+17 1.725718452224799 0.1501829744274252 0.1507761805428166 -2393448.85186158 26721.35109293377 1922509.909743061 0.3857427512063999 847.4264177326799 2812.527618616404 897 191652 1 -4.679334863632139 -0.03405309146071558 7.743743404985818 -0.06610746437466378 3.652915078708143 -0.272041359157031 9.920857732206926 -0.6011734678303879 1.831103062907902 0.2762103959523667 -3.243616119469732 123 570.6009109020233 2325 -1 2.828416075950586e-06
 -9.391774881442215 0.2210155832029753 -1716.836630183075 45471.40427616611 342176.7645031181 0.132425038136596 -14031800.44007352 226.8306931719665 143.5714115458611 1.956980857034434 5.656348915094947 2960.278619815552 585 190271 1 -4.634766888250066 -1.357275477871982 -0.4535559829826457 -0.8166093895281499 -4.653554208205448 0.09725681373332894 0.3477118386831339 -0.02387041659949229 5.670310787785026 -0.6555021812552564 0.3972324503653768 126 569.6602988243103 2325 -1 8.012405296507308e-07
 -9.935767495758975 0.05484978919464858 702634886176671.9 1.0887307865988 0.7020925203013696 0.1322596170259469 -16524678.21265013 804.4746921399495 1697.196715081766 45290.9442841331 4564558.858873717 2923.105721058176 1170 191551 1 -4.564864934361458 0.7291572510742235 -0.2697407761139532 -0.367164219095681 -3.28173198404764 -0.4530015868815411 -6.97824019218046 -1.787555953061949 2.956510168078589 0.4585984110181389 -9.083267555793098 129 578.1487190723419 2325 -1 8.551106557039896e-06
 -0.5048353240009305 629.4130564283627 195.8869170145568 307.5673041646294 14.35923093158243 0.2681708522004985 -3359.103282202965 10448.41685753625 304211.4988944067 5.608620205839179 1.745261435686577 2997.01997127598 1134 191613 1 -4.585976090951188 -0.867786458155491 -0.5380175303828261 -0.6922811806335529 6.323817683611584 -0.5033860472946384 -9.754195698956103 -1.689211617255839 -5.049112515389373 -1.570773209937998 -7.108624504003151 132 578.5299389362335 2325 -1 1.179900625834683e-05
 -9.906064937015879 0.0918208725351865 -249404712.5078447 296.775417959954 7.78877934088715 0.06408565081865607 -22040182243592.54 93294.310709741 24583217.00374216 2.560205733384423 2.854966001350508 2902.911386998606 4034 127776 1 3.476595677454897 -1.743258482154537 8.852192773085322 0.3001649751175504 -8.956402871776195 -0.2089104537039041 8.010271585751152 -0.3754861363658604 -0 -1.40426668633222 0 135 406.1470038890839 2325 -1 -7.963892601050112e-06
 -9.572242928906501 0.2318454194548996 -684.1848479426425 869.9630505380943 91.41300896227571 0.3998773215903665 -333.2751105794707 321.4389628518153 280.2887806228508 5.990428953660519 1.501117243252698 2937.941409203608 551 191646 1 -4.562073472272551 -1.334333411993535 1.587178038854318 0.2722294542772659 -2.624862506465296 -1.412666886738994 7.695402958553254 0.4218556631806258 -3.824393899474344 0.3012624601157285 0 138 618.8615012168884 2325 -1 7.415588435117646e-06
 -9.149370909120497 0.06617253945802519 -224185489130.1917 1.645783323864505 0.3933538163363358 0.08893013397473717 -9002652138.452026 61407.75659725117 9630298.14830908 1.459932090472201 12.24027579339625 2974.006586915842 1303 191608 1 -4.509848826838756 -1.243157449542317 -5.32036929271261 -1.318408091616092 -8.406321442406579 -1.495601928488742 -1.538877235845279 0.9231243327714407 -0.1887013471294372 -0.08993790641412328 9.005619926671052 141 653.8755378723145 2325 -1 -5.419670676032562e-06
 -10.31541981453612 0.09461014946713318 -83357583.50485404 346.2486608293817 7.763005431941044 0.1072981104766129 -126232764.0145966 802.9567788415121 1472.266585997739 2.390862503856687 2.760895178248755 3115.698156393703 4270 191637 1 -4.37772156545238 -0.7218990960322573 -6.931938985044124 -1.864978412518953 -5.927676542389103 -0.04836720693066886 -0 -0.2135785126199235 9.753939930546265 -0.5235943223464911 7.047127152044041 144 579.0946700572968 2325 -1 -1.241156812417884e-05
 -10.3884267916935 0.0379401032958649 -9.988909720718578e+20 8101.321956920599 1302.421674954089 0.2991254294250245 -2441.180125342678 4806.842231599646 64314.35091541993 0.4445389028960821 960.4069559103528 2858.580912188861 699 191419 2 3.695042208983998 -0.01295093455899469 -6.730942622499498 -0.09945751144769766 -7.181557539258792 -0.5927106405047216 -6.677810764060099 -1.344847005716485 -2.940955055140108 -1.301746007725345 5.599909056234283 147 569.1164801120758 2325 -1 6.922824797215125e-06
 -10.01164547282089 0.1914965473701855 -4967.598739130767 229.6335508943954 5.240084387970968 0.07350857029519944 -233439564934.5267 98.82322541955605 30.39477716973858 1.895326068736209 6.536584651619341 2988.830741540118 3532 303323 1 3.410657497556646 -1.780539277245691 1.481117480234162 -0.4995481153286505 -0.2790599453099274 0.4105474978260144 -3.138197349137055 -1.451209083152047 5.162024018851819 -0.8672629362202091 7.929730125974787 150 921.4861280918121 2325 -1 -1.667839052327359e-05
 -9.626347619305644 0.2566773894356068 -375.2015122140978 7.498119573049547 0.09186393743579241 0.09388107308799871 -8084054769.507773 53.95013454022779 9.031008076764149 0.1296752285395303 106577724.8498004 2870.991396732676 1167 191662 1 -4.621090011671947 -1.247113657701754 6.226819318065452 -0.8360673117755058 -4.013448917545338 -1.031758689318556 -0.76161855635047 -0.5511077616902568 -4.095320420845566 -0.8126023457282541 -1.039328308654451 153 588.4856581687927 2325 -1 3.175766895401982e-06
 -9.823613968810204 0.2278131332372678 -2836.153563390527 0.1284699121170054 -5320868.958962931 0.2147830635843828 -48447.05477175985 178.5879304707891 92.28402105754972 23.54536663867556 1.526947909660438 2938.195424355716 3946 191652 1 -4.02637573614524 -0.1077398593661094 -6.882092926954967 -0.08322897584200464 -6.889162997335895 -1.188605661603464 8.268923678039206 -1.479459312230648 0.2117945012694795 -1.025617552301972 -6.440674071838392 156 591.516205072403 2325 -1 1.194319015472955e-05
 -9.800639239000764 0.2457033827212121 -317.2023319263424 0.3785726176323222 78.76591831171149 0.08132528716691628 -57393517550.47669 1362.278902447363 3677.740546083233 0.07255590223211364 1172927515755.671 3064.436629268925 2184 191624 1 4.670594765308103 0.587056981857236 8.885833054088575 -1.030445086485735 -9.238132069968662 0.4058391123736711 -5.527710037042168 0.6127403633077879 -7.871447579632679 0.5752709963801323 0 159 573.6004688739777 2325 -1 -6.428939317616602e-06
 -9.472986718509709 0.1354269915661996 -304862.9604168079 6555.310132907289 6616.610649102076 0.3196707831744238 -713.1438832898915 12289.87700515089 348912.378173118 0.3235349566353401 4328.020322731385 2964.024191394433 5431 127776 1 4.020723297961585 0.6521303873632629 -4.207338679383072 -0.4778739147866276 1.781079056700802 -0.269282900596144 -0 -1.86320117917929 0.09308164055268442 0.8046748251118507 5.464637073555954 162 402.2586901187897 2325 -1 -1.340594467479283e-05
 -10.57136040840816 0.1250933504955754 -570399.3277796011 5858.884762877659 2617.639314232812 0.1623756605290605 -275384.7345707957 60984.83559772015 8959941.326053951 1.044768466057129 18.14413795843641 2980.855292134141 949 191661 1 4.444590310175533 0.7814393159671797 1.491451074273356 -0.8059082518940653 7.885379754849435 -0.3884515529000892 -1.942607023174737 0.7602889512926766 6.982802506227912 -1.270384361858537 -1.077703079852469 165 581.7443499565125 2325 -1 -1.623828070953819e-05
 -9.918950432384827 0.3205996127056823 -66.68743081611366 0.04243808118636389 7.288312775335268e+18 0.06923598730693083 -8339215819250.238 6556.16895216871 97236.39859497454 1.940680057545939 3.666832422985461 2906.174326406876 1326 191662 1 4.598330117142035 0.4332701678760023 2.720150664974075 -0.8966016891604252 9.592777520443779 -1.125836599687764 8.425114764834341 -1.141929955313769 -3.489881701264998 -1.665143245876163 0.867444022903725 168 572.1242079734802 2325 -1 -3.191561670465923e-06
 0.06669095798105651 3148.695716100887 5243.689212337846 2.810204350755323 0.1634403668672166 0.06082769323709042 -18768229640377.45 3853.755116292565 30210.92625867279 24931.38550774617 462491.9686473721 3005.795972162234 2912 143710 1 -4.60424273446992 -0.06464264197513624 -9.717995538019602 0.01320251722755604 -1.523668734759978 0.979817211997827 8.035921464019225 -0.526716882696749 -7.355363828972735 -0.03440876117813117 0.001207993123115259 171 434.3892560005188 2325 -1 -1.79256980177648e-05
 -10.7178975117288 0.1697751260437093 -9808.69813776989 1.609195265518801 0.2398107228174085 0.1886230131309314 -22630.05110976387 12547.06504439804 228441.298847534 35.29491050359822 3.597934803478709 2904.155449349839 2530 127603 1 4.484968058512276 -1.643092548335549 8.826955060330391 -1.478153459644515 -9.538102383272697 -0.6880401814446468 7.144434875642233 -1.285810001760643 -5.489592229259305 -1.435446957830341 7.044079009102921 174 385.2995800971985 2325 -1 -2.377276980323805e-05
 -10.28955954553911 0.03679449350527891 9.994972241520495e+20 0.236950123297859 4382.395621207723 0.1240228024761445 -43489487.88072579 368.6263526291442 395.9420693005952 1.951786965706927 4.185506469806525 2778.333564736467 2156 191573 2 -4.645209992862255 -1.908497012315678 -6.908537328868685 0.5615454454450304 7.846947502972689 0.8280496120507443 8.808580290598552 -0.5502270965899765 2.611919266711229 -0.4398477205415006 0.3518314610657569 177 589.2667028903961 2325 -1 3.742222006771842e-06
 -10.32960357715171 0.2330919128039986 -1073.124144399842 0.1511577002194368 1367006.343167014 0.2958038853637651 -1986.338387537079 216.6557506230617 120.4432025079407 16373.11689229279 296042.24129098 2877.846263676656 2074 191627 1 4.281685464967666 -0.8017228226712358 -9.835918371471607 -1.417013950773321 0.2426181493080279 -0.211616546511654 -5.169183018555499 -1.077758231445184 -8.973195688827802 0.6747576495397301 -8.564626030867704 180 588.6599290370941 2325 -1 5.435085248755902e-06
 -10.27201012524467 0.1565371093817934 -67259.5605775211 58216.83667258704 384446.0566855048 0.08371776240621159 -67611230758.32452 58.95505949453409 9.477972849355119 86.54112830117856 17.35997654284504 3006.711979965073 1487 191638 1 -4.283251958169052 -0.6139523936706688 3.54609760542959 -1.414270868749385 -4.775852099528253 -0.7089575783366122 8.112716522541545 -0.8296013700100957 7.546199198817927 0.5841166861376443 -0.01739404884272933 183 588.1508429050446 2325 -1 1.335612478069543e-06
 -10.21447549217059 0.1684178312279513 -23774.21412916376 105.1344641068053 1.1797127072577 0.6447726397566375 -7.179797298097375 566.7969838262458 723.3581011842631 3.413557044403545 1.885296772716955 2989.472337027642 359 127679 1 4.368092291914702 -1.024940353082055 -6.81040793400796 -1.823698096630828 -8.388350561640198 -0.5332132472183799 2.3206183229024 0.6368743303547721 -8.54039717920698 -0.6027799812675614 -3.756464040120307 186 400.1077370643616 2325 -1 -5.722309644179774e-06
 -8.304403725012959 9.115828452357757 0.03812435455712278 303.8637965923385 21.07568413489102 0.1011112488552149 -327877850.8633038 10402.72362400597 268940.3886458349 1.37216472961585 10.25283963681568 3073.568868514881 1749 191583 1 4.08297190960194 -0.07532291149964902 1.200040334824381 -1.967726217317657 -4.799602000582635 -0.6524181841387175 -5.689441335232749 -0.6982801507474292 -8.000017322862464 0.4484406177138673 -0 189 597.972177028656 2325 -1 -1.743179581135746e-05
 -10.38951300146201 0.2441192885991362 -526.7208141003224 29659.89231723476 66774.46767231246 0.2992822078491472 -715.6053589994362 262.8901032481068 187.0784693668718 87.5651475715144 22.43099615511466 3005.972576424948 444 127764 1 -4.560273994343852 0.4449060240799487 0 0.9753054437060031 3.627138140828901 0.3423875681367372 -0 -1.807752947494641 6.726416493801115 -0.4604840694893744 7.460206096922812 192 401.0296339988708 2325 -1 -1.983984103403245e-05
 -10.26539028087771 0.5148449506795014 -3.575653381984695 28323.86038127988 83278.27777110631 0.05215196112274963 -4.898660591189608e+17 16897.992313852 729630.4208859635 3.53943145844478 2.27086675327467 2922.123338231263 1115 127664 1 4.447575379300624 -0.9921256217477445 -3.607158990242841 0.8806503909031558 -7.035375905259192 -0.08554650172697637 2.627058626529239 -1.393037556791615 -6.232739205103169 -1.190147086812095 0.8597246664550453 195 396.5453300476074 2325 -1 9.96116840012773e-06
 -9.930486987856328 0.03073359936468588 9.962212323560172e+20 57.01668104976041 0.7139126924526139 0.1455759738616376 -534708.6586544128 32161.38566464749 2182516.775499954 0.04238467806371505 -5.3423861758325e+17 3091.159936907548 2437 191664 2 4.158629403655413 0.02407261646510417 4.836423098592213 -0.8154457305869904 -5.756689423332776 0.4044256564053219 -1.364996239592883 -0.04493280787758906 -3.502767933490643 -0.5082780176917741 9.879891407985044 198 593.6161630153656 2325 -1 -2.727019650129138e-05
 -9.86460313089585 0.04993144776555886 -5.117347777707174e+16 3130.322031426817 979.9717869616117 0.4086226879883576 -274.453145820173 35949.09047521288 2814854.453074948 1.523356904990701 13.45895163692173 2854.540681615263 1346 191663 1 3.532639234431565 0.7385096920917475 9.217072363332331 -1.468347245496634 9.045330429552619 0.05799047239712961 -0 -0.4954946124053024 -5.928571543824096 0.01286272947938902 -2.788545468513933 201 591.2756080627441 2325 -1 1.203051971582029e-05
 -10.28586588501243 0.03382528408821871 -9.999972613046829e+20 0.04109873499474958 6.877684956839411e+18 0.05290874947201785 -2427713995992809 13.14281145221616 1.348808736763347 48.18914358647379 6.343767170724716 2980.121888437227 2199 191626 2 -4.529048723457908 -0.5543466500221346 4.551526399222896 -0.8298223547075665 -4.53354817651943 -0.3763935852116856 -7.080672994559755 -1.640925365641135 5.359612440200832 -1.132240915987464 -4.011345261457351 204 594.8380789756775 2325 -1 -1.634189733889965e-05
 -10.00325850139327 0.2325217606523594 -2405.098405926567 44358.36325325255 306873.5047576181 0.1157389518094412 -413893651.64981 2500.151050241759 21425.77511450537 77.9997640268479 21.17910186000041 2850.910642040923 663 191658 1 3.863722392044394 -1.039943687994579 -8.452555934326012 -1.802385713166607 4.895492319352149 0.1591851810301987 -9.877654179182628 0.163423698644328 -3.38126940751907 -1.042556507989882 -0.02973410470004634 207 598.4794070720673 2325 -1 1.199703792315001e-05
 -9.712676735497059 0.2027043474114836 -7546.303640461691 2778.695616888666 469.1940066281367 0.3739666091125582 -209.297193382812 15586.51822851724 654019.8501411184 4.089127676658012 2.257680505256651 2792.07639707286 276 191176 1 -4.588781631834345 -1.104525009698137 -3.506291081215247 -0.8736909019457189 -8.671202007708198 -1.216317912043613 7.949818010287478 -1.979879932594047 -3.992118770419722 -0.6036238867298751 -3.105425854948925 210 585.9659519195557 2325 -1 8.460354625877536e-06
 -9.849987062441372 0.08900614364841804 -17245100998.9878 336.3711707137961 12.25149324010241 0.04971896374172984 -5.857797359133431e+19 7443.946580559465 135416.8909368355 18624.10735662892 367152.7882245564 3048.328758348304 1219 191624 1 -4.557125962452797 -0.2336638865819314 -0.09691108757523104 0.5447168115231982 -0.4417725942300086 -1.334583142017904 9.213863339240509 -0.4214779895550542 7.350459602705939 0.504084627756102 -7.853788768659395 213 581.126387834549 2325 -1 2.518500144264449e-05
 -9.663009234224154 0.1094827471636514 -16983012.59798694 1.029123225805473 0.5250027280955558 0.224572217450037 -15397.05375006989 29149.41548216424 1330506.315288329 0.04525823743744872 1.570861428426745e+19 3191.952034893601 5220 191660 1 -3.980831205967419 -1.970189282426873 -9.282413092878652 -1.18675678639108 -3.598975730015986 0.4711921346600313 -8.902391828768817 -1.894940595330064 2.50898117904389 -0.4415497509072264 5.081485732799348 216 587.0969269275665 2325 -1 -1.788751631304743e-06
 -10.53268616228006 0.1775732561552441 -19609.69949408834 0.06334007839193644 10736212328812.46 0.1149807747018562 -56227565.86786266 24.41750141052456 3.577277565930366 41.92387800568753 7.469816828699557 3124.741010515797 1142 191511 1 4.503211146355963 -1.956800568483276 5.962161986792366 0.1023058870080473 -5.779921103746687 -0.5358800735485127 -4.231542705419125 0.8352389125643302 9.663560434544765 -0.9069333077981856 -8.491291960050628 219 585.5319800376892 2325 -1 -3.497216108223215e-06
 -10.38538626923692 0.1344182959947556 -517429.0169272872 325.0354885086725 18.36705425967092 0.1488872174186629 -1150332.039414173 112.4950419479769 34.82743222629558 0.206873377708051 73102.2022339354 2859.959080338921 2425 191612 1 -4.110872536550223 -1.939329166587137 2.301941984959802 -1.400454155056632 3.197019437522396 -0.2195358411582156 9.793298424408 0.764542782543034 -9.167052256986574 -1.941577747321042 8.93726425958357 222 586.0163440704346 2325 -1 -1.262569013571872e-05
 -9.966648095036811 0.2441459244607767 -906.3769748963207 2.743071989434591 0.1173663303718554 0.05289910635194879 -1.095021463099276e+17 1247.347666220821 3865.593135779099 0.2263030058787511 117457.3898639043 2963.775112933812 638 191501 1 4.344843920620725 -0.9407347537910917 5.568162874145173 -1.015893346658599 -3.691377194555204 -0.2470192781604306 2.692033672340199 -0.7055146207004084 -8.896301144776134 0.8716367400538303 -3.587559974480238 225 585.7174799442291 2325 -1 7.093268103478389e-06
 -10.23414337867817 0.05336172320359046 -165704688239305.6 9.476355464779799 0.1088134836330028 2.405109548049811 -0.2500525059728 2531.775711289561 13727.11972821244 3960.942518505546 28351.66522503805 2900.664351812085 956 191652 1 -4.291105405051826 0.1473786772189234 -2.77190451289672 -0.3934984185662201 3.079890135894372 -1.262990961057095 -3.862801353941648 -1.496431040708352 -4.135378753631829 -1.196124363956979 0 228 579.7987818717957 2325 -1 -3.823564552656387e-06
 -9.814287720696493 0.09003145787790484 -1788902635.938611 0.07466493838060902 501011238548.3747 0.08322067488311391 -96459384704.62744 202.682192322686 111.7186804965534 9219.531942491709 102892.3454031407 2979.881203346381 2936 191661 1 -4.59308068202741 -1.822732396412055 -7.479364818766872 -0.56019276925747 -9.745989366530766 0.5366538538480178 0 0.5843721174763976 -0 -0.7350893118524393 -3.54707011881812 231 583.1471998691559 2325 -1 9.493556112322899e-07
 -10.23186544579321 0.1283788224625467 -10196349.35497515 6.421376566358306 0.06866203171605774 0.1070029055995603 -3265546134.891897 13570.09645753054 457269.3253655657 2.154474784573614 5.83431932040253 3057.758237890979 1858 191664 1 -4.198903103736084 0.5533597246016546 -5.086904308243924 0.6550814378018366 4.270976969797164 0.4375976401134865 -5.427407690729609 0.5407093236503244 -4.449770740847754 0.5842676192409626 9.384354846504438 234 584.6615829467773 2325 -1 2.083968186791306e-05
 -10.19484741314548 0.1873685413447451 -17204.20016832782 420.4175985495712 5.841852830744779 0.04672016855368372 -2.255740849329809e+19 1238.736929355674 3897.599365798506 1017.288944857426 1899.054769961934 2980.415144605072 3698 191649 1 3.851331607107824 -0.2460081883524357 3.342863003046956 -1.755439864211723 0.05965065266999847 -0.9933093280694347 -4.650098404628947 0.6414472714311822 2.022100110239506 0.01346688741836614 9.648051395706453 237 583.7484490871429 2325 -1 6.378614523152245e-06
 -9.899748121560799 0.1778197182888475 -50059.07098167644 4328.27923890391 4843.593416679979 2.98133048463331 -0.574460774548467 39366.57833095147 3102331.735845191 0.9320794905066829 -29.54276185391741 3096.355987901622 166 178492 1 3.84904689603503 -1.221133825095386 -6.037179872468353 -1.344417172919446 -3.659182013604214 -0.3365549710241993 -7.575249372293602 -0.2299030502766142 0 -1.108743519532355 -6.693455812925025 240 578.8750648498535 2325 -1 2.341587985751207e-05
 -9.28422948298042 0.0502368607166547 2.048771936783648e+16 1070.162930395688 148.9251827666932 0.07324221899042692 -5697976487007.501 78.13897822230597 24.12426451934466 2.021505723326238 12.87808562227885 3088.442770805413 2815 191648 1 -4.662565813528271 -1.632013849834511 2.074107150678577 -1.145204164229349 -5.067618253429926 0.5836658208771324 -7.217239364883961 -1.116747549497806 -8.42554290834496 -0.2984043401990827 -3.329284451886204 243 591.0558981895447 2325 -1 9.488577998665104e-06
 -10.06597537910778 0.06128210678175921 -319328298241.9789 486.3183537804052 14.52465568281307 0.2235631902317542 -9280.443327562463 36640.11493910904 3093129.200283066 0.2164155377886699 52677.00086246585 2908.620906778053 4852 191634 1 4.660659494453424 -0.2545798466011471 -4.790524063621584 -0.7981118868399637 -2.051870164171747 -0.02711073905328749 6.535085285802728 -0.6177956097167403 0.5997430974239064 -0.8709384480422351 3.621112763031856 246 584.2243931293488 2325 -1 -2.094442986435545e-05
 -10.10953644745753 0.2086050026354702 -3096.403165420214 1257.007915985092 96.73608867074344 0.2399960809233939 -6713.293068488938 906.4356195675223 2172.142137247004 0.05688611199501867 2701948337641969 2807.768180211716 1570 191661 1 -3.325285485931257 0.1974635804824052 2.944578869732619 -0.8271643517638871 4.065438445979869 -1.739960427854196 0 0.02088702622852257 -5.436795747621076 -0.854499822223147 1.087921764038821 249 589.2684299945831 2325 -1 -9.243368640162939e-06
 -10.33507188913147 0.1796354748259595 -16563.38444736319 0.4133652492603383 -22.12271904016162 0.1332514425301894 -5195091.781292848 375.3992343790463 312.6030361256231 714.54309752432 663.8163015081691 3044.581980688689 750 191631 1 -4.312239436922274 -1.233310006554223 5.002745851428411 0.7601834640709191 5.559147605447213 -0.7630403967464687 3.155468701361049 0.02196591097736618 -3.705938990519831 -0.4906632112001876 -7.269652171068509 252 583.6459720134735 2325 -1 -4.063665189321122e-06
 -9.876306966599454 0.3378303710743255 -45.14844265997889 10158.04338098422 6248.728667929928 0.05712783922136211 -4997733102718376 3785.353900030324 34964.1449387711 1.079325956103362 14.74701664357558 2979.329627373086 400 175381 1 -4.40894622358558 -0.6725398497551911 2.778070331198657 -1.944611793832276 -3.976213886979221 0.675365624924626 -3.845865192937928 -1.547906866677161 -8.827628965304406 -0.6775795667903886 -3.367521291154773 255 534.5009219646454 2325 -1 -4.31337131961136e-07
 -9.534776045752853 0.2060033113773518 -8016.864179292988 2.332386085594785 0.1747866184315916 0.1566972746223189 -6061345.854485243 745.2410791363053 1301.999025407534 12502.93093959572 246893.207311062 2737.182544550612 845 111348 1 -4.574998591939374 -1.381479052988085 -8.855393966567842 -0.9619100351492582 -9.17789107184459 0.7657631618372305 -7.330298874325727 -1.969036855265927 -8.453707820286375 -1.995348506166827 8.885405286133281 258 341.2958269119263 2325 -1 2.232731102291398e-05
 -10.54936440272786 0.3246715459552683 -116.2288590153719 4001.588275179872 1483.553004465906 0.2414446227947564 -10718.72217093201 2399.035099492787 14901.60755693005 1.141019911835279 17.76851809441771 2918.809077858545 4772 191663 1 4.465537947736708 -1.380374057883465 5.311483446921108 -1.978670741804314 4.943612382106762 -1.0006399899447 -0.5216129588740204 -1.588546848850593 6.03820702367705 0.8809493926513485 6.844751943275572 261 589.6804649829865 2325 -1 1.008733156975039e-05
 -10.99536090544706 0.2678357107043352 -656.4223275885232 24943.0527400698 47392.7561789335 0.1670464194890339 -2233718.179422748 25951.77507645014 1442981.063521335 0.4612115016243354 795.5102833115936 3018.566808191518 1089 191619 1 -4.508051184448732 -1.120546868058153 3.599764442511381 -0.2379755356728079 2.873302634880676 -0.8721037625643966 0 -0.7635505079686098 6.466854213746966 0.227363797728806 0.7123130605683308 264 584.1827118396759 2325 -1 2.354539202234437e-05
 -9.774465257538774 0.2534273656984493 -582.2668228559392 3.33254554233763 0.05768288940703269 0.0549713869017795 -3.662435459344209e+17 5426.45470135733 66127.66385371541 3.887098022516352 2.575658385405984 2971.273456775167 288 184412 1 3.916390894169645 -1.461272925896077 2.590781163435292 -1.953112136340435 1.441761622810479 -0.0711263068195498 -7.133093913272891 0.4720167205003531 3.041899452759011 -1.961415353793241 2.160690057915872 267 580.6873378753662 2325 -1 1.936601171176657e-05
 -10.13316682010558 0.259625119183412 -479.0810040041457 3.113732458134804 0.08370038025219233 0.2369759615080568 -14888.92868300266 4321.405978779026 52497.42313426609 0.2539304411510224 73581.88061690674 2984.631323850507 962 191426 1 4.634026084418043 -1.836483991630482 -8.285452185072515 0.4388903175446525 -5.704020127599283 -1.603787408951066 -5.939120296351803 0.8439661401194263 -6.031522047369019 -1.578546039618321 -1.834275498450177 270 604.8343210220337 2325 -1 6.62224900413428e-06
 -9.732888191907065 0.1950474015386345 -5475.666527281796 17400.40170928306 14010.43292941838 0.06865538679125975 -15222427692540.22 6724.691208908285 110263.9331592009 13830.39829797269 181223.8106406862 2911.25741003652 376 109381 1 -4.006884623428081 -0.6353390960651293 7.055478105378613 -0.7785648618446254 2.626329113713854 0.9444925713791328 -0.9831542221706817 0.009896385387868653 -8.311575054032629 -1.736594990759572 -3.307191899265177 273 343.2530338764191 2325 -1 9.467209433814845e-06
 -10.38716911427032 0.2274868683945244 -1684.014322097206 24364.68436029885 91169.073585594 0.1885888378931532 -278932.2880442872 913.0205466244923 1704.995412726869 1.321550517638944 1.208226665368186 3011.907715291193 2039 191662 1 -4.296558495781378 -1.826027825694253 6.910724056105925 0.7259670819237115 4.396732283411545 -1.341170648987311 -4.419562898291243 -1.496866574628655 -8.743924571936086 0.3725271463024606 -5.947201224025861 276 573.4798760414124 2325 -1 1.147290123831539e-05
 -9.692709735496138 478.2978702965535 2.977617844345813 10644.69836332158 4115.433967316153 0.4882107701682428 -51.31456099181477 1382.723735863309 4668.261463317148 9049.607901832678 222854.2722372542 2754.968841165283 2810 127717 1 3.660198431936407 0.7552777150077601 -1.464774622948974 -0.08839843951221224 -4.347824015162184 -0.0001956080448905922 0.9018022623050781 -0.4438730231171144 0 -1.163434146108846 -8.012023262926146 279 392.8962979316711 2325 -1 -5.024115359934307e-06
 -9.955245190902712 0.08044886536923218 -2097964254.758093 48966.30752027642 140020.6993431458 0.1549429182888579 -780335.7397618988 24497.94626367087 1388276.744945772 19169.78686752704 1035080.971389455 2964.322497335407 193 175136 1 4.37098015462785 0.8314917331144298 -3.498428749224896 0.5024690204888547 -1.958367029602211 0.03760016049684103 1.474961590904998 -0.3733738719318609 -7.736223503317108 -1.849668638884961 -9.363788769482396 282 532.9725430011749 2325 -1 -9.898898202569548e-06
 -10.09490633925543 0.2417684729598408 -1665.084963954628 8377.754987945591 11201.21289838136 0.04942225098845005 -2.805171945011013e+18 556.3988088500782 876.0173414403614 0.1481028697965927 10385989.86290641 3032.134472637516 2002 191630 1 4.406256034956071 -0.3677024471926283 9.309479123917054 -1.342964881807141 -9.853750439145271 -0.1172944921983383 1.070867314775426 -0.9323927659414828 -1.047322619898035 0.08889103167349784 -9.394263456309655 285 574.8889901638031 2325 -1 8.335342453555546e-06
 -9.964779058936003 0.04501394441960734 1.056473007078181e+20 915.1286988541128 58.1780933443892 0.07323902231499732 -131902587511409.5 1866.086946077551 8873.721280905125 2.582927484703533 4.136334025125839 2983.763580331919 845 175621 1 -2.835925933233566 0.9827487000218849 -2.484699299031097 -0.4645344694622633 -3.819968241290753 0.3190447892988363 7.478403429293765 0.7766085347655909 -2.008836560293069 -1.506109556857139 -5.58491701163081 288 513.7913591861725 2325 -1 2.907332375382213e-05
 -9.896061523218748 0.05516683160249442 -23070204278049.84 1.705646149189522 0.1921426916707902 0.1870361102976127 -63524.4350762559 257.0858941097176 173.3511030543784 0.1484683358559008 7894843.438987699 3128.06578886993 3635 191630 1 4.413931906565223 0.8358877404603779 0.6538393112023497 0.5341175225407544 -6.245506120637354 -0.3511647474087072 -1.856331842865655 -0.8703650140306545 -3.069223320808561 -1.001726416981677 -4.633562319536638 291 579.2605400085449 2325 -1 -1.125551370099505e-05
 -9.843178922436108 0.2404909123251488 -799.7403776348151 1.725453318000581 0.4099186821828578 0.3634463161929974 -442.4434774776321 78580.82617094521 17031138.32966202 1.965170484014211 8.639936228736874 3010.230968007433 255 191062 1 -4.213663566031241 -1.6517851045299 0 0.8012741805138712 -6.979065515573414 -1.333621629666201 -6.761448958568911 -1.78930956168909 1.797669235643889 -0.5677180187524176 -1.277452225423488 294 674.7210681438446 2325 -1 1.793470282740332e-05
 -9.659253164104131 0.3330913921653912 -50.4977917872997 1903.409475741375 290.1348416367439 0.07475794120990677 -789177875064.7175 21608.29201053257 1174133.601072862 2508.285607388853 16114.28877490059 2936.26691472858 787 191631 1 4.454073179306389 -0.07894408855040343 -9.115561865755154 -0.07255046437612926 4.974132991126315 0.6276266047951888 -8.883510105068209 -1.209651661304307 1.423849619611223 0.1331991036327946 8.350590676138449 297 696.3156118392944 2325 -1 -2.283006707810055e-06
 -10.02602836627335 0.2834715580050178 -214.2771845337191 0.7958987239481903 2.621918343080703 0.2409661404894332 -4223.746477552337 90462.63687826949 16530096.63373886 46799.21861003339 -298045.3381552696 2974.916180020362 617 126656 2 -4.338005030239067 0.3591469608939888 9.569388171884706 0.9171566426773712 -8.935448643490995 -0.8792096834081375 -7.558886887115939 -0.3322429182425743 -2.305919047215067 0.2259392738823971 -6.686551700039564 300 486.8421430587769 2325 -1 -4.249363264142258e-06
 -10.93965172916973 0.2174217347597405 -3696.156903210273 0.322498722573525 186.6735858465229 0.2089223981564932 -23868.93207952178 674.5133638641361 1026.924534499979 0.1149520205588447 1061418765.784356 3208.109898731188 968 191658 1 -3.700622697717749 -0.4402833400350481 4.857449953022766 -1.562354728494503 5.3933701473886 -1.658804437710959 2.463687926680909 -1.014284496624242 -7.312837332171213 -0.7268773351670941 -2.029705799448049 303 686.2937178611755 2325 -1 3.758265449783635e-06
 -10.23142438337358 0.3147939674535069 -84.26012633004379 0.08022014072458868 127712106226.7607 0.3243350021685749 -1137.753635208692 24.58608892030506 3.336317723916271 1.137386343891128 45.53528173693315 3004.862997454532 1853 127770 1 4.475591845996862 0.7733205580110178 -3.880075071994196 -1.064864592272773 -8.157095378572096 -0.1566348854041255 1.546215622753154 0.3433464411713802 8.925130539617911 0.7496827977964737 5.757650680355447 306 455.6180181503296 2325 -1 7.699663971154825e-06
 -10.07475758960787 0.1945239051647186 -26947.31704160231 8.464045763547196 0.09801762050862171 0.5455630790447163 -38.88473784778319 78640.5789015061 18616532.43923575 0.1290875918893882 817455187.6784328 3196.389825942751 1338 191630 1 4.529222190069893 -1.558620087215934 -0 0.2887450853355519 2.760228652652615 -0.4761484863244831 -1.593956916042753 -0.2076847402403398 -7.658459043199199 -0.6006469493745117 -0.4265661305258881 309 686.9972269535065 2325 -1 1.782531271985393e-05
 -9.864622676692107 0.04076603152298972 -3.461309017613583e+18 1093.733589410703 113.5148460222421 0.285106301454682 -2164.447242257829 77.10958822864065 20.83765657487489 9959.154851318017 262748.8085156532 2952.123633762849 1683 191653 1 -4.18668058415231 -1.189632199240211 -0 0.5542739319059002 -1.690145210884799 -0.3524577879559541 8.173305807228518 -0.581919868727212 -0 0.926048755019527 4.871389165576364 312 675.6746308803558 2325 -1 -6.00359809613714e-06
 -9.939682005636776 0.09886718572004506 -210633089.0680641 131.1428542296836 1.74286506513162 0.1791969780386203 -285234.3246704001 18.43556223387327 2.092661018460221 3168.440745754249 16017.0021889926 2989.161093018428 989 191604 1 4.5885683119577 0.6589487437823647 -0.2154884002212443 0.9375952330884627 9.694306555596421 -0.9060521300368016 0.6100684048812468 -0.5397132386284174 -7.565998798432398 -1.286934406153287 5.702223366759076 315 687.7477550506592 2325 -1 4.997099639938924e-06
 -10.34998198623232 0.2759371533794916 -179.4962988868192 109.0663611824165 -0.4840274692962132 0.1196827391143237 -16185097.55865719 1211.657013359781 3211.4625571422 5.760154346287777 1.112919555425034 2986.622900083996 3543 191663 1 -4.598898981686669 -0.5999859976622872 3.193203185685229 0.4904544390039977 8.561994826856161 0.6591561102008767 -5.470454202785402 -1.730866918689967 -4.051923443375888 -0.01342310292190613 -9.541071223336337 318 686.3488640785217 2325 -1 -1.364435889519139e-05
 -9.907193103084404 0.03381437816667748 1.870254527549651e+18 1.5679705183208 0.1499001667621375 0.1214695969285051 -2940421.181054502 5511.559617472598 74510.82913748831 0.6024179682403588 111.8796451101794 3133.073213287465 1790 191545 1 4.528025009027409 0.9699634182603991 -9.117865764386018 0.2680543437065976 -2.610783055571155 0.5714916691012886 -2.550171885323087 -1.582930186295484 2.814145264219297 -1.377938114048448 -0.01759187106293503 321 682.3901929855347 2325 -1 -3.152443477717525e-05
 -10.27210463041295 0.2107619298892517 -6910.372407840222 1.98672237124996 0.08711903354714971 0.4493246099024557 -103.9924242765418 652.5643617763207 1110.781857402224 3.62844581986019 2.950568380370571 2960.5085933994 199 190774 1 -3.600297963257957 -0.5135138397010852 3.7129009206774 0.9589732998205482 -0 -1.919133089560811 -5.59139771019065 -0.8063195681094681 1.282363506180137 -0.3452064763271938 3.74875597382116 324 560.6102521419525 2325 -1 9.582700451590275e-06
 -9.881438157438918 0.294036117977887 -89.04453573317566 25532.38529948764 20307.39934613971 0.04647943333996808 -2.700225489161255e+17 44563.13355365583 4959742.271699522 69.2777874292828 11.66444399199866 3128.498292917581 1356 191631 1 4.65447744576869 -1.304925195003711 7.922165147529652 -1.223649592317831 -0 0.8959140295254082 -4.194272355945073 0.6229497180411316 -9.329803964513117 -1.860306520370598 6.738458841266633 327 551.2259249687195 2325 -1 -1.138243042497785e-05
 0.01055033336366957 91725.78180446854 4558267.615408881 219.3774027749065 32.54283830847619 2272.194977733373 -3232.509981045517 434.9322516842463 388.5307232548266 1119.418963994089 1367.575616293669 3081.921408730305 4556 207629 1 4.464847762920598 0.085088240906551 5.266557172374156 -0.4260909785182694 -3.292717460271669 -0.8329851060110318 8.140960141735723 0.07384037645172147 -7.767986411427232 0.9813437053664753 -0 330 605.4208281040192 2325 -1 5.16698822063307e-06
 -10.19060701899028 0.07317424224973973 -51025750562.18227 0.09243106019661237 1290377164.139307 0.1825184502013542 -124242.2783085658 12791.02146135376 434212.8054112297 0.0677864060342524 47900126505364.27 3202.698753720983 3378 191659 1 3.867719722226696 -1.783047951955213 1.761800422797243 -0.02607469688713422 -0 -1.168434342015936 -3.833338953024426 -1.314359899573982 0.05384217890596332 -0.4989917729964857 3.424259013558506 333 553.7544507980347 2325 -1 -5.81769319228499e-06
 -10.5344649994032 0.1723463769166012 -33168.49049657169 2.717188124131652 0.1111363586052562 0.2486546220575391 -8163.679811565878 21474.80512029227 1233572.283336244 38476.44183798262 4484669.43820239 2848.635367507094 1038 191656 1 -4.496184871664746 -0.04153652640468232 -7.923478209422875 -0.115371845552712 0 0.5077104902415983 2.402020905360561 -1.754782042645983 6.351688657695004 0.5603195043568849 -6.765490748971668 336 548.9372460842133 2325 -1 2.989933279638666e-06
 -9.196582880652286 0.2297008427049223 -656.7009923570952 30051.20178989258 128342.8452982853 0.1263616083298649 -28104444.62560948 82.73084926459427 17.96093385338572 0.1060776461775324 -1264655580.769226 3005.710703868493 1863 127769 1 4.645853352715299 -0.6187025535064405 4.433686153752586 -1.621758803337378 -2.564835609658511 -1.537517733535146 -0 -0.3946998557887982 -0 0.243498117558746 9.652062981600073 339 372.808079957962 2325 -1 -4.541516445612685e-06
 -9.987112194369361 0.09948870629977387 -117807896.2927487 802.5916770468746 26.69795715865845 0.2677470984521372 -3473.626675312209 25515.70019442077 1529872.187323142 803.1597128361032 977.0792533709368 2994.20102187716 3488 191618 1 -4.551246034965414 -1.778211581847103 -0 -0.7390540306520119 -0 -0.150728754557715 -8.600303824279159 -0.829211251807159 0.5121895586338905 -0.847143049583976 5.535354176728541 342 560.0800340175629 2325 -1 -2.606155403738739e-06
 -9.551069995994473 0.2158360794786968 -3960.727594353339 92.1325243876263 0.8625106367130884 0.1234513870051111 -94352716.00619183 25.7477711281059 3.372459453751349 136.7101770311054 -0.8992443558870694 3032.690224875626 1181 206952 1 2.899089115189439 0.6748334209953448 2.122519121744804 -1.988288072607654 -0.1229952257821658 -0.8451184973684569 2.81506197322609 -1.937403191566665 -5.710448600707964 0.5492450669592652 6.179475562316202 345 604.6797099113464 2325 -1 1.122906139132992e-05
 -10.04989425297366 0.2325647037818497 -1661.092209780224 0.9231159806578739 1.914920520606377 0.3637156749992917 -315.3033078207178 108.8649284409887 38.23401707902148 3.187333774791873 1.318665724954954 2982.319142640893 1412 191605 1 -4.582223555890489 -1.374934975812417 0 0.5654757544011368 -3.686551721345259 -0.08114196306996303 0 -1.773621019837917 -6.604574596680826 -1.835169301548269 -7.928811964042879 348 554.8947639465332 2325 -1 4.389504056992928e-06
 -16.55966857216331 12.47122486871959 -0.226117594328879 60.65670185513735 0.7643090998680214 0.619732547801996 -17.73491108509919 172.9190575134527 71.77408131273673 0.1293986152687931 63242895.91948181 2934.332917310172 1600 191664 1 -3.412259437296482 0.8037038700618964 7.248232299301829 -0.4017148868119725 2.050911091440084 -1.279985023856304 -0.3236725251415464 0.1126250386326566 8.033155232102581 0.8703891341484464 -3.373476249115549 351 557.4281210899353 2325 -1 -4.800541674663411e-06
 -10.0833433904239 0.07719678092817588 -1728639696.116836 66338.78797176116 218679.1595291881 0.1680351141324717 -105341.6937196223 1812.622175409837 7813.416097205744 340.6481720356052 121.2165676050257 2927.901684717132 1515 191655 1 4.456923304167303 -1.109727588036418 -5.077710193746128 0.8009399387825313 -8.623592159869016 -1.79747816778479 3.174827970604273 -1.227879694992417 8.237510769020295 -0.8807943133597931 2.816323280807614 354 558.2993459701538 2325 -1 -1.7432347817902e-05
 -9.950516011248833 0.1322507310488233 -101290.5097348201 31463.16365369049 35037.4637812455 0.2951949772863779 -805.1738257408861 174.492600223012 90.27616894617944 4.045650536212334 2.833337442377653 3134.990381178943 343 191600 1 4.516389558481674 -1.329454193390493 6.721324766710222 -1.684230538517495 0.4455610306911586 -0.6414539109398696 8.209734475750381 -0.871942722056799 7.862837208131651 0.8076217325894941 5.367385489832082 357 557.3050920963287 2325 -1 -2.172528401207232e-05
 -9.720283378551398 0.1285223073839927 -662256.0163104809 22575.45088446917 54379.80143244244 0.09479140119593424 -2200961048.029196 54.11505485498788 11.19065658907772 796.6193957070628 1390.380060854364 3028.815205074601 2342 127776 1 -4.428269223288402 -1.702089047842667 -5.55379111421138 0.95955069957729 -9.255670449661029 -0.5900096045913985 -6.242844398577138 -1.875374317773543 -4.001508506723845 -1.04442609367325 -7.912474315208208 360 369.1572370529175 2325 -1 -6.835650667433507e-06
 -9.709032626121729 0.1176745736580731 -9135987.38772288 1.690153301624827 0.3983593128833386 0.3859399697326843 -425.6113441880943 327.0356008423119 253.5303095297827 104.6029221692923 -13.9958649708747 3013.543790205069 968 127766 1 4.493762496408752 0.1582101280433972 -0 -0.9338149825630842 -3.398799026592958 0.7558951541247292 -4.144572351272275 -1.804869371632014 0.3105702683283544 -1.316237503836117 7.224074322156948 363 376.9878649711609 2325 -1 6.703991172554156e-06
 -10.51485136984809 0.1832158057133175 -66484.00236486783 40141.58263634871 114775.5528193532 0.0658502160733089 -766328465269311.5 118.6071295249181 36.92206727265508 0.1367897163478552 -204581954.3520869 2956.576431333301 1876 191664 1 4.350576134716416 0.5497736548781367 4.460555672068621 -0.0385433159983313 3.456087164118014 0.1548328763115902 0.2052514285748575 -0.9627446931705315 6.906512268375487 -1.470769529531024 3.646642117251825 366 555.9082341194153 2325 -1 1.966484214279129e-05
 -10.79947106664632 0.3154594911648473 -89.8570531792808 757.7496473424568 85.05224515983899 0.2200337689710618 -20363.85018928539 26242.08504610465 1844764.708905533 1.508782915807399 2.718121034678602 3067.460747375907 233 185877 1 4.633694453664719 0.6927621067364784 0 0.3913872992830894 9.82909900241736 -1.876487281793114 -7.78669487553435 -1.998863852671625 2.34891242076133 -1.096746103008888 5.828554887269995 369 554.8126940727234 2325 -1 -4.796033284472845e-06
 -10.58276026627989 0.2992427269067404 -29.22322019147646 0.1071784487114116 211038002.5887107 0.04718954855619808 -7.31404340819838e+19 376.9276138874363 307.1192939181039 1425.395127066797 2926.077163142684 2902.576176311168 339 175548 1 4.514367812558023 -0.2680499263880539 9.183969925182767 0.5977071025372016 3.608151046509931 -1.583186213198174 9.655883295867204 0.02001907684650737 5.710603944736082 -0.331668668522501 -5.468922100237214 372 508.2824668884277 2325 -1 1.453276276929594e-05
 -10.06403600494654 0.04241729898453702 9.94766915837335e+20 1.905947500460798 0.3830113213912206 0.1063778493738172 -8305890558.999011 14463.08531686793 426341.0950833851 1.506974120178162 7.392950449073649 2952.804920872959 211 110950 2 4.074063441968259 -0.2141533065505144 -0 -0.793506144313838 0.3634394038314568 0.8071038698749398 0 -1.416120646312691 -2.933446971855911 -0.7112251027466829 8.338724245563679 375 325.867527961731 2325 -1 2.57299904034317e-05
 -9.538606543742796 0.1640608024954154 -35837.02638615271 388.5094253539152 19.53969477331923 0.4303387113230674 -75.36707288228227 9526.892789375375 221660.0814423418 2.820782159816053 1.878252647945129 2980.697974643477 283 190568 1 4.632089724961808 -1.244706286319185 -9.182290095645364 -0.2972770084092629 9.660565982788743 -1.58232287986981 5.438453370141095 -1.291689750832666 7.04141648318156 -1.002771165391314 -0.4064642224071813 378 551.3672690391541 2325 -1 -8.578004674515893e-06
 -10.16109810763342 0.3307262958005525 -70.71793256930277 0.2669727786289843 -284.7200233159396 0.2186419480153006 -18610.63042111266 206.9650222649335 118.3139144810468 0.07616244785145537 917318959221.871 2958.225978115095 1781 191642 1 4.623158636932327 -1.811310582116062 6.072416443700354 0.004400297621318634 -7.776821589955482 -1.02675780693522 -0 -0.7719131128760317 -9.90483389245319 -1.299642543689735 -6.697067553244738 381 554.1685671806335 2325 -1 -5.308129853869124e-06
 -9.804783207783624 0.2283377126818245 -363.4983913019265 97.29072797780883 1.799253808122944 0.1565337647288766 -344684.9456149954 24607.21530932664 1565370.9848219 5042.348426343148 43694.79484976492 2902.885182966642 1579 191639 1 4.688097652686008 -0.5992262919053157 6.969010153751118 -1.438532330628519 3.851860409560405 0.4863155732965954 -5.717568760404075 0.6549478115304046 -0.8141463913046767 -1.642114665106057 -8.861591353505698 384 554.9068260192871 2325 -1 -1.8867247997979e-05
 -10.05780207048164 0.2399844607231061 -1194.929848682962 81071.64035603074 461955.0217845496 0.2257798778469106 -16115.71930088498 106.9677013510742 33.05191026621556 2.281793121733591 4.07005848965544 2931.086657343946 1009 191619 1 4.257320513966011 0.7985755465029394 -0 0.05233878895901382 3.087528864703595 0.3701229260089471 -2.701757390830588 0.3364454979900757 -9.932681360464626 -1.029127515988513 -7.751309799407698 387 564.1338558197021 2325 -1 6.062029215912141e-06
 -9.681999694983187 0.1336964749334677 -1105667.198013927 143.074633595066 3.731051904703403 0.2620615354367022 -5113.159099459207 6621.081556872788 93424.37768321867 62.52906690265314 7.093918014134588 2857.496408712689 762 191587 1 -4.660043200414212 0.9241497428213785 5.76839325700136 -1.999242666983204 -4.644979803668475 -0.4272639461749712 8.459698286557119 0.4881722743164429 3.489631965239082 -1.542301049576039 -7.993019154498983 390 555.9477941989899 2325 -1 4.527757218797572e-06
 -9.689510746959117 0.2589812192391742 -329.8916237278378 10.61500243129785 0.02153158899753102 0.193193842189553 -94724.20345782423 4949.225023878537 61404.41426138623 0.2713635388548765 15054.43254642437 3040.277213531341 343 175060 1 -4.662032498985058 -1.442906955340774 -0.6302026514815564 -0.192038135548124 7.408115683186143 -1.168805543185224 8.119416817265506 -0.9547538115637284 -0.4397594859403235 -1.931827933926761 1.637660165309999 393 509.3474478721619 2325 -1 4.134795690199577e-07
 -9.454013477793476 0.08508751797090065 -5499377116.774808 1.746976906621851 0.4621615286154422 0.08252475649873678 -384582124982.7115 54.69900073638101 12.51830394133697 1.537655521411494 10.23116059125813 2831.006905844273 1792 127764 1 4.404004816673888 0.3650839219423977 -2.664921984168064 0.8243893841301846 8.456362614693059 -1.384143414597152 -4.389302019689644 -1.771176278152302 -4.117223682380679 -0.7093363697948361 7.825563471852385 396 378.2072100639343 2325 -1 1.072450176408468e-05
 -10.3010107133162 0.16874654841981 -34460.44695533322 0.04057444816049533 2.529716768393532e+20 0.5090748362759737 -44.75502022989029 10559.73292953075 244673.6123845596 29.67771750201868 4.564280265188547 2737.192971271961 1728 127770 1 4.616650424898107 0.3706364732485494 1.48311230719953 0.4747945219323908 -0.8099143274141021 -0.2973183560348627 8.374826461427681 0.5303808327548203 -8.764381200601669 -1.162623214939786 2.423322739328049 399 369.9522869586945 2325 -1 4.591161805629959e-07
 -9.610267203867769 0.04022270478567427 -2.496983250165048e+18 62380.74210498574 256072.4503521926 0.3642173625153798 -301.5450670573061 1253.810790131087 4264.952299084655 56.64771938740774 10.9128437259338 3059.437210372073 2983 191647 1 4.294568253711475 0.528043378507685 -0.03306699759464404 -1.238810518086502 8.283849440416937 -1.677491877297878 -7.050119273173733 -1.95602179836932 -6.31325985260546 -1.423169197933746 -4.543110674137129 402 555.8537659645081 2325 -1 -9.207891389695652e-06
 -9.952104163108968 0.1078835868160421 -10963945.1514277 39605.89403104427 262927.1542588039 0.6477036188550687 -13.6493796815439 65911.32433979647 8727418.666871022 0.1048344270616892 889996076.301687 3024.037500203541 232 191574 1 -4.068527513631512 0.110245129215202 6.508170529031863 0.2060320052096944 -8.209358502674871 0.8572053518017153 6.216234641345181 0.2525049616199721 -0 -1.067222583349808 3.399897016915688 405 561.8455679416656 2325 -1 -7.984533033723532e-06
 -9.822879265180314 0.07879190927838392 -5007781987.636464 1204.018105030378 164.1511522190288 0.4521331241495303 -100.1966437422047 375.7006249179912 390.6599083441514 9.328980845441949 1.423435504694805 3125.151170374389 3086 191528 1 4.57737819483411 0.7317488304560427 7.142822367415892 -0.5630130101880448 6.902911613930131 -1.232754952615136 2.721644747253473 0.5034045173580886 -6.738279729133964 -1.53854262008494 -3.550914430548225 408 554.9012191295624 2325 -1 -9.569102954363818e-06
 -9.498508393272676 0.2854435417699016 -116.899204150385 4114.116897108021 544.2263041080348 0.1928150405711665 -58216.75630711752 51.88700785754468 8.977731602666124 0.08897204111677275 -8684827911.346889 2923.724218879569 754 127765 1 -4.617701615572389 -1.535345814799123 -0 -1.439454411404842 6.25016146833483 -1.117626888713345 4.513207887585569 -1.167567911158999 6.976946987705338 0.02785171981671254 4.745424942217553 411 370.298770904541 2325 -1 -8.069335332031508e-06
 -9.179519043316585 0.1370077436571371 -120713.3332969448 2.695406271690605 0.1419631805864672 0.09891408859598666 -311723425.1639742 1291.074807042576 4485.702862046301 300.3070479485667 97.90474657877323 3028.881788922104 794 191595 1 -4.045191299139834 -1.425237101534177 -4.415767464503292 -0.8738100708219552 4.293389415692167 0.1220648906638084 -4.456249513126633 -1.933043196251082 2.835236295353802 -1.812569604671641 5.891629940094273 414 554.3902368545532 2325 -1 -1.570015137511133e-05
 -10.04561396537232 0.292759627399419 -165.3828201123042 0.05831727636356692 -954677203843151.5 0.2611125484912137 -6020.17744439302 138.7739921555252 63.98061402120057 1.572294918923299 7.747045356289924 3178.789612667449 4688 191630 1 4.669334008824189 -0.8795954986558918 -4.683916909979124 -1.034728927320791 1.720902584814432 0.2551963535233854 -0.7082158392869955 -1.302713208126306 -0.9073468580385873 -1.274632788196396 3.833509263749538 417 553.6944320201874 2325 -1 7.254485349518066e-06
 -9.784005925509179 0.05095723975229205 -5281854357406511 370.2088136336469 6.716670423874145 0.09558525624016009 -4438110011.547881 78.44519932747195 21.11655176228758 0.246774602936381 55536.39636946137 3039.763616101996 4896 191658 1 -4.587187694844946 0.575976643382254 5.977106021612141 0.8931574545508303 5.407378976580542 -1.326245390167609 4.46118927739755 -0.4935774787693781 -4.226996386442922 -1.874378078877894 -9.7555984217947 420 556.9452579021454 2325 -1 4.195229540820692e-07
 -10.38269844945097 0.2757722363590984 -590.2677045774769 334.7380528595443 10.34962143406899 0.2431080120760209 -15381.93159840424 7356.064286785066 120928.4304464271 2239.149807949879 6357.668828680991 3072.740127910109 730 191647 1 -4.339955586905925 0.6578596246954045 -8.471086315991037 0.1195490863932961 0.1110659353693606 -0.2263697823329859 6.092996853716204 -1.070245716656515 -6.222507946770238 -1.635094932605549 7.500339913420703 423 552.6263089179993 2325 -1 1.317613914942889e-05
 -10.52250203290492 0.2419127642785155 -721.3344265313549 1.597439958900416 0.2923506223775412 0.06791678245368254 -2675185191137.679 52478.00489739103 6182623.519935431 2.482444814548017 2.677795921262486 2826.475936510087 591 191319 1 4.132176070435192 -0.4271852244743021 -1.40194334991509 -1.584348960885312 4.579633761402978 -1.621105276590211 2.123723289591372 -1.08246748796526 6.731928258870551 0.9479692391252152 -2.915116244983623 426 566.1859970092773 2325 -1 -1.25969350964664e-05
 -10.51976391490157 0.1676291115750513 -33800.74770328521 611.0101417444384 53.93078118067489 0.2829243748120963 -1551.372116667436 151.5332571237861 64.94492488516904 1.232126377966502 16.99424230326289 2858.274464749908 1641 191642 1 4.195290720148447 -0.8146717915154005 -3.012411647443327 -0.8823883669743893 5.075512563889059 -1.372482228498391 -8.053806485494285 -0.345781097566265 1.247769897816132 0.4933792862481731 4.660194416545961 429 551.5218758583069 2325 -1 -9.395714188355096e-06
 -9.227035468095943 0.1473586011453654 -60339.39510444389 780.0243732632269 44.18903883735178 0.1886390135753422 -32914.33357483742 2450.782736577519 14149.04440022215 1.80092890954111 5.01395223887708 3233.948431388993 3672 191663 1 4.432692080395508 0.213538040216898 2.395052731920824 -1.813288362708029 0 -1.379281371613348 -7.769114373923818 -1.384616705546594 3.490613113145982 -1.906244760142807 -6.354666382809612 432 548.079784154892 2325 -1 -1.546653958136752e-05
 -9.826346373326675 0.09392706262482661 -1749726494.645553 8.574781736305809 0.08630613112187868 0.180766788188463 -360606.6943089953 59.17940843099836 11.84169391731672 116.216841912293 34.54538295340321 2999.452606209443 4039 191664 1 4.497853732843264 0.4001631307541435 3.612556572690487 -1.601732734087082 1.486686410412369 -0.02722621945232895 5.710201663403488 -0.6611322981710108 7.709766189481231 -1.783046518797709 -8.53922893421429 435 550.4557988643646 2325 -1 9.977335681848821e-06
 -8.200579963006199 7.324659101331975 0.03390095054930898 855.1695868028701 74.54112993270574 0.06682514998405652 -1244290578850648 5343.30254335854 79624.44222187235 0.2131111659422937 843782.2871504637 3105.859992126829 637 111782 1 4.681768914246589 0.230241636706344 -8.297233995707398 -0.04424535825606762 2.485424095283733 0.7851365123458249 -0 -1.524183544065447 -0.8496171852556706 0.2474927079469325 0 438 328.9764339923859 2325 -1 2.455060293054473e-05
 -10.13874479062465 0.1351759154662189 -1488533.123563123 7.380274876392854 0.07221496137204871 0.1502186395115496 -4346891.712369885 1281.645969795195 4061.230803730458 1534.744535088845 7303.580659192025 3098.2093082483 518 191081 1 4.550351536743442 -0.6593528293330504 -0.2882928882591784 0.3759799109013251 8.02103800758004 0.5059480353695758 -0 -1.402440594987332 -7.156951804645608 0.7837068310789572 7.287668436655228 441 558.1335070133209 2325 -1 8.628942904944991e-06
 -10.01732742169298 0.1562270958709103 -284320.2437890217 0.1853162527344927 92289.7742683246 1.170192155121708 -2.145732145397353 274.8345285205705 167.794019971948 0.2951882501810179 11235.19903733082 2957.890851219869 856 191620 1 3.942917011416737 0.5011677370719214 8.788498020743084 -1.142203222437161 -9.035539050175167 -1.509669728096954 9.818466223500394 0.03042544347194685 4.634573415081353 0.8904904368831179 9.797805005568824 444 558.219516992569 2325 -1 1.455355142513755e-05
 -10.04651377060249 0.2424824244224107 -2226.379309276547 38510.17802283286 106953.1169940892 0.1614748826050373 -2054590.901323474 84.63960346437095 21.04844974824049 956.1714509561415 1440.202787336618 2985.591587769617 1110 191564 1 4.671887704661259 0.1933265961806829 9.277156491710331 0.361345572671897 -8.77772139619773 -0.08069195885419238 -5.597605223190646 0.6669976127875548 -7.047886229400259 -1.847898803333025 8.588638131493903 447 543.5325300693512 2325 -1 2.175462195826353e-05
 -10.32089784392827 0.1615101618618986 -41139.38084942996 15016.21645549259 -5457.31437010112 0.1878217078673083 -32232.9533779684 41.1541749901708 6.291936603583224 13.02560193878684 1.202332453190707 2984.939407244147 765 191494 1 -3.753934999297044 -0.8607611806558344 -2.500347303044013 -0.7687877843550774 2.829944954693109 0.6196757887631676 1.201772748212218 -1.002574215251231 5.650296818524225 -1.293403343775497 -9.334570332633886 450 556.4937760829926 2325 -1 -1.46136121214071e-05
 -10.07606541382714 0.2135853992014174 -918.4960919367905 38686.20060988592 226545.6549437521 0.3806699088356106 -64.03829665142743 19.59792185200419 2.782937556533952 3.100749963656325 1.655696395840881 2970.116772269161 471 190800 1 -4.402856284089473 -1.181758517800908 1.683169179269051 -1.757500625485448 -5.18618979299027 0.5739067938308091 -5.027119409524345 0.27202931553381 7.184740691727804 0.2167195647679318 7.535306135953636 453 554.2839159965515 2325 -1 -1.890685602152175e-05
 -9.753280144693738 0.3925403506604602 -19.32406869559702 43.80146361984916 0.4614996550594818 0.7615267837489829 -10.86950133587691 444.2888142261357 405.9276455661923 0.3001759951298384 8324.342289923557 2946.875445100284 482 191182 1 4.269354948231291 -1.119224042526717 0 -0.7560476590409416 9.689560271263575 0.9598463718147303 -7.15501920814777 0.1134745912638157 -7.787492913947766 0.9537185514689019 4.722137069634941 456 547.9188768863678 2325 -1 6.537055930922332e-06
 -10.0276380133183 0.1997984678898297 -1649.337905939581 786.1063792630258 35.4078415897905 0.1803934713145311 -31197.09638230284 405.4158950497164 358.2352170050684 0.5160558462517056 312.126798287874 2939.688147151402 1807 191586 1 -3.924816335249506 -0.5642730422901145 0 0.0628359421296593 7.550078824041696 0.8979452673608952 1.460865405476729 -1.887754107387456 -7.749993393768239 -0.9569331264715153 5.985541644787647 459 563.0475540161133 2325 -1 -3.068103328885363e-05
 -9.821947879002852 0.1896129480134236 -2928.049086117336 1300.98991079726 48.47559591736188 0.2371593598161549 -3757.981543584573 45.57453110863009 7.601720436198536 0.6540214343523478 138.0740694715336 3116.014056235693 742 127722 1 -3.686371226768509 -1.402284575403968 1.773008402291301 0.003438159094695205 -1.021210795011208 -0.116895153580697 -0.08049071365883886 -0.2928337219583765 1.266415640700228 -1.34080545531222 6.330388032666312 462 376.2687559127808 2325 -1 -1.625955497063841e-05
 -9.886418687228854 0.2241708763477062 -1065.130408947773 1.927858827704774 -0.2558231414081334 0.1692140828072387 -254620.8823469344 29.1811901953996 3.953259681690934 0.04408441893985937 -5.549561336920718e+18 2940.383281349645 3062 191664 1 4.005611647267745 -1.656839492147974 4.108671074314251 -0.6156686269402734 7.439064855933211 0.1138296642921607 5.107793074740168 0.3331934326255985 -8.588790242213571 -1.288096878733672 -9.697795711222323 465 555.2812869548798 2325 -1 -1.109317320943671e-05
 -10.0023417874009 0.3005250685042506 -40.4195181813831 0.8023837118030605 -0.4528364540615594 0.3874276821070999 -289.8540525674262 77889.94146485523 15471535.06190542 0.04661013576396116 1.229599581481633e+19 3044.686512735251 557 175657 1 -4.615955915536624 0.3234766294201021 8.065665365163969 -1.037200106799309 -7.247899686784283 -0.72274523066051 1.343530945767194 0.4383178771447285 1.515718836389426 -1.700668221602381 -1.156753153713475 468 504.1000969409943 2325 -1 9.588831393035535e-07
 -9.679092526442448 0.2731785143631175 -114.6546440352121 0.06122691529161577 -11720497877534.39 0.05705309632371536 -426774608963987.3 72463.89640227276 14120483.99882603 0.2868076766026719 -3527.711145009665 2907.240317110761 1834 191646 1 -4.072216227913106 0.8199685116659938 -1.199087978898706 -0.2558309674477641 0.9883589886077995 0.2354322235338007 -8.957936375684845 -1.876033435963291 -0.3950729523300396 -1.22726789940905 -1.137485504801497 471 556.9613099098206 2325 -1 -9.449265294353336e-06
 -9.8403865104566 0.2043264619870261 -901.4810136529776 4257.858909846956 868.4427043418495 0.05790417435698351 -104841070094213.5 1112.718113080164 2885.319757163759 0.03878756972511727 4.229094522582242e+20 2974.062625519162 1366 191646 1 3.995765299390101 0.3096262278852011 -7.437832227866194 -0.2060293133032154 -8.673232738797378 -1.485574693077739 -3.271502002385249 -0.7082671053985417 7.191470907194397 -1.375758151202781 9.587403776889586 474 551.4460730552673 2325 -1 -1.643148245733825e-05
 -9.894482873740008 0.03579297733251099 -9.98583842048365e+20 2192.279826126014 558.9774926958914 0.3605111693294608 -339.6075155817383 37273.28574346946 3186541.175713423 2.517575551987924 4.890519962759972 3116.588300474519 1411 191490 2 4.560447971077075 -1.096049774490984 5.403032604046172 -1.447103467005528 5.089956158439028 0.6921688718984225 0 -1.304203018646801 7.230813124559775 0.5362313381758614 0 477 554.4451060295105 2325 -1 -1.962841793455818e-06
 -10.01178149666242 0.1606856133125656 -21520.4074380883 3647.125058416538 637.7145158626743 0.06140113239848742 -112777659873010 1284.462302190909 4057.076145929856 0.7268890722191657 74.94335055881493 3014.025515731547 862 191516 1 4.645117186692433 0.9370831920455118 6.819625426275789 -1.573817902354553 -5.964500712001422 -1.119339808071481 -4.605018969404135 -0.5940771700380338 7.619156952989908 -0.4021040512741231 7.919930416292988 480 556.8104360103607 2325 -1 -7.567247168496168e-06
 -10.18956525493628 0.2558260727848963 -330.1424704775176 334.312074222041 14.71344359225636 0.4715428580664601 -32.58201523054759 73.78325328666034 14.79422157501912 78.75372248307804 3.426950781009335 2852.026980076599 398 190792 1 -4.581142778957962 -1.884620217291205 0.9832094265630467 0.5026920448079659 -2.040588066761319 -1.626135369129424 1.34636749625546 -0.5902367399769828 -6.043445623956318 0.4230757563713184 9.140578770537225 483 552.6378071308136 2325 -1 -1.609526775885856e-05
 -10.00204073354379 0.1116813506310365 -19644855.91904002 51377.12075748059 1019526.253027806 1.923266802046431 -1.111602423601053 128.9991541672646 58.5779971185216 43.21911755833431 5.812337753460316 2896.642718715019 1612 191641 1 -4.57376784685082 -0.473575100936964 9.799215857275858 0.7628939075710699 -8.781160059356308 -1.586705412039214 -5.767103843438552 -1.170313641575418 -8.936552883090062 0.8251424848982651 -7.237019876905112 486 560.1112928390503 2325 -1 1.208339051200183e-05
 -10.33518920758342 0.1344900469715406 -523190.9588675293 0.269515766531554 -647.9987402572572 0.1634788536823615 -1287051.501447811 10744.58566709117 233489.9491435709 10.6064711442382 0.7081890948353711 2908.783457599028 1278 191613 1 4.058514420927526 -0.7568719606056282 0 -0.2998013388659206 2.980831440182583 0.3778118216550457 6.585954142179949 -1.971157460802688 6.087181848525198 -0.0173265852156099 -2.058093955993545 489 554.5946769714355 2325 -1 6.023751663142233e-06
 -10.19513846692294 0.1624381282388856 -47786.10591663559 0.8999343301462651 2.58969396631904 0.1013017434349034 -1302170596.970067 274.253126846646 153.7726672542934 0.04088852917610172 9.978181200074591e+20 2957.595334450884 4347 127767 2 -4.628681749197249 -1.325676338808179 -0.8052760799707857 0.7395612624083383 -1.163097311631088 -0.8638149682167526 4.587737283665868 0.5396047775433988 0 -0.1980072671352673 -3.234598252040237 492 373.6150319576263 2325 -1 -3.129309710930552e-07
 -9.585792065339334 0.2564210110892666 -130.4990582087634 2.170889548740982 0.2058065450527594 0.4672102962505185 -60.23860699023115 539.7101892923112 652.303588473703 5001.261958743551 -17371.13407262148 2998.909457167989 848 191662 1 -4.228502846625618 -1.881591643501827 9.660913494509506 -0.3561035245578363 5.127198043741775 -0.09075776288473138 3.776647555790987 -0.642480370614642 -2.465178338938192 -1.284059694834493 -8.196644499472502 495 552.5764338970184 2325 -1 -2.216951382361179e-05
 -10.00084861172513 0.3804043147020741 -37.25075118779142 1.167362514104446 1.015241263892088 0.2776079164930454 -4372.242613187481 17612.03055602381 824445.1005761254 0.1864524947366694 1351901.475207401 3114.437176871531 2385 127769 1 4.302778918570977 -0.8913601136118485 -7.339674107147482 -1.701923347824144 7.586687856502907 -1.652475499581183 -9.015702154849913 0.7608827325200989 0.1919139981407971 0.8494131298881391 -2.485006977302292 498 369.9405169487 2325 -1 9.319837316679e-06
 -9.941593476227954 0.08653080913299746 -1135156443.681679 90742.02408653033 557463.3995284886 0.1831794658464514 -91020.33577603695 68.26412199225791 15.79568963455094 0.1919774684560481 76051.65016138746 2926.287973871784 1547 191621 1 -4.364388272104375 0.09866128024984312 -2.226400481254581 -0.9115429744215557 -9.78718622215667 -0.9335076073282087 -4.181950172648593 -0.7200278090960079 -1.30900572899927 -1.824437747742752 0 501 553.6283509731293 2325 -1 -8.278010809015439e-06
 -0.07568825239029625 7221.650141223434 27545.62709846504 1500.394909029518 162.4489475703473 0.1853426837029976 -82657.3957981858 203.3106684609025 136.8701655889178 310.4838476497852 193.9781976783653 3022.543768231727 288 175603 1 -3.530644576251152 -0.3286886426861493 3.224803681207375 0.3106479215463058 -8.581713216177684 0.1578240577037731 -0 0.1461336109912885 4.774014759874585 0.6447133624164083 8.045525644335633 504 503.824686050415 2325 -1 -8.469580555131136e-06
 -10.20497370720056 0.04644675916366227 -9.795124539711094e+17 3.023346200028592 0.1555056270913806 0.04494821719536517 -2.17323702591065e+20 53994.56950645798 7367832.069025958 0.102926341780256 13753037344.9975 3062.477605587976 919 191659 1 -4.546378918521744 -1.020110572458979 6.656644656521325 -1.603780809471067 -6.448065949458922 -0.25962659785068 0 -1.487563061578074 9.095771096725816 0.6009723257159321 -9.877357434238906 507 555.1603999137878 2325 -1 1.051418578899136e-05
 -9.948792141336469 0.1911990187428892 -7050.965186542118 25349.92773159792 41080.90119083873 0.06222398158582915 -164630593922825.8 1412.21869919082 3925.832565122767 1.265637836994712 7.772149934378564 3083.077750848885 1225 127763 1 4.239111706548478 0.7103220327649602 0.7841060893516851 -0.9508635686418119 -1.049609029171886 -1.065054403829034 9.196708162487257 -1.122739191114165 6.654091501881488 -1.168037677776212 -2.844035818538444 510 379.3250799179077 2325 -1 -9.248499403978472e-07
 -9.980681719283874 0.180594127106472 -7113.202717041149 23.46536226894971 0.2467023958063617 0.04257435229385257 -1.25154347526605e+19 16982.8475166686 783454.1159106364 0.8220915733384913 57.5507218184754 2846.498717006929 689 127776 1 4.248278192492029 -1.95734561901185 8.01356776180384 -1.375648908088126 -0.8333540438589675 -0.2453327517373936 -1.379020126521094 0.4158358258487564 -0.2159095380578595 -0.03809657113672586 -1.836621059330758 513 370.7325329780579 2325 -1 -1.030327336440868e-05
 -10.42011520171822 0.09968842713248795 -242624209.2250293 1.751635357056505 0.4026723930472997 0.6618017726680874 -6.94982126881598 730.3162239680402 1116.903946070449 0.08555572592643246 -842509099568.5294 3019.48880042901 1964 191663 1 -3.845782196397901 -1.16323059841312 -8.142174344494931 -0.4022514056250124 1.049717676064432 -0.8417371869392936 -2.31775157489276 -1.235040886369804 -2.205483221087162 0.1552782951190745 9.491063626348625 516 552.2345402240753 2325 -1 1.239112829655451e-05
 -10.0130525398363 0.1192374016409342 -6520691.898159445 14.04755478108237 0.1016418445425262 0.269661355888264 -2348.429441003182 441.91854081586 448.6478034600886 0.1672066944234622 -1766859.358085326 3045.632603763154 3679 191664 1 3.379645940892116 0.4064655037448359 9.299142310609822 -0.2781639197816678 9.656964281339226 -0.1906905870619511 -1.859263204603797 0.2117963139304062 -6.574490733452174 0.1968001510925021 3.979835109453841 519 551.4815039634705 2325 -1 7.678515375899529e-09
 -9.538834006150893 0.2831285789179359 -208.1220912027483 2414.030330482875 224.1546957186382 0.1094050781687761 -141017722.3836157 7722.146147880061 141315.0255124202 2.445395536026556 2.043491921144971 3034.119204535741 2936 127770 1 -3.407551622951497 -1.693608915846325 1.162465717505627 -1.799663123021597 -5.731000226311878 -1.58856971921581 8.181789029805859 -1.065813027908987 9.301147475951133 -0.6574888490389457 0.6394166784326747 522 376.9520609378815 2325 -1 -6.489231365960039e-06
 -10.6383698088805 0.3075877499934732 -82.73450110203089 15492.81253850603 26681.97437544047 0.09872756140910943 -337418780.0595037 206.4149827454948 127.4511369059605 2.375211401943921 4.131863588858767 2824.497634745007 541 191603 1 3.308593487175242 -1.40908434356056 0 -0.426648830729178 -4.257418262504839 -1.001448394432347 5.546394509696456 -1.738460384879494 -7.189278193974614 -1.493721021758954 -1.27380668232395 525 555.9315600395203 2325 -1 -1.799997673645617e-05
 -10.02911881905652 0.06517590430810825 -7247645453031.65 639.7479933972594 132.2020381991097 3.125756944116084 -0.2866664629796266 3635.144495884102 31719.47585202317 294.4582363295074 -132.0831188637303 3027.417954427471 2899 191658 1 -4.59296777735178 0.7484422793603569 -3.438624156099106 -0.4954213610278968 8.508492235301738 0.06682975290121977 0 -0.8200537762200319 -2.232801934000482 0.5397073538582657 -0.1888981288753007 528 554.411297082901 2325 -1 7.368931035848953e-06
 -9.741059845916421 0.2694055682406706 -137.4359403333766 553.7145433503434 39.81605525326565 0.5151101270539266 -20.94872022799256 68097.68950872924 10931750.52625478 2.188395081501628 3.90708472920641 2968.070678127644 695 191296 1 -4.206926906832928 0.5546642974293094 8.099930376297086 -1.891350174791162 4.403314154229015 -1.086182370983122 -3.121015743266216 -0.8491785525986817 7.802392495017978 0.4686013360905953 -0.2443833438666108 531 560.2444460391998 2325 -1 -1.349746561798105e-05
 -9.718751690620167 0.07273047548728759 -197775833048.905 303.2404923814894 13.26809561557957 0.1925787245452783 -199906.1471246566 46906.56800644121 5711096.48147906 0.1368291911000546 108824216.9722035 3139.460781928034 371 175391 1 3.979852517949405 0.1551621502353875 0.2957882485953132 -1.12002337271971 5.298284599032847 0.3760054772783383 1.254039633954713 -0.04948737770773273 5.647954971080837 0.4566574855812542 -2.779976492103181 534 513.2739989757538 2325 -1 9.454285241474359e-06
 -9.803209301682823 0.03547707003242957 -9.99616072633723e+20 1218.20237029655 245.976608425664 0.2495959493720548 -5391.987870080946 253.7257416237443 214.7450714633692 1.315454332678214 18.72431452327963 3018.140359919645 931 191573 2 -4.166681419967287 0.7490689034279505 -0 -0.4034487546479895 -1.956955814259931 -0.9857980007813083 -8.840170663411197 -0.730468031643861 -0 -0.4164877364646209 -9.442998953383066 537 862.9484310150146 2325 -1 -5.735519493705273e-06
 -9.797504633543992 0.2685526888470047 -1605.052582267719 1032.771600132365 91.00740328672103 0.1701707329708152 -2166244.568434155 20.64546849989908 2.423491665177009 11529.97609215769 139803.1783058752 3009.770142388683 1854 191602 1 -4.682098493134976 -0.3575467477733758 -6.332805212683952 0.4737397881269256 -6.205514995891523 -1.054937652513766 2.015373722969356 -0.4620554426670775 7.927795307940681 -1.73637509979917 -9.800893447394671 540 1446.904865026474 2325 -1 3.22691525216062e-05
 -10.34607852133703 0.08932853981567809 -121571130.2834551 0.08059599491276949 5349940521.500868 1.102753402943864 -2.562673190361662 49.81446739961996 7.596693757109748 2.960549020808957 2.0901069216832 2960.729751870878 1751 127773 1 3.32204062881404 -1.063444764672401 4.494028622896731 -0.2183434846015349 4.126603020749942 -0.3832742106916856 4.400582710663338 -0.2153724353418065 3.986729995466439 -1.550406236480074 -2.471026044216511 543 871.2087690830231 2325 -1 -2.120665570840129e-05
 -10.53463146982771 0.05275480364124723 -2.548407257184968e+17 0.04519957079713199 9.983547605194909e+20 0.07869706163317262 -11868313328428.99 852.292382419864 1865.381465991368 38.02381965950607 2.708413733446655 2926.603639606239 3908 191618 2 -3.848573639969265 -0.3182361267484258 1.254389611305899 -1.428283141946867 -2.166942227373705 -0.487797741020553 6.608530712281684 0.3993885707990175 2.721802400985098 -0.5023314652538904 -8.534181811277756 546 1288.012257099152 2325 -1 2.665749523013189e-05
 -9.786710624134054 0.4159360654501863 -16.14798395045644 2401.139659878097 242.0596966344841 0.04757208280077214 -2.157296949631966e+19 9.154995616840258 1.622759822190601 2.653900602905402 2.017194284069539 2944.865118388017 1750 191637 1 -4.025498694451934 -0.8607971384460456 8.319829013966039 -0.3061553266247792 5.287233150659271 -1.352643491903658 -4.641867249967044 -1.536784288318684 -4.780917466520008 0.0346038504474047 8.56711856712489 549 1284.020159006119 2325 -1 1.205584473841267e-05
 -10.10335064159001 0.1651107122818647 -46546.13079880225 1.916293963709257 0.2797942177465381 0.0651117460560461 -847274175521236.2 795.5765260647842 1416.842252690004 3.33648139647716 2.97151208771382 2957.475565776909 222 190769 1 -4.320627611538319 -0.3453966771308688 0.2369750769014427 0.8682428622561167 -2.770887159703626 -0.08785412962691022 5.777889693370527 0.667719471147 8.750559222329091 -1.673756256456813 -8.698196351831177 552 1298.379040956497 2325 -1 1.937697200701333e-05
 -10.00734757391472 0.2246043363934569 -8074.202417504544 3.74080969465924 0.09082759697854909 0.1791017366568961 -883976.4165996262 124.9600870124291 43.42717856480042 1669.127361897764 5470.20717494478 3040.262042035033 3279 191629 1 3.655334272536479 -0.4706204174633202 8.16042706435231 0.2668307184454232 -0 -1.191260073214973 -4.372073414508754 0.5895542036444437 -4.721069004313407 -0.4428964905011021 -7.840138708880433 555 1297.588535070419 2325 -1 2.805761166516307e-05
 -18.37921062711075 9.778638973117168 -0.2531240938699362 75.94581947481289 0.7102010592141081 0.2438663680325346 -4824.868916751567 54438.2425507493 7615188.799380013 1.332728451457596 15.13303776156342 2817.646215548069 2439 127765 1 4.585451887903167 -1.344309526595111 0 0.7462357264531794 -9.203800552152757 0.03125734842922243 5.492051133419437 -1.086772843383101 0.4695791879998348 -1.537883275891695 6.507440799566981 558 664.6585471630096 2325 -1 -1.275053843333151e-05
 -10.5099341529429 0.3707104691495604 -32.96800577999629 0.09159650655824594 2030901310.629473 0.2616819674530889 -1412.510598530858 919.5653239541458 1724.398857361929 0.06709463161685536 27249938818189.38 3014.970348274697 1949 191564 1 -4.504051066688326 0.5063066954430422 -0.9881122584590858 -0.7457343819803919 6.180806255947884 -1.19553193579544 0.6456572792689048 -1.369739582100944 -5.448333129268998 -0.9761337756273631 -7.026427301612499 561 995.518189907074 2325 -1 -4.563467601804221e-06


# name: injParameters
# type: matrix
# rows: 1
# columns: 11
 2.02 3 0.3 1 1 0 0 0 0 0 0


