# Created by Octave 3.8.2, Sun May 24 06:15:32 2015 PDT <charlie@yukawa>
# name: outString
# type: sq_string
# elements: 1
# length: 114
Slope	Lambda	Gravity	Lambda	MagneticField	Lambda	MagneticField^2	Lambda	AttractorTemp	Lambda	AttractorTempGradient
# name: om
# type: matrix
# rows: 187
# columns: 31
 -10.14931580418158 0.1479343761058323 -600652.4158232206 3.37275167933585 0.1598657607405662 0.4281977115096064 -183.6741130998316 86548.93013351269 14272874.57588279 0.07382138232825923 39829967648562.59 2941.130271214502 3083 127733 1 -3.783337965154591 -0.5046221730128959 -4.319369588617882 -0.1126322057002857 -0 -1.342775389210071 -9.489474467549783 0.7748521189672033 -3.863671499369604 -0.5085142480842456 -8.079856458627848 3 569.2231149673462 2325 -1 1.384027608467102e-05
 -9.265315052247612 0.2478276656101696 -478.2126891393435 0.4060503920626831 73.3631922344404 0.3872197827011609 -179.1991612426945 69.20465575616655 19.63084490274457 91917.61770682871 6183377.220242772 3027.970036248718 2086 191657 2 4.233421158770886 -1.935305213978856 -0 -0.7214733070545076 -0.9656728217079928 -0.9610178718255877 -0 0.1691744127409179 -6.727038015086142 -0.8549070093743456 -1.600997824258923 6 701.9978921413422 2325 -1 1.202262216274068e-06
 -9.998641749926829 0.03493963270896885 -1.98262453411535e+19 0.03728261453724635 2.995457102940196e+19 0.1759613802384543 -75559.76928347016 1427.797735069045 4534.741653306265 0.03624376720827284 9.992584929375405e+20 3085.991576003057 2937 191649 2 3.562511596084061 0.4830994948218965 -3.741780401112254 -1.20181140195047 3.497436877834397 -1.519928304655114 0.7659165528516167 -0.06946779681815943 8.999386006102903 -0.9164620248391921 7.908231633759096 9 701.5450930595398 2325 -1 -2.369181547645116e-05
 -10.00754603728102 0.2163545629578518 -984.7544204914785 2.43732316217571 0.09554025386841337 0.223885317977113 -10506.82877806201 3501.65488806967 31895.33090748582 1.149316758585359 22.77393588388701 3010.205168330111 1058 191602 1 3.893161034383753 -0.1164766857596904 -1.580087359903885 -1.3861058006937 5.495190591111234 -1.25958221276341 9.525274766826948 -0.3624486031898417 3.30028625616104 -1.636200881629748 -4.46647949197831 12 693.9759600162506 2325 -1 -1.30080416980427e-05
 -9.724380908955531 0.431236516176877 -4.630906739440373 19945.19674630914 47688.80462418783 0.1623879425677816 -1278079.431353816 68223.57674213324 9364415.952595925 85531.35458784382 8001330.555686613 3008.803255127234 2621 191608 1 -4.206472834240111 -0.4848804852367294 9.398560153020233 0.6243484537957239 -4.530503468355666 0.9029980919850766 3.177635354281307 -1.834094165478828 6.392768643763728 0.01936734356778653 -4.820407137089396 15 697.6773099899292 2325 -1 1.390058847428229e-05
 -8.900104427102027 0.07445436140866228 -199657508391.7599 144.4721135472518 1.608550992066663 0.0879967306187284 -52701129149.91345 10525.75727306216 279884.9343342544 83.94589221271421 17.89338246634922 2929.936724786559 4703 127768 1 4.521727965499122 -0.313003618044382 9.781386194369952 0.8557251149331173 -3.634845284246987 0.4108544756530267 0 -1.686429113547387 -4.022915604815156 -0.3457658799937224 -7.710443491557129 18 469.8566851615906 2325 -1 7.64482538650657e-06
 -9.90716498050806 0.05827553009275336 -23705214922942.14 0.03874212733957836 9.96268964470217e+20 0.1337068756890483 -9999817.543752212 196.08131744536 77.93928445287021 0.1843422081274412 434404.8626090771 2953.331433692053 2107 191645 2 3.559530405432332 0.8238519294758673 1.383648237741296 0.4817212250550904 5.632339528447631 -1.655760680360644 5.301097884591136 0.3097937857002009 0.4250928892630927 -0.4726306817855495 0 21 562.2887501716614 2325 -1 -3.220861409346501e-06
 -9.657168680594914 0.2045980412354255 -25688.83372986094 5693.575235983962 6759.689641414311 1.490632197809188 -0.9748751367899714 36716.19331391937 3024211.178621775 0.9072908883449274 -21.11288749946475 2941.70572290323 256 185527 1 4.524930500888352 0.710047861509874 -3.063562114002736 -1.878909121787395 4.026157072513143 -0.05964529542374657 0 -0.6604459623828758 -1.370002962839485 0.2635612812457802 0 24 553.716315984726 2325 -1 2.421675461433612e-05
 -10.07785119989378 0.1028378506495572 -138066275.0584678 441.117371194042 17.88871296563754 0.1783215608157002 -326420.1157014346 8.455920441135895 1.421795160967611 257.2582696761381 97.87913080467486 2849.078068179439 2692 191660 1 3.962046171759447 -0.9663385649946391 -3.842725181146958 -0.9175611169311839 6.254292072733221 0.8328754371909639 0 -1.007703905693374 9.858219246448892 -1.037057746266634 -8.291364075522868 27 552.1011071205139 2325 -1 8.502349291844708e-06
 -9.875936173571763 0.31824139456815 -86.59420931573781 428.9985437190728 10.54253086105922 0.0666973229332152 -25341736609499.36 122.2666986491632 38.3948274720261 1.568995954612334 5.885584246100292 3117.677477702622 1949 191664 1 -4.529040909968083 -0.1264820558900546 -6.489585468401344 -0.8131823768300013 -0 -0.5316117869458701 -4.526738728053511 -1.896823196337331 0.7121470998256796 0.7014852851856972 6.031623316263725 30 555.865217924118 2325 -1 -2.223754816899887e-06
 -10.42612500785401 0.4062623907200806 -28.45136711433475 0.1024386719435088 1802466972.547779 0.09501244333393004 -30872393392.21965 60.60126255667775 13.1733889147517 2.551717048115954 3.580791392959028 3068.930104836937 2864 191660 1 -4.61179880710435 0.6629818756895771 0 0.2833650005421124 6.394618091531017 -1.079799049455241 -1.743564653888457 -1.184170611206107 -4.227684186067724 -1.230648956869886 4.582344913298718 33 557.0512800216675 2325 -1 1.523367117033276e-05
 -9.903655083709983 0.05314291835284322 -1245416829888312 8114.873925565635 8476.427228569724 0.3561593749908888 -580.6115116754333 78.0892397261257 16.49496153886071 1.971825315338886 3.666539825205301 3307.7888418174 3081 191649 1 4.28320322084038 -1.011975426257826 1.166850955327714 -1.946010027788286 5.692959510604184 0.3471806100601351 4.056373576686499 -0.794448043652265 4.810952114847706 -1.300488791394535 -7.70949768280275 36 559.1848649978638 2325 -1 7.959969858697488e-07
 -9.121076998105192 0.1137154354347527 -12068786.46066214 0.5169876718768051 9.129510419585269 6.434820724661606 -0.2927090931109895 3894.624857110657 31424.50259306482 0.1573834504829989 7291706.941692857 2930.516655680539 1716 191663 1 -4.536540452298061 0.4572536919808488 0.9832527309406061 0.04142715081427623 8.568816779717729 -1.803180823004984 5.189692187260095 -1.713401921176513 -3.068778537802061 0.4213699926896827 0 39 564.4831759929657 2325 -1 3.253582353879108e-06
 -10.05620508014967 0.2083364764647931 -2522.99066210883 50674.37951767851 264203.3599574669 0.8614186697776338 -5.234132390032648 1668.477177069778 6744.738047845658 1.936085669223032 7.17259711944652 2825.628671104207 195 191143 1 4.472754066395565 -0.6804690753570437 1.444765256502634 -0.1560547600145119 -6.46200525569903 0.08848429431605175 8.784582354736569 0.06088508629642315 -5.365348637214987 -1.51112044442211 -3.262183337996623 42 558.4758620262146 2325 -1 1.694196600339137e-05
 -0.006871506214142755 13445.24630205934 85382.76171944337 93394.67911173975 1335396.450061361 0.06418026810044627 -272983606297654.5 6896.108438272707 106731.6920682881 1.855344370262543 8.277028118195423 2960.796614854587 4402 159708 1 -3.699739135992784 -1.839882608131755 2.821323845548393 -0.9541528351636401 -9.064607118059682 -0.5378976539909397 -5.759880934324739 -1.368386763971923 7.517286544521252 0.4255181080586787 8.539462603351922e-05 45 477.4644529819489 2325 -1 6.916980886258162e-06
 -9.081829305242266 0.04889952748581682 -9084240083796830 76104.38097423592 541811.1634000896 0.2019528814686647 -66542.42359749723 654.1095009557479 976.0548463826062 0.1228052978728295 197513274.5642415 3067.646688907171 1654 191659 1 4.620246823027902 -0.3501410367477345 -9.2194362076498 0.7626436923087629 -3.447973843283804 -0.1706380307830155 -5.846174820159522 -1.160219375727596 2.045416859067322 -1.756420605734237 0 48 563.799488067627 2325 -1 8.266199435834465e-08
 -9.987678496058788 0.03661328263869451 9.999242084837651e+20 272.5097866979858 8.792983677221253 0.3173837806014633 -1085.203289659335 104.4519324346796 29.29988414228103 0.1273290692290827 208489167.6940336 2885.947652000233 1458 191247 2 3.890918337474135 -0.8319152741811537 -6.865852004738922 -0.2251918102236177 2.695872859606518 -0.0237220481088674 -5.525775944012145 0.04267112417375337 3.387377043942387 0.4956012406925532 7.169556206455834 51 561.687246799469 2325 -1 6.558765425969562e-08
 -9.321011992273322 0.2360783252451111 -222.5511322807945 1.840198680364481 0.2769661160455635 0.08495014238815052 -3599700071.023981 28801.81225901163 2176005.687704908 0.04450399994625611 7.968749809371972e+17 2852.383412418687 968 191392 1 -4.238633154970319 -1.044567372155744 2.273696401681969 -0.5711754089876822 -5.605747916939131 -0.773519565052279 9.067815641809768 -0.4670864831590347 -9.063421829427453 -1.818615300239884 -9.291413769335248 54 561.1790118217468 2325 -1 -1.934689211326633e-05
 -10.15566404886365 0.1654600804602195 -44598.50931840546 6.61234744625986 0.07627676549437688 0.204971303895189 -29426.93261004231 9.096368924960254 1.274771664180881 764.8116642459403 903.6568656735927 3015.328605272193 1458 191381 1 -4.65198209739161 0.5972796081225455 -0.2315339224713053 0.2159472898988603 -2.672485479743699 -0.8228227397620742 -9.954667331503561 -1.838852251242984 -6.559277253368643 0.6331887380977013 7.846446418253429 57 560.1757559776306 2325 -1 -6.619915718680007e-06
 -0.5635336311233232 2135.201679495965 1912.624495643618 2867.657596056702 1556.70317039904 0.06475245984580218 -23877624896684.91 56.22560458428011 13.88503455284001 1.642321869979957 7.307941130838753 3237.51721273234 200 190803 1 -4.226385220590597 -1.769223785675003 0 -1.05406208552694 7.875857794543071 -0.2743272611203356 0.8745413655745464 -1.084100694947471 9.121776608867254 -0.006086944071970607 -9.102725512577399 60 557.4904401302338 2325 -1 -6.502111059384746e-06
 -9.625717565630449 3.184557874248805 0.01215507989783343 303.8560288980452 9.067281548286367 0.1179132210379183 -7926606.012296996 344.7534250038183 336.3498998632388 10375.51601008678 154055.7217067562 2835.353732081261 253 190144 1 4.186136842200685 0.8844775178130733 3.03559877180469 0.9387345451656044 -7.218583681961183 -0.3879203937696439 0 0.8947504194999976 6.69047424963798 -0.3100679210044053 -7.1425401473614 63 555.4919459819794 2325 -1 -3.050899340925873e-05
 -10.01156623377951 0.04115554543881757 -1.414584503620402e+18 0.04157529231834312 4.546438461601667e+19 0.06947286928287906 -2285183445126.705 78056.20820312669 16859916.62562556 79902.86750100536 5099945.736810141 2775.888581915694 2078 127771 1 -3.979769162315762 -1.447762369215658 -3.888728549267815 -1.352444899610761 -0.8550486793678829 0.04692149350633998 9.409678652997421 -0.9786858321757981 -2.449489326085847 -1.636295873011187 2.17110254022358 66 371.193284034729 2325 -1 -5.126943925445278e-06
 -9.867754051585637 0.2895607325622416 -267.9360046624918 245.4599126403505 7.689463398643182 0.3918089098175422 -423.4704451812514 12797.76998937551 367196.8046846525 15947.94115625494 633169.5881675353 2949.33389499519 1594 191571 1 4.127542278990747 0.6419688848511752 6.187586940064434 -1.835222132928452 0 -0.7834103692967957 2.16718729079914 -1.589011808797356 0 -1.117084092677251 -9.515909985806866 69 555.8169050216675 2325 -1 1.856667618702189e-05
 -9.676002738310636 0.1139779266127505 -770581.1887124393 4.056591684702592 0.1072600126679283 0.2442738772517475 -2135.389086120024 92231.39476862889 21163952.8564605 0.03535513128367287 -9.988371386720983e+20 2805.927601449296 644 191652 2 3.952735741785187 -0.7365044192581491 7.872895672987472 -1.251559475127451 7.41123943834125 0.08191645554272141 1.67397950241015 -1.741528128214133 8.888147314315304 0.977656508706565 -1.618200384204648 72 553.2155220508575 2325 -1 -2.594579541241355e-05
 -9.753875519164644 0.2064018460912546 -11987.14786384337 327.5166786295491 11.20989703294753 0.3719994952311927 -951.618546975251 696.8719045381739 1501.71848704941 1.483189832754314 15.76977747211669 2995.638696264105 2089 191649 1 4.515345220580942 0.6695092771094888 3.808327152740119 -0.8536668550125519 4.894487790951719 -0.1879504096243831 7.55873084019354 -0.4968853961538429 -7.441967018050626 -0.6424530469477885 1.391426466629945 75 552.8204979896545 2325 -1 4.127598537516172e-05
 -9.709253295525123 0.1869998620803244 -3100.898084908557 107.7744186162005 1.991255763593529 0.4428497064514031 -74.58351611420356 2168.342827989904 10969.2853275335 1.633565158319329 6.530855150769979 2943.006470920532 750 191652 1 4.608360791465367 0.01306835260706932 -6.972463346529407 0.5969477077617125 -1.955520980638282 -0.4454692858632221 2.397834352749435 -0.9156968139127599 -6.791527810568686 0.1080515667420582 8.625987201987799 78 557.550411939621 2325 -1 -9.995171630216727e-06
 -10.50882008154669 0.266044386104249 -395.8558297629747 0.225998780619088 -6828.086542737375 0.2394705010225879 -6165.928025287898 2953.182493973512 19072.96051957897 88614.27337573217 15314803.07559382 2830.040813458351 2193 191660 1 -3.261451589390828 0.5024891095994106 5.201924366951748 -1.090526407371213 0 -0.9595341809607838 -1.405962042733486 -1.142623215680072 2.937636086634102 -0.3140793251914094 -0.8798125794372176 81 554.2873179912567 2325 -1 -5.173714600463826e-06
 -10.00808186882591 0.2035851046202367 -8160.699272457618 0.06468146541998507 83148187683352.2 0.2620451538049726 -8838.57115274121 96983.53203143537 21817228.32906425 1.338830985766667 8.382880006907905 2847.047731208626 1996 191658 1 -4.604620428977237 0.5954735710840993 -0 0.3360145482846008 8.730938846226824 0.06697668645023967 -4.163060657987804 0.2912737583019656 8.206051485854838 -1.429459910794725 -3.191460599968439 84 563.4336631298065 2325 -1 8.349780418112001e-06
 -9.519822034135485 0.2503330927283998 -1623.727542438517 0.3535236259532363 229.8656006299391 0.1518696783155406 -3025757.96807387 81.18819378875166 23.11971122220807 1.637803104931298 5.706474381607743 3022.751170509753 2514 191664 1 -4.07468695802699 0.7693230439577374 -1.956293640229084 0.873080701591519 -8.881024972137347 0.8576764243822191 -9.73912361355708 0.5901826166641708 0 0.02484323337909489 0.9215999795263983 87 558.0395858287811 2325 -1 1.731002394372821e-05
 -10.32586044112219 0.1568451578988193 -62782.65735792561 0.2009907896336857 10672.06254573426 0.04616081376628248 -3.994838484812769e+17 79470.94027153308 10280006.89673807 0.1522528211311978 -2400224.413201714 2872.982745348242 987 191648 1 4.395901784072839 0.2284823622740318 -0 0.8606684624175336 4.705450218651713 -0.5061246978691624 3.129613705175608 -0.3540156904663521 -8.092360046577742 -1.074661736717198 5.755925375773931 90 561.3572149276733 2325 -1 -1.254711028173935e-05
 -10.53402245776473 0.1757536099532821 -14860.30520480603 242.4553085841837 9.992570316142515 0.2855673059432485 -1193.865172004447 95.16677468082591 27.17007706918291 440.0370961192244 241.8425890937703 3202.229174203374 1362 191540 1 4.383964857629902 0.2167215958056681 0 -0.4004854966461515 -7.356798675483809 -1.014435365936722 -1.028781833802895 0.3630611960145576 1.622201892438076 -0.1451233964127692 2.925088995027903 93 555.2363059520721 2325 -1 -1.736312539308796e-05
 -9.720735774076772 0.2057011190182983 -738.7647951054354 1.567574633195889 0.4143055884316315 0.04083191403337696 -2.895277160985135e+18 755.1738356964713 1332.291295947914 0.6872553060942687 63.91459354868145 2977.494822149955 1999 191639 1 3.807125387835209 -0.4942618994031163 5.206287763438128 0.02567635680049474 -9.65869765019214 -0.4214100901776839 6.602964478846375 0.5411034340307119 -5.539089553333683 -0.449899609319071 -3.768755575140366 96 585.2303149700165 2325 -1 -2.61049676997969e-05
 -9.387649120403628 0.2242158913447406 -4621.090940042936 731.6299933735784 73.31063338057102 0.1248065576496567 -160369268.7890325 64.80776589547219 14.80369844627877 0.08916515541520996 531587640417.5571 2903.013286292949 1427 191620 1 4.288309431088742 -0.4613755228524203 -1.143306899898038 0.6529037664628898 -1.604277606208937 0.1566677001131973 -5.917582966172364 -1.919357430158979 -8.401491290204659 -1.015491016087712 -4.134096432525977 99 564.0604040622711 2325 -1 2.644849366614904e-05
 -10.2860046806838 0.314304772479765 -110.7427102613065 35891.14630605052 202106.2129717137 0.4856436725000597 -44.32713435199121 2321.011978786214 10351.25248138909 0.03844625607102369 -9.993574077011174e+20 3269.465849246773 1117 127764 2 4.695788089883739 0.1353261494510756 0 0.2561873274930483 3.323432347830804 -0.5821197025845173 -2.08181828129297 0.784391675332583 -4.013030795557512 -0.2393834837230298 -4.142963478130423 102 384.8197510242462 2325 -1 -1.251844967515723e-05
 -9.939404230473242 0.1720125348115043 -36976.50854933284 125.8116874107071 1.350364003764686 0.06070918334986093 -191278943351206.6 81.58011165650609 23.45362729620112 2.137208805290864 5.817644284836829 3250.947926767424 1278 127706 1 -4.472022403030624 -1.254757747545949 1.806406442849549 0.9876478436711147 8.560910606443016 -1.491099424770826 9.561178413286715 -1.470935818128919 0.4668833897646008 0.3982115483210106 3.565386601074536 105 396.4927549362183 2325 -1 -1.176113424640291e-06
 -9.671706855269022 0.2393428332171095 -2371.795362755352 106.4086067480492 2.44676086757886 0.3253429551597392 -815.259545839415 2317.123183763684 13213.8542631729 1.270081776760229 15.95186287577947 3161.194726700654 1960 191655 1 -4.562251149181871 -0.417208861519729 -2.675976272919853 -0.5305374622829611 -4.447537842645525 -1.473876366006168 1.153609732737053 -1.095660274029918 8.856185125575545 -1.292524844491979 3.073845191991675 108 560.817440032959 2325 -1 6.583319692405367e-06
 -9.689805118871293 0.05697365347172454 -11786824793901.36 56862.90655727727 382572.4538720614 0.06955274333114278 -1501564454044.671 24458.66148154832 1242115.095392598 59750.12544595382 3321964.36322403 3160.092136135823 2833 191652 1 3.832345403526602 -1.059577114634958 0.583614725132108 0.3748070823373531 8.447744011900648 -1.633250104713959 -1.699699653905057 -1.753327165196322 3.693356201094039 -0.6695118240520044 -9.373526661523295 111 561.8883271217346 2325 -1 -1.238484245311071e-05
 -10.34360622498325 0.1743753340184143 -15046.55484653778 34745.62058713286 43099.3114390698 0.382618774543158 -241.3496460678799 100.7852463942177 23.71444162470607 34195.80218173095 -1141193.144072367 3079.288316919079 292 127767 1 -4.317975462127357 -1.545589731741737 9.175096482099946 0.2911588979009472 -1.11427379055602 -1.542795263718124 -0 0.839353097730164 6.034910115856583 0.9030490683424874 -5.473439287285643 114 376.813539981842 2325 -1 -1.609585228763828e-05
 -9.726990904919628 0.2212662018226516 -1701.532291288614 56804.88221282959 522779.8908421581 0.1091305223956564 -368910637.0301199 14793.12292411726 513559.0516894236 19642.11137628531 962434.9495660599 2920.301133223497 153 189718 1 -4.049721095340263 0.3312760278144311 -3.173805505491313 0.4629950577574391 -9.15632155147356 -0.2495048510689842 9.475182106737345 0.6065836818513883 0 -1.246381817329462 5.561262657788291 117 561.8975260257721 2325 -1 4.511561805407655e-07
 -8.776132039755371 1.475695909360658 0.1283305280913268 6.251673125036429 0.119124783182256 0.03796996057929551 -2.143962342926528e+19 45.49223121026207 9.111818839499929 1.211449546379129 12.23291538060575 3063.499976484417 1208 191617 1 -3.333488219783807 -0.1908998283910446 -7.780348843436142 -1.386826309623126 -6.549793079146131 0.4006454927298622 -8.473767485783954 -0.2391107420797773 5.130158857052625 -1.992814886931691 0.1114655030415475 120 553.583652973175 2325 -1 -2.715662085558283e-05
 -10.12538488037229 0.1933790935733028 -6437.374085567097 9060.91529331448 5394.561031957888 0.06337122042746178 -86189088674852.06 26856.30384982074 1958710.062161651 33.72103256316225 4.305108394241433 2960.649827494996 383 186615 1 -4.668643521516165 0.1172160888477841 9.510519062257588 -1.361289549695456 2.961005837925097 0.1292307064073741 -9.902701934330118 -0.01951710348247817 -0 0.2621945084237249 0.2065799828025527 123 556.1430771350861 2325 -1 -6.662160579472905e-07
 -10.04323565769972 0.2132756429619688 -3301.204013296317 419.7646105022276 16.25415582496945 0.3700340389277325 -189.3116911579423 18462.21791240318 849208.5896532362 0.1090497757426887 1827417067.81772 3044.717451791869 356 127535 1 4.302100807958753 -0.07822287854506005 -6.987765420759742 -0.1625853360366624 2.580776545577825 0.2342049699546713 -5.275608797740377 -0.1639077223984672 0.7387320823500421 -1.176094913660482 7.887455494496596 126 389.994992017746 2325 -1 -3.423134290976279e-06
 -9.362364801571308 0.05937506931228904 1213357104841.956 4146.45090843204 2318.082453135976 0.4057729232299135 -140.2231817223628 25.63933830462897 3.556594502966189 0.7250051805798297 91.60757901703757 3022.900892202701 2705 127776 1 4.605615396879758 -1.241011619831797 5.034627107919554 0.6031902665147828 1.40723326183091 0.620820392081193 -6.362665576696748 -0.5817232033819115 -8.282725491513519 -0.08563936396632423 0 129 377.4270720481873 2325 -1 -1.327557913840154e-05
 -10.155708700755 0.06916328526498391 -118014466139.0943 7438.215990559682 5788.628311768831 0.1283002424691134 -12139337.33450427 94.72279197467584 31.72432669172968 0.04170149181593742 1.089540942724452e+20 2970.331555217269 5067 191659 1 3.846319187942701 -1.748144575650928 5.851720255559579 0.1269829419259776 2.513828179052422 -1.010571513868907 6.482691566058961 0.1174664922833131 3.646907488578205 -0.6064393124027703 -1.377966715389621 132 562.9989500045776 2325 -1 -7.439097274878472e-06
 -9.451476066987953 0.04746825132634211 -8.004002137727546e+17 1.452538841555581 0.1372542452788312 0.2356889971349334 -26349.46409276632 97.58652030818159 36.67036551826406 1.995943393110277 8.566670423035232 3037.092491460067 2819 191660 1 -4.636968408736179 -0.2957646966429194 8.668282859533207 -0.8783808895830667 9.418254875475842 -0.2009036623711023 6.904782614582465 -0.2189381058300555 8.709143792355265 0.5910780208004773 -2.779162616654275 135 556.5151748657227 2325 -1 1.455465215377155e-05
 -9.26784450623321 0.09155895227468502 829862777.6040609 4470.611045383437 4353.173872663609 0.07554567874661015 -18437758003721.39 7744.309861941957 152857.712545114 1.719929313032729 8.689326784539267 2926.615949468138 1301 191648 1 -4.628356050865573 -0.1042026734748589 6.013965182525058 -0.6733300793652798 0.04079302598801471 -0.01400879075831175 -0.4634653234767327 -1.677579615067098 6.997535162328958 -0.8270938414341851 8.237941328861353 138 563.5505330562592 2325 -1 2.138245099638961e-05
 -9.836267126823609 0.1093717479986327 -23691654.48366316 52366.22762651752 346913.6004254391 0.5882982797672439 -16.59655899186686 815.7503477396707 1432.370604740464 1550.44824471608 4928.274672439537 3066.265218083591 3530 191649 1 4.497608335289558 -0.1997406105720465 3.161286544766801 -0.3393931012394056 -0.7763165542235262 0.3060767108472726 -5.614012662759363 0.503731029453903 9.432691890260807 -0.5031010847676809 -7.922470660130053 141 590.8501191139221 2325 -1 -2.818258807791426e-06
 -9.806108074634254 0.1602261763867395 -183386.7451248248 24.95542603873372 0.1223486182844745 0.1237776156020894 -113825434.0733864 141.0060432505496 64.21200250839281 8887.695779386206 149257.7110427475 3013.452924484969 906 191599 1 -4.392515462702046 -0.9021985928225824 7.577793161421983 -1.390867547906748 0.2101164811654401 -1.442078080151317 -2.599971750467664 -0.8941313796874999 0.71285115802982 -1.701818010887093 -8.828812241679341 144 578.3568451404572 2325 -1 1.328959796213163e-05
 -10.49969204822984 0.3723919288204271 -17.18750873646988 0.1491851897763929 475754.1493306903 0.1671429401847294 -399450.3066388811 23668.10279541289 1368130.30530015 0.9842207560901842 31.78026591688885 2841.839854983793 324 191106 1 3.463226989211047 -0.2038113298206312 -2.452478594527406 0.7252812482683404 -5.872628626695734 -1.49379232133921 -0.7409610524372487 0.2156110987669164 4.650989708434712 -0.2587954221714339 9.344015898712343 147 576.7212178707123 2325 -1 -6.558250167791096e-06
 -10.41251509905008 0.3002204228362744 -258.8820192886893 2591.394535608242 548.9273825264545 0.108915950718132 -575939099.5637465 1253.055559013603 3973.337905999432 1.749696888768794 12.39261986273541 3020.51398707951 1379 191638 1 -4.59988056513008 -0.04135790414713726 3.257990454862129 0.05443188119061389 -4.026576935285545 0.5566693190522614 1.229926014303571 0.6367175103344279 -3.186098894437286 -1.806198936432029 -9.827370532194506 150 570.0012149810791 2325 -1 1.113856283329553e-05
 -10.07526508570924 0.3337496519223422 -31.43684321590783 630.9458558922362 26.30995122958317 0.1859722236075933 -36865.27114589162 66.76600726116759 14.01726120985003 120.0722544636875 11.012636754653 3119.740034891795 2352 191663 1 -4.615285895637887 -0.9613846276933184 -6.005138094680931 0.5402158300148594 2.444972644343654 0.6863873119739994 -8.205014720711697 -0.8164445139615655 2.094844827086166 0.2310781980228107 9.976037452122501 153 557.9967968463898 2325 -1 -2.077731997961055e-05
 -9.47293575346727 0.3175988469084781 -26.36330010276566 0.09748297850283093 -14433416.12769718 0.2014834082409571 -6369.190375850523 106.8643860634295 35.34308053296287 115.6291911949669 28.09536325261205 2977.212498114601 2115 191621 1 4.167366993583067 0.947392004766912 -4.059953194418519 -0.2524804832801416 9.996671535479518 -0.2435095746332544 7.210378647945562 0.7111346412544024 4.942246004711387 0.7069797516359424 -4.704446667458074 156 574.5110399723053 2325 -1 -3.496698188045265e-05
 -9.91492170436978 0.1578797345227328 -60233.59203666367 0.1160189740773926 35720156.85216673 0.2497836352713025 -3536.186687209775 105.8269310095075 29.11249877299279 0.5798160950574736 241.3818290418691 3116.657578050091 1947 191646 1 3.969172215971209 0.1625573829428383 -6.337316368428245 -0.6129618110642623 5.265273820681814 0.05288334382672444 -3.773964305962352 -0.7923513270182765 -7.954051436489767 0.396566170620924 -6.373457090573005 159 570.029412984848 2325 -1 8.219440064738579e-07
 -9.904833529011064 0.2185337499492221 -2388.221658427495 122.6971652672533 4.053509549540279 0.3864291646746624 -245.8748442901997 2250.05902667766 14359.08971499172 6516.147695653648 41136.94402196625 3062.9393757663 1025 191597 1 4.320148777050241 -0.7873795958166578 6.889894987138073 -1.95766745239904 -4.2277083925428 0.3820540888996308 -8.018311370329881 -1.867171412049369 7.005250771527296 0.7483565885827006 -6.920265592115608 162 569.0105979442596 2325 -1 4.893702123679768e-06
 -6.579424567183963 9.879119298943273 0.09468747571138496 604.6903399591334 26.01764927077796 0.1462616999630218 -5165552.433676693 567.1841689280913 744.0834636405243 0.2816373734094736 4248.906653306866 2940.461801187274 1383 191628 1 4.473303592797145 -0.9004610186952711 1.137851621292334 -0.3765900988046429 0 -0.533373967360415 3.999383873889461 -1.300944515344639 0.5312459477110556 -1.481800569500519 2.111809112428974 165 565.148120880127 2325 -1 4.720202491064945e-06
 -9.608713067630074 0.05557175110884673 -19123524349144.57 3.099551575462708 0.09665694968955156 0.1375089277442806 -2902892.301397917 180.0734831335938 89.18522166038717 0.04630527964645528 2.103177472226193e+17 3099.788673245563 2621 191664 1 -4.542118894065881 0.2885695578378166 8.114210831546798 -1.940935769130269 -4.52914539364795 0.2251437983909526 8.258734231251671 0.05537489489579659 2.734873254758711 -0.6376284917264226 -8.69527848586541 168 577.8597340583801 2325 -1 -1.453028004461266e-05
 -0.003900797627645429 45160.88489993595 1094048.091946472 90.57047090998842 0.8600971689414501 1.561808358669597 -1.092076584841597 20692.28753092575 1051786.715072285 7033.127988635525 99051.72022249131 3110.058033809318 529 175692 1 4.48871813088174 0.04121978828120107 -2.714682473954791 0.4000047658011647 8.770293377885009 0.4396882210517097 8.104885333735721 -1.102190238557847 0.6174830694343925 -0.9792921185315766 0 171 540.8568489551544 2325 -1 -1.609137359228731e-06
 -9.57017395329502 2.324146117887786 0.02695679879764926 93166.5981023332 121524.0012638805 0.1615812438682727 -875003.8207968615 109.3453343947815 41.41587161240459 61623.84886002717 11282308.30562622 2740.260842764513 1409 191649 2 4.683450255536401 -0.5603216031421132 -5.621379398183898 -1.096816842992017 2.45029741094381 0.3042495873819399 0.04072471025732849 -1.661315270197322 9.346582933083111 -1.060462004134779 6.551134033757261 174 581.7378308773041 2325 -1 -1.339273825009735e-06
 -10.08254229605209 0.09302742964662275 -855777331.89325 4.960506381711003 0.08857481215445395 0.0470600115947151 -8.892967151675025e+18 3391.235595573243 28349.36280514265 1.650908299588167 7.762312509524019 2875.033200163627 3931 191654 1 4.633271515172369 -1.366014020912242 6.238139623248463 -0.2509819099256454 8.731592224453443 0.001681593956037665 3.117194655761852 -1.875193131307475 3.793049128812061 0.5599901398447886 -9.541154190218013 177 555.7852308750153 2325 -1 3.542950514465371e-06
 -9.906337525114102 0.206856473711836 -2212.832004267841 0.05728110637930425 -84618322367488.67 0.05457905533533577 -2062084209932869 94.65537343688017 27.88908753351454 1.7096071944474 4.863286750464507 2878.331550625124 2613 191599 1 4.077569739834424 -0.4823436204119833 -4.845618613425806 -1.000408567614196 9.104415572110122 -0.8220040616291886 -0 0.005010901555767269 8.127840693567776 0.5528201662539569 3.776474014319422 180 551.3381719589233 2325 -1 -9.73450710981789e-06
 -10.20343638255365 0.1900872888752902 -2861.810819452413 104.2476728614672 5.028137948317736 472.4738961301765 -101.1702549140799 19492.80405294518 923044.3730226316 2.000969853479742 4.039576215670518 2944.626987267071 1064 127762 1 -3.965479920709996 -1.387619953777445 -4.493122178994262 -1.083091547710822 -1.574912371472727 -0.7731143512606424 7.185160394819576 -0.9682020796061037 -3.354434550259722 -0.4178884902745041 -6.13056363225235 183 384.3210129737854 2325 -1 -2.710458512861972e-05
 -9.775642721837128 0.1109186674041494 -19770288.09202654 1477.156497686812 254.4003539250853 0.1673318358104373 -410220.5938916883 368.8052215997012 353.5235420531576 117.8942454468936 11.716141499291 2865.02546048476 997 191657 1 3.446494869693037 0.003900624010326738 -9.169520252572209 0.6030848366708391 2.436652984662184 -1.653339331046474 2.839421008610659 -1.671258640850369 -7.207468693480472 -0.5020491537952232 7.178096688030244 186 571.5480999946594 2325 -1 3.900351643895052e-06
 -9.917756665736162 0.2043163744565789 -2222.008269650362 63.27553781174615 1.255581109434458 3.192341452385073 -0.3155641266411471 9285.485253198922 175526.7305914801 4.65267926891361 1.759555525106225 3001.510624899586 258 124288 1 4.424974991346566 -1.295827584275966 8.000815974019741 0.05910972568282745 7.593621279650527 0.03611626869775408 8.968940850769995 -0.7173680973656023 0.2814760960943801 -1.61219297605635 0 189 379.5919091701508 2325 -1 -1.483052959087455e-05
 -9.201928491283519 0.07156020070712459 -99800348878.59294 6.111085651538492 0.04979253372190066 0.1421582031557175 -3852173.150750258 600.9667181792795 989.0483172410231 0.04999413981695296 7.364598413755199e+17 3003.437161097545 4880 191608 1 4.243957121354368 0.0124576875764259 3.106295315872263 -0.5271121953679803 -6.351076142636609 0.07068556174026418 0.4739977719160535 0.9620101283955114 8.453808583003406 -0.7587439008935766 -7.175756487060015 192 559.9351139068604 2325 -1 -1.835892233852187e-06
 -9.868023105424664 0.1103023451946768 -12447486.51948443 6.077071779631133 0.0416937909990462 0.1947092428326835 -50465.1520935072 11931.29239360338 278268.4664134401 0.1332857151308207 57442029.92242738 2958.603558632319 1757 191659 1 3.261010855801633 0.4500762094710349 -0 -0.6881957948665356 -5.097894166377595 0.0574517434158137 4.64360518604839 0.5311976688858051 7.64596529132303 -0.3192099037329222 0 195 553.6542019844055 2325 -1 -5.12427679267877e-06
 -10.05931032812126 0.2521830681797999 -449.7199403395386 4.072480266538436 -0.04070049855569429 0.8309554955747573 -5.70490667052437 987.3888823810177 1892.404980359577 96577.22016396072 10465626.18184261 2942.920402978978 791 191489 1 -4.620520406228518 -0.1669465576729206 9.813123870191484 -1.956408163255032 -7.596340779602006 -1.743265689782631 -3.049866059415103 -0.5735958291057752 0 -0.2831364341584398 -1.323230100948813 198 553.2377500534058 2325 -1 -1.472528586983667e-05
 -9.229064412287697 0.3560408883629601 -36.05030256665014 643.8572465494514 62.36266623318124 0.270689052508033 -3147.620106578044 52.97425317606913 11.62311310181543 86.59628966070471 11.02625063047278 3009.139974897772 1711 191531 1 4.062850456134071 -1.354002491492497 -1.6075389791002 -0.4776362419055236 -2.526356430527076 -0.9682979969548828 7.716469151702826 -0.4847805823525464 -5.081764969413697 -0.3092907203653441 -8.998098797748597 201 568.5234410762787 2325 -1 -4.242841043566827e-06
 -0.005705846353422508 41336.78220551096 865689.2946551563 1.369386105551822 0.2752752775361045 0.4287834769703784 -119.7769135732151 356.745822849312 372.4526937312286 0.6115280650356701 186.1217053365277 2923.741429396822 5594 223608 1 4.68354706589886 -1.619758445368464 -8.234747234851824 -0.1319668150318023 4.922567233717296 -0.8459458156605937 8.311906418323666 -1.051576226231708 9.362459667735081 -0.9675802388651995 9.451688806681922 204 657.4430210590363 2325 -1 -9.365076762396106e-06
 -10.01134511326904 0.1988291015826803 -9105.842827407292 0.04090593626398231 9.997402776328671e+20 0.2849436306214587 -1236.58668382624 62.45522729470917 14.37166437614179 3.656483486117851 1.720250095736525 3275.358894310525 1145 191633 2 -3.684929148135398 -0.7042250655441453 4.298003801159757 -1.492901998769474 2.838698371273197 -1.347600361957584 3.265316016694879 -0.9666236604612788 -5.349655134689801 -0.9196952104134777 9.627986584080919 207 550.6022810935974 2325 -1 4.307156787105691e-06
 -9.679530451574301 0.1765548188516146 -32798.50545846859 2.628644943866877 0.1602191074781465 0.1544386828045369 -1143192.448710997 2139.866934687662 12158.91552451615 2.706549812909608 4.007040757475276 3124.085780801775 1309 190013 1 4.254663640789277 0.7332659467210347 -7.565822744329653 -0.1232436511765212 0 -1.037898067069854 2.9395603559258 -1.573623635105484 -7.613380039774121 0.7468375569078258 -2.031816653903752 210 568.3757879734039 2325 -1 -5.245460726347554e-07
 -9.839975896991906 0.08188260298534569 -15325182106.45634 47796.82705631625 72625.55407704751 0.2495676419135553 -5697.598187145936 2866.137574199431 23496.87945846212 74.20475969850295 13.82495815324557 2788.206184155223 4626 191659 1 4.359269868171742 0.4654772783388563 8.700664600296044 -0.6001467827150329 -3.99104628458783 -1.97434438958365 -5.079347581217971 -1.586751840291161 -4.427901340258002 -0.3535359025579421 -5.508211722415208 213 566.4979858398438 2325 -1 3.058960765976605e-06
 -10.18284783688796 0.2942817305488626 -116.167432948486 1688.101991170177 82.97348813290904 0.04858420601813253 -3.300683669471835e+17 22738.60778092666 1143774.430545117 174.0818365706267 -11.98984423284522 3043.077256234155 756 175420 1 -4.341409183664675 -1.307784238416774 -9.609272162658408 -1.081278753856616 6.333321417348248 0.2317722746332027 -2.387223756444186 0.2385522389533183 -9.219204765715297 0.2826381161538718 9.480175038375775 216 512.5767199993134 2325 -1 -6.054837337658952e-06
 -9.733067146854189 0.2696929015439682 -371.3332029703101 0.04344513203436853 7.088209840100937e+18 0.06591580329992681 -23342133463137.68 452.5951694599613 510.7248771176855 415.573248200576 368.2573405628764 2948.715537013182 1875 191620 1 4.491448089731677 -1.19385075639585 -6.059376978800616 -0.04094771545870485 -5.860311570708288 0.1127091572067553 -1.074479980857271 -1.563758506916074 6.306496676435964 -1.172140266515236 4.762021750345165 219 560.0344679355621 2325 -1 -1.04394440751081e-06
 -9.857093886513059 0.3066387308501137 -111.8101964365452 38522.74711550334 189500.8008723133 0.3083636380201255 -1567.588224320865 123.236199285678 48.50579230355694 1.564675254183398 9.027562515369199 3013.972314598984 703 127740 1 -3.600175439957796 -0.3514181209746666 -0 -0.4353804285441286 -5.369560444279985 -1.688188137570302 0.2468258801939394 -0.4246895287092327 4.176676837827237 0.3868090044887244 -8.003766242542282 222 387.5167851448059 2325 -1 1.816900972326101e-07
 -10.22825347442459 0.19155954461716 -5672.616565439892 0.5576001012538941 3.972326459610286 0.201310115723462 -55794.57390016234 1010.278953144834 2447.624774906444 64.56997597666147 8.074723820771144 2983.798971118015 414 175672 1 4.617910096792042 -0.8205601414583432 -0 -1.953196155458521 1.984081455816085 -0.1753148744802946 -1.750247381619623 -1.149688459145469 -7.000878647182466 -1.281088583184566 2.39105448230997 225 513.1616098880768 2325 -1 -8.253022565516717e-07
 -9.622546485036214 0.158761688397474 -228957.7730622191 633.7650616232808 69.48625553080211 3.565209681310916 -0.3533447927950557 622.232027834265 862.716302354743 371.7155555881709 62.58404600339654 2922.994861945528 947 191602 1 4.615780173678292 -0.7144204339747704 2.769531936121016 -0.4909862754918279 -0.5142861809964252 -0.8107592591885657 -8.833160742857697 -0.5129074470910533 2.717011524512096 0.8626672845257191 -1.949894414319354 228 559.4684641361237 2325 -1 1.143783381741714e-05
 -10.03327346406023 0.1576346157615058 -196727.9804984602 0.07340251841168378 842731284508.4902 0.2755091813135366 -3394.590283475066 167.5836888581111 62.29518625798771 0.04375533449648517 9.992364784172173e+20 3004.932107134294 1902 191662 2 4.554507633872665 -0.7939059574304395 3.210250829952004 0.5534419022510146 -1.940153329034801 -0.1222368735539598 -1.298621396214998 -0.8745613002224202 7.00240791120406 -0.09524713364817926 0 231 565.188793182373 2325 -1 6.343760236362524e-06
 -10.30294683454339 0.2348121774168654 -811.2329675172085 1.939618561879991 0.2228298798711167 0.06905479385295336 -2932140995828.483 552.3015434423129 750.5816561107631 2.099439453939845 3.420029792906651 2947.842946839693 840 191509 1 -3.729699378396743 0.3971232870015609 3.292132807448964 -1.911984551149756 4.255000276184058 -1.802510750130132 -5.667395648760619 0.546187922959986 3.133580466900689 0.1494060710860099 3.115415034290804 234 555.9997539520264 2325 -1 -8.442131488294822e-06
 -9.81399163557467 0.04302817523625529 -9.998199371937069e+20 5492.354664809959 4754.453597403281 0.0740253410386754 -93891481865586.36 27445.11018330433 1918669.404467521 209.0135551992223 111.6298535812351 2830.902474237263 1492 191439 2 4.567630113933128 -0.5371970498330985 2.242141546696805 -1.758322231102293 2.531921191665157 -1.206960178439941 7.110612802402954 -1.084302782960789 5.634032769052578 -1.462321923866932 -6.742555442834513 237 568.9758920669556 2325 -1 2.994656775227496e-05
 -9.592144558420012 0.195519340647112 -8828.846804156025 0.09141624402875068 -5366912689.304532 0.1762316420091529 -291836.5112384644 161.5444027633232 69.43729872941172 18638.46493177404 630266.5908501612 2967.051424744064 2141 191662 1 3.582835251409762 -1.3067505688508 8.374783209272403 -1.588745736783271 -5.484305862584232 -0.7317109650432831 5.518787923136545 -0.5417442174606117 -3.75381969971495 -0.1035380898824343 8.796116319400635 240 561.1261401176453 2325 -1 7.157535631884333e-06
 -9.997264483688964 0.2263647727623505 -1364.617199814691 468.3864282514093 14.3866894045747 0.1279623128161725 -132563064.4456666 3273.151371102728 23055.62284109552 0.06704741790191371 -2796076959251982 2783.709135051648 1923 127764 1 4.408962944263163 -0.2740227425621598 5.604500409918829 0.4445896615239006 -3.656043044844426 -0.716355205174616 -4.44236836085027 -0.2785844379114266 -0 0.04401461406911934 -2.870948362301728 243 380.5152108669281 2325 -1 2.462685753898049e-05
 -9.951072290304946 0.2816583822854852 -319.5979668229652 5833.401660018159 1928.717173907263 0.173028207037669 -317673.2770918359 374.5009102929541 340.8130316466811 76020.09462310914 15802832.1168818 2901.271034045081 1539 191605 1 -3.141126359179663 -1.258678869914339 -2.287613369494573 -1.652913877866664 -2.829357065989386 0.4118800438247843 6.308093668203063 -1.581876686683948 0.1058813888836792 0.8108109803837227 -5.689848625889376 246 555.5036292076111 2325 -1 1.947629305449786e-06
 -10.14050548034873 0.04486217337358504 -1.996817766059776e+17 945.7102069733164 74.09471082886438 0.2227011764579311 -18127.72210240748 82.19242031425838 19.42917099241585 0.04041319691418876 -9.645536349961437e+20 3016.920164348568 3682 127757 2 -4.432214339633522 0.2779858406010835 0 -1.45944434552333 -1.278586364373928 -0.08245164909661896 1.847990946240825 -0.8303262513012576 -2.70696117318835 -1.672298309445879 -5.27299208670581 249 377.4582691192627 2325 -1 1.689250752087218e-06
 -9.696210062692327 0.120664628795243 -2415698.12030816 355.4261116439406 13.69053606102686 0.4814021496218968 -62.97630355945387 166.199889779827 86.19666386490832 0.04582474170217755 6.618321812523087e+19 2858.716672114148 722 191662 1 4.28388606071036 -0.6043306402742781 -0 0.3371622329647001 3.533301703886591 0.4938004255891499 1.959783052541725 0.6326452982786255 3.78352121891747 -0.1296898124236421 0.09406969411043953 252 556.0543458461761 2325 -1 4.78317740025161e-06
 -9.705267685367762 0.2683934545951722 -295.7574785071852 0.2063292571481888 5326.415962749295 0.09271676179160832 -9647928130.071909 29010.09530557757 1987777.095019446 347.3340958473484 135.6251305221887 3020.579335370741 1817 191657 1 4.692328066177792 0.1981520592524339 -7.374439553901903 0.8581090377911496 -3.509398183874746 -1.160380237246925 0 0.6516840981489298 9.151381370161763 -1.376672364184305 -1.173817525519763 255 556.5135209560394 2325 -1 1.944054736077414e-06
 -10.28097362623027 0.3370296360554407 -65.93180530456557 1.307212050792443 0.570010843891319 0.2380073461194938 -6467.475237935828 10.87939937241919 1.970312131544928 631.4922599511198 842.5983488207585 2867.048096172735 3361 127771 1 4.611422002247449 -0.2854429764037931 -8.613722919563633 -1.127395211666218 0.4605811583638539 -0.5450834696748474 8.68727449138979 -0.2637476156396428 0 -1.103528502617507 3.730760851439213 258 378.6670401096344 2325 -1 -1.273121262427117e-05
 -9.776033388360336 0.09003428205766303 -690471205.4384768 0.05832084294062972 573249187374645.2 0.1318409631192722 -12477917.02792612 846.1625419163581 1694.07849232134 0.1350014678490624 50649060.67345547 3073.455601674532 2147 127776 1 -4.665555274409301 -0.4805477580458106 0 -0.701891164120431 5.682907860805527 -0.466189016578956 -3.216913860984541 -0.234810309023719 8.58516360498534 0.6731587270190404 -2.614741310692066 261 376.8973000049591 2325 -1 -3.871996857248967e-07
 -9.736082761363999 0.1608509136328725 -67443.1473977096 2.156278203627122 0.2676340868650034 0.1874245624735302 -149272.0820693878 239.8187605733705 162.5225739580953 67.83128869680127 3.146953909564748 2986.338656013773 1721 191657 1 -4.586295074605545 -0.4607459662640601 -2.845092080516519 -1.086330662931841 -3.751142935836888 0.8940539024166561 3.944464087394357 -0.8495896066635567 -5.136077298194182 -0.5032284339417297 -1.290384763991545 264 575.6408569812775 2325 -1 3.223021096893404e-06
 -9.843074513731182 0.9489915114743402 0.08982702859815057 33109.35980176774 41327.67307033666 0.04894660896838809 -6.514623333113958e+16 612.4011089579974 924.8701326524488 1.180475459109475 17.79587058502363 2927.570864056604 857 127549 1 3.790031329532574 -0.07869605770824521 0 0.941243120287532 6.931946764269548 -0.1448470128609501 4.591604515672691 -1.610772531799263 -5.400011990045601 0.5995087198972859 8.989898614128386 267 393.7543089389801 2325 -1 -1.214930033521854e-05
 -10.0247356769589 0.229167343557474 -488.2273862577622 5.586098714197349 0.0987068278273593 0.6292573126972671 -13.80858012414864 6242.858248703865 80602.75530408064 0.04933112907068508 883786573701618 2825.054728690021 1631 191651 1 -4.410790557714839 -1.117101857117471 -0.2613828506133604 -0.4680281691248381 1.576200722847576 -1.863084257398839 -8.238382631506264 -0.4391810861150259 4.857832234833839 -1.476576612187169 2.228578070971758 270 585.4920480251312 2325 -1 -3.009976445858432e-05
 -10.67271901074417 0.2267714000803845 -2640.972597361938 0.06788069184482268 -7955068500531.972 0.2641848734403368 -3826.310409746332 2786.629863021285 18317.04118775618 173.1486101050741 79.10442199471562 2960.170080512865 2167 191647 1 -4.505218216308802 0.02195689002387441 9.030515533379234 0.4783959385623383 -8.289451838588811 0.6530184153149432 1.079534107342091 -0.3504108979706829 -1.905011633785758 -0.7028579414559202 5.216703935047059 273 600.3860549926758 2325 -1 3.099841783934252e-06
 -10.39260716069059 0.465433598604271 -8.300401321840365 0.188429862860004 -6836.045515466122 0.06319434133548925 -11004031051887.49 64.1213319356896 12.20040813748722 86892.70780665059 -4639574.961873475 2938.947407762178 418 175675 2 -4.46774051102966 -0.5231758842342673 -4.492693862348027 -0.4047187051422317 4.610977082489429 -0.3995515875350009 4.839220639954979 -1.180404428549811 5.793697336686819 0.330758474533555 -8.975043937928222 276 526.8329920768738 2325 -1 -1.580221486181498e-05
 -10.11301784840711 0.2115550498190834 -1422.985647889775 37.00718925393519 0.4533237589808269 0.05745844351249785 -241729909981435.2 9201.217381767328 204596.0537881949 1.255436169610423 14.45446217660547 3127.235741154458 228 191546 1 -3.953421915645654 -0.01583244621691195 -5.788403061582746 -0.9452692132358891 1.671004237776571 0.5599824960798481 -2.21362296637193 -1.188180059286823 -8.428481109368745 0.2469359610205827 4.846465961487102 279 579.5942230224609 2325 -1 -1.209367373062821e-05
 -8.476106441634244 1206.375359613421 57.88041141392173 7398.207932106248 2661.161527586273 0.07644593383614587 -55606188626.19796 36.44034926981032 6.622997020090125 179.5706928696177 82.90599517218648 2946.61087086218 1908 191655 1 -3.57212339980132 0.685203717092417 -5.7662900716957 -1.086119166501959 3.138816686040468 -0.8885476213285877 0 -1.684512868391781 -3.074965674147268 0.6476452760224215 0 282 582.4989109039307 2325 -1 -1.984866641445671e-05
 -9.892214262485984 0.1997035617588351 -4252.528155952041 174.5515505853571 8.948651888834959 1.61243927724402 -1.268203315542638 2941.539723709742 21888.84026652371 152.4087540469556 43.0358373065506 2748.976187469511 495 126947 1 4.647865905769354 -1.437512892225695 1.79201247794914 0.9098608543540667 2.35023627004794 0.6659249387808401 6.004183978107127 -0.3050234222079373 7.815458899935162 0.5538347595514099 9.163056394163382 285 396.2801880836487 2325 -1 -7.935648752268044e-07
 -9.80039963773965 0.2368508016436154 -225.1906979186855 569.5791574253935 31.77074952705489 0.433441617282131 -47.57531625474405 10537.88078535237 297439.5366081926 39.58695222095969 6.944532904278121 2894.930534789303 627 191653 1 4.320944856529244 -1.792435821177524 0.548767762854391 -1.536373226991944 -4.410946318970855 -1.386898561855421 1.802545404783571 -1.843405240136015 1.705034060595088 -0.5206202360663585 -0 288 585.3936710357666 2325 -1 -2.42760844618778e-05
 -10.25108248403387 0.2565515098917855 -354.8942884306124 0.2744527095329582 -83.07557324631031 0.2875699283310357 -928.9646863791834 814.2162827858565 1716.636746836041 83.74649868337254 12.23937837403268 3056.677264206289 402 190329 1 3.655839188482182 -1.980394342410577 6.813998484692266 -0.9642116657695796 6.311686587942662 0.4996829703733265 0.5068726253292173 -1.743075601321443 2.766492170037567 -0.8272609775495656 -5.687078616755977 291 592.1220259666443 2325 -1 -2.148777477450027e-05
 -9.523098008806217 0.04076883821490927 -1.977696209151644e+19 0.608309760600636 3.00550369745853 0.3252190714858421 -940.2391843780498 53989.4175418075 6289069.502661613 1.088173041469979 27.83510231081888 3202.500888851497 867 191632 1 4.388015461824641 0.9940311181664696 6.404794470219563 -1.06779915285091 -5.568977716916663 -0.9213888555344063 -1.648182013494696 -0.4668043765872287 -4.517184603168637 -0.2112007247158161 1.117292167242303 294 603.9642770290375 2325 -1 8.720255409603492e-07
 -9.809350174386109 0.3455267673890438 -82.55645283405566 0.09507543254692395 -2005852532.867129 0.04806775127715476 -3.312089545223431e+18 604.0567258098216 835.5802822478881 0.09644573921103894 16416091165.63856 3050.292954453811 4404 191639 1 -4.630589007293009 -0.8294608486415473 4.10486063847566 0.891110651249023 -8.801858968526885 0.3616524640410654 -0 -1.720958067551428 -5.04750065644417 -0.2609475917919948 0.9415351736279058 297 580.9181971549988 2325 -1 4.423016575273506e-06
 -9.705819740394093 0.2074366174674808 -4319.598994743109 22.73514336125306 0.2391109281754796 0.9067632040625164 -5.086949417298768 15804.85449745495 562199.6371744553 1787.493003379401 6202.440381808239 3019.21080416784 288 184495 1 -4.665461866998911 -1.975130864719205 6.837752126515799 -0.7529816462450567 2.097344346362221 -0.9610518793383022 6.041909636491403 -0.8912339140920366 0.8543405941156861 -1.32382177893991 -6.561062874444404 300 560.0552258491516 2325 -1 9.819340805515023e-06
 -14.51855353200434 12.14378876270992 -0.1661098929664917 1902.45082849592 407.8606168784834 0.3781900451177105 -294.9405070031445 87199.79505703694 18429459.67917611 0.1416753879399354 53950121.3726578 2922.629333216439 1027 191659 1 4.004617462162129 -0.8076971163846363 9.49144047276673 0.1406451093671839 -6.604745247705134 -1.97385550274326 -0.7848993802835453 0.1927595026645408 9.704709589809198 0.03994427995561756 -8.110620878791796 303 559.9056830406189 2325 -1 7.830756873742719e-06
 -9.585790890944576 0.2539137200909686 -833.1427384039782 67.10482404107329 3.266227341418819 3.103532716180939 -0.6235882243602474 23818.02163668059 1438105.203676816 4560.530949148722 21882.41976812264 2873.907893054548 143 113873 1 -3.956245820057246 -0.8252258750916388 7.474762247694262 -0.04340617237950277 -3.331589446869308 0.255774636764467 6.658590144181706 -1.173599573102486 0 -1.192158632754692 -1.382927191206989 306 385.9496188163757 2325 -1 1.121848283300176e-05
 -9.83618159529788 0.3584715635905074 -43.0032426987079 825.4592557975361 60.16141738638326 0.04572984965282912 -3.591746727135814e+17 404.4543318393352 417.2898518538713 2.646226021925393 2.68703842241221 2834.610934058266 2731 191664 1 3.916591734307258 -1.671547886853354 -3.515291149042038 -1.29349227331114 1.004504296586984 -0.839151555267267 -3.48123978394256 -0.643618237783862 -5.718111852459602 -1.767656864740263 -7.999635533479646 309 583.643492937088 2325 -1 -1.539713800602376e-05
 -9.633117665163288 0.1606364560488411 -49888.64313646273 5839.005704971651 13887.68325116831 1445.443168139419 -715.4943901506098 93.61897192597563 29.57916821021871 1.522436090280967 13.89478913835171 2876.036507808503 1368 190190 1 -4.42399800812396 0.6944805411288097 5.2182902588824 -1.3878327697028 -2.180790543414586 -0.3383498968308629 9.690523636198952 -1.661546825236004 6.110959397256859 0.04259191462116887 0.8607007511273812 312 577.8187661170959 2325 -1 -4.397491945604259e-06
 -10.14695622593825 0.1725987929421949 -35114.47491518159 1526.436306512452 327.122544533848 0.2463499860217804 -8844.487632853832 13346.13298193884 406084.6040205115 1.501909276499366 11.48975830059297 3013.255716820051 558 191661 1 -4.698360884527413 -1.732440856845916 9.325780498722578 -0.2496151100761415 -4.497627346278596 -1.85840480733847 -3.420721589473913 0.3901736344307336 5.567034595357748 -1.627598056660215 -9.673074067701997 315 562.8484959602356 2325 -1 4.280336857411804e-06
 -9.968151963161642 0.07781178736097906 -18369483921.05581 5.501789880892538 0.07045031022676976 0.08502912644632002 -34478505561.2247 331.399792012505 246.8270360210558 0.1315441759526959 42775556.05903448 2909.75240107534 4270 127775 1 4.691684052066739 0.8752663700132817 -0 -1.946747589649508 -3.745741699702482 -1.847665585998852 -5.899815546443694 0.3256148247906849 -3.820049866621984 -0.2866015242157714 -2.296036319640768 318 372.1628139019012 2325 -1 -1.698362542592939e-06
 -9.876802543815835 0.04496598021931727 -9.997874331385886e+20 0.2131154734286241 -25272.40441179769 0.163039455224576 -7283373.641996154 32.59644702465523 4.876026370179988 0.293943757281908 15757.37965010839 2985.380747180466 2499 191661 2 -4.244434566347087 -0.8090907085177577 2.301731024604183 -0.1842910350469857 -0.77585620002281 0.398537294233523 -4.374403626136448 0.535316051798298 7.219686196037545 -1.304448475298893 -4.746469612601359 321 554.0357029438019 2325 -1 4.052545452461464e-05
 -36.0797258343981 67925.60223376862 -6261141.091595981 9.19911636708558 0.08146554082642338 0.06324859992034201 -39247400934604.5 245.6196739757567 149.1616129387147 1.850926584230483 8.133498445522354 2942.929810179133 2587 191663 1 -4.68782478392052 0.0416132757408589 0 -1.545486606077651 -0 -0.1067999174204779 4.02992382095751 -0.5993067129006571 0.5147239934376424 -1.846206984350599 7.34133898384666 324 566.9099779129028 2325 -1 -6.663283350856539e-06
 -9.131706973862924 0.03410092031250732 -9.98584011538731e+20 0.5668200868769451 -1.188837226467996 0.4699603590766825 -71.14145050752826 17327.10064131522 820368.2947353509 5100.434993301987 72814.38595545013 3020.169987346148 545 191642 2 -4.636757988206007 -1.0287917318696 4.061465395716319 -1.567322322534815 -4.87697421327178 0.2938440645125242 9.678309898089786 -0.4326561362868198 -4.27615642958183 -0.2025621768949054 2.978647898010571 327 567.7428059577942 2325 -1 -1.245776387356899e-05
 -10.16007133553255 0.05318857533639521 -123832365972806.4 199.9887280463213 4.586509859013696 0.04825752090594652 -3.794889300326118e+17 71526.66407652611 11454519.78134664 0.05170045026580029 4.038346806305719e+16 2758.277256383255 2876 191613 1 4.449861966957578 -1.478613027521661 2.854214607373572 -0.9349014287741984 8.228689977937757 -0.78549965839224 -0 -0.4521450387293982 -8.082125363810238 -1.489126052709682 -9.318797976012096 330 556.0251181125641 2325 -1 -7.3088159505702e-06
 -9.674222540621855 0.3036638341610701 -57.12995039873645 409.1041629944869 24.87804948982104 0.1977682413023197 -37750.13883450585 138.797045846659 63.25465316926794 315.7856993638603 236.9762480111161 3021.261451536336 1426 191660 1 2.64621381353791 -0.08822632429781763 -9.500599935934407 -0.06923574539262492 4.924306884469118 -1.248353118907388 -3.95122855271397 -0.997351806443886 -2.801079547256773 -0.08765104021336077 9.162225498540753 333 559.642728805542 2325 -1 -9.436494760050502e-06
 -7.434288649744642 13.13015199692231 0.08160092833193561 4191.193153481913 4613.722006820099 0.9554465522183381 -7.039955594109274 960.2095923471833 2540.658961246132 71636.52715946399 15993015.85953184 2985.569377596077 984 191657 1 -4.497242239717297 -0.5683808626782358 4.86972723259557 -1.613614736769513 -7.266178975643257 -0.5237365727781773 -9.920061703043395 0.06055265251038389 -0.0008237533838215683 -1.925176755028174 8.744873736888913 336 565.1303811073303 2325 -1 7.892779963337304e-06
 -9.624147046445211 0.3320320081611343 -102.4307713349397 3664.150434329499 2745.01707782263 0.7151345393597087 -11.35391765330712 45.96273743415655 9.258495402460786 9855.052643123374 248900.7942509572 2852.744132201924 629 191636 1 -3.799648251756107 -0.3171220040753822 -4.338547660376618 -0.2622495636505561 1.408819041497344 0.07206026726510821 -9.647108519750732 -1.288091662976851 -9.860538264905093 -0.4608874032825749 -6.687602984142625 339 562.4071111679077 2325 -1 8.7458149284185e-06
 -10.1008874868193 0.2309749855054937 -993.4247614726775 1.830924770574292 0.4814959925229508 0.4695015789463346 -32.04160427639071 69.40826072147442 19.40355763600126 20761.55073907563 685746.4870875265 2722.724711687346 536 191661 1 -4.142915211910037 -0.1520555590956247 0.6909833614669587 -1.431638368915016 -4.157106714855899 -0.5658735817097638 -5.720167952902385 0.7193828267643756 -5.050296440759628 -0.8339297209640497 -1.852252438708166 342 560.4780600070953 2325 -1 -3.359990524317832e-06
 -10.47414596826313 0.2613189363401724 -1012.321335640686 0.502216395327962 14.4488282065956 0.1430367440216477 -4012689.372588282 67912.79785111095 10915015.18973711 42094.36540601756 3770260.297717236 2898.456141814224 1997 191599 1 -4.239549336959009 -1.819968049754687 5.609628935638381 -0.3663127103971125 5.448027931548618 -0.328337768593947 -5.753184161857207 -0.1799236371381481 5.878517527402109 0.8260574890457928 -2.678212658042343 345 564.1302978992462 2325 -1 3.68278407959427e-06
 -9.519109097371103 0.2132867607828305 -1598.158565480859 3972.399088664321 467.0203045297625 0.09132895783884666 -2907540178.07598 42.55864950368574 6.602531846184273 2764.911715225715 13509.63409138998 2846.227888873535 332 175690 1 4.42108111754132 0.6434311688000944 -8.585264505946213 -0.9442702920192225 0.03527789006087811 -1.342776888671837 -6.726585957728058 -1.919780056761253 8.451248596340873 0.5550882045616898 3.314550616375714 348 509.8498089313507 2325 -1 -4.421412272658013e-06
 -9.866238318986708 0.09576466037453214 -538909485.3777097 280.5122803944186 6.701434950506166 0.1608249658348633 -1049957.173614097 747.2173840519274 1303.337858497786 0.1916019967459283 569076.1969834313 2921.954777357902 890 191623 1 -4.572199391732619 0.6239204483541431 -8.923316062957408 -0.1195960025245757 -5.554653492188098 -0.4010847426260362 2.933101902100991 0.5782870271550902 -6.191259617903996 -1.908481829020229 -0.8247675249401203 351 560.7664320468903 2325 -1 3.719791194367943e-06
 -10.39720387262631 0.2348035945766467 -1322.563443817977 12171.98191311018 26459.10130461246 0.1058749111989693 -257120966.5194178 2672.595698229085 17550.41939789578 1705.29791801779 2397.199512058091 2945.377050938722 1540 191601 1 4.698394776389533 -1.43562495235695 5.795253974590292 -0.4293065521932142 -6.411439478076016 -0.9930129376909873 0 -0.4590297444085225 5.276966050108449 -1.936615435483123 9.77219625990894 354 563.6455769538879 2325 -1 -7.604730834887436e-06
 -10.12684214054845 0.2374409290966926 -1083.304832070394 2413.92942590968 784.6291004158572 0.1556664458783061 -631480.0183192526 174.0462755012379 84.64386784382923 19158.74178217364 692031.7304034282 3095.078306331371 446 191663 1 4.553653782894938 -1.985065941436752 -6.080702400652347 0.8289356268260653 -9.106391991974387 -0.3131256268710114 -4.689966452005331 -0.3624602143687632 -5.549158812184204 0.7964634299948727 3.406095518621851 357 554.0446479320526 2325 -1 -6.097165640606436e-06
 -9.699964496256696 0.2261617978513175 -606.1031853162518 593.5145811109852 66.75022953383422 0.4524497736014034 -79.03459015210481 606.0539882462639 1018.329757898084 4272.905933134983 24799.65629625202 3158.444258490867 1595 191607 1 4.59989662368874 -0.576082245869606 3.40574405621657 0.4518762648012822 -6.501554204749349 0.7047102892814006 9.708226449491079 -1.863208505140724 -5.730849831920353 -1.188541404490126 8.749613743278871 360 564.5396409034729 2325 -1 -1.383523297016265e-05
 -10.34224634076613 0.03539232636877786 -3.165706401642421e+19 0.2632548059990045 -119.5607896475433 0.1661478043375823 -111364.1036558515 2370.742606037924 15041.9367921005 1.568513859190297 9.271124919088228 3033.407262068691 553 191610 1 -3.921359405486615 -0.9885009610422202 4.064946643790706 -1.863243986601886 -4.34919671128932 -0.7521181874170288 -2.915042350999179 -0.8978213075563257 6.069279235411993 -1.281439880688662 0.8637269108806565 363 563.9413011074066 2325 -1 -1.783453682612401e-05
 -10.21450193624381 0.1517755078650472 -212295.9281069134 1195.812564470678 82.02619446414982 0.2777916978121481 -6074.315451334399 1803.403510352089 7901.607791996512 1.602057380547313 9.192631325569533 2964.318942713956 284 111801 1 4.603070827971313 -0.481069024683376 -2.08285451788113 -1.806692758278539 -5.232117250948046 0.8626027041295106 -8.721727789744278 -0.1942752912444145 3.262844662849503 0.3033683267518863 -7.038214258787336 366 328.4265608787537 2325 -1 1.637509150212506e-05
 -9.435631410551547 0.06841527507276689 -1640657247510.975 49.56511173137869 0.3910131744882719 0.1298948639979436 -37853178.91317186 16129.15236096538 601302.1209212436 0.9230858368201108 21.5408800201624 3016.543364055062 5613 191656 1 4.527691127396373 0.6488472944498582 0 -0.1070300751562999 0 0.8166782392810257 -7.526754545846611 -0.009524298076287989 -5.296033228909461 -1.411912562887792 -8.202084136959478 369 554.0447189807892 2325 -1 6.584760390905874e-06
 -9.971810569735856 0.2825037667043603 -87.17928628038027 223.5547763599812 5.293829714734445 0.3519967631562551 -209.1757753684485 74.96690155773166 18.65079288379634 0.0376158751519117 9.997096306331776e+20 3039.372430093759 1271 191500 2 -4.41246474289279 -1.634077694683622 -9.166665804967105 0.6410618645353043 3.604519370547354 -1.667540371989388 -3.527979893864008 -0.5277123901606497 2.808692142130774 -0.806099754002183 -7.586710638463083 372 563.7852869033813 2325 -1 -1.797808953417399e-05
 -9.724417349736651 0.2960504336060309 -387.6239480875103 1113.613479344124 62.28131396663481 0.241089353490029 -29317.7201721858 6045.69347240322 93170.40528541814 1.36998520741263 12.46300607903314 2985.534769228849 1012 191660 1 -3.823942094112652 0.3790783075924846 -3.162773527822526 -0.4270123449192678 7.115520428983762 -0.620435993011597 5.755666509359725 -1.763256366058913 5.004351815162592 0.6781384811927129 0 375 556.9314749240875 2325 -1 2.13452379425998e-05
 -10.77747883778407 0.1142480109033963 -104631375.8234722 2875.125689850166 241.761830563879 0.08063611935310142 -3218728567137.398 4118.367391847409 39524.43217276551 3.84036514636589 0.7940803104280447 2795.133245325833 3087 191594 1 -4.556967411829422 -0.8766986028756776 2.299129155704989 0.9360216805066086 -4.330173910150759 -0.6850525859330041 0.9332502410396573 -0.7827794609759914 -4.740127445096748 0.1799914992469689 -1.226899572458218 378 564.0809700489044 2325 -1 2.514318820425264e-05
 -10.35494134171945 0.2073188345394161 -4345.320102688912 634.0268488791606 15.46091089765881 0.2001552808215877 -46455.37481529349 11104.04295381664 309447.268732362 6781.907503977493 119386.8726810947 3102.220628316864 956 191648 1 -4.490361482858873 -0.9479172690537192 -9.514442814081701 -0.4263812850894197 8.366517632026731 -0.07046913090106703 6.355888825331416 -1.390270368666288 -8.288084852555725 0.2062246964795955 0 381 558.1649479866028 2325 -1 1.583469003467093e-06
 -9.697633978870757 0.1270941317001608 -2192618.063044523 191.4178148150292 4.948548278044902 0.2217778542922215 -23634.07245417305 33838.28432230513 3387805.083241853 0.06760515338781377 202114133853718.1 3135.314738611061 3241 191663 1 -4.634887947696881 0.6073087293569142 2.982341359497796 -0.5145729148274709 1.901795056361182 0.1487407209826541 -6.326080671725259 -1.549066800682632 -5.625030653617136 -0.9267809110787519 9.705316499150534 384 555.3281090259552 2325 -1 6.302696020035211e-06
 -10.41160731252237 0.2339773501479891 -2939.705449192985 638.4771589936137 12.28542109801581 0.3863048839662725 -283.1272929751161 36172.27713549286 2956402.666924611 2.339866762186086 0.3401441647132035 2763.247629311156 953 190996 1 -4.110192533685648 0.6807775357186907 -1.725713724252011 0.9233385460453181 7.573408262616056 0.8212274592460003 5.58220487801392 -1.574397526304634 -5.088715473624029 -0.4815726114386756 1.801198290583868 387 559.7650940418243 2325 -1 1.036565650654378e-05
 -9.463801030901601 0.2684473556430366 -548.7335688395715 0.04216125971256355 9.988283422270051e+20 0.2130844109962149 -37553.95061660363 678.4373812704403 1132.090601881589 433.9493677301342 -118.8877982208367 3005.2844513013 560 191501 2 -4.444309105330625 -0.4647873575740755 1.705423699463689 -0.6457954294910335 3.357419634187338 0.5034908675910423 -9.016832222960106 -1.199039626777497 -5.502402709472542 0.420923347677323 -6.080295923786395 390 563.9621648788452 2325 -1 1.010217639079535e-05
 -15.82263283739948 11.36398523733625 -0.1974284642351565 278.5469694166342 9.435340162764472 0.0673875971642602 -18214781004752.5 290.5982234409956 188.4609789713679 0.05104413165785881 7.13016808244738e+17 2965.490108256432 1518 191659 1 4.572734066747769 -0.03342603180184693 9.810932237791249 -1.260124118552563 -4.453635102703113 0.8935401486561072 7.056178956689276 0.1505814364144036 -1.444770420066802 0.178904602070514 4.766448761249037 393 559.5242280960083 2325 -1 2.280072800564251e-07
 -9.430767781316607 0.2048664854756028 -1213.142866375804 967.3990564327615 140.7024423608719 0.1369297234429415 -2586930.587983129 2548.796711336062 18848.30694381658 0.06687677043935683 13170206360593.3 3166.700127896501 2024 191664 1 3.516443397467524 -0.4455858652308056 0 -0.9942996118984393 -7.095303361880314 0.9709022547658424 1.951658560256771 -0.0880683107118294 8.774136088328108 0.2519856940803881 -3.866844142459257 396 563.3831930160522 2325 -1 -1.670767887512387e-05
 -10.13510107034815 0.1382286595033746 -337139.6268836166 4.167386525230566 0.08925434156181807 0.4345767556958872 -120.4922820537445 54429.98525372398 7140124.530784556 0.4535729615791727 563.6058665290468 3013.684701723545 558 191557 1 4.625867869851818 -0.8638204085029164 8.322053158380294 -0.2206369067060905 -4.647268254316999 -1.442364540856559 -4.221478553766055 -0.04401825098753066 7.726987139754186 0.5447148568902347 -7.937609525535949 399 557.4991428852081 2325 -1 -2.193504985172377e-07
 -9.975633472843837 0.2101927455930563 -2292.918247782176 603.1395331979111 16.40695163238996 0.2072607130139598 -29949.63083047295 17194.17499637702 620804.4006949766 0.04011766916484043 9.99101813532934e+20 3099.665865938203 1119 191648 2 3.672313228725567 -1.996607151978845 -0 -1.369197008415851 -0.373469805470144 0.4920784296117331 -4.706715540761462 -1.499138575247823 3.207619654753397 0.001027923844356167 0.5466535157402648 402 560.012433052063 2325 -1 -8.595975077594415e-06
 -9.978755680642681 0.2437481192421447 -228.3380278682213 0.4858717596900481 4.382781238792889 0.1789510669159859 -71478.50366397793 18464.9396143636 799730.2685926504 0.05766533175314727 360415666632815.9 2988.571381831744 1230 191655 1 -4.499402979846503 -1.342273274380363 -4.91631351720844 0.6387700088828429 0.09108668378233453 -0.8021870440829577 2.300592931983509 -0.4561315301584115 6.498606647847776 0.7736983891783726 -4.973263478727796 405 560.2437810897827 2325 -1 -1.464967097992493e-05
 -9.611117941995731 0.2791076533719657 -401.3890386245847 165.3380722736681 3.073086773914008 0.08868191548300379 -56332242563.21287 460.3696010642162 634.7002346720345 0.1065188534358326 4255719653.452115 2932.919763700843 1625 127717 1 4.198476308022606 -1.604259059039266 8.96094755627449 0.3462148815050767 4.62953490323329 0.7315980169128427 9.033610006652959 -0.8915742865632383 4.374207323253186 0.462796757210298 6.268404924615963 408 375.2140669822693 2325 -1 8.653805674351481e-06
 -9.549093188390231 0.2850671231705233 -150.8319004610059 4943.819882087921 1169.178346089053 0.05895365470943134 -211841882026297.4 809.0022353770966 1558.373545917165 347.195002212913 240.4863005653407 3023.45872662782 477 191628 1 -4.369567902518492 0.5432183761367169 9.533598277713347 0.9698849876327489 2.074965429440204 -1.816039495843006 1.641007688451148 -0.5074923150346448 9.426235351500072 -1.981465776867466 5.358358704548431 411 561.6867520809174 2325 -1 -8.233357287688822e-06
 -9.541176062159673 0.2727969777731403 -199.3793321195014 4158.273866748646 1038.981892804547 0.2115908459124474 -21868.51515109119 404.1292565482835 375.4662697404301 0.05322717322379662 5.304247956034573e+17 2905.379235306023 1055 191615 1 4.651235986146874 -1.407848425755808 -3.833183893532823 0.9262193817406326 -7.611191755426816 -1.546112540609884 7.864841391923173 0.05897430276724645 4.192742091637312 -0.6039942612245017 0 414 561.0796570777893 2325 -1 5.368665278203277e-06
 -10.3692327268463 0.1894483887003802 -9486.906126421743 0.1363230662883375 3545483.545497073 0.1171197880726567 -74038983.94553556 20.33273913865693 2.394881629189682 1.026873988875694 30.80585845674469 3044.941160985918 489 191586 1 -4.69056488849854 -1.380958365548918 9.385128031614739 -1.569794959368519 -5.726900614701899 -1.787403268123171 -5.991359781608951 -0.3780335525778452 8.265363117369869 -1.823319060669466 1.260051655685244 417 563.9110369682312 2325 -1 -2.985170820903699e-06
 -9.948662906060061 0.1888317532404217 -23275.70872016455 4.817361063017679 0.1166006829501513 0.04500838173847662 -5.985441139392162e+20 92950.83381826049 15650850.46313207 0.1174607770681396 942486968.5597414 3011.0205501431 1055 191653 1 -4.679417663137015 0.9311981273071684 -9.069164949276319 -0.7534681220161215 7.646818830935445 -1.87105770967858 -1.591646513999857 -1.33249355872668 -7.849959283450101 -1.358157570339062 -3.015219670865739 420 563.2153518199921 2325 -1 1.439131530191347e-05
 -9.881749380517 0.2089220496842941 -8915.144830328996 0.7979692015732247 3.330724362229882 0.3302568468406742 -1259.062887942822 93447.42081962783 21823309.51360879 17173.08143416105 429987.7967579208 3016.877859349213 829 189689 1 -4.14868173001489 0.1233106494383467 -8.310954639609399 -0.5036158133985609 -7.951420398643219 0.4514885986804127 -5.255005549476911 0.8601902973264082 9.944633953254455 -0.6805794910664078 -0.5183291786122952 423 556.4947309494019 2325 -1 1.166259795817982e-05
 -10.0846417793131 0.305326215193176 -67.64827536438919 3330.107373159111 681.5426836757032 0.2254027956397126 -9241.885126591278 15907.02817513308 550576.7987401134 1.876872806191734 3.5177192287882 2834.976389995023 282 106419 1 4.667965659562272 0.537501794838446 -9.623566312796656 -0.9363258821947716 6.816202009752471 -1.187727983222874 1.925393132731076 -1.455683768929832 1.693463495037788 -0.7167880016162753 4.633261496530277 426 337.148549079895 2325 -1 -1.89147909990138e-05
 -9.781983343134337 0.1792547195645333 -10121.44500894452 2.968414654411992 0.1399002460973876 0.05447416514160116 -4.018329065999764e+16 4.253037313245121 1.748112398751324 0.2365542390514392 90746.59978044618 3106.6292600569 269 175657 1 4.639185845138408 0.2531646737729005 -1.657144565080745 0.4788193427587881 8.571704529348228 -1.371881036054134 -4.549144252323866 -1.686348505664135 8.099494547259299 -0.5071885302054735 2.575594965559856 429 506.7206990718842 2325 -1 3.89290853793154e-06
 -10.16697688019453 0.179991329739059 -84610.71300866267 28545.29302818662 70723.77676639604 0.5323787979562644 -65.83851819967404 770.35356235265 1496.142545367691 0.6460197864381345 96.18967096884107 2876.713628302662 251 188761 1 -4.211526080961564 -0.2705953498445836 -2.704306683030443 0.1243024291495449 2.684449719366004 -1.509645760843904 -2.283085353012085 -1.72205614634815 -7.986334017944612 -0.8020780131563718 8.814387862840139 432 575.2199630737305 2325 -1 3.167984652360408e-05
 -9.249089572484312 0.03917739087446318 -4.96568519913851e+20 168.3151292541441 4.158886026490991 0.09899417335524771 -6188683141.663565 65207.63227341452 9791248.733733507 0.1206250107689271 -369689318.7757685 2978.123567413974 4056 191662 1 -4.423778418225193 0.4158460163032584 -8.449829913325617 -1.784125824206761 -9.148265369151874 -0.1432591753720587 -4.905559303918503 0.3635871480184085 -9.709347861676454 0.844269778095191 7.346377241080164 435 562.3714530467987 2325 -1 1.200701027897716e-05
 -9.181443517236946 0.2908652202572019 -68.33313042388681 7999.537901128331 5533.016865306941 0.404400803547622 -152.5460853157668 1893.594696213458 8589.242656742184 46.31153532573827 7.885360599965074 3038.525557577138 350 191498 1 4.146550366770323 -1.12243067347816 -9.241146026683502 0.2018422718517047 8.992054359368169 -0.7133458509358572 3.538887426767192 0.9447004409288596 6.081840484356435 -1.582269373841995 -2.593629437221958 438 574.6164200305939 2325 -1 -1.620441443158955e-05
 -10.08479326435635 0.09173670488114523 -963246481.1904474 0.05822114170811399 1628090794695953 0.05550512692792774 -1.861706292058036e+16 8040.119104662198 148342.2261293347 0.280137032008518 -22153.00473846363 2952.123020395868 5715 191663 1 -4.275400047719216 -1.242534018473699 0 -0.2748259303831482 -8.40529665048976 0.7393215364817491 8.748695018740994 -1.150676566987098 6.051792279766927 -1.36403974921531 -0 441 567.4794991016388 2325 -1 4.772376028506528e-06
 0.03282647947701023 1320.337439880848 937.1440971924072 0.04021073471076055 9.996884571867713e+20 0.1605358108407861 -1044429.589575319 3717.357340621242 36258.56209533781 64574.99237597793 10540662.6038871 2944.061758924186 754 191642 2 4.095555756533112 -1.836316125589047 2.035683118847051 -0.8713229988698146 4.280252919198731 -1.975885681374211 5.17584943013539 0.6074246409523208 -4.751671920398558 0.1534009444482435 -5.856045046434739 444 568.8644008636475 2325 -1 6.986127741882129e-06
 -10.35918241938087 0.2767599978160881 -275.0132069993016 1.770283073382987 -0.1372291021775216 0.508075980279701 -50.15953272670627 54811.83659016702 5993127.949504228 126.9545318694278 29.85839479858885 2908.6595274462 273 191431 1 -4.530911497647192 -0.2647960785565112 7.648808181119206 -0.2565416776400999 -9.046126218752045 0.04272178223395829 -7.12354707557464 -1.951782226701832 2.742027526735358 0.3951825523011525 -9.332865023792062 447 568.4976410865784 2325 -1 -3.857549886229576e-06
 -9.953792644257707 0.22515857496854 -503.3955559002227 2062.683057791727 644.489142819671 0.2709256438979156 -2020.787128208272 211.0584479153836 132.7292384218231 1229.936175214036 5074.926919754856 3034.367635787814 889 191557 1 4.341616464283394 -1.440978331174149 -6.717490369854771 0.8900724951038708 6.149004807441797 -0.2057215902521028 -5.620736340802778 0.414823240158133 -8.269854926356556 -1.255753219612348 6.826129067179783 450 563.9410359859467 2325 -1 -2.019511865914133e-05
 -9.987459385335651 0.1429945546665613 -184964.2728441192 30293.18321375984 89685.5498306106 0.1004491416376016 -1030764313.140382 881.5199671667609 1855.921121771905 4.672558303890713 1.817323060695121 2931.661568417444 1288 191659 1 3.979459280847646 -1.266214878602045 7.388986299884706 -1.45764071720334 5.873194139314178 -0.6408193725088474 -0.9432420159508581 0.253206025732704 7.488939194146138 0.9153217992925908 5.909043128619208 453 562.7233078479767 2325 -1 -6.907282540782171e-06
 -2.788666619336611 223.365353004594 18.84070594947298 845.188409575718 40.15287976089532 0.3186381530019481 -1147.393473988818 127.8472000383587 54.75869378699032 0.07698510134885143 2724262008251.813 3084.936507832912 3973 191657 1 -4.458550110973135 -0.5585852606686661 9.271603437911736 0.9783661959344867 -7.13613343080589 0.3469172550178361 -7.874890157431 -1.270370342220826 3.048157117306295 -1.135488846732719 -5.095351801568921 456 572.957624912262 2325 -1 2.135144268007712e-06
 -9.348810579917851 0.1349542954640274 -1764175.759196629 0.1395666444639813 6580172.602228429 0.05538260789353172 -2.327249968433397e+17 36867.19492873074 3210661.825318498 0.07532003512852788 71540922918272.94 2897.039078693915 3196 191664 1 -3.965272748650489 -0.3174284051095385 -1.826195915719411 -1.818410362921747 8.383593124716869 -1.01176277779152 -9.428226012322579 -1.498471058198695 -6.512358080107375 0.3898585106315307 -7.964410349441515 459 561.9068140983582 2325 -1 1.921744418198902e-05
 -12.98598165420351 9.710535551486013 -0.09689146526633698 140.3860667839919 0.7469913045733928 0.1773071067798215 -1292750.983263539 319.8872363101416 249.7184748258885 287.5828672631333 -48.10145698559877 3065.504973280329 600 175634 1 -4.524762640852266 -1.626269195742318 1.525170807781952 0.8816615042795366 8.423751971412962 -1.856222896037988 7.605716274867943 -1.017708123795363 -8.084072776035672 -0.4062151445608446 7.120859173183167 462 518.9228100776672 2325 -1 2.642173153809622e-05
 -6.6222919675816 13.31248586978867 0.1360237478234581 0.1879062924088492 19807.27944665146 0.5735704034119318 -32.35115073778562 83837.69110168875 18722783.78699346 1.136001734230855 28.83102178073376 2903.003028820418 1423 127727 1 3.341214380547812 -0.1422236212837582 -3.759281514544223 0.9867787049163095 -0 -0.2842902684513353 1.852092933515935 -1.755574478630519 -0 0.4580492381929194 8.157515979718612 465 392.9154059886932 2325 -1 3.368340083394066e-06
 -9.854804088321746 0.279045421085488 -551.1483972055075 18589.40575743352 46463.73970449799 0.06175885862444521 -1241483213712323 53.05972238088622 8.376650834756466 0.1174757862947565 68892936.13845779 2838.550741923841 650 191661 1 -4.340971799679181 -1.284803638608545 2.451549882779949 -1.283421725162643 6.341737539605732 -1.360204177401252 -9.385375109338101 0.4173718825707318 1.263063066372021 -1.289372639712368 -0 468 567.8574030399323 2325 -1 1.204098973935977e-05
 -8.707149760514246 3.74220825924578 0.02350228298526455 2.929813006710643 0.1261015808782556 0.08470596362830143 -18123526024.44681 141.9441030257025 49.37860248652513 386.7839415613224 252.5831589184008 3137.921488857579 2352 191664 1 -4.56250854803816 -1.127002471801271 -4.058980539259501 -0.4986630338377652 7.57417038591232 -1.449790530417886 -1.572523519231393 0.1648587627220826 -2.952810023916599 -0.7994422747038376 -1.115002734357214 471 573.7051050662994 2325 -1 -6.554639758035147e-06
 -9.828019047246178 0.4217487318797968 -7.340206527224078 6616.720640559792 4563.710928498221 0.2165255592278312 -23028.29129809199 15293.89010779242 598986.5183479686 34.2408946918259 3.783570240048813 2980.43354515596 294 191322 1 -3.341895466533344 -0.05126873911121075 5.024831412932308 -1.501614668902614 -0 -0.02041450247424415 0 -0.1798511080017722 -9.987493993424424 0.4804356955814035 -0.3928932262776765 474 561.8318090438843 2325 -1 -2.733901987942942e-06
 -10.32692221740833 0.3220999731102208 -71.26395043834408 67.58351511242967 0.7219002373185593 0.1338525211674234 -6455748.00699327 596.7720071460757 899.4503438108919 44130.87356396647 3234201.720156834 2788.609786943242 1729 127766 1 4.566252724377036 -1.5846138608945 1.056888687515012 -1.334875752726451 3.389048301308587 -0.5936130680911127 -9.739166605306039 -1.533579907708521 -4.961328036204709 -0.4428260600043741 -7.323026362901382 477 389.3737449645996 2325 -1 -9.009600731730602e-06
 -9.24456155668868 0.8593470025769095 0.5857331495271456 0.4224019278424951 14.95746826022229 0.1348465919143186 -6545259.931067195 63.02269601053957 13.73655486850177 86.63518736694689 8.778922128175276 2775.941058773887 2721 127771 1 -4.276571542310719 0.8072041902502649 -4.679319635261074 0.2535394867224432 -7.124226864410236 0.7108092219449147 6.091634138522549 -1.847400372617584 -0 -0.1694163902616035 5.2342908820686 480 378.875030040741 2325 -1 -2.985202395952254e-06
 -9.392050115256376 0.1952910422303227 -15713.25275119627 682.8527630986613 30.02141073180238 0.05681543097555979 -5.13671457622418e+16 174.3634906379822 66.75082528426016 544.863991326008 218.966712289948 3005.273018630279 766 191644 1 4.361642674386828 -0.8722156553813347 9.432018113060359 0.4617242665105742 -5.569637870036611 -0.1719061670337129 -3.939643198346793 -0.2752401066402967 0 -1.378629783210279 -9.131017218769307 483 566.2968599796295 2325 -1 1.697146475784773e-05
 -10.16517968521577 0.1260920840404709 -1052466.082837859 46244.00295864581 51971.91996697158 0.2024446572137028 -24099.17551530706 3491.878485223451 32817.95489476353 0.07270266024028053 1583421213779.448 3182.485637630287 5234 191656 1 -4.375717252777303 0.001417135255159923 -7.071889234232135 0.8210079490653714 -6.555807442620004 -1.776148876061439 -1.735184656400177 -1.509686500170727 -3.388424166483595 -1.834983336347616 -3.609221418840127 486 570.3632791042328 2325 -1 -1.371365168417416e-05
 -8.27638369659849 6.466214451916206 0.05742966690259887 1230.940312408982 170.5197441038168 0.5203077129379483 -57.34411494391364 176.4556510467463 80.52906127823819 1.14141039467391 26.66101333748264 2957.471428824504 1425 191518 1 -3.833637945599874 -1.959232087794793 -3.436438454339503 0.5838726584255207 -0 -0.2194990492428293 -5.44290189789105 0.4031973161067177 5.849627758896554 -1.831866915185133 -7.292801716908 489 568.143709897995 2325 -1 1.284702977722805e-05
 -10.30735800129995 0.1036265865602992 -40423667.27345853 7513.807566852302 6136.242320364654 0.3183573287762165 -862.9373156731757 619.011709345902 804.495275433193 1.143124362111197 10.3412038563403 3132.372556573553 2526 191590 1 -3.603497208278299 -0.5916521018267717 2.239336143299917 0.60572403746073 4.056357765973243 -1.971053202275262 3.050698079887048 -1.487442589258487 -7.796775558170387 0.6235096718282693 -8.881952368843482 492 576.6061081886292 2325 -1 2.208051107976939e-06
 -9.891829523703358 0.1316727036369103 -1338907.30431314 1.102654654187434 0.9839512198178351 0.09551811692250038 -3429597128.263213 89.98620684522341 21.89545344392342 0.8278829619669773 29.95562359875612 3092.858434854591 3230 191663 1 -3.851216326626849 -0.6627599362536625 -3.047049198426477 0.2489977395638836 4.123715615579145 -1.923322342610835 -4.719885055930025 0.1783341251714776 0 -0.6823973825868892 -9.101200281517052 495 572.4489998817444 2325 -1 -1.904240515910303e-06
 -10.11971464038367 0.2900320954255352 -155.473693137077 30208.231505698 9920.845583021925 0.4089726051222767 -101.346990904958 18267.89622255789 725656.9441823002 0.7757704496453603 46.07746915029857 2976.303904521937 235 190047 1 -4.324306972368868 -0.7349410091582502 -5.162333705821892 -0.139059418214238 -5.267181069463689 -0.6907675740583388 3.786442037092264 -0.388023124088674 9.070587360893548 0.5726541772154956 2.532197092139614 498 574.8005850315094 2325 -1 -1.885067725190592e-06
 -9.921916075379515 0.08347357909644318 -1907980049.611367 0.08377337900035829 -15389632050.43301 0.06158423972417847 -139034509729575.3 498.0830166408253 611.4330539498991 17253.51378094402 538329.9336085027 2975.608621366796 2043 191649 1 -4.338798963520468 -0.05105660605075183 0 0.1546639419257927 -7.737531332612997 -0.8386598238261751 -0 0.5029863157570489 -4.390165747426154 0.958606987720338 9.346764205664012 501 569.3099792003632 2325 -1 -5.840462469558603e-06
 -10.09953496165148 0.248204746568156 -974.516665900368 0.05020046983246475 4.983190271462956e+17 0.3852966094217545 -242.706386427164 37518.43995388347 2769743.391491493 73531.11549887406 6827323.373299199 2946.160986253312 3222 191657 1 -4.586918765101912 -1.850754729583795 -3.150483944378266 -1.316455372966633 -3.416079748066504 0.6177747583708183 -6.987440726891592 -0.9728213612044758 4.94814794661965 0.09247571724714908 -8.855586846865533 504 566.2916021347046 2325 -1 7.693651501882036e-06
 -10.10939981937811 0.03712886242939973 -9.99378982558197e+20 1.117144502011915 0.9077098986700303 0.09787661240813168 -2942281264.800159 16852.03486875734 653761.4606411165 0.1197490252299982 363374394.2870252 2804.81291623054 3644 191493 2 4.338409396360508 -0.9762815056998599 8.777839437974315 0.01799143894677571 0.8186810650583118 -0.07212043227823811 8.356540646499653 0.08199838084521537 8.951756719868893 -1.088173939624005 -8.902622449454013 507 576.0727989673615 2325 -1 2.807126007425874e-06
 -10.05197204033783 0.1551550869149383 -78755.69012806134 48690.06223484901 290991.1795573647 1.141505055873296 -1.371932589500082 32835.94062242182 2381530.642447987 1.363682359512668 8.673740638069535 2996.312751687184 312 191615 1 3.971848164337734 -1.179202979114041 -0 0.02851748277252937 8.353035251878802 0.9695751666009462 4.335234003252046 0.7784236186299869 4.305267695591666 0.69412751004106 8.980687432258591 510 573.8981220722198 2325 -1 -4.075118740258655e-06
 -10.49671259438041 0.3240629254080694 -120.3239744779734 8.052741265795081 0.08509967718332656 0.1956002496291919 -148105.3824826049 403.1556091309952 415.0022031690712 118.7738417258381 28.90586728104854 2863.73531956975 478 191614 1 4.214547268602913 -1.278378208194357 -4.016209130790437 -0.6928710859526799 4.71483596406301 -1.696301886531131 -1.490062254868464 -1.77882480134355 9.659525235373801 -0.3654811756004452 -1.135275866903744 513 574.7644031047821 2325 -1 1.303479706819279e-05
 -9.26353194958442 3.232766537649133 0.01529542558017989 5472.036047942374 955.2707094951941 0.2877558060458677 -2774.04153880473 72.62316947483731 18.74309762946521 0.418145697582987 1058.874543326634 3145.664539815495 252 175339 1 -4.35911570086097 0.05902288212587073 0.3360185424087332 0.7369510418116505 4.14515078429656 -0.1546795847954501 6.9497538808691 -0.6063150488236673 3.303334279709762 -0.6214634538984072 -4.683189813219582 516 515.7922270298004 2325 -1 4.04319856305708e-06
 -9.888158754898694 0.3711258841755671 -18.91587715462753 10.64004209110233 0.1655598538274739 3.305061641567447 -0.2400050512997968 1628.569102154647 6706.477577621496 234.9749988182708 60.35778370313875 2861.347798462463 345 190360 1 3.665807256227847 -1.003130589106252 -4.336034465171772 0.6543914386255327 1.29482580603112 -0.9641139956994955 -3.666301165117291 -1.846235572712238 9.251647630994581 -1.452143869621349 -0 519 569.5229871273041 2325 -1 -2.549954999223204e-05
 -6.75486466044287 9.539933712323304 0.1035809142337855 80.61282411066531 0.7423211414488078 0.7534458644233382 -10.90351599987506 183.4420354304418 80.48233041290504 23051.24085453865 945315.2659077013 2927.14903510242 1575 191547 1 -4.647603638422641 -1.532863690352857 1.294365786253008 -0.9274590663672662 4.518546854622381 0.3511408670660816 -7.592255130060082 0.5264611363396119 2.091465975487075 -0.1404012399542153 0 522 570.9667818546295 2325 -1 1.298837775025887e-06
 -9.692102223329146 0.2037906949664151 -4120.15975580452 26.25686179134296 0.2065731735700245 0.6378480267163102 -17.21551863972611 51275.68058704614 6137439.200969758 51.54680224524355 6.934442571913891 3054.460939447207 1136 191239 1 4.69460643815089 -0.07186276580176279 6.551893383406244 -0.3690057385413343 0 0.9963907067637425 7.461668391280625 -0.5163063845643263 1.508936467489814 -0.2643596025371817 -8.289067564542668 525 577.9033620357513 2325 -1 -4.13770413560592e-06
 -10.45559423038656 0.234814257374254 -1551.850757472312 0.05092013230730164 -9.841059646359357e+16 0.1547777544035901 -1395105.311799069 356.1404381050876 330.8081354255419 0.9684098041732627 48.01048710973193 2839.901009799411 1463 191651 1 4.596612396319044 -0.3673978711975812 -0.2960934913196009 -1.937881869134392 8.060975607360582 0.725768588759204 -0.09805792600654195 -1.851218855911601 0 -0.4249554456079317 5.21806253703139 528 569.592218875885 2325 -1 1.400705548556206e-06
 -9.998500723447517 0.1952552557703149 -3663.924267304813 578.5288929375295 32.99551868981385 0.1121669168355122 -69474076.90337285 9789.4457974302 266748.7267806468 3.574724065919986 1.719755365090601 2908.698775415558 718 191410 1 3.895682391666918 -1.107206756463018 9.002447660876815 -0.6819094332554769 3.802423317559396 -0.5917582425050805 -6.210001304879559 -0.08876223110463319 5.210747082991477 -1.399150559710776 -0 531 573.7210040092468 2325 -1 -9.621964718068563e-06
 -9.96030302865878 0.366149624770399 -41.38325441688232 1.750891741822107 0.2065038944092326 0.1016820696762324 -2643596148.889385 38.70842465610027 5.07116397402836 0.1416926280455162 69434291.8469175 3057.694127406663 925 191625 1 -4.334106287338338 -0.8054808342070992 -2.499672105127486 -1.2908648441089 -1.372549445863017 -1.576406484385252 -0.8946567089077631 0.633907594904537 5.290867059672015 0.2615725000714115 8.996099979509889 534 578.2673149108887 2325 -1 1.203896244478124e-05
 -9.347916428654909 0.2101191021422327 -4680.068184278726 696.5092812921339 29.64526944238142 0.04982565307596379 -1.560733606779177e+18 2565.712835890552 16990.3674510408 7208.913715422407 73396.45439620118 2967.203604248276 378 191173 1 -4.247009361575973 -0.8409273067754564 4.439236609341396 0.2806938469423956 -0 -1.430449385212167 0.6400852997263238 -1.33667437960458 -9.549756943945084 -1.842062836206351 9.371484809486873 537 575.5923488140106 2325 -1 8.389318664469483e-06
 -10.34762048466434 0.04951988798796964 -3.684440329410834e+16 0.2367026919389606 3784.301033677118 0.3084733174871603 -1427.624312237216 3669.546230246081 32514.87779293207 0.1113812802856199 2023152691.844363 2875.813050800838 4861 191657 1 -4.391689515864002 0.2889263920804197 -6.422718075872008 -1.855216861434394 -5.435501639288072 0.9708465194241311 -5.520225782533726 -0.1914352224476401 4.256288189447738 0.9883811205128857 9.603385208334746 540 570.5864720344543 2325 -1 6.256838403157545e-06
 -9.535372527855964 0.4310573102948803 -11.74814763232199 139.4195547024494 5.374341587852752 0.5548365366384439 -29.40343695759906 173.9943303163864 108.4420158612394 1.340863168887935 14.24975745696256 2912.764906516677 1043 127763 1 4.513179008201206 -1.593241569745025 -4.117982337883655 -0.6601298559645983 -0 -1.306668853347144 6.582330796434057 -1.717557337095308 1.137232688038742 -0.5532420941995841 -8.26917491066474 543 389.1502320766449 2325 -1 -4.841958542721282e-06
 -9.752530113812906 0.1966576035861119 -1862.770950313111 71742.92128904953 698835.9812206634 0.3887386583615091 -72.87515491404018 128.1615038959651 41.93177767381199 68349.44114498471 13396610.38669857 3065.642264776771 1116 191592 1 -4.226343536204269 0.4152029320888077 -0 0.1436077630303219 -8.857662239023876 -0.1866509511476826 0 0.5914343699607021 3.043830796834939 -1.092961588086785 -3.997501576006451 546 573.6351239681244 2325 -1 -1.712940663772578e-05
 -10.50592852551796 0.1373660737451263 -2113343.952770018 0.06592809757877699 -924861527991914.1 0.2999939902406428 -3785.585841986917 3308.576169299142 22564.66552773651 16817.47790179679 36377.65738047505 2897.752999102349 4434 207635 1 4.423475508745805 -0.7213113617774942 -2.175928452987963 -0.8473719582218031 -6.446405198831502 -1.326677909939242 -0.2572948409782745 0.9144945258987985 3.449680345248696 0.2988330410356811 8.558765855516057 549 612.0637111663818 2325 -1 2.902881749723031e-05
 -9.657453025773556 0.2255023441304742 -456.3766652087854 0.03697073786488909 2.25650771952417e+20 0.1895307562244725 -22615.17980920806 79.73464721298522 22.52436531689154 4.119575851881822 1.725925815059212 3069.889732994594 3480 127770 1 -4.503789833925603 -0.03672894124276913 5.865895512757534 -0.615095388763411 2.889275029429137 -1.926691271397114 1.884427472377594 -1.232954093698588 6.949409311382684 0.7494673004095049 1.554474471943966 552 385.9586510658264 2325 -1 -2.07591841662076e-05
 -9.795031533698934 0.2657456327676633 -381.6821268678974 6184.720690307393 3279.133966512446 0.07734650277188189 -944893975912.7865 262.6902850021411 186.6770811405191 1.672719769041422 3.457374836558478 3086.342009340229 1465 191645 1 -4.498956255513697 -0.3633247739290448 7.004985066373125 -0.8925607212609057 -4.946037566267624 0.934531415089904 7.999023258495834 -1.715038474921566 -7.788032000250684 0.7710339093188727 -2.302103621807023 555 568.6871361732483 2325 -1 7.120152661611927e-06
 -9.600041469496425 0.1881704576833672 -30073.57262518742 1386.576011080784 119.1649955376016 0.3268090316361356 -1956.307628423654 220.2607447110631 119.2815040011399 0.1447067899612318 161162099.8225576 2956.424588747407 472 191656 1 -4.648852778280002 -0.153372637631132 4.507850541901199 0.08507976631569339 2.394789603412043 -0.580922553619545 -8.670758820447823 -1.025748165334276 -6.305050983531972 0.5740710790091197 3.774395596049426 558 535.5217909812927 2325 -1 2.486427587942988e-05
 -9.584882005733917 0.03270664791956578 -9.998520241990115e+20 0.1679696404270593 -13334.09304405149 0.2171829706477928 -11831.27150592634 38492.83131611436 3981995.299404836 211.0995085238299 46.66077067054565 2957.68890677774 2090 191656 2 -4.490885926751832 -1.878538632168613 0 0.01189031211634402 3.357267042883153 -1.40553168226108 -3.110079447335182 0.4577664419381096 1.494896736835071 -1.31781292337069 7.903703700632613 561 816.4660341739655 2325 -1 -1.948112531584774e-05


# name: injParameters
# type: matrix
# rows: 1
# columns: 11
 2.04 0.07999999999999999 3.1 1 1 0 0 0 0 0 0


