# Created by Octave 3.8.2, Wed May 27 15:31:18 2015 PDT <charlie@yukawa>
# name: outString
# type: sq_string
# elements: 1
# length: 114
Slope	Lambda	Gravity	Lambda	MagneticField	Lambda	MagneticField^2	Lambda	AttractorTemp	Lambda	AttractorTempGradient
# name: op
# type: matrix
# rows: 188
# columns: 31
 -3.29189374076414 0.1699395551985837 -53354.56526926838 875.2389219437158 52.70316104216579 0.1708459526873515 -404182.2940527521 140.2382434467831 44.25829670843312 36754.14029879609 1894359.475609341 3031.77720247929 1402 127573 1 -4.562203719170487 0.6921166532672869 7.962162873403564 -1.694226633166019 7.746560842749624 -0.6543671639975885 5.819346672763524 0.4983751723580214 9.634001193398367 0.9762750435399439 4.12452193918479 2 580.1763589382172 2325 1 3.59322055533049e-06
 -3.501825171525365 0.2264599072855682 -3991.449640849032 150.7361304897193 1.968106492788482 0.3002039566649382 -2042.620725685884 3622.271525042733 23839.32964943733 0.1209435743164469 399286776.4773775 3009.969253109047 2122 127737 1 4.339488459200188 -0.6950405456245958 0 -1.879242844110272 -0.2760334042060468 0.6765595387132581 -3.283750751687422 -0.6547737764027808 -5.755734450228405 0.7244059669821707 1.385927530963866 5 487.5267989635468 2325 1 6.081825448074076e-06
 -3.650422070583137 0.04738043387019387 3471917062808654 23384.95764011491 30637.85795656689 0.3168983835776842 -748.1018899107751 837.1077293512603 1803.897011274117 2.129302347298797 4.244982994921374 2828.703529169425 3246 191664 1 -4.692241862645215 0.2704509378086816 -7.996567894385926 -1.82924118198552 -2.653721157834408 0.002178672029792518 -3.321519953349725 -1.685551811634951 0.6954456984824513 0.3460657917586225 7.320100867523811 8 714.2011830806732 2325 1 -8.644814130865993e-06
 -3.372050308467851 0.2234261707083932 -3879.022901368873 0.355454398598204 124.332682999554 0.1439799279370636 -6562449.887408243 34.35142611508495 5.231280384722046 1.425548458630597 9.791533989984694 2954.291402076283 7041 127770 1 -4.246421360400081 -1.553998324987447 -8.412374171094246 -0.6132295180589633 -2.667084639738622 0.5199340799097065 -9.65377365735098 -1.441212502054684 2.468746107210439 -0.6340557129195741 3.307580129145676 11 478.4243021011353 2325 1 1.010073101283981e-05
 -6.917516633283905 11.14350870573636 -0.1223555199434887 16029.65784247041 51219.98725890777 0.1641159315961233 -301857.7700127889 8.872524972863452 1.530410266934888 1.339389035248365 15.12542576865781 2906.688665054805 1287 127770 1 3.390016722857439 -0.3655723345695696 -0.7744861865292982 0.3277774802222604 -1.036191105896579 0.2319462314334632 -8.127228757275114 -1.630035469893091 -2.592363217750062 -0.2271310332559269 -4.273420523986577 14 475.856302022934 2325 1 -1.09953625389369e-05
 -3.381311990597291 0.3722507459330102 -60.0564978734481 0.0620454654882829 22342194559614.59 0.7664397837244187 -5.950666206704657 2320.629448394473 11618.7873526543 13856.83685496747 -86203.86140223846 2907.596801606228 1977 191662 1 -4.646273403324376 -1.896199301625479 1.510731555302295 -0.6252132667644377 -5.02603712085957 -1.557625644809526 -4.430761276376858 -0.802363077097823 7.856015423183951 -0.7226385629318894 5.273918624096209 17 575.9461119174957 2325 1 8.486010257749188e-07
 -7.765490339101921 12.02036752630664 -0.1603556195660103 362.3248947796946 8.358772653458303 0.04844302294300186 -2.105101158302245e+20 275.2443256119298 183.3804078955363 1.330910887921587 10.09965082010078 2829.775840085078 1164 127768 1 4.655816662662883 0.04058094917183517 1.73833581807857 0.153922990152961 -5.368117398339991 0.5685071083007811 4.334195775811526 0.9682120732341208 1.968069170371086 -0.7293806611852229 5.36174726130514 20 380.8111100196838 2325 1 2.640244437835633e-05
 -3.002488174697113 0.288029113682209 -139.2730692277371 39.77392863651735 0.3139959486600628 1.060754992654592 -1.702957751525067 11795.71505261349 336167.0665665782 0.1052232763908535 26191520126.49479 2953.857089395887 1529 127769 1 -4.063282857596391 0.2169149139197932 -8.075098756356596 -0.3367441185232565 0 0.5282995281601268 -0 0.4752160578687743 2.501432370482298 -0.7817564058284754 -8.286370090585496 23 378.3615009784698 2325 1 1.892256725893652e-05
 -7.784616603666509 7.083182660132963 -0.1438210171698477 0.876574975954718 2.33904538843182 0.4853076510556863 -51.91279955899797 200.7644175845148 99.24663385251259 0.1670629358245455 1712662.259708256 3024.921880222967 2847 191617 1 4.570898729974139 0.05142662286997803 -7.16810901383066 -0.882799827253427 6.353258172145172 0.08679035547165709 -0.6586757733116713 -0.9779163205302197 -7.545795585635373 0.3731144313624699 9.319884882843084 26 563.1039481163025 2325 1 -2.481642995563376e-06
 -8.083026218832222 10.73732874708452 -0.1699673556264299 13369.93378173127 23090.89214303928 0.1411784659958017 -903507.294547735 3069.28595570685 24135.76604894408 3.840351350743561 2.845690343597556 2748.407428307421 3282 127745 1 4.55331664160148 0.3175660881406474 5.645291069849428 0.5646098070816477 -4.157232769379158 -1.508932234403929 5.155731252572576 -0.7590789496218537 0.04365701888962015 -0.158644169908193 -8.236037506998388 29 383.8895580768585 2325 1 -2.043429956266111e-05
 -8.470899306095879 8.231727383857466 -0.1649849918421402 3.684428072570069 0.04692497799482614 0.1192725475229356 -35177193.3835452 6.611524052630657 1.432186036565759 0.0396263208643156 9.998569923346522e+20 3082.806990181911 2170 127770 2 4.645150486482559 -1.084387108950214 2.688477804953518 -1.013309279330253 -9.434755676880666 -0.6840483703005606 -8.07237739633346 0.5564959183173324 8.279787975520222 0.1912298096136791 3.604703105911686 32 385.8999638557434 2325 1 -9.22145070244674e-06
 -4.431210801400887 13.21286670029659 -0.08523150041474274 6371.763549725342 6971.161222564258 0.3503485277811122 -393.6280785227834 8447.121665016692 166058.7203007505 0.04537213734555733 9.917141480175762e+20 2953.979213918791 1221 127588 2 4.553312845464523 0.4672944674995647 6.763935046994487 -1.35704014899135 0 -1.319833288897086 0.4931293823263951 -1.402186659716993 -1.040731335783841 -0.624190974078588 4.469799454386313 35 385.3741641044617 2325 1 1.863487636497257e-05
 -3.283238872043595 0.6264640774900232 -2.904968409436087 665.7262181367212 56.57485615255898 0.3933855613233568 -112.6192008025795 61110.28073310046 8009514.296988386 79232.03489349884 14492044.06359307 2919.453096421662 1696 191653 1 -4.693399347704148 -0.9581445985540729 9.835565957785203 -0.8068346279475094 -7.828398042692788 -0.5363282683492887 -0.1724054283104071 -1.658270737542404 1.910850293155332 -1.134221515339024 -8.972305170869452 38 574.9630808830261 2325 1 -1.242305379185439e-05
 -3.014501101383064 0.1490070072509272 -136619.3109497803 0.0381031881907856 9.985118268013875e+20 0.4369654146280688 -88.11339357219623 477.7923758167179 499.5594367040927 16552.98637205668 294856.101629753 2940.049360819182 1004 127531 2 4.194370857038012 -0.3508611194744962 4.675980409656852 -1.225927999612058 -0.9289289489542165 -0.1748345339808744 -7.658024161717229 -1.946033396593135 -4.705158356799117 -0.8213304383455711 7.252644426433831 41 376.1594281196594 2325 1 -7.547865995343782e-06
 -9.849464928930699 7.553978868347667 -0.1776489231637945 0.37865514183876 18.33277855185074 0.2885963407857579 -795.3261855825911 3108.85444071201 19773.90436772435 2.194891957002396 2.915983675361188 2703.706840905671 2818 127744 1 3.793516388726307 -1.301424758311213 9.026019331383148 0.6034910176793993 6.864433611614059 -0.9702907762441892 5.028299647491262 0.7508490927288536 -2.199563050387169 0.8058176455448738 0.8749078197560647 44 379.9885950088501 2325 1 -1.489210587198149e-05
 -3.242896921037257 0.04117377772890248 -9.994545673408543e+20 0.3858765763949499 -53.83476940033687 0.2217871350625092 -32635.50419278314 18.48134210539338 1.932353885603982 1163.32871089642 1655.192715761826 2878.360696645118 1389 191661 2 -4.355356534612782 -1.523027402526036 -4.118447704506406 -1.220857848822977 -0.4856240152526348 -0.070587031135112 -9.528383130142299 0.100910602621075 -3.419314002005947 -0.008329164313403603 0.5981293166439103 47 566.1149580478668 2325 1 1.956073736434167e-05
 -3.584891320879011 0.7625173482348738 -1.829077157931199 15154.46416506516 6728.512220802408 0.1905259133320983 -135913.7441732844 3645.140761913709 25108.75883160202 0.07810622339148181 2085420593657.412 2953.031741632857 1201 191586 1 -4.051036650707365 -0.8770269793889574 -8.310758368331284 -0.2511441147384747 -0 -1.112450218542211 -2.223016867914383 0.2792851843575281 -8.425244685773364 -0.8218103620161452 -6.066035084824527 50 574.4884738922119 2325 1 9.909797835734051e-06
 -3.474137052898994 0.4489394428583355 -15.44038032585053 0.04413909326008401 -1.442331818567495e+19 0.2629637838177868 -2700.8887073213 45662.53561153769 4717087.241579965 123.537293827795 37.48627786153619 2840.010948735849 508 127643 1 4.240129251087384 -0.6704536519448272 -7.856458978014272 -0.7936449099151419 -3.584341716169226 -1.296703091448302 -0 0.9538951331924861 9.730834929563715 0.4637358936934359 -1.842969452595996 53 379.2273077964783 2325 1 2.271755335636039e-06
 -3.707257733510163 0.3020041590240221 -131.361299508973 253.5188537277099 7.295098946134477 0.2576022513592937 -1830.535080710427 2708.70686020794 18872.83683454412 1.228683203329057 11.64877594939919 2815.792614685212 566 191581 1 4.669476969834665 0.09220781929603072 4.449370031078113 -1.458666570276062 -0 -1.296924569295941 2.105474136241589 0.5430628511027829 -1.448734104307126 0.1873635457531186 1.612863875261319 56 565.5121970176697 2325 1 -1.042636124497883e-05
 -3.359547943289005 0.3759947710713371 -19.61136811685347 0.2282773430750621 1849.275766373434 0.8781746583395704 -1.75211519532282 48.76571125105457 9.355473214898721 1621.490398489631 5576.0611976882 2876.653707436757 2279 127771 1 4.162440544741759 -1.814566820329611 4.241333769709476 -0.426774947361646 4.007961652097701 -1.744304631787741 3.601783407787774 -1.182416460651912 6.32120850148496 -0.5012914639095261 2.327259341533722 59 388.4095888137817 2325 1 -1.330677883530041e-05
 -10.01954033547124 7.082027589216866 -0.1969448494774027 91.06983960542506 1.187382641257611 0.5303163749543096 -24.11445064001178 5871.396125451419 68069.20975210836 315.0781243202599 237.5857532337851 2986.96783303797 5277 191645 1 3.326506625188704 -0.6606947310032778 0 -1.185451786950114 2.412793489220947 -1.655437421187005 7.491064749832969 0.1449559822101651 -0.03114880358336691 0.8627785438976048 -8.424922354437504 62 574.2342150211334 2325 1 -1.024361964610417e-05
 -3.878151627289203 4.036236425946505 -0.03792917658522519 0.6539148036235536 1.339799828923143 0.1821179375018296 -25500.96475209521 92.15622434630707 21.11002756177518 0.06201988440444244 109894822733672.5 2947.520364916342 729 175585 1 4.397629690361431 -1.176856407565261 1.45082603064282 -0.9808555702334179 -3.747740439589554 -1.542793618858625 0.275128386438805 0.8007131978221222 -0 -1.501724110171533 2.184177962543914 65 516.2186608314514 2325 1 -1.29072527219097e-05
 -3.599735868904264 0.9459224252454294 -0.8414009499963923 4691.979770440063 1830.286144389801 0.06754937862912311 -10457575447896.4 51.62356989572518 9.652891170870406 522.0842973507467 701.6301035657549 2974.7260075264 2556 127764 1 4.648369886816202 0.3705511062839566 -2.639235440152538 0.5450248070015222 -2.268784019896542 -1.185015139962906 1.812783739876111 0.3143048289740999 -4.283840780578082 -0.9293244766861095 -9.048620696930705 68 383.2412889003754 2325 1 -2.774001697420549e-06
 -3.384579369396861 0.464473001618615 -13.89596527531552 269.9654380991783 6.429545767789529 0.1404078201090442 -13698370.59326495 100.8489874278811 30.18829347728028 88310.52509010983 9343605.679324718 2949.90281090819 313 189198 1 3.977514085371261 0.3094999208768808 0 -0.5409740226379176 0.07864005064949087 -1.675438240786264 9.620420365351176 0.4200708552975669 -9.556955382509463 0.9237913617055935 4.009050143249262 71 566.7321979999542 2325 1 1.89887154148153e-05
 -4.443924998685874 1.08145600612092 -0.3725873543036675 0.08332868453760124 49620693595.30086 0.2598332099287344 -4328.575824081145 133.1018481890416 42.0463531982202 0.4912655027888668 151.7083545036532 2803.313992211913 2775 191664 1 -3.950504801576006 -1.394899508261135 -0.3397852038638245 -1.123302929348736 4.104160588725082 -1.623972918343067 -8.666427297135318 -0.6609346951906332 1.085942495727181 -0.9548715935057048 5.5032087902656 74 565.44082903862 2325 1 4.190131586741382e-06
 -5.402916393972223 9.012106664454539 -0.07023007619841065 0.3420046326168906 133.0511970319392 0.07359429121062014 -26287218025070.87 15585.13441895056 537943.6342216824 0.8026143756089977 68.84513313378449 3042.138510174435 457 110177 1 -4.164072697152839 0.4281159990666516 5.840627303327849 -0.3195160446445371 0 0.8729655010059538 -9.190670688389114 0.8811117083827185 -1.181288362507208 0.9085569730784102 -9.376108694875567 77 331.364244222641 2325 1 2.677045342899356e-05
 -3.466616446677159 0.7359449465033441 -0.8632024576047492 2.396168202834253 0.288096809820069 0.09632446494212921 -824632104.5903462 97.98310629961225 26.44537551808393 0.9155627233617963 44.08143065351938 2987.341721679039 4547 191663 1 -4.627995779393403 -1.484196842522016 -6.45730923945433 -0.5822303261469717 -2.386341192244503 -1.295812673410778 -4.244397439305469 -1.166862197244899 0.04697168417026898 -0.9010704065089215 3.793363424904142 80 570.3090069293976 2325 1 -1.084039879517179e-05
 -3.444972279852844 0.08516994723014572 -15154728789.30127 6767.292200003114 5106.565378487241 0.05381235374136838 -1.407070446737019e+17 59.87968529918828 12.62702249326832 0.4987666429961173 159.6875246393894 2880.708234128558 3103 127772 1 4.028186406602393 -1.14722642708489 5.253805348561504 0.9879918456173957 -0.388001004236993 0.4698221967214126 -2.919134041090587 0.3454670867904772 3.752471683164471 0.1281961763671643 9.675273781709119 83 382.7223160266876 2325 1 1.239067058101731e-05
 -3.263193239277884 0.2074713814903413 -1123.860920239098 11643.51824999896 6297.640923266019 0.1964056287705009 -30583.23469405196 31.59544969185247 5.392629421087955 84.05624311568532 20.53308299516483 3008.863147046783 1145 191580 1 -4.632445347082977 -1.128439287281149 -9.947987204155975 -1.073666111314055 9.213718849218434 -0.1077146694594529 -6.513029350965467 -0.2944275079470664 -4.466053146527478 -0.7508592821931011 2.811717987117565 86 567.8315558433533 2325 1 -1.662900865526823e-05
 -3.38925335750586 0.6192230287841206 -3.02627307164896 3.065288161730456 0.158294952648481 0.10485353676849 -2488942294.228286 687.8376514079786 1077.523601004405 30133.78265559695 -461554.7544613918 2924.038807041566 465 191606 1 4.606224345070508 -1.514690632374899 2.919251473755357 -0.8564251563938674 0 -1.315742272416828 -2.606970189990041 -1.705954103653242 8.804171492684457 -0.2908001796606108 -4.428018200134482 89 567.4932680130005 2325 1 1.3137326731256e-05
 -4.050521406488408 0.3059119858032008 -280.3364006919502 0.902027238367906 2.69612840258321 0.7520656607754598 -8.27631232391084 111.6548841119377 29.92754556806556 0.240605820223125 265750.6548044467 2818.762075541545 709 191634 1 2.889052635527751 0.2821604170009562 -3.348308267019514 -1.677662675322539 1.208031440005556 0.8428044379451869 0 0.4127623030849623 -3.410067896863426 0.1780537333471641 3.052087373834521 92 566.9106149673462 2325 1 3.195539446031436e-05
 -3.882472952695846 0.6953279763501061 -1.770056232131246 1.549790954016415 0.4049229293022535 0.09874496534587635 -6569543661.194182 383.3348392601095 381.247671642153 421.3852219476582 416.3236488875331 2717.23234336613 1376 191608 1 -4.469914988276897 0.2942559129177451 -0 -0.174266246452544 -3.169742942007383 -0.8522568593291462 -6.606575810452353 -0.7449468042815486 0.3198586330522177 -0.3370887003297973 -5.30704075477597 95 568.9631199836731 2325 1 1.137983454359862e-05
 -10.73881504457105 10.08869060389636 -0.2367330285569905 60.98139549513811 0.5803453582565478 0.04779782356790495 -3.705436417133903e+17 77.75784197271257 20.57480538896548 148.3062177350208 25.26095217485365 2965.985401213288 1564 127762 1 3.669161991404901 -0.1834174783447517 1.409610351564876 -0.07181317230310838 -6.811730597880021 -1.249083004476732 -5.276943409477368 -0.4046518781760593 1.874331512974459 -0.2997665234253696 -7.995488403569732 98 378.8705179691315 2325 1 -3.089161491363264e-06
 -3.644248716405766 0.1473104156726539 -129483.6885599051 2.091503603270399 0.2215975072406373 1.54398917024255 -1.001293222131979 9362.777812326958 141082.3300196372 338.6530975544211 232.3405735180986 2946.307889582243 1622 127769 1 3.297713376521393 -0.322067356915186 -4.4833477309789 -1.793933642245902 -0 0.9810646351149024 -4.782804644575192 -0.2900976421917845 3.318650938167372 -1.625036136741528 -4.597591783719848 101 377.6716828346252 2325 1 -1.309715763298369e-05
 -0.06955408642844504 5117.343638410312 3805.95742917749 3.137898188505235 0.09136192057550416 0.2831213877360766 -811.9970884553359 126.1179327310056 38.69896960589497 2.728831407576535 2.937149654450222 2907.543675748129 1286 127773 1 4.498077449657556 0.6172892075765496 -8.236394315532662 0.5587311137500897 -3.783399793665718 -1.692202238765918 5.050964298307766 -1.946720833268853 -3.510957221038749 -0.451258072953145 -0 104 386.4014708995819 2325 1 -1.565400676977833e-05
 -3.381106873134494 0.1006767106991058 -573785344.8466259 0.09613840997321078 -5441454725.480751 0.3229111099084667 -1372.208894733074 4.871888115433856 1.517188415091888 0.1278614838463209 388545077.4801329 3105.690402034886 2067 127761 1 -4.51770736661363 0.06792560892214096 7.1427280097012 0.008557086794688449 0 0.6423524691621001 -8.283822817995405 0.5346555958446273 -8.559955292581803 0.8652452556630998 -7.349125733345808 107 382.6168489456177 2325 1 2.378132593729952e-05
 -3.786734062797319 0.09933384088959012 -428884859.6886111 305.2274579336279 3.503606309339664 0.06685084230917734 -74212101564048.61 5253.494887263904 57086.95686781376 0.2029519380404076 397181.4686310665 2852.893032869224 619 191589 1 4.64257613483921 -1.12762070950394 -0 -0.4465716674695602 -9.57047562112235 -0.8256872333159917 3.024640157796175 -1.214132294931678 -0.3751631935931012 -0.1174187143228443 -7.838487804256825 110 565.4711449146271 2325 1 1.258772047035121e-05
 -3.118175699890346 0.3928191144080576 -26.02971786870586 6.066937753931413 0.1432063630449455 4.697110674061798 -0.1358237227196492 37723.19499736206 3234595.214308788 0.1797001197408966 1056927.609319882 2950.556845039107 1767 127713 1 -4.423148865443394 -1.580651664394262 -0.2443057078033624 0.3128751759787116 -2.68566773043175 -0.4189715418777916 8.289760263178231 -1.617241241597892 1.589165229282913 0.6742814024046537 -3.17882368690036 113 378.4280359745026 2325 1 -3.338363471322169e-06
 -3.170172908452491 0.04518184742256517 -9412070845389916 212.3916547297023 5.273861735849986 0.2739343014957689 -775.6304666230196 14861.01577124084 493334.2857312455 59.55999651326891 7.906683196634021 2751.37905833546 2471 127768 1 4.689739212107659 0.4269171765559578 0.8663419395077376 -1.371940983399575 8.648779784511113 -0.9966194675986024 -3.800632871643371 -1.341616546261405 -5.171230196746275 -0.7241370283946011 6.603382260220144 116 379.714024066925 2325 1 -1.467976185612048e-05
 -8.90865644355798 9.663027518475394 -0.1766735470199024 24291.99233908694 80561.35936868408 0.1894972194322231 -140625.6693361609 30619.20259580839 1782844.196645512 0.4913456475681935 341.7560839259667 3087.896281465342 2049 127770 1 4.605816325849374 -0.7142535191818258 2.974920004223405 -0.9974583416399225 -2.47092507541696 0.7918335268940901 -3.550994421989577 -0.8723313732985831 -3.727706806961849 0.3877781730859117 -3.583037388269465 119 377.2689690589905 2325 1 4.729457542103231e-06
 -8.774553140648329 12.1830111621802 -0.2027065888182413 5.75650581014068 0.06527745711739555 0.9628192282348753 -2.630675144006175 86.28968826480988 23.32373310073496 0.04377652729035594 9.995988829632735e+20 3060.781492510003 1140 127774 2 -4.591141963336601 0.9982848105495816 8.976932463956006 -0.4130456843281883 3.138033794107778 0.7126530117767529 -0 -0.1311036184212586 -3.136231201897484 -1.476432523876705 7.855405282839897 122 376.1597628593445 2325 1 1.410253089834751e-05
 -3.197194728118363 0.04021149934227364 -9.31320835436065e+17 292.8623905938225 34.20657354587237 2.710969768775331 -0.4017104014279783 7582.84449489854 121746.3671703372 4057.462312852315 -2586.652409093872 2846.327172004408 207 127705 1 4.539871826775758 -1.797692452350932 9.920818429158263 -1.210722993210911 -2.332086936541328 -0.940634688142211 -4.900746640109838 -1.31195318510499 -3.010048112123893 0.47187471533175 6.673889690719417 125 380.826238155365 2325 1 -1.314668442210129e-05
 -2.914688494287033 0.4700734448468105 2.247149084459346 49.74167010970682 1.605618455152133 19.20029325738589 -0.3607881345746025 19933.9383446205 1004808.035989797 0.068268924743038 112524565552842.8 2848.367105458837 608 127668 1 -4.241711033697071 0.4482089343126749 4.622606585744158 0.8406703786567506 -0.6490478544366711 -0.4530216503965692 0.5088780046574568 -0.2479037629496226 9.137484785351838 0.7682899596720443 -0 128 383.4585189819336 2325 1 2.1694232586221e-06
 -7.39973556383188 6.652409179899069 -0.1096400217460428 0.0623816640865527 -2293869655865.759 0.04447445672237835 -1.080357532625167e+19 7315.486245790474 106797.4820243211 0.3726249107794789 1959.338691536858 2739.140363820815 2425 191643 1 -4.478291430576748 -0.7526019454821578 -7.583208247926921 -0.4083522181221486 6.838661928253678 0.4355188614110682 5.072417579041078 -1.295250146677573 -6.596773695767587 0.699182288041698 1.825831215938766 131 569.8084380626678 2325 1 -4.484159114957011e-06
 -3.07266999486575 0.5506101119184472 -3.528670381248058 0.212502486729486 -13943.4934466519 0.08982222919001022 -15136101743.57302 51.00500881356591 8.313907121741329 0.1875332998407665 579182.0981114736 3019.948883268026 1125 191561 1 4.307787478543334 -1.218736032901079 9.174709258959036 0.9007154443934997 -6.756874454269076 0.08702914378255676 -0 -0.2885623849463315 -7.438737129734388 -1.406085877069031 -6.27311053537713 134 564.4348449707031 2325 1 -9.691075566673498e-07
 -3.595637300645052 1.036695274705834 -0.66568708523942 634.1984621041363 142.0464495800236 71.99095407821279 -2.979260933834285 65832.31503263448 11667302.53944525 3.235394280948042 3.061530375689329 2651.649037477711 1956 127770 1 -4.106856121430225 0.06207773835430873 -8.070903698685479 0.6166560850454545 -9.262453273353326 -0.8270098411171851 5.756342938549183 -0.04917082295529168 8.796497303030209 0.264127580169323 -0.01965230997044376 137 376.9068310260773 2325 1 1.392037139329377e-05
 -4.815298814806617 1.60761751669294 -0.2256330016439082 0.6309059172775215 -0.3270463481199905 0.05038673465142236 -1.366327495500098e+18 6280.227408738394 88988.09235124674 0.1270251816638271 136475105.0511695 2928.579059740703 3933 127776 1 4.697070044011209 -0.5603737242311295 7.759335439988114 0.2734272014389174 7.039459439563377 -1.285549717532106 -7.762201355186354 0.6197983253168466 -7.032587167853087 -0.7879959975242956 -4.641442287555553 140 382.511549949646 2325 1 1.381546443243855e-05
 -0.01792357311676526 47970.30096570715 404992.3471234018 619.731649243787 34.05841387966762 0.1529949826440277 -348815.4279471419 166.4169400678541 57.5857333014143 0.8347855732407692 24.59026571892821 2911.462138726073 1645 191655 1 -3.574944642451598 -0.1334710061718418 -7.13971183370832 -1.066529591353834 -8.969363853603408 -1.576416560507883 6.82626566677883 -0.2667685283482228 -3.849554444911768 0.444280189640006 -9.533328730685733 143 571.3120348453522 2325 1 -2.208913158580081e-05
 -4.226254422776304 6.404925803218171 -0.04545349593223483 2135.01584910766 701.7408988426039 0.5994265119262522 -30.82099234898335 1401.334892013765 5530.998985047177 1.859739313914507 8.509939435370979 2965.377897960077 458 191536 1 -4.322263783885599 0.8808977581271882 -1.817947858482616 0.808834788137482 -3.791863022680205 -1.435281036193519 -8.772920840391871 -0.8109688423409356 1.674635209822626 0.7608238338664735 -7.282935621104352 146 567.1522660255432 2325 1 8.804265919239368e-06
 -3.78629864479542 0.5231410905047436 -6.666002950194065 0.03893178218831807 9.957816449200428e+20 0.08641582865692521 -19502235999.65999 86993.95362126226 15923148.64263759 3.307882069991361 2.928693934900567 2986.182666223706 2947 127774 2 -4.127551700911074 0.145107329031168 0.5391288356113173 -0.4853812178515708 -0.7949993448608117 -1.999056129307974 0.8692028630990274 -1.80290599324193 -6.361044986003267 -1.483238095566044 5.09481946416088 149 383.8517661094666 2325 1 -4.408148954158209e-06
 -2.969267847658344 0.1034020082235081 -25617307.06229407 4.810946833505614 0.09201375482766248 0.1995773386761787 -27621.85126241186 387.6544669738055 409.271852001536 1507.626278983681 5528.34617760459 2829.432451180876 1184 127697 1 -4.553922923434053 -0.1795579717579878 -5.599435360225449 0.5667522807331822 2.311340045608849 -0.7837399034803978 1.322156210704342 0.2756027431918974 -7.614254368766794 -0.2306081031725196 -0 152 382.4357590675354 2325 1 -6.202325231745317e-06
 -5.518262871591176 12.86439497996021 -0.1041266415084003 1550.987470092312 255.926156083668 1.952515121114751 -0.4288814259270641 9224.971824462962 203236.5601072882 2.731569537537227 3.505488821273938 2957.818839868737 1074 191663 1 3.953487008752094 -1.140675117827693 -7.203345029014699 0.8604246505259918 7.204769160729365 0.1351684788365825 0.4582154146552391 -0.2085562199555282 -8.200328053593136 0.6433575305004138 -0 155 570.4219689369202 2325 1 -1.171996951114133e-05
 -3.832373053988844 0.7272094203396601 -1.36901846524259 0.100400437052804 -227343116.5012518 0.0985679561196576 -3918656072.785816 64.9755921287376 12.93438306440094 26740.57580314182 1386781.787429283 2864.437881459093 1495 191658 1 -4.033341472343529 -1.593671693746496 -1.414110620282308 0.0683118126957853 9.868189078637664 -0.582918229152444 -0.8793732728636208 0.3759625217089079 5.293270047780966 0.8466638638208903 9.986807026837827 158 571.1773269176483 2325 1 6.81788688619914e-06
 -3.768038060145667 0.131261456860338 -330713.6742662776 2.631905501207707 0.1503824868537259 0.08596946552714428 -9941053997.086073 73.660337072077 17.72690328762168 3.128452192743625 2.643462636596893 2926.337330633185 2135 191653 1 -4.686429585036169 0.1939683361698358 -6.283324470373921 0.8620565532647575 -3.450400359337706 0.8595649875611029 -1.10049295994554 -0.9814952147445668 -9.843890901657907 -0.6047199553000375 5.563089957667249 161 571.0786049365997 2325 1 -1.202028810234148e-05
 -2.920080112623185 0.6244573135803948 -1.488504560978683 9.716997964256647 0.1132113305741064 1.701102605382364 -0.8192667423162174 287.052787716528 233.659921302466 4277.868547958834 37536.0966843152 2816.873781851686 3138 127774 2 -4.272719898349858 -0.1987852428377774 -3.325736551180254 -1.022448946685867 -3.716297351271895 0.312390124971591 4.723938360397764 0.05619605549693449 9.067162405034997 -0.845851398578244 -3.015347685452562 164 382.3144779205322 2325 1 2.508357251118677e-06
 -3.769195146989462 0.2560714349238793 -456.3414763450063 0.9295156903225499 0.5967361462556349 0.1252339258384171 -6060529.67928016 973.1978941290696 1965.644087441465 72.79766334530191 18.79486088220109 2970.93743189331 1305 127711 1 -4.678759303706504 -1.725303143433418 -2.81973482827322 -0.9107941085410118 0.2627694421066895 -0.05060273991938044 5.569192945268063 -0.8729748753884383 -6.685588571131918 -0.9811274651838673 -1.834379794619327 167 382.8095619678497 2325 1 -1.274276168206362e-05
 -3.568569783628432 0.2831386311630644 -280.3197906704553 0.08669807594203631 1793565711.524467 0.0434568255319876 -1.287362882725623e+18 48388.03125501176 5661518.981512669 92791.27247323988 20944028.0058446 2884.710385390008 1099 191659 2 -4.3395185723313 -0.3837498071740253 -0.4614977750874596 -0.9196625064906092 4.204563766552007 0.6644569263503191 -5.059893765973156 -0.1847552545676613 1.339633991638479 -1.703455291188838 -8.786332698350371 170 562.786906003952 2325 1 -1.676752365802039e-05
 -2.433591998457652 0.0867010674882305 -579030012.1464089 3014.57350144084 1286.907263447083 0.2128846629498071 -14882.80570486896 124.1240299538091 39.48710664668451 0.7103260426869377 57.73471620874425 2788.056862475809 1371 191580 1 -4.580834106859156 0.5142935149473651 -6.07008531356981 0.4206305582904708 -0 0.3715440572109196 0 0.04002850152571374 -1.101418248337809 -1.36302693593691 -1.347252497740211 173 567.658430814743 2325 1 -7.04141905103522e-06
 -2.923271508132811 0.1869163778427287 -8042.422932879339 0.2754652539452157 436.8681360369606 0.2344032572142548 -11896.99195546795 257.2202893788395 177.3185905216942 218.6722255083809 83.95709781246852 2923.609355899968 871 175551 1 -4.402702145633032 0.4055947623799593 3.560513322182006 -1.926609500213307 -2.291896521790142 -1.412119927351458 1.803953225754686 0.5300487860734986 -8.78105999048743 -0.2714770895800785 -3.709401718259154 176 522.9548559188843 2325 1 -6.660391988304736e-07
 -8.659797215229258 11.7253978457428 -0.1893344029706763 74783.04249889049 336457.0476558586 0.3705424406765753 -234.2081658098594 68.89168019963866 15.35003640843465 0.06741155140040377 33924317947997.41 2836.524080274074 2918 191661 1 -4.210014170257764 0.9713268475172994 3.937329039372655 -0.6115535051678762 5.40860582424982 -1.151117843456119 1.466414623474026 0.1681212070126769 7.92807709156185 -0.8574700524196963 0.349601160380645 179 570.6121270656586 2325 1 -1.826536251082268e-06
 -3.17083482314611 0.5126307196694233 -6.333951668285291 64422.35273805371 137788.8555241745 0.05293064834560809 -5.735087317045106e+17 1164.450642674671 2688.794940942598 1.090659683669745 24.02114906245719 2914.395343771487 1358 127740 1 -4.111317522812374 -0.3328846982332845 -4.56442479906779 0.8889052525742565 2.828010558823546 -1.34744901164411 -0.6348707300081875 -1.339925185438719 3.911658980583044 -1.187705111325206 0 182 382.7567131519318 2325 1 1.494430335351216e-05
 -3.524182523822864 0.3579027842959937 -38.02232475719426 0.04941679294623901 9.374302471063408e+16 0.06265550142965773 -92110874122978.09 88.25315164623679 25.91466314079713 99164.75489034188 17697050.13331231 2886.011473491246 2602 127764 1 4.24403938931758 0.3900915206886899 6.673836309698906 0.6794684547801584 9.897258840513159 0.4488349303444812 -0 0.2623620515272647 -9.664374957256458 0.8482807543847279 -1.420886003952139 185 382.5584001541138 2325 1 -2.716206334732577e-06
 -3.775308154237892 2.072356172364081 -0.1297072126792775 3.303511486338379 0.1179117555373544 0.05410031764088791 -2643578243207736 740.6476802112803 1521.015666821999 530.8972331940772 562.7932223978361 2898.59702121072 2599 127775 1 3.779247252600877 -1.578292116479136 2.881567137212552 0.9545245638572806 7.361604507683856 0.8428275792630404 5.995834305049231 -1.562987644470912 6.922946581730179 -1.703205119714092 -0.9699358402011971 188 381.8890891075134 2325 1 -5.77984622394038e-06
 -4.121508497951646 1.082280586786607 -0.4371479640347867 1.550933927436828 0.2651078385312304 0.2328979670004429 -14789.85687062114 286.5662661890197 194.8989978754518 0.04335159287969392 5.05821813239724e+20 2998.515311080364 1558 127731 1 -3.414937394344678 -0.8910271768138173 8.965844669624806 0.842735164539214 6.967075913675197 0.6690889178353694 2.179339963398156 -0.9182203027440448 -0.7630941105955014 0.6009742809247904 2.857775163432963 191 382.2347857952118 2325 1 5.737784703935143e-06
 -6.612302360090632 5.435636760412507 -0.1047947363942956 1.534848980128974 0.4557451582460582 0.08915185095333823 -195233937232.5532 67951.48724393813 10569961.29421164 0.197105177789707 1299387.179634109 2837.89374027523 4254 127753 1 -4.129545970148563 -0.9050714337943804 8.734133341500431 0.4668979044213959 -1.088866234231884 0.5990295299841391 -3.819725075916168 -1.387414044826843 -5.353681663539863 -0.3474409683785584 0.8499150568156102 194 380.7482490539551 2325 1 2.205081197256529e-05
 -3.202891683782414 0.05363473669152089 11723837509591.79 35428.90188685861 90883.28530643936 0.04803578437634241 -6.46381855100109e+16 9625.854667688795 199696.8693631381 1.697415006806474 7.53707592558905 3018.674958534512 1480 127750 1 4.674031412860293 0.7270908589267551 -6.078310892341197 0.5429094670056401 -4.2999860153349 0.8097384035688968 -8.993442605063557 -0.5534992970308643 1.147659899527488 0.02137503895517547 -1.863099735749226 197 377.4445579051971 2325 1 -1.241136007366796e-05
 -3.712066371975288 0.2586807342702253 -492.7579097944967 0.3843249684386267 19.6060439522147 0.1450139317023793 -754428.590794872 229.4937935388232 130.8551796732406 87770.74974710871 5077831.344595911 2887.472828858378 2292 191660 2 -4.6242646532129 0.53688535284323 -3.934014587624106 -0.4177932570426277 4.629867910735316 -1.098183021156234 9.804050470715005 -0.3987147321543985 -3.631276892619722 0.007558814926953363 3.261629478315266 200 570.094701051712 2325 1 -1.915637555494909e-05
 -12.37439735710764 11.90079195643936 -0.284695359287248 0.09822160986037082 37603143.95130411 0.05455204579425155 -75213345938623.78 346.1278148702214 268.5676133217343 71538.48210554715 -2829553.3543292 2989.679521215554 2572 191647 1 -4.131369797689387 -1.712628444802619 4.418927913518491 -0.6303446292273982 -4.716842217975057 0.7399145709673495 3.308137005501352 0.7966973225615765 -0 -1.668250790285853 0.56648828171598 203 567.038510799408 2325 1 -2.682017349453528e-05
 -3.376497355954888 0.04995105966844679 -9288803999271500 746.8162330732195 62.86302496431529 0.7658462115116048 -6.442327410669701 32956.44195211006 2488011.034028152 0.7829916419252467 122.9730929050936 2938.638582283689 637 191634 1 4.207150213642711 0.7143365172300156 8.19754878815796 -1.937173292407365 9.730189696236076 0.5268665423279293 2.693860513763676 -1.254048801018398 -0 -0.04450177425020389 -4.502571175405246 206 564.5456771850586 2325 1 2.766471952096487e-06
 -3.537444024259987 0.4189417646226815 -21.71396258337862 229.2194645483329 6.187130949896101 0.4574208982380168 -104.41930578698 997.0870216777498 2203.547020884742 0.2745633022205 28327.99425543527 2967.520082070475 734 126819 1 4.136390118750492 -0.3447890903575051 -9.728378485536608 0.1972972232624328 -1.265922040923671 -0.604429262013344 4.824527530820857 -0.6075253801130334 7.818581355725588 -0.1747927185675149 -5.014237455042191 209 383.0001440048218 2325 1 1.051917315056285e-05
 -3.420906995826863 0.2364052458222116 -2121.044167653698 261.4367814181932 6.668178332364641 0.1955150665780128 -100645.0481577 23395.00900901344 1456663.887014596 3.826301788581481 1.081696147520655 2758.586427069516 5071 191590 1 4.491345982067375 -0.4099499457478277 0 -0.7858242514789122 -4.681138205177918 -0.9910291877200041 -0.1225904905713948 0.7631345027879397 -7.145435314338105 -1.258021967013553 2.972786437024563 212 570.8932001590729 2325 1 1.62318460319771e-05
 -2.940290686582638 0.04718359241961736 1.534080324431201e+17 834.77034465879 17.82491074321071 0.4854697245256464 -61.71354669465457 78.71477423375774 19.47871673445813 0.5656666199190971 14.41068113195726 2844.53752035783 1781 191640 1 -4.12216147395098 -1.321547055656192 1.911292981843365 -1.524043519042217 -3.938595166860715 -0.3006931237904205 -6.158149671514073 0.4531582909045242 1.935136423181096 -1.95716260122047 -5.860084535611403 215 570.4718241691589 2325 1 8.047879483595242e-06
 -2.641840089645693 0.08692402172208842 201242330.580678 502.3473571571835 15.81477099444325 0.1094310023885588 -139706484.5487559 18495.89956785059 753643.2609851325 2.70635737139549 1.841580324202112 2877.74995240921 1545 191653 1 4.360414386138017 -1.572683410807978 0 -1.342636864944879 -6.787306135055052 0.1826240006441324 -1.729313155373928 0.6108287856165857 1.951175759318289 -1.891081708190897 6.58077059192863 218 574.9328668117523 2325 1 -5.599404662321419e-06
 -3.476447600805932 0.4731103606900072 -13.57027840030851 2.400822154230142 0.2279609263272469 0.258205729033247 -2248.480893537444 1243.204643775852 4115.736811829413 1.452429340195148 14.4188734865427 3005.101291815552 637 191663 1 4.696453905141538 -0.169602206730219 7.134023240457742 0.1314719102357462 -8.899275861398381 0.1351890762141083 4.626308078494302 -1.495152416354177 0.5390915959843317 0.8538821948769026 6.721148063603214 221 564.2955598831177 2325 1 5.4603550292397e-06
 -4.049736139665018 0.8505746433112534 -1.202374534934959 77955.52079155114 178710.5046625547 0.3852313637520889 -221.3763497786748 469.1375098072998 533.2626283816057 92279.02733739711 9811752.846998369 2813.893783107374 247 190724 1 -4.689297170614044 -0.3002399048253599 -6.940212220352134 0.01750540850971123 0 -0.3695744597447162 2.028183121939921 -0.9522721594153065 -6.530018862020827 0.5938168308280698 2.685883139447787 224 565.0005941390991 2325 1 3.017117109713989e-06
 -3.626961465297478 0.5470580403440783 -4.695082913027125 0.3644818701483424 -115.832180447498 0.3081538411552424 -691.4576757965779 131.789901107457 46.44871680145304 2778.519102609545 16638.03390696953 2766.707290553343 386 127466 1 -4.105385342614858 0.7331003428704177 -1.879642839641049 0.4502216437453431 4.436532515794987 0.1178571562311106 0 -1.100731670845749 -1.985939622400301 0.9158362464656906 -9.081249675797846 227 378.0671050548553 2325 1 -4.555946973909242e-06
 -11.7767032182279 9.580506149206531 -0.2663519907038828 1.650292032346941 0.2796906523216877 0.4677268927567347 -35.66701592083034 13791.38678733224 465364.6539957361 1.410568563571577 11.76983645988095 2974.919379824295 2056 127741 1 -4.219804959582723 -1.639744971632207 5.919209506292285 -1.005879662527937 0.7344774368599931 0.9077973737907072 0 -1.660714904374665 4.045052056801724 0.3716937588166731 8.376835472863389 230 379.491327047348 2325 1 -1.322928204441502e-05
 -8.793093847899543 8.196266189363717 -0.1573582987473741 0.2038305383648391 5836.662974498938 0.04405118679445885 -5.098462002838505e+16 334.7362114464369 281.7755768489841 3.21720294800556 2.519741846027786 2824.445091383944 4960 191648 1 4.281497000386633 -1.9259182752859 8.298676838284651 0.9136499589650455 4.774600618498472 -1.206832618467248 -0.3278917406867681 -0.1099318664068392 1.663350450729718 -1.071564734056926 -4.816774563186803 233 562.8947811126709 2325 1 -2.962939920125977e-05
 -2.981044015136848 0.1752447292414257 -47413.26097938934 2296.227508506168 671.4133219928627 0.1309279753696514 -32540976.22881991 410.2568346233899 443.3063294205455 3072.643171438451 19368.57634746371 2946.767694749424 1143 191641 1 3.672336169409948 0.3937810021125028 5.932879340073856 0.246928721027575 0.943350024323502 0.7454818529010736 4.656460737863244 -1.348818767333873 -6.557582038295462 -1.058679581016352 -9.183392741598288 236 571.038859128952 2325 1 1.005300588702559e-05
 -8.547326913086259 12.57168180509041 -0.2122710570929443 95425.25382646068 1555031.226998105 0.7219438495695905 -5.449735574454188 30190.16334578198 2245313.617994865 0.903145975844367 51.54628902131308 2876.812924680894 2226 191657 1 3.862989589590851 -1.745968979907775 -3.698068654579009 -0.5429449615599387 9.250090150344457 -1.020981860120866 8.507985235110722 0.8617480128899642 -1.6525906203924 0.4059889190215707 4.994310093074864 239 565.0064580440521 2325 1 1.363395681285161e-05
 -3.231879890610971 0.07571520714611375 -179544693529.507 0.306193440372283 196.0741370824794 0.1652260996973377 -1235667.897586594 2920.973978872779 22478.24234201261 0.1163636019182682 4428455753.814184 2980.207501701468 1829 191663 1 4.693450861003306 0.5621672911803079 -8.806946340249604 -1.3265096004044 0.4648589005218184 -1.406730006687808 6.262084286934575 0.01681227329481016 -1.79159435397083 0.6734858599955058 -5.078608287790116 242 565.9775218963623 2325 1 1.568950527255305e-05
 -3.709540836691494 0.7298297287434514 -1.202412624587223 953.8844646093974 18.33926942277276 0.06515966682724858 -3869695869296.806 10162.48617857229 234307.8274420309 10727.31676466429 152175.8272506463 3022.455063549894 1466 127771 1 4.564589253987524 -1.74789311051018 7.696387120711323 -1.343339711783494 -8.758204805694671 0.7738366291308583 3.96408082681645 -0.6902747978037267 0 -1.926942455383733 2.791603613567613 245 378.9770991802216 2325 1 -1.692154132626737e-05
 -3.807851042550237 0.9004818463301814 -0.5214575537542513 0.6253983342021925 6.143537975164452 0.08783839862314946 -3226947134.880116 10012.43599965271 209412.2808008303 1.413800478062199 15.23350269276585 3184.161795152993 1486 191650 1 3.637027707145653 -1.40662672243621 1.667775851446161 -0.177995077423856 3.762910238123804 -1.130747516172057 2.186857309453472 -0.5508927451882233 0 -1.923265400068237 -4.873851988359981 248 568.2078530788422 2325 1 -1.612211312849083e-05
 -3.349563398445175 0.2113566807202596 -939.9575362549842 4.049116960072084 -0.01944787314498284 0.3437287984091827 -250.5775066043356 310.8183882786387 233.0335318385382 0.1976137955212054 -107674.7338674225 2996.627988789512 1154 191664 1 4.67434537139356 0.6645554758555496 9.907148311906672 0.6043346727968362 7.691410181328997 0.6765978977049301 8.606925423495611 -0.6631778355855973 -5.55079441315454 -1.960430295272581 3.505170549264321 251 563.2639079093933 2325 1 -1.935766693557101e-05
 -3.675732862459306 1.281829214395745 -0.3150472446915913 67835.58138790815 244752.5997882652 0.2474377821220425 -4034.685959040607 1157.771484416484 2923.299510881509 169.2237515597049 63.14250167185968 2935.578717709423 4227 191659 1 -4.509751236050745 0.9862214192823306 8.326249360308349 -0.2531033641734926 9.026039065532173 0.08460818684861941 0.7276389201798157 -1.308683223586987 1.744631386317239 0.4645237263776192 2.787240161436336 254 565.6320588588715 2325 1 -1.601854304007231e-06
 -3.956473055925586 1.319667684637331 -0.123073311828274 63680.39912833746 -226003.3149796193 0.312431105903014 -902.6096488843843 11463.47391663912 260132.8797329959 37.13608940275758 4.242977386325658 3076.019792713501 1284 127605 1 -4.354864574721274 0.9589050786305688 7.696905491266666 0.6692258833854461 2.924586896117114 0.6553355181358667 -0.2330281873753979 -0.8275557006102217 -1.912808171594737 0.8844273274905712 -6.942285220276097 257 381.7206060886383 2325 1 3.504830028467647e-06
 -4.734799594865846 13.05853500674803 -0.07123462084125165 7183.876492452406 5154.00063430098 0.2131320377050915 -21652.67386146955 13183.85610351319 411986.0251287484 77144.88901330496 6379341.495896732 2849.177280754561 608 111761 1 4.681438828275393 -1.037227015829187 -9.03423804041744 -0.06527444808732683 -3.985055653965395 -0.5890974476806177 3.943357595383646 -0.7061559585778934 1.326689661310918 -0.5319320635036142 -1.575066663158475 260 335.7608780860901 2325 1 8.973306094221599e-06
 -4.339519395839139 2.287780866850507 -0.1100341996394422 1.513415499417461 0.2962218754237931 0.1458225327955228 -1564052.819534035 79.26156935412352 18.11656974234747 101.0721542375245 7.209540200617061 3182.369694746211 3493 191663 1 -4.583466747982971 -0.3509965022580168 -3.702168274061342 -0.06047500338485362 -6.964147515183797 -1.780395029572715 -3.757415499296162 -1.169984897147299 -0 -0.03116009669241755 -9.07994646144426 263 560.984806060791 2325 1 2.50851129087418e-07
 -0.004132175423356306 18900.50067417415 56901.56175762753 1934.263891590514 523.2341589190843 0.7284713449364242 -6.168582433215489 98.0558740113412 23.72675537129219 0.1976013886568313 687610.5315843577 2999.278618885275 7376 143745 1 -4.33890733451128 0.1847124261631085 -7.288631209199069 -1.255603148894624 4.978255090410723 0.6064939458437255 -9.242847247947935 -0.8262495939552847 -0 -1.27961268134249 -3.40493643733727 266 428.4143559932709 2325 1 2.222953692627272e-07
 -4.610247357203627 1.142010754288512 -0.3037360093151533 184.9883984051954 15.16226470274573 5037.529116419917 -10594.74830479104 3538.278336155882 27483.77933785587 2.017847262495807 5.889327768930447 2879.428153058282 647 191656 1 -3.843521698567046 0.952237241154076 -8.064617227434219 -0.4323446128731376 -1.402960746294246 0.09207092478537229 -4.644520162501518 0.4980845742205719 7.716347179218932 -1.467660814560513 -8.314155967982503 269 569.8101410865784 2325 1 -1.82993175174849e-05
 -3.609586467045683 0.2076927836045599 -4357.702570916395 0.07951064407685551 100326993132.2344 0.07719798742482151 -850464769548.744 3051.129418094298 20762.11710137842 0.6380107447107883 52.65454032051812 2744.016429829105 2256 191634 1 -4.101543860375386 -1.972659005895224 -9.295487323070912 0.6295278542602545 6.318818348046344 -1.104822764315398 -7.853241332497875 -1.281950202713302 8.601522347406648 -1.042521463325711 -1.475636230984089 272 568.9974482059479 2325 1 1.23858728185925e-06
 -9.637240002643122 11.80768402822937 -0.2288520119917891 1044.818847844486 46.29244578860237 0.2224363981636404 -19551.02615587223 63083.21868786281 9428710.359692352 212.9311711456508 113.152965922576 2666.270528492359 1286 191648 1 4.695935906027714 -1.442545820451344 3.783078630038658 -1.234057876585918 -0 -1.071222384924646 9.091022570597298 -0.8043834629591471 1.51672049926306 -1.290871032041182 8.950380891037559 275 564.6862888336182 2325 1 3.036757777916772e-06
 -7.251469129025637 9.015979153312953 -0.1333441298583849 77114.41276768623 403439.4603902854 0.4405946553264225 -71.76501354764511 178.7188415976868 80.64034943061029 2.02384608245646 11.32476585483903 2840.263506956677 2197 127761 1 -4.634377098784919 0.4085695106388085 4.385098172364594 -1.510154176301054 -8.91403744752324 -1.899482640784589 -4.174953044974053 0.72965108905119 1.246014560274229 -0.2677599099965624 -9.995685318181607 278 385.1752781867981 2325 1 2.258634698626669e-05
 -2.687310499430027 0.1465958858757783 -903744.7169699101 1.014753106248957 0.5426897232876038 0.4001368378948321 -420.5812949125851 1185.685058395864 4042.138148419339 2.259916823855863 8.180203224967288 2968.490243259563 1674 127753 1 4.653091624195669 -1.613268241251974 -7.766280851991679 -1.583432597169685 -0 0.8191023379381135 5.257860910345537 0.9292007565459151 -2.907184704764506 -0.5628852004696583 5.913949837085286 281 385.8158149719238 2325 1 2.243915526402323e-05
 -8.61843717021948 12.13191371354563 -0.2043297841702535 6.81330170762623 0.1329445320036173 1.412053136123891 -0.9715643499132712 277.1809204996159 249.4840587889676 0.0457282400047483 5.848332966082637e+19 3009.808279040311 4338 191663 1 -4.319992078670849 0.1210671771010849 7.71944540831778 0.04562048368380185 -2.780829024398171 -0.8804557179906825 -5.838089166806234 0.8733427556976086 3.635615853009713 -0.8903325646900022 -1.863801270255854 284 566.4231469631195 2325 1 5.704112843094972e-07
 -2.946670355390933 0.3476476855852317 -22.89399789708053 783.8086161563493 188.8311019208126 2.091766022174856 -0.6183583494094489 3482.599925774191 31025.21628448793 1.770874204026615 7.349380082953147 3025.982317738089 220 185718 1 -4.631013394039067 -0.4169997622700308 -0 0.4987189342114178 4.078471552752371 0.250203874106059 -1.079032168029549 -0.1795332622360011 -1.509821528176888 -0.595235663677423 4.528954960909985 287 564.8634059429169 2325 1 -9.924451241633792e-06
 -3.816208073708648 0.1571340496457548 -82850.9582777051 1729.290009746845 468.7351405848135 0.05970814540857899 -244212337291004.7 84.27549817259104 18.99163598284641 0.04850120797747726 5.499965887952769e+17 2861.931829021915 5206 191659 1 4.624030632679322 -1.181646970123347 -7.551556651033653 0.8834105669487831 9.434405632240539 -0.0613744664801317 -1.712637897328804 -0.4804952905529527 -4.98736028459407 0.07976960656770865 3.716600354849462 290 567.5073978900909 2325 1 -5.812543148470977e-06
 -5.411016668547971 10.37539033892259 -0.07018781708534279 9964.686901551233 10575.18252761157 0.1032558674098058 -402575606.6713561 5927.629011556071 66730.19657172351 0.5890470168154206 274.9064328885158 2901.188240771586 1501 191663 1 -4.643393496428564 -1.745944921166703 -4.672119541403184 -1.607222578850308 -3.347049584191874 -1.223957958829157 3.108609849046116 0.8382299158910369 -2.776837809575066 0.4816152978419049 -4.404247271421719 293 562.0742490291595 2325 1 -2.068307511797318e-06
 -4.751290933559003 2.042878486927022 -0.12653467174594 0.08083272388207678 -29793704871.74382 0.2703099260059523 -2972.094732747068 175.2582945420093 70.86897875186025 0.2282704151115878 54492.57195411126 2980.972652737513 4000 191573 1 4.580009396256835 -0.2113446642208956 2.663876602908508 0.9671202332341835 8.921969844142293 -0.4967912457947667 -0.9607950891732706 -1.76347300448001 9.319049569407804 0.8327088300331904 -8.377594801838478 296 567.9298410415649 2325 1 -1.132735201666235e-06
 -3.49304215429349 1.619434858140749 -0.08442099415026304 0.04556264424088398 -1.77703947592535e+17 0.06388922108599285 -7996820963970.393 54.65359886434039 10.34054583570159 0.04221600878208605 2.981382956009529e+19 2932.575344004255 1627 127776 1 4.674068299318018 0.5191208366706999 4.11096966251324 0.2259536341957515 8.878694901994617 -1.36980385287247 6.063203233043729 -1.051806607024043 7.942973254130635 -0.4615225240864334 -2.841178827916348 299 377.4581809043884 2325 1 -1.324610717768453e-05
 -3.519984751082909 0.06930548239904093 224736320081.547 0.08338054625141664 19873407289.649 1.735624216720953 -0.568418191279737 77.63156704187519 22.8469419062322 25905.26895758663 1944071.580537161 2894.680934103265 1448 127769 1 3.654236179629387 0.01227850983960454 7.050331421283389 -1.252561074533991 6.807751466171553 -1.177306539315666 -3.530642033242158 0.4473501251134694 -7.08392407890034 -0.1023507161674235 -8.41619272461644 302 377.9362390041351 2325 1 3.293830770530348e-06
 -3.343767374234339 0.03607815803683444 -1.476923379819828e+20 129.69687089153 1.425715666261562 0.2228909857270168 -8396.368625851177 131.848103025513 49.81402528447378 1.134292108596898 25.21282202443573 2826.166101054371 3022 127733 1 -4.603213068697748 -1.407416575266218 -3.492592333235458 0.8864358332992497 2.807193877351716 -1.464228845517409 9.383332066679811 0.533775322526497 9.879919199317873 -1.780365898193513 -7.581699063240391 305 381.4281752109528 2325 1 -1.059787628564362e-05
 -3.218149468236333 0.3456711530035689 -97.95943985602656 1691.035435103535 754.4837004853854 134.5782636809286 -9.480395075037444 909.64052090915 2245.24197326759 0.3080439570199445 11329.54597360593 2887.925549546635 430 191660 1 4.482245481869931 -0.8918736791280804 9.045280905780904 0.02536535336165092 3.60624899880626 0.6821374419381003 4.523719020171534 -0.1130380516591903 -0.8283720310304199 -1.789229304356139 -5.739478125315705 308 573.2336888313293 2325 1 5.328325113704859e-06
 -3.575551548733899 0.07650690448331145 -19931281007.97748 2542.624391042893 862.7821511998368 0.05926327350779947 -350496283226683.5 726.8680819248314 1210.483573761876 2.030072761890231 5.829394124462849 2685.327184049943 1010 191659 1 -3.994496485042769 -1.193741273359724 -8.239007440954879 0.04988603381874145 7.134912849143367 -1.904759968629923 1.700098869979893 0.859876119284225 7.41668912847747 0.4160702690717497 -0 311 573.274523973465 2325 1 -3.549524455289972e-06
 -3.892518742880819 0.2199136989784663 -3435.76337363427 1.226033838305356 0.3587848304875195 0.04406712346577798 -8.925495660406314e+19 24089.37422957684 1336849.391449948 0.9238816929989694 71.3395313639796 2895.770189564173 1095 191629 1 -4.634468233869481 0.4949035479603738 -3.716351741718808 0.4090052667881733 8.984800574772525 -0.9534162605669767 -4.428946755817617 -0.4797243399745525 -7.213598476238941 -0.1341161584995599 -6.243983931659334 314 569.031877040863 2325 1 2.303555350306129e-06
 -10.84631741905878 12.26517125141189 -0.2765586021309644 449.3254757663472 72.31556282931345 1886.157583008596 -1287.98920250626 11384.45586952278 305450.2019597084 1.158619600103113 39.75006788147126 3195.617450404414 1853 127709 1 3.866097421545925 -0.08063121596020123 4.736446188005917 -0.9382601535544115 9.43258151821489 -0.6746056828045903 2.486213766949221 0.8843111326610469 -5.998328896146704 0.06752687334953485 3.246340043370542 317 382.9998438358307 2325 1 2.245253747028995e-05
 -4.666478102585955 0.86033506688065 -1.124528176206922 0.3230753099565634 239.8028518452238 2.466570874050624 -0.1244886810624495 151.3702690427077 32.37023052927863 0.07407465165035758 8316026949882.058 3020.735564093356 819 127756 1 4.51183648014633 0.5252713217233009 -9.412924837592907 0.2117138424283906 -2.286874362434255 0.191794199128501 -0.4587587930258277 0.4547075376388379 -3.970264202638117 0.8948354143235613 -2.849142956871403 320 384.1718609333038 2325 1 5.967306100571474e-06
 -2.855465978360332 0.2701639210998303 -384.1937628719836 0.1690320918463813 130473.1606465176 0.4438260705283514 -92.41589781851023 87.10528273707592 22.18195988647197 1569.28973094252 1886.742936900044 3000.873613400256 2376 191654 1 3.123279740735668 -0.7407683745069278 -7.062355086873183 -1.266089766553933 -7.679574907735512 -0.7370002262680231 -8.581351458077121 0.587890075087798 9.829303726950302 -1.103297468173218 8.562360908578501 323 570.1748569011688 2325 1 1.905262790495899e-06
 -0.0107066610617748 790.4512550476283 104.8494867329563 566.6118951383269 24.80300335053758 0.0934020705860221 -19361830614.54245 80.2805003285502 22.49976035875465 5652.355572999169 101103.5674202703 2879.75614162796 1651 207634 1 -4.69244088093857 -1.00504109181895 -0.0486017858345833 -0.03664406323961344 1.64144836739688 0.9805017863219589 -5.28733659728166 0.3540742794116856 5.91632876971106 -0.6964393719165463 9.042151409835771 326 611.5704131126404 2325 1 9.735333801335688e-06
 -3.286755122005461 0.101094688541906 -88795096.75932784 1304.411117791979 93.37780047477942 0.05303846100827209 -3.720621172348459e+16 474.5787241603235 548.2864804017805 5140.861526166288 19846.27079940555 3046.935625610519 665 127764 1 -4.285347627392992 -0.2672624514146911 -5.954525414333509 0.4926390585397486 8.097122374338582 -1.960113185602529 8.125768985085056 0.1254168955301868 1.318212994854346 -1.073467336816707 2.696222492035492 329 381.2009909152985 2325 1 5.128088383255919e-07
 -3.823012598833761 0.1002808846988024 -43534713.25114693 14.3537779545892 0.06312717887439395 0.2165585436517157 -16283.95854870163 194.3605999063591 95.49675397888099 44152.51272806307 2675027.851133112 3060.161488806763 4657 191661 1 -3.792182035171538 0.9736917987645914 -3.196583749550526 -1.727256297451218 3.273513007739611 -1.49577482964988 3.76428075317449 -1.618616735916113 -5.538883067972723 -0.8997628300202889 0.9321426463990421 332 571.4210021495819 2325 1 -1.098230930570505e-05
 -3.442898572023737 0.06763574051818044 -345025352034.4131 0.1232096318687581 6868529.888668766 0.04227465784168858 -2.004755205187141e+19 237.2219877019849 122.8935380568699 38104.9327945786 623682.8128409134 2947.059558538167 1872 191624 1 4.236380306360232 -0.2535552055014865 7.775212552691611 -0.5347813939394648 -0 -0.5596252879084833 -2.094927479908931 0.8594359097474542 0.539361074573776 -1.163436796427424 -3.157217482077384 335 572.5980792045593 2325 1 -8.207707654013548e-06
 -3.700309880140407 0.3842877467415675 -19.51267218228853 0.2228832086814992 -1235.595143756904 0.04734980116692834 -1.958934514605065e+17 17236.02502495142 710304.7617205256 62.50069155486617 8.030096190089067 2914.859951420809 378 127740 1 -4.362910825807721 -1.177727680534085 0 -1.497666340409388 6.360695366019405 -1.518219307521266 -8.277231574993277 -0.2943303715011751 8.300582577725047 0.324371890553595 -7.643843924049024 338 382.8319020271301 2325 1 -1.170665288595773e-05
 -6.355326928645963 12.42574353276793 -0.1113063647162023 0.08201970261708066 -6387538139.231306 0.0620657062516684 -32107522730737.06 3833.993380561313 41301.41611815011 1623.730581780989 6133.919817515932 2919.63023517233 1235 127724 1 -4.093800316700652 -0.2376139888928641 -5.911640157417965 -1.557310374207644 -7.14564527227791 -1.197095266706366 6.501244413809303 -0.1557187304988741 -4.552755559051522 -0.5330558341147569 2.836285545188574 341 383.4548599720001 2325 1 -1.251263652098145e-05
 -3.031535183567174 0.2648784731310805 -221.3332768830181 5.212944924838773 0.01814802511104576 0.1947955861684874 -19368.69252407862 23377.86968205243 1360804.72926778 2.866887381067256 0.6768483635354759 2884.629703126945 1645 127762 1 -4.559290669648682 0.6759754647037219 3.220684581964472 -1.013214895328058 6.720382131175467 -0.7908346248496905 3.329267633218904 -0.4068254597371901 2.576544036978298 -0.4176844688094051 0.721812629105723 344 382.8972070217133 2325 1 -1.616634865889287e-05
 -12.05176794776649 9.690891757294064 -0.2832913229588405 360.8312628709742 6.47415516409179 0.07494054709757178 -1288826450262.179 28308.68662025538 1958513.004453493 0.1134403039933051 1505948977.818998 2973.581074775121 2130 191650 1 -4.697691513332779 -1.959162918374432 -4.285584475296626 -1.542260099418087 -2.152661725775515 -0.5367577089521856 6.249743377750651 -0.4031645297659932 8.802916662525581 0.7130428462396394 -2.558743276427843 347 564.1109309196472 2325 1 3.966562802107867e-06
 -3.169462929915191 0.1350884392322106 -714153.7953308141 0.9530461026988208 1.637104922488037 0.1367162063072702 -4962766.725934746 79.12480817415812 18.10202535475631 1413.024028447972 3352.310184133117 2938.546417054698 2947 127757 1 4.612798589292045 -0.4315201638362094 -3.046034124858046 -1.112793319462634 -5.996210849951876 0.4202584268172052 -3.783314411191582 -0.4960932570456942 -8.948660139586309 -1.708771719716638 0.6257497830023562 350 386.0989627838135 2325 1 -3.925831063615331e-06
 -6.805917909175961 5.960499447377886 -0.1056194681360355 2.422763741635352 0.1338520807538894 0.3941936997934361 -165.0507880609964 740.9074599709531 1385.147949563883 0.1117739699534174 1158416770.872931 2855.345738523337 3853 127708 1 4.64558191871301 -0.9709979572413001 6.683184733419629 -0.1305127875419831 8.144422362021434 0.3705302964177228 -8.370840893657869 -0.6065595808269002 -7.988816043001982 -1.224596086427812 2.336546397718394 353 380.9963068962097 2325 1 -4.094579105538184e-06
 -7.724494766337973 6.400489035979684 -0.1381675717465321 183.0443172710176 1.023449925776202 0.4288001804644118 -118.3241243518684 694.4713634521996 1041.393257121683 10283.41998568912 210102.7497324499 2876.227468511783 311 191525 1 4.384229303929779 0.1337275470536987 -6.588007287071066 -1.406038890431391 1.634419216147663 0.1015822358601434 -0 0.1851343892407993 2.324552205029871 -1.585244866323532 -1.436123951116446 356 565.7300570011139 2325 1 -1.034735751280149e-05
 -0.5556006443738399 977.8294268190293 131.1732506984434 0.5690256637646772 5.890518452397893 0.05919851561161772 -853280640779574.1 36.48267456838179 6.829045833031962 3.324938289252469 3.124209781282016 2883.172230286519 1321 127774 1 3.996622032582097 -1.610580484148891 6.72006671818521 -0.1468540702297388 2.710726509541588 -1.31913797089948 9.359700224878612 -0.07495702132746376 4.845336315544124 -0.3766981146394484 9.415438875907592 359 383.9859359264374 2325 1 -4.961491795645935e-07
 -13.15960676977369 9.833587540675596 -0.3212486296876431 225.8014924487457 3.994404423226406 0.2824385907688799 -2586.864822179901 618.0756208287736 857.9616989760747 0.6755706697170959 29.36524665880403 2940.548767533916 1520 127739 1 4.644216716184543 0.2503023440501333 -0 -0.3709105078458972 7.345808370355455 0.06673417999182922 3.747690758432145 0.02039705834163323 -0.3574259783811988 0.02280260399712157 7.115406320105453 362 378.1872761249542 2325 1 1.782299181392056e-05
 -4.857623989836321 0.8703674938321749 -1.189211440451179 0.1495737297555103 871292.0293204479 0.1527937878818207 -943946.6109524969 365.4871476128073 296.3282132276558 0.06990064264064433 50723514625410.93 2979.916613496277 2151 191663 1 -4.639029940098842 -1.772713645239682 -0.6574822344129982 -0.2483736003686872 -4.198227739953664 -0.4333382879656097 -7.06717611823761 -1.215688446675127 -9.46833763760981 -1.481172810820954 -6.920065718194948 365 574.7904498577118 2325 1 2.15362305672165e-06
 -6.681635792233399 9.505424944583712 -0.1211843265084665 15857.96273403674 39294.85662621993 0.0503409988882528 -1.072424451819159e+18 12878.12761734401 384053.0554516232 0.04968365035777084 8.706665238470017e+17 3063.842398137436 1531 191664 1 -3.888905724287183 0.9388779696092553 5.589525398801436 -0.1274465361826484 2.473659270305733 -1.81203099199046 7.359341297788049 0.6733900522714307 8.784217594431498 -0.4182582857302455 -0.8715102242879906 368 569.8735949993134 2325 1 6.428549051337333e-06
 -3.478226268719283 0.1804946480311098 -16669.88769007576 40667.75782175607 183772.1206665346 0.06182714890389431 -670475073447863.9 122.3515555045262 35.97638013437375 1.358155731951777 6.060686405229449 2865.975233376969 1977 191653 1 4.307392157817996 -0.1163502240401276 4.494879917794883 -1.341195698799654 -9.573149839186417 0.820281884060591 8.169483746937996 0.3196393832075221 -2.242759643830668 -1.06107658209577 -0.01534567809455289 371 573.1256110668182 2325 1 8.817682366683107e-06
 -3.473971119628284 0.2389648583549668 -295.6385748414448 26654.58635597247 36947.21398341758 0.1847693329123225 -49316.2339608503 78.1165357286783 19.40268669568757 1.860024080438284 3.621558313619539 2899.185817995249 1068 127321 1 -4.553391232595946 -1.399793758999818 -0 -0.3862116091214505 -8.384401977164998 -1.593107993451505 2.491292053369913 -1.355771502374092 -5.984962102802981 -0.5485449273636362 0.8795649122902907 374 380.7533400058746 2325 1 -1.154192022394404e-05
 -6.19041544598063 6.722115286804812 -0.07376160321445528 47025.80605610054 321256.1966010891 0.9581684365254121 -3.237408848793889 910.5898512754858 1915.109957460033 2.80408934889986 2.735984825535982 2862.120984190283 916 127754 1 -4.326553475067258 -1.861434482229365 3.828276747524732 -0.728578043739363 -0.6845173057838565 -1.718202386730217 9.867734457738949 0.1910012020806095 8.814240477889108 0.4290181459415506 -3.652360114482343 377 390.7647089958191 2325 1 -2.069610873417066e-06
 -3.594895531647792 0.04371915863212048 -4.658532759626336e+19 0.1633639119134686 -509904.7171548915 0.1199156748062892 -256255968.066436 14809.60581499105 467943.1016736904 1.216210766418643 13.22055127451384 2969.962269563513 3336 127771 1 -4.069245713740802 0.39990365592578 7.760130495634696 -0.6106635964235005 -1.669583049299028 -1.924429822930502 -6.812608141546935 -0.01891983372232801 -5.543964979241125 0.7836718005377072 9.069166136406491 380 383.3874428272247 2325 1 1.966680608234219e-05
 -3.268948634093077 0.1682834975240351 -82871.72479318276 385.9581794171783 10.78569686228026 0.06081081620792754 -314704332984048.3 46913.04233302179 5408209.676947285 1.590449394232555 7.124362917940558 2904.433179183533 3624 191633 1 -4.317874542981767 -0.2464249640934844 -1.522676982775018 -1.81070520236753 -3.585131616515307 -1.011080386947542 -9.453439488105639 -1.548778937713691 -2.272743087690665 -0.2352506253508331 7.833498223932972 383 577.4586679935455 2325 1 8.304393966103679e-06
 -3.785575679893485 0.3225763806422173 -321.0325819236306 2.695074120598391 0.1817887394904873 0.6171367882880724 -25.29703144644393 100.8904203788226 27.05620137006428 2.389724594093118 2.243865956893587 2824.825068895332 1884 127767 1 -3.773342316258687 -1.46302796947595 0 -1.056580872098197 8.894635203201464 0.6207326267540569 -8.679360153876832 0.3672582371453292 6.539548790332042 0.273057357895202 -9.47117497668247 386 386.0216429233551 2325 1 2.617400724209386e-05
 -8.758917378857971 10.5758407007885 -0.1821849819619937 0.6102387067651585 -5.0505774845903 0.335366608269322 -406.0582927448099 55.67356737525097 9.576904670178186 3.875010605359297 1.492498007290704 3114.089874006234 1950 127763 1 4.600239538881487 -1.058462534101416 8.132613953188915 0.06354227883041692 -5.637634697570384 -1.12109093199326 1.868777117752994 -1.932538746919248 -2.633239279245776 -0.592636745164044 -7.837906332871514 389 389.2611560821533 2325 1 3.777647534081773e-07
 -10.49178082031654 10.02466971493298 -0.2732210291275575 0.2733583927754619 -3355.498025621161 0.06437758483868625 -5.204545781033925e+16 49.46134418529593 8.305700212216305 1091.708629402532 1963.380637160965 2930.409408454624 2984 191619 1 4.668513337921636 0.5034100392119266 -6.645088516350415 -1.191703790989561 1.033409185770293 -0.3305004989055078 -8.136002435895572 -0.08253539551209868 -0.8668963237694394 -0.4359519527642561 4.99605823404645 392 573.5720529556274 2325 1 4.145282584810373e-05
 -3.62335980516718 0.3304041734222157 -43.48402309632487 1442.316077304333 131.1626738895129 0.2003987922017485 -16780.75913759274 93912.13312449053 23881541.38232241 4351.270417549883 37948.63066394752 2935.132155558922 2256 191662 1 -4.126011930656458 -1.000067416888671 -0 0.8988149258051856 -1.731546187771839 0.3320067293431439 -0.6505524200915649 -0.4986004798605297 5.689038364879995 -0.865301484437845 -0.1444077439074034 395 566.5812849998474 2325 1 -1.827617124677555e-05
 -3.169225647179768 0.5467279993096564 -5.42298591806803 0.4418063835163683 50.22460637327041 0.1626229557310871 -339897.2677607388 1322.283110163219 3115.513527765761 0.1151205937349473 -340098395.1210445 2974.332028343327 1081 191631 1 4.425567580621497 -1.444751052099075 5.065043947002163 -0.04978458440075072 3.833853579742201 -0.4651179029041863 -4.911933498632495 -0.06691981842428167 -3.119997994614545 -0.5729414981960677 5.020766030041774 398 575.7029950618744 2325 1 -4.16339174306282e-06
 -11.27865220860754 8.392040218992658 -0.2271666446764869 26483.50401541838 57556.09192933237 0.2784736172567388 -2088.706153738937 365.3997172390813 289.1428820756107 1.283628369599861 17.96298540757114 2756.593914271426 2324 191641 1 3.954872713624867 0.5148211903055158 9.051716576367619 -0.3856686799593483 0 0.915879408701624 -2.55210524690645 -1.49695647234648 -5.715433737922027 -0.04777836468958265 -9.451560739620509 401 569.1795430183411 2325 1 -6.402089392989596e-06
 -3.374330398744224 1.168049001579281 -0.2183725328034064 3857.399032083062 2734.765873477904 0.8114169678101698 -7.138520662668373 379.3935441683676 340.5375578793071 2.49752379548015 3.363282977459332 2958.33630211327 222 126911 1 -4.685431483814466 -0.2486570500127154 9.998709928680215 -1.849036154252916 6.56452190401363 -1.122342117677484 -5.909918458939736 0.6792321294972399 -5.772527465562814 0.9208951625385962 7.435361809292969 404 380.4636380672455 2325 1 2.232836090739428e-05
 -5.673123622158797 4.193596766483945 -0.1015869060670197 38339.11523800693 184345.8934718441 0.06600679481390223 -1266144372413099 796.4512546960893 1676.888355472119 1.148114105296475 30.1126964464377 2832.515137087662 829 127450 1 4.613486601392475 0.3804807320059664 2.952700812497807 0.4750736112627751 6.052824137562172 0.582793107781689 7.208288844520965 -1.390604681047203 -7.344817137274966 0.475256881023312 0.7191653196669301 407 378.1999020576477 2325 1 2.595343105924277e-05
 -3.652726449660995 0.5130188173334547 -1.132923358095639 15227.62002054528 31238.57151842607 0.04540403197146117 -2.595921791303692e+17 214.4485871346133 124.2921817417024 35919.19477766431 1855618.080628871 2960.054952405018 577 111760 1 -3.944475770202653 0.002328440129199188 -1.302949220912339 0.1643065771492029 -4.082409586443455 0.8682337872814836 9.85926457234749 -0.6953055901688314 -0.01884042203378966 -0.9501370828338542 6.221370706230219 410 347.5097479820251 2325 1 -1.870649136190806e-05
 -2.934604436960031 0.06018431185861958 -27427748994252.82 87740.9576512151 839824.8237344647 0.08269938859645404 -122516243378.5284 57.2800906720575 13.22285823614141 60.22775527260544 15.12110212306518 2779.810755805559 2593 191621 1 4.614080312079139 -0.3511729042369361 0 0.461374206957768 3.534947877282254 -0.355824643388817 0.6093469370595432 0.5918764488114689 7.54306404278298 -0.8284790995299804 -5.280050672162386 413 563.8829338550568 2325 1 2.672938491145196e-06
 -0.08907738844582586 1157.392332889564 161.2258231347404 1566.842866763229 514.8577455032489 1.571302722761155 -0.6643416713196195 2412.62530868346 13933.26392532291 1764.674309954569 -2727.035322140055 2914.22585221234 169 191441 1 -4.517141634487768 -1.474261561587671 -0.6147152793127004 -1.888039556126049 -9.284489684310119 -1.267544429343265 -8.528711425175207 -0.2456111457924539 8.662013296607727 -0.5581294978342859 2.505428278935538 416 566.4842641353607 2325 1 2.098134995878647e-05
 -6.810067593855464 8.267289635873626 -0.09140087410090907 0.03740859031580413 2.083222357888247e+20 0.03936699150094047 -7.494602267833799e+19 117.4606429219585 37.87244741781766 0.4822231882387081 160.0202192952704 2951.288014305556 2503 191632 1 4.199571152900629 0.1379409432989878 5.671873465731958 -0.6548989087302903 2.524518596893874 -0.2758064723698226 -6.123723821596966 0.3832890861057328 -0 -1.253689522468703 -4.79689947530899 419 561.6552069187164 2325 1 -1.649727085133874e-05
 -2.984495770132879 0.3357957293039673 -203.326729657681 559.6536821645648 -22.54920804570544 0.3647936591362231 -274.1806347254151 46392.20398625584 5715606.792517796 12193.49605906575 215748.9046809959 2760.473192271641 367 127163 1 4.454261423119409 -1.506754715927076 0.8401336697696942 -0.8539360496740134 2.712021722479697 0.2181045473190544 -6.722617870528294 0.3233392124727477 -4.372620153371971 -0.8811629038885354 7.598147807424564 422 381.1290571689606 2325 1 2.587264671195216e-05
 -3.101560440800407 0.05287011836375396 9.590199191428432e+16 74498.53832932025 1681325.230150847 1.86810514842939 -0.8718266093125924 163.3458056294106 88.59168089297688 1.09634994115142 21.06847142763034 2995.000840877437 3514 191662 1 4.495007186619283 -1.475766948600562 2.187231415766259 -0.5451885000016103 4.605857764465206 -1.882551192893652 0.3802133073313465 0.8694886479966502 -7.70275891293417 0.8757681690428187 -1.718530250290873 425 566.7758078575134 2325 1 2.564112631491797e-05
 -3.377154883706416 0.4743765170755783 -13.68412600035671 0.03952478907605426 9.988998592754989e+20 0.08450610203714048 -72430423312.48035 341.852443232732 329.5833668307163 0.1578408858876106 4597254.327225428 2925.426831477073 1343 127755 2 4.620021373671603 0.161093878450778 0 -0.4011086471596598 1.548679449665744 -0.7554456188392331 -3.229257649498707 -1.182593799732614 -9.504219483315882 -0.9239939098475602 2.968972191219466 428 391.8971819877625 2325 1 1.154987911804982e-06
 -8.160653434499167 6.99360386004623 -0.1613247261737611 5.921552939046448 0.04968510330076691 0.9967229020511504 -3.380924449460291 18835.59272049815 813888.1240697836 0.6874551062642708 118.9665423720543 2883.472309064689 2016 191654 1 4.585492469247069 -0.6890445159109966 -4.345991089024445 -0.9279803954107066 6.02517180301799 -1.692002971183991 6.268295261986411 -1.770312688734122 1.561532966371604 0.4816060158626554 -2.210806567809565 431 560.7427179813385 2325 1 2.017366037240958e-05
 -3.165497481035611 0.09813878790801081 -454247887.461199 411.207617639256 18.88659788052434 0.145590254605783 -3563355.917896599 1862.420671336552 9792.177871012997 3914.129718140405 19895.86068545697 2939.60086169184 5592 127774 1 4.668384956352547 0.5237130196540649 6.854599559823027 0.03875649676360914 3.3539778618976 0.3325694592314398 5.26898368397045 -1.356806072688581 -1.628335075229665 -0.7879534705963023 -8.057548714109059 434 377.6359171867371 2325 1 7.495058394769021e-06
 -3.207939743438069 0.0333261689916524 9.999623589438371e+20 191.1422134582523 2.577682322327089 0.2728525280746041 -1623.676376219598 73.50800072740564 12.81110915552299 0.03817343304398178 9.993898652503076e+20 3063.422936249993 1211 127710 2 4.321100145145905 -1.038785894235316 -3.991876432620703 0.789838504870997 -0.2674499744510994 -1.009474748575712 -4.692119862338602 -0.613620648705302 8.199030488616271 -0.9488519270590334 -0 437 381.7875440120697 2325 1 -1.669212031274138e-05
 -9.670706898100439 8.097521002579027 -0.1888486648672718 0.03958246517974196 9.937735466135451e+20 0.3289155934823876 -551.618843391701 2806.191404238074 21190.1663313811 1.454587213219097 9.706842778870973 2926.571383463143 2230 127767 2 4.481828515134963 -1.001466349632372 0 -0.8098474321301037 8.131525044336472 -1.825338976785961 2.513422280880059 -1.925941771031178 -1.742237668475205 -0.09840610266838291 0.5615150330467302 440 378.5769619941711 2325 1 1.073197548228639e-06
 -3.309868058540857 0.0511926658165173 -1.198336903957824e+18 3.338227698092569 0.08659422320622383 0.1640760522263756 -4901269.014826507 1373.977831277612 4228.017927260758 2.027182789586205 6.273425419402199 3017.790183847012 1165 175653 1 -4.532988333668862 -0.5800721771426733 -6.636342637552286 -0.2019481576765277 -4.084901670007461 -0.499085905348176 0 -1.355919142165515 -8.500986315043944 0.5926371837591966 2.451607764522459 443 510.0760049819946 2325 1 3.24304284288457e-05
 -7.966676030778197 12.67533482849256 -0.1892647190393626 295.4853364059031 10.31145883254451 0.143008137918576 -3690622.843185456 1537.968458630419 5701.052623973068 0.04927242104076657 3.88592512878047e+18 3032.332614424803 2134 191620 1 4.407804633063597 -1.002338747565411 8.558499437187461 -0.07065642442359098 9.222452048215187 -0.401426361606136 8.737694561213306 -0.7139396696618343 -2.323371767558405 0.1245449137706082 6.776844235914896 446 560.7256729602814 2325 1 1.782192062108309e-06
 -7.111689782652316 7.782353768882655 -0.1141163324779444 24595.41296871417 48712.2209398171 0.07806696429230728 -986253482664.4015 41443.08649228526 3421639.534514322 1.154481511906105 16.55968208198861 2959.265723326474 2656 191658 1 4.593393111719438 -1.362914379588755 -7.770880079573764 -1.222582352662512 3.682296878696603 -0.9629384140565245 9.600707875162419 -0.9978502406524967 -4.174007605086998 0.7161442737603418 -0.9632006850829096 449 563.4389309883118 2325 1 8.224848378443922e-06
 -2.558730109482382 0.04145222251850637 4550904943917015 48294.62149293708 280480.5374460692 0.2502586416999524 -1782.339667684726 60.68779094656416 12.95763827747117 0.03803209428904667 -2.087570806800009e+19 2859.265769433923 1672 191655 1 4.686583816290928 -1.048823542899241 0 -0.3404315067706776 -0.1292698982043969 -1.434067380381772 5.119463973863331 0.562981372578637 0.4690668293083018 0.7175412816810534 3.17930594675177 452 562.4427239894867 2325 1 -2.502131228852809e-05
 -4.90391093018337 3.493852702029572 -0.06644277927152432 3.473463674494729 0.1639335180969543 1.094222518264568 -2.016394524635035 408.1392857461274 445.1991886954034 1591.087621577772 2485.590139688942 2870.247726580472 4720 127770 1 2.898481505329665 -1.116102538236037 -0 -1.691919656822839 4.067579213273124 -1.025600181559351 5.904045727150671 -1.987526756549424 5.797733917974272 -1.703981854061321 5.13895921410193 455 381.7219700813293 2325 1 1.39593848309232e-05
 -3.978195085714814 0.9097840298295079 -0.8100268763146463 0.0675229508030093 -495396631693.3668 1.787189693617294 -0.7879163374315388 66.87254430693427 11.430597343436 71.95988542821433 12.9379818169138 3049.625426090866 712 127692 1 -4.669545751272337 -0.1599812275154653 -2.705707387831035 0.3430501924166411 -4.325469574990657 0.5995504565325511 -3.118691656354087 -0.7866528357243752 -7.573194387938379 -0.0211657168948856 -6.862441155138551 458 380.1018679141998 2325 1 -6.848420217196542e-06
 -6.257172139014235 14.97702233593354 -0.1501422992825425 18161.55385484041 4131.964745922703 0.05243013879222485 -9.243436186834026e+16 18761.74951175504 678455.6410464245 37462.0988860517 -1399814.083200418 2866.283373622607 202 173142 1 -4.530797956918112 -0.08353327593859297 -2.389930122886499 0.1054357002070154 1.030308190387414 -1.822757751581902 0.7258917621011722 -1.346404264068042 -5.857698372649034 0.1709720802479548 6.996213692952361 461 515.043338060379 2325 1 2.722216761962387e-06
 -7.158877273984602 5.077556015874034 -0.1209169067222963 4.029863377857293 0.05204283447869167 0.08391494947361255 -6949306802.529461 237.6724720896085 140.4203186111601 1.896665967299862 8.793621613853883 3143.455772504993 775 191517 1 -4.259369576073887 0.8563780132354246 -7.255813225863127 -1.888396320740481 6.980902664442477 0.9360410251893714 4.406384481179179 -0.4004128444102966 -5.279592827188644 -1.92450811964081 -4.703344033536512 464 564.4125521183014 2325 1 -1.487307646147434e-05
 -5.268822602630557 5.364141982362431 -0.06478796879565044 2.054262168172603 0.2449168677984919 0.4716432130411713 -104.5957574271723 372.1586886685809 314.6124054779212 2070.546728490547 8869.686700082824 2849.766610625006 573 191555 1 -4.51625153876953 -0.422074812836561 -0 -0.7105910320680877 -0.05564302703822666 0.5724931976205472 4.348432707463656 -0.3423229084194511 -0.5247981181200383 -0.7848868802305669 -0.3665003688102897 467 560.4801487922668 2325 1 1.567696164600025e-05
 -3.183149551143615 0.1950907813299785 -9580.737243449863 0.2308171571894408 3567.277074702491 0.6118159456623259 -27.30276130862615 10887.19376589401 288718.3197953945 56.58379862735226 12.20157680804356 2843.490041965129 1200 191276 1 -4.596879212079878 0.9856915378854628 -0 0.4432964923068696 5.757877211040178 -0.2140612552650829 7.331680090537082 0.3855077122088333 -6.043914612079522 -0.5718407487101693 -0 470 562.2681550979614 2325 1 4.86090475167668e-06
 -3.268621074788714 0.07674326925584089 -6516058518.755016 0.4624834421618231 29.40406027146116 0.2066285267018205 -24714.44253141155 272.5697708367849 184.4860986256341 0.6756155305906328 74.76489452058311 2858.94669299117 2887 303411 1 -4.584862496886755 -1.436074857196763 -8.916257111944871 -0.5763535930494692 -5.515007067958773 -0.3387850748833738 0 0.2833405147046282 5.323535590344145 0.6602619878280929 9.465157291258855 473 886.5404908657074 2325 1 -6.245765917170624e-06
 -10.01088991995664 9.005943240221685 -0.2069092435764718 0.4439180526423974 -18.2992447212576 0.1371726069712952 -32403023.18114012 71.15609439152657 16.55732386222657 2254.984908370752 11344.48314212974 2865.397077545425 2351 127775 1 -4.203970714512847 0.5245814818121164 -6.406446198915821 0.1017299053485061 -6.83899947860338 0.85566234852925 8.806881568248645 -1.544670015020317 1.781694714722732 -0.5642565986573063 -0 476 381.0869479179382 2325 1 1.677836280869333e-05
 -3.668945585828559 0.8735948690671622 -0.7616736969031247 2.252750010435101 0.1626671030034211 0.07467280303060492 -101228868696.1805 53.42648847698327 9.99923546807957 7.009999785935858 0.866848718357879 2994.891482521517 580 127730 1 4.24887686162032 -1.263514167569005 7.798013161257218 -1.00336849476962 5.44000598874398 0.2440609722516602 3.926433977082621 -0.7263663839773198 9.053941551920852 -1.667288340637479 -9.825467806639924 479 379.9766879081726 2325 1 -1.610887480945427e-05
 -3.735802570727027 0.06410593578140827 -45784684572660.8 5.216554655919152 0.07793434367322466 0.1834371348447294 -306680.8501517127 1096.537188155881 3652.967752952341 0.1527876570374279 -13119685.6220818 2941.386812177629 3719 191638 1 -4.314242551074778 -0.7971931178674367 0 -1.857417479557742 1.871029916725919 -0.7442090128266194 9.292039617383214 -1.159429549907892 -4.786172651359513 0.07104137520585807 -0.5890240544216825 482 561.0667600631714 2325 1 1.642047971614407e-05
 -5.35145665998919 12.57514437886875 -0.09053565021706034 174.7040578890953 1.402892595192456 0.4734181494620486 -12.73873813058994 69.37521366680303 17.56679465402334 2194.333631231858 8210.827852174627 2932.184529769585 512 110738 1 4.66565528449069 -0.8621039918768254 -5.357124046969778 -1.908355900232531 -4.601534153268632 0.2879366763617766 3.412545152492147 0.3815210148471797 -5.223230822909154 -0.8955306147478446 -7.231526637549308 485 331.2212390899658 2325 1 -9.769268482142474e-06
 -10.26392849396841 11.5893132245136 -0.2440594558673802 23203.87508953437 38454.85461141121 0.07405125583916213 -22819647259118.39 300.3960028406589 170.7390736964247 0.06547891232546034 2.371667311910034e+16 2891.035714643257 2112 127743 1 -4.607180293198363 -0.3262413576791223 0.7532717454010465 -1.662026972737258 -9.365484318487457 -0.2445392356493716 2.937564414300012 -0.3706219894610002 9.622427364534216 -1.894115531720318 0 488 380.907970905304 2325 1 2.874423744182358e-05
 -3.371000536244431 0.2672788543903156 -551.4121746572358 239.2787838751516 9.121409558379641 0.329375612534512 -109.8602171930993 6380.464552006832 97085.25977589897 4788.555434110214 50569.97057224641 2858.538123716979 284 191504 1 -3.061007322714614 0.9492477719693215 -2.033225227114392 -0.3579017428814036 7.429985025198064 0.2136113205323897 4.05933520851731 -0.5688183329646055 7.603609401333946 -0.878893200682926 -5.680093791494405 491 564.810821056366 2325 1 1.581116089209983e-06
 -3.592647521012693 0.8574818541900169 -0.5894848766569857 0.03778689118977389 9.998527548951724e+20 0.2824313125216762 -1302.256188700169 3029.736540613981 24948.15951736589 100.3368530687802 33.2285960207368 2940.934084448092 1064 191629 2 -4.061620785506283 -1.503996196175086 7.787016018768355 -0.3876966464427714 8.989272392984647 -0.06800530001959441 -7.384751246968611 0.08915612578258612 -2.319475630756268 -1.066565036679204 4.85333471133315 494 563.655524969101 2325 1 -9.019631412594423e-06
 -3.791913959376747 0.1577624288313917 -395000.8049587051 122.7864091955186 1.244729096195434 0.2665285312188335 -4653.386666693851 97.66453490466731 25.88680238958968 22578.61810759955 625892.3141147334 3126.658952524916 2699 191652 1 4.579274800834026 0.6107793181532721 6.20879774491587 -1.828733105394999 -9.075450900378327 0.5992833683718928 -0.3394008956853884 -0.5993235255927374 5.677861905085718 -1.98899509082335 0 497 565.1833789348602 2325 1 1.522286628905095e-05
 -10.53947252733313 11.53820987380969 -0.250062650166732 2.781045563156502 0.07454654783598644 0.09988608417274236 -423256113.0862494 8516.18748316556 147744.8319188073 0.7415911085367705 91.65723037946243 2987.459600426143 1782 191647 1 3.879487435270056 0.4038833684582013 -1.455640859514015 0.4632160514068726 -5.636129901396107 0.5805271295065593 0 -1.920193441661167 -8.351544228178792 0.882823378620011 0.2394753185507068 500 564.9242589473724 2325 1 -7.1508039619135e-06
 -2.906353941554558 0.2798611983267322 -79.07801845646192 394.4319764027335 14.10354301091277 0.04263356172938161 -8.437124184634478e+17 44317.35658467142 4991770.829368668 0.7419755523563566 84.4783403676923 2939.183620281721 1233 127755 1 4.115188199681725 0.03406434564525136 4.132593326807473 -0.9924110581859127 7.455231163166459 -0.007227171781234915 3.647180902205874 0.2317108673762326 7.255359963168509 -0.703846846012695 7.434338848751104 503 377.1154320240021 2325 1 -2.163903837072082e-05
 -7.131400918909015 11.49818268616062 -0.1348354049922565 0.3018554800362778 -241.2174534423961 0.1370808460799054 -6467850.264805038 4280.113737643118 40923.19040589198 612.6740192172686 928.6666087901866 3112.17483115106 1660 191660 1 -4.603654664036294 -0.6201487734629501 -7.452509809457529 -1.138685403282967 -2.738958279922699 0.3279918311859178 9.240625737398574 0.7815522070710976 9.479411502084623 -0.5064741312935759 -9.282960200431454 506 559.5336670875549 2325 1 2.923657934771787e-06
 -8.460888766822523 7.449856172758009 -0.1397607599426215 0.05879028551433272 -457007900359168.7 0.1148790272557031 -106250580.6437187 46.10108940424502 5.579079472225498 0.04682776150473699 -4.192436815720231e+18 3041.968287426139 1832 127759 1 -3.836397695100671 0.4749342431897827 1.177584938368006 -1.106685371875034 -7.130136300899164 -0.3970699318372599 -0.9676134467766735 0.4620440760363742 0.6249942320138708 0.1743627917944522 3.786730145326922 509 380.4961478710175 2325 1 3.634920224122956e-06
 -8.182426562530926 12.31934546945716 -0.1827361993188084 1.816441878494573 -0.1481010525362982 0.1353257997081447 -3800413.519566996 358.5038421044792 294.0740809516921 0.03879260184708443 9.996213759936405e+20 2923.844185873906 2541 191651 2 4.413350393512632 0.9132535673146793 1.983256855014929 0.3267540761187506 2.591068997427262 0.5630008938096513 6.730296515069655 0.4627406579519738 5.213503647345901 -0.488053024924799 7.861422659060601 512 560.7806899547577 2325 1 -1.135846949110297e-05
 -3.922904153366448 0.3665924027203217 -29.27282775536352 0.03890764151146129 9.961283641139935e+20 0.1245248742206555 -22144202.19681537 8115.181559404461 114818.5426627489 1.040661022919446 29.44215474025909 2905.11457402431 676 191390 2 4.6691771708242 0.7394273349928633 0 -1.08474790617076 6.871208016503051 -0.3943442605966486 0 -0.8440945280578731 -3.014437053691641 0.526866333078535 4.51254173807887 515 564.1236348152161 2325 1 -7.71838571015416e-07
 -9.134371359097448 7.290390714509849 -0.1860808150389417 347.908961183692 8.805273477417362 0.2391515678882274 -13872.74522180271 69.7963601760102 18.73266943182359 50500.30300073355 8946117.287955398 2832.922024412457 2122 191664 1 4.198719594472756 -0.7076687412902345 -0.9002688056568187 0.1468453768925184 0 0.05063581763989777 -6.833891320536775 0.9714136234924551 -9.314013894825084 0.9272893770690414 6.059495196365967 518 562.6553840637207 2325 1 1.048914045282904e-05
 -3.857159812701215 0.9162512309690131 -0.9031539290091017 2.095430294709126 0.1088985840627906 0.1133318873644381 -93758409.17668323 9608.811032892399 194841.4289954449 148.2901960616985 48.23871778711145 2876.000453743283 555 190789 1 -4.437435853406084 -1.403067622768031 5.475489363531405 0.1270264497264275 -5.530711983920526 -0.4409771090873633 -0 -1.155168043133293 -8.501487777877905 0.4305370350311475 -2.135177015418752 521 567.1907930374146 2325 1 -1.177788627940851e-06
 -5.923486981120348 8.517143140084734 -0.09606862215100363 1.784342664193621 0.2523976524773301 0.0963507123909703 -5714047502.243108 389.9977887812272 308.9222131701983 0.7383707458651951 65.24456537399332 2889.477184497798 2339 127680 1 4.15964233898274 -1.042975595074439 4.846920104527817 -1.212219330435619 -3.025088213068264 -0.1856206667752361 0 0.5091474166470347 2.992085910564931 0.7951020252410408 -0 524 376.4204399585724 2325 1 6.958144463095462e-06
 -11.57652180163998 9.709480583627965 -0.275623641775413 21.52534769005664 0.1873539799757643 0.08266322687400129 -32448034910.90961 37135.08188372195 3292378.537919305 67332.81494771918 7156619.378168319 2962.9890544762 5941 191662 1 3.698710153186927 -1.409897442847778 -0.1187959632416997 -1.627605466309999 -0 -0.07785266372360947 7.276385073069838 -1.924700978442099 -0.1587181461708407 -0.5355115063554319 5.704042617057178 527 565.2986478805542 2325 1 -4.776838853046939e-06
 -2.59133917615795 0.06746821085730177 -1403425203064.233 2.520880319963028 0.180430537630131 0.04939669131515599 -1.174149711893794e+18 46.14973688822546 8.381989282718989 0.04898817938055115 3.265336375342329e+18 2939.953270775422 3649 127719 1 4.067078579477252 -0.238889647159457 -8.503068754407879 -0.1127143356899687 -0.3358864633108687 0.9326918957700912 9.900260016925277 -0.5812844304265292 -3.505263659000936 -0.7193138143380136 3.154188083893159 530 378.2521409988403 2325 1 5.522615953609211e-06
 -3.991980991445085 0.4035947523508305 -43.11967207264344 389.1802305427885 19.81928779169195 0.1234981133540212 -41434809.68134699 833.1911650024092 1674.140510849061 1157.973346532868 2522.411206119942 2888.097034318064 343 191552 1 -4.665542644714737 -1.068222139647443 -3.310140219272357 -0.3490886259428114 5.149018348704634 -0.156710088068329 0.03178710849330724 -0.1218327837410671 -0.5915867382996183 -1.131961866822241 6.155134524002604 533 560.9634320735931 2325 1 4.465145653404709e-06
 -9.822761808451101 11.02479045673511 -0.1948657423936655 0.05291892002007667 -6926801980582636 0.07208117587629474 -964453760397.7097 4335.184494182206 37685.54091933207 2.04008386289454 5.185239595472344 2699.949759509058 1165 191648 1 4.58685323738255 -1.476616192525799 9.14984491752859 -0.7365237899546466 -0.1443057575046591 -0.7250011938841192 -2.777715056838876 -0.2962319229605042 -1.763811835751903 -0.4697759182411598 9.199681316648135 536 566.3195109367371 2325 1 -4.315343221838618e-06
 -9.686986692401613 8.384424877203257 -0.1884429518549271 0.2588689335683758 -668.3273101570571 0.2231675485738151 -3982.583183346296 52.765857126702 9.746487492572038 1817.280082403705 12044.28134889831 2922.683797184364 1832 127747 1 4.390793965641057 -0.4400970142876055 7.427907865452251 -0.309600881245693 -6.31518820296716 -0.8505245046559393 2.102189484220872 -1.520229282727352 -2.906957677812191 -0.6662567354865523 2.298010986816338 539 376.55943608284 2325 1 -1.516952782658911e-05
 -3.038652590228864 0.172176272790276 -63091.95004223827 23198.49822146234 66364.14439768632 0.1542456328972618 -1876857.54468987 137.9565578012807 41.87731265748673 489.6207583466233 286.5131619672969 3007.943898203638 1784 127643 1 3.439568831047898 -0.6965548425108441 4.097122181384026 -1.708436696497602 8.432078919355382 -1.883071116942185 -4.196482661187702 -1.115487168998088 -8.989315681905826 0.6568744654797913 8.267224035966219 542 383.8752379417419 2325 1 1.591441241930079e-05
 -4.610445045429704 2.501327859919102 -0.1276662408304816 0.2035428295669805 9459.496336298915 0.6003420772659336 -22.288305150732 6258.941645281542 93768.64293403404 2.398481966561803 4.565308335882303 2851.972535935967 796 191618 1 4.146112837667284 -1.09888688294741 2.489356881443836 0.117332061705198 -3.50758622982786 -0.7855649628266281 -5.296031966365435 0.2481671369191715 -0.7697278262380802 -1.032707643171384 -4.929047896699267 545 570.2095038890839 2325 1 1.276584019301441e-05
 -3.004579985922599 0.2404052704621657 -611.8805502508591 941.9796186103177 54.36962061516308 0.2613034173883138 -2712.728005934108 128.8542956380847 50.96874367249234 0.2732890740481501 -5252.055260212956 2884.474440880239 493 127774 1 3.995784606004194 -0.2751292072396066 9.471816320913184 -1.651124223420843 3.474163737030757 0.3260297570051751 4.637464358356869 0.01198551705788153 -8.557904437485066 -1.270737788183598 -3.748278890185254 548 380.7612550258636 2325 1 -7.583426608205661e-06
 -3.766963483230972 0.9418886317426403 -0.3087721880274327 27.07783333607072 0.2029332417722413 0.2988384182227775 -1633.365392915492 13225.81970292526 312747.9675435384 124.7106911693808 13.8727809137615 2833.584860025024 145 171784 1 -4.50568009958513 0.8419330218099548 -9.687966731628714 -0.6359222034494874 -2.018315184333466 -1.147373324066809 -3.115774534762712 -0.5946752199922054 -8.225290079745054 0.6934714738140375 -9.756541533216399 551 542.1280751228333 2325 1 3.243216821021037e-06
 -3.390262751944428 0.1645760812060363 -129319.3187774188 2564.638453587574 163.8300242432092 0.2346319786041612 -7058.356893175436 297.2551147254338 208.4108797198288 3.902653888000984 1.541299240434122 2768.155962218958 3484 191663 1 -4.56628220434613 -1.421533751043716 -9.083324740295314 -1.911522628929418 -0.9300629856782381 -1.983131354998522 3.974757632195961 -1.061653761199621 -2.251821142079207 -0.9417122173499282 -6.823315486730365 554 543.8257880210876 2325 1 3.450226751109359e-06
 -10.95111359537115 10.27383928681656 -0.2745139741401372 1.438693089142157 0.610811216072059 0.2338225233706546 -21341.10950161494 1402.138452587097 5433.985196294576 11487.79624329393 462367.1630466299 3055.217369308506 2779 127715 1 -4.625317764260885 -0.5366320712090387 -0 -1.687938863993165 -0 0.4893248246225106 6.867230212385449 0.3118645239773947 -3.524465162451444 0.248655685255914 -4.425789951317845 557 354.8539609909058 2325 1 1.850333099512923e-05
 -3.362034106321922 0.4081780062165755 -7.669444289584124 0.4652387650467641 -12.31901632813753 0.06580383458960029 -428117200679215.8 445.541715571761 405.4836827833653 1.473418067605435 3.532256818329169 3065.70991960008 294 173012 1 4.019038629880142 -0.1281573387079034 0.6844362192566953 -0.4690223532911517 3.003935917823461 -0.9194679906494505 0.5726651386121375 -0.7803475170524088 -5.82910882677534 -0.8114843690968092 6.003412744015026 560 466.7715659141541 2325 1 1.992796865416603e-05
 -6.623356731612722 4.372866682574863 -0.1226203026026157 1802.300204020801 155.7641139737078 0.09711817356867143 -1068256494.912971 10.78102716081238 1.484054737191074 0.6299385026367982 274.6278474780864 2681.02302875719 1010 127560 1 -3.962454478203941 -0.7245856578995049 -7.414009047541517 -1.476471118744011 5.340485290867006 -0.6921136631547871 0.1014956447469961 -0.6392426891166371 0 -1.459861550002592 4.733348170417179 563 355.966001033783 2325 1 -7.739356561288008e-06


# name: injParameters
# type: matrix
# rows: 1
# columns: 11
 2 10 0.2 1 1 0 0 0 0 0 0


