# Created by Octave 3.8.2, Sun May 31 07:17:06 2015 PDT <charlie@yukawa>
# name: outString
# type: sq_string
# elements: 1
# length: 114
Slope	Lambda	Gravity	Lambda	MagneticField	Lambda	MagneticField^2	Lambda	AttractorTemp	Lambda	AttractorTempGradient
# name: om
# type: matrix
# rows: 187
# columns: 31
 -10.09794328215517 0.1010272044361361 -95674873.06652656 2460.765577124627 473.6069412455215 0.1838821884694027 -92523.29235542928 436.2910299538949 392.8153912591123 1.658139695907515 7.786110249258704 2941.533986043621 8264 207631 1 4.596240364043758 0.8080770828741985 2.998117120132535 -1.80808167520573 3.988091082569769 0.1616382401751384 -6.348026011833801 -0.2742628164120164 -6.68860564740663 0.01211880779635789 8.774186565699008 3 886.8766038417816 2325 -1 -2.319492358822855e-06
 -10.20085555054143 0.2586730103207339 -693.2347120474802 32.81156740356456 0.190172937344817 0.09249785981787322 -33437469294.397 538.880133502326 758.5178752626729 0.2577235713174286 58181.66737582708 2975.785378943883 1034 127776 1 4.262255603012756 -1.250930351067308 1.327023524290817 -1.0877577432623 -0 -0.2814571789395632 -9.389714893360351 0.1169120459946783 8.774973414336198 -1.782651270843543 -0 6 492.100683927536 2325 -1 1.002550503822453e-05
 -9.725202557033169 0.2806612752471837 -238.2359343699001 728.5787422834856 67.57988164979885 0.06862435920945156 -84158704157838.8 980.0844124632415 2032.165960665921 6.033151870107236 0.08018350454096056 3135.957364667147 3504 207625 1 4.677730893692591 -1.299513598541794 8.312039688937238 -1.35553518298001 -2.075224096852567 -0.3959475332769138 -1.865507370305533 -0.5961528835293164 -5.076829613903039 -1.326419865650905 -1.472503902471088 9 788.6815969944 2325 -1 1.300351961125473e-05
 -9.815811030882966 0.1974560011460612 -6723.267445424467 333.0916462484349 8.017321827013728 0.105888826057752 -668074578.6318865 59635.72781391445 8236747.827151452 1.124189339475789 24.52212879423575 2985.280836925636 2052 191604 1 -4.54126751812898 0.5711231493145914 9.702230489477454 -1.911288387716815 -2.794408275126385 0.956653237256789 8.43156072909243 -0.9618321930758729 0.09754311361981838 0.2008420686061058 3.090670434320608 12 720.2658219337463 2325 -1 4.288904928640657e-06
 -6.092105927605156 9.717547634673529 0.1011748478421963 1003.32434951806 210.5240346749019 0.2623226520787531 -7389.92213802951 8500.309462614165 193360.5384699052 0.04423184056829516 9.999223219650565e+20 2912.86932291218 1181 127747 2 4.420970218298593 -0.328596366578557 -0.4700753711258949 0.7421566156916803 -5.67383826572827 0.4456834553643447 -0.1807974478342942 -0.2960503687292775 -0 -1.176427654099907 0 15 477.9682109355927 2325 -1 8.971123985679912e-06
 -10.18216017619487 0.2635531194762391 -506.5820314200915 0.03836737060144908 8.845811116842054e+20 0.1020526640165794 -504167251.752135 327.4822000516757 268.7115097195313 87785.83797104402 3187356.967626704 3102.025105129659 3277 191662 2 -4.59021997056786 -0.1106924306169361 -5.174444395711652 0.9425962990336156 -9.669969481077397 -1.423889854328554 -6.26336790604378 0.01802930111317243 1.708438139409427 0.4669968806934852 -3.572833469442127 18 569.1875510215759 2325 -1 -6.862318748157691e-06
 -10.47841618155009 0.2109976134639771 -2902.173832709546 0.1604624450974118 -27976.1863806955 0.06573175320885065 -12565786596639.84 31784.37335123959 1922999.523514374 0.04133517572867323 -1.708289669180615e+20 3147.01268705485 1316 191662 1 4.337566547360321 -0.04132939756286374 -4.253634984595847 -1.258354551044757 -1.839824648685276 -0.07574521711053973 9.727405697961764 -0.9149256199723599 0 0.4051419654491717 3.471421505158155 21 566.8498811721802 2325 -1 -5.547273045992382e-06
 -10.17173976264211 0.2981639977597562 -95.95704367340439 247.3777194140944 5.00717632241396 0.08011554167588153 -333301818022.1917 4781.311588564075 50780.20606961357 94.51882200886992 14.15113459638654 3134.820446322939 493 175635 1 -4.004764164065431 0.6571160917892325 2.416299927112155 -0.516945475182232 0 0.9848082946614509 -2.236334835641889 -0.565635169776316 2.818949877498182 -1.711474772851028 2.301507274463419 24 521.0350561141968 2325 -1 1.243890551754499e-06
 -9.332214228609796 2.306498786352922 0.03520218204288365 10046.61017491583 22269.82763291213 0.492310454400175 -111.9872133299647 121.2605340010382 51.72050972268418 1.927410239736815 5.20886390563853 3177.291106539516 1154 191663 1 3.53444526279435 -1.464422344850779 5.949539948806933 0.1068460834613844 -2.152870394370209 -1.992957607506707 8.041380034517237 0.7315589721442426 8.621435378846527 -0.7620158284113963 -4.611433591455191 27 566.3685431480408 2325 -1 9.711064070092745e-06
 -10.20458835999274 0.3083335515809599 -411.3053694312608 128.5852855963714 2.744364205253535 0.09594731852377437 -23574109115.59242 348.0507008011832 306.9353192750194 4.785321638410155 0.7950988078642888 2859.856438228655 781 127714 1 -3.810734609088964 -1.560508099289279 8.939835458011157 0.8255116058120544 0.950879149022263 0.910386793713437 8.806130809668179 0.3622032089498739 8.954951737072843 -1.025402485607555 4.842408872189978 30 379.4485688209534 2325 -1 2.349054616525817e-05
 -16.59775699945215 12.70944634785078 -0.2692354891010164 3.837964118844726 0.05395051211624522 0.1236965643627562 -19284100.03780404 7444.386101580128 139932.5290103424 12335.67019011638 68568.90712048544 2980.630677496945 284 190565 1 4.38353233186171 -0.9627192455968583 1.168424501778781 -0.7713472914683148 2.840122730032 0.6970012804808619 0.7519226928740261 -0.9294792605177681 5.481177415356727 -0.2544056111304309 -2.59946475989697 33 562.8780009746552 2325 -1 -8.917969616462161e-06
 -9.153609388461451 2.7994433702648 0.0330045035814913 20539.39881917088 64090.58071930242 0.09917074269083229 -2832058991.445206 6052.629286627738 116582.6389338323 1.771840189276048 10.18614514522209 2926.324680384363 864 127226 1 4.409193423300051 0.5924691278272887 1.334449141766447 -1.388431918869223 -3.782353154697876 0.1707877065909611 -6.60155674843458 0.3155838873145899 0.1298013846622963 -1.542908482673659 -1.347025239459588 36 382.1255209445953 2325 -1 4.997738453008786e-06
 -0.02141846584080684 24747.54627845153 301861.0021170559 581.9980642234067 29.75298258007878 0.1322510934754547 -49852040.80631354 425.3429634462839 546.339662678724 45730.60085940261 3461424.578602991 3056.050827135148 790 319405 1 4.258345367405346 -1.838736889391154 -9.656377312551554 0.09663033526859971 9.823732670109631 0.9951633896341958 -0 -0.1408657824102688 -0 -0.6088365513876832 3.252434858093627 39 944.0716400146484 2325 -1 1.770613227657221e-05
 -10.14912511374443 0.1797235431097869 -630.7843043291475 0.1636474676836794 44790.31041804355 0.9927315677590876 -2.546810482208445 206.8338958987936 117.6372550826675 0.8728887156244298 41.03181500275311 2869.032934113302 960 127691 1 4.040064721913519 0.5222884203977838 -9.122648161155443 -1.781613568528559 5.782815330839399 -0.05877785343247857 1.900208065897381 -0.3583570766934799 3.390871246182114 0.1343300013408783 -0.5754371140271335 42 377.217766046524 2325 -1 -1.887428813675054e-05
 -9.951300595099578 0.1376955997908313 -50711.16891733017 4.390072769251705 0.05110098777157868 0.08586459549234154 -1677296595.914539 8348.533493991663 191082.949829193 121.6079354022407 59.15002146151408 2976.570985537471 514 191574 1 4.144156287100312 -0.4516342503035489 2.712184156162658 0.2726970716417618 -8.684993653095679 0.8718508355767378 -5.378082951640278 -1.460322745276153 2.109950807061148 -1.92053898142786 4.844736247858259 45 566.2337379455566 2325 -1 -2.509868252749638e-05
 -10.23825260529829 0.1590860542387382 -9442.697416221759 143.909418497398 8.207487773275693 17327.45582614682 -79517.6159852503 255.0077272959125 164.2508708677447 5845.609257825929 39201.06945733933 3007.255828827138 510 127201 1 -3.873255369769087 0.2936089186297823 8.320672072489007 -1.060836218598716 2.035396530770158 0.2283996810189777 9.132896441640316 -0.9340688169123128 -4.751156322117846 -1.915573664017488 7.924509901770005 48 379.1893820762634 2325 -1 -4.124093323313257e-05
 -9.227946403054053 0.03169508057664229 -9.957508674093375e+20 129.9407646608113 3.431705109580481 0.2959323258544712 -749.6579600343034 68438.49244097908 11513272.51168758 0.04441170338161696 4.345326664638762e+17 3015.212319503738 1289 127746 2 4.066812181568858 -1.525535017226233 6.662191236009984 0.1560552562639312 9.392310422695861 0.9593956058695955 8.025802715438964 -0.68936083136796 -3.865515277257115 -0.1661003257920211 7.080185951547623 51 380.9003169536591 2325 -1 -2.102746325243621e-05
 -9.285732108526432 1.93622451541658 0.03764649109136365 8325.31772063204 8181.216363739269 0.2942872197492984 -1606.228011503939 521.1249365874683 785.6876979155171 1.159765885835311 12.83609795189629 3212.364273745917 743 191414 1 -4.41518235617186 -0.640425956119163 4.161160157935564 0.1300763905716233 -9.017327550354896 -1.824163690801226 -7.139519537010738 0.2116998421693727 2.356964617558117 -0.8644719497334714 -1.937859650172962 54 565.3112208843231 2325 -1 2.914694212282229e-06
 -10.6272807283584 0.1143236685108772 -6339946.673506238 2140.923266799337 439.9287407034338 0.2233856777995695 -17162.43030297116 515.5226027385246 599.9422283442227 0.05027838841412801 2.747215555287869e+17 2979.442415745725 4137 191664 1 4.478171285034787 0.7561231715461529 -9.828102365790407 -1.058170067394943 1.213338961492835 -0.5346262797984593 -8.662031385059194 -1.728613313868441 -0.1866899853860131 0.262440572973484 -0.1247002838489211 57 565.6378490924835 2325 -1 -6.296780291027434e-06
 -10.42591499794858 0.2239962722889874 -3551.480705187111 0.1316825213486613 -4075390.27159776 0.1548212540037049 -2020487.359460608 584.9433576865912 997.3545825540125 1.14934671981119 28.88462428627501 2924.286678957631 1205 127776 1 4.53876474829395 -0.6306863849210149 8.550536750562951 -0.1365346677219446 0 -1.828054503534398 2.165151358629517 -0.4259428087294311 -5.379474793187869 -0.5113705521921172 7.129519221979772 60 381.2679851055145 2325 -1 5.751738228655676e-06
 -10.15548708195776 0.07465946365839268 -6476487058.654596 0.3157681674496003 247.2946389714147 0.879610705648355 -3.644364605973813 4222.225158422276 40759.06138235419 2200.350290851949 9404.418266808914 2720.186896942742 4888 191656 1 4.359925546773752 -0.9506609243571287 0.604072528023802 -0.1208026822717496 -0 -0.7558881425493489 -2.736893955731809 0.8980419481663073 1.032923858491361 -1.590066114706377 0 63 565.4481101036072 2325 -1 -1.443587560550621e-05
 -10.76539046739127 0.1035756181767123 -101554532.4590628 2059.020186305132 450.1519630720346 0.1587065021877331 -1327349.8992504 1880.495089452122 8407.028196164812 7252.719066831201 117774.5606795678 2974.436576741146 2048 127774 1 -4.425008710880216 0.35987429131396 -0 -0.2991613668866027 2.045298749921591 -1.521609574721974 7.58732940092449 -0.7771982057856288 7.204521399951981 0.3644714285617976 -1.447140473494462 66 384.2624289989471 2325 -1 1.734558512200131e-06
 -10.03813993835353 0.2716194251792058 -296.1835315756384 1781.969749472978 660.872300999802 1.64858632811656 -0.9597724134744128 513.9731565314398 689.358400401654 2.630909470233804 2.580037940331042 2856.712223419689 260 190738 1 4.05656532263788 0.8623214194956991 -0 -0.9262537516023084 7.580194978015074 0.6751665039252717 9.243812902634042 -1.922227138367522 0.8811801544204316 -0.6139039592775042 4.487746539972598 69 570.4278149604797 2325 -1 -1.276328119898739e-05
 -10.34010223928887 0.3277269289838707 -154.7156628268538 4.430003915816822 0.01930188699326591 0.07724558396653333 -765282121830.4474 531.2539995649792 655.8369268256129 1.76531428745551 1.327006491475129 3017.731510050176 2020 191663 1 -4.242797298734438 0.01541089922325956 0 -0.2714684889887717 0.2101362973867467 -0.9237070806661816 0 -0.3407114313338946 2.704153509470324 -0.3409801400278152 0.6130227838982796 72 566.3927400112152 2325 -1 3.648720445325737e-06
 -3.587102131967037 546.6824603760734 107.8135725333122 5482.957426895321 3390.769843563091 0.04787615098803572 -8.808906771398392e+17 155.6195028076075 69.93450636774271 0.7248918076999434 131.0116485728771 3021.816498073571 1350 191591 1 4.665347862121742 0.1923979204201629 3.81360157008575 -1.378151532688465 3.780458121478413 -0.5376846135993009 5.910460510781897 0.2574106721924401 9.379428178891553 0.5076815038950651 8.162159700448301 75 565.054016828537 2325 -1 -3.668956695899353e-06
 -10.08575115055959 0.1882819007964846 -12986.60652916078 5072.28025967113 9712.386182429324 2.649157135874812 -0.5185615342627085 27046.29931466284 1218306.047565229 13667.49327052249 -38688.04372707359 2916.499469006512 970 191167 1 -2.992786157275452 -1.837625527904294 8.258097466757842 0.6244359649098103 -3.028545480010328 -0.2400918731053458 -0 -0.7648908438175228 -9.451582954524117 -0.1297942843722346 -7.405171425041614 78 563.527006149292 2325 -1 -5.865215439432598e-07
 -10.08143399415268 0.2103397332144299 -4107.348705524268 264.315297176575 10.21727054500763 0.07422258453280543 -473565231691.706 2654.627923844176 17754.9543567928 1.796307032979434 1.299561379299566 2880.097935451322 636 127742 1 -3.559589289961328 -1.830150142618814 -7.629383788901769 -0.1926073561719281 1.833475753541475 0.444676773800885 6.13413575126085 -1.149555904989276 -0 -1.536398853323148 -4.952101898013239 81 380.9008948802948 2325 -1 -6.678453842932284e-06
 -10.77375595571305 0.1192622809299888 -12012892.13355237 0.04184982166322057 -6.517771474869543e+20 0.08647808090693719 -104881252812.3068 1117.042991906997 2879.374198863347 1.70391753249359 3.207455249684541 2856.555921962287 879 191664 1 -4.352067719948582 0.8103020157337602 6.307801050934805 -1.674907062423314 -9.182991134004489 -1.388597666393425 2.97718532971844 -0.3362387549290382 -0.872051632423692 0.7751566073250586 0.4738995613766224 84 567.0333890914917 2325 -1 1.022187660291577e-05
 -10.49639966498622 0.2571565614280089 -647.9394493648999 1623.617723917098 279.7063770446143 0.08092250793846893 -485007321609.4315 1048.183961777205 2814.896024034195 0.09078613829115144 409893210239.4523 2933.886785339815 547 191407 1 -4.21579847478972 0.8135495435515452 0.9188652999104141 -0.9183705825170589 -0 -0.466595813279433 -6.088379448109094 -0.6169943880618085 5.738669875661602 0.5147627780874413 9.185215365691318 87 564.3087918758392 2325 -1 1.130771480786444e-05
 -9.967946792500788 0.2548940497042813 -415.9982972373441 190.1550059801636 -2.129284395407761 0.1512905162138371 -1565168.56997451 1665.989119950937 6670.553732571094 0.869476270157056 80.11879789364903 3135.609652952309 750 127397 1 4.418297758062638 0.5644886449824282 -5.242788108570117 -1.169849884686469 7.27884313437035 -0.8825877845866872 -7.969364725001586 0.7346168363438705 5.263113097016866 -1.336979987633704 8.555943579001653 90 379.0761818885803 2325 -1 -4.181419453329657e-06
 -9.635301074295317 0.2764063121781606 -113.7533758962175 0.5561376166538753 4.706568073891692 0.2226032503311052 -11430.87011374808 89466.43059433467 16209886.95754702 0.1220627113644114 76245177.21911024 3026.383855934806 1209 191605 1 4.674702710624809 0.2159873468271458 -0.145354092334709 -1.672798488081996 8.545047086189266 0.3674784857955609 -1.732580730777465 -0.312140086147597 -2.075115133941615 -0.1194135469589507 -2.229921550383695 93 566.9752480983734 2325 -1 -1.42436980948105e-05
 -10.35684873008529 0.05369165293783904 -117366676922787.7 2422.612530865867 678.9695915797475 0.1481980481669927 -1498156.036407111 36730.86559303141 3126997.035305134 0.07903310186355667 406866325538.626 3017.014216620848 5725 191659 1 4.071699997239046 0.1939410244471441 6.218755963255677 0.1550150600187838 7.871247230118191 -1.953818718561177 7.956231975778385 -0.1449550296065514 -6.323544573682544 -1.172402585069288 -8.309549399251583 96 567.3671839237213 2325 -1 -8.277174827974989e-06
 -10.11015279508147 0.2052656702465211 -1020.531814241605 2.674785643987527 0.1338200972298977 0.5788335978421426 -31.26887711781542 394.8883858954672 416.615648254421 1226.901574474923 3828.205888839992 2901.554029436576 231 191291 1 -4.081216080332665 -1.091287668957553 0.2890894597405445 0.7883320885361447 -7.114590030570309 0.5116718699251011 9.996586820437374 -1.098302626680665 1.105779581635901 -0.306647904802027 7.411712388475381 99 564.7725229263306 2325 -1 -3.456677548236949e-06
 -10.33431385918244 0.1479920600354671 -99022.17001347971 1.851193194029487 0.3942538200080327 0.1709820759529063 -253475.1028497729 9010.886848152575 177106.8300023251 0.04760783853579144 6.805297526889825e+17 2944.804660414423 1173 191659 1 -4.620740556322848 -1.609677321961017 5.64799289824103 -0.9713491288698926 -9.46045047723978 0.5422253551925271 -4.430977544156738 -1.303643967927458 3.180712581115523 -1.034637985768925 -0.8968965113675793 102 565.6520571708679 2325 -1 -6.783357122314381e-06
 -10.01670911531289 0.07217283960353406 -523338156944.4966 0.2688691367173603 -704.3247504632646 0.2356561412760625 -26383.42625306783 17352.99554504559 713059.8952026723 10056.66514583057 176070.147539155 3064.548136769072 3822 191659 1 -4.660252601368503 -0.1924529678032326 -0.6411217117789407 -0.1681042978195207 -3.732094236604591 -0.6604235200446542 -2.876031347745974 0.1063792673488502 0 0.6177694488236165 -4.486687403742459 105 567.2809290885925 2325 -1 1.098442565953823e-05
 -9.631186539752189 0.08959802821269561 -16935865226.91386 2.579265420064545 0.0940503991321068 0.3351838971225941 -1919.477808793779 138.2364234768698 55.93548640879803 4992.103676581376 61268.09091485922 3043.047052134675 2950 191608 1 -3.904308629240539 0.7563304743911945 1.673094483494578 -0.1159612801671175 0.7264839867771196 0.248658591825031 5.939240755917382 -1.000969108013414 0 0.5801813809446941 5.818799457982745 108 568.4297239780426 2325 -1 2.551899827978693e-05
 0.007094943760239287 55304.03100054516 1547367.465142419 6.882567074412304 0.1041060687479777 0.08198434525877302 -80904819806.48685 82.75921545344914 23.74350603516666 1.741213725190871 6.03590903981278 2973.697334666692 3942 207634 1 4.106762154123979 -0.830207875796913 -1.216456040493523 -1.45803040456718 -4.138351357529097 -1.615739705096686 3.635245740627895 0.3536210215244116 -6.422507269677808 0.5763194407439642 -6.909720580082649 111 616.5499470233917 2325 -1 -2.645079109488756e-06
 -6.735180801937368 7.5093275918715 0.07122091151310882 2930.288746334747 1018.999968760466 0.07170944209431136 -9423513484322.408 188.7721958705023 94.73924797789235 51.35657049410381 5.587280054954602 2910.904992325969 758 191616 1 -4.634364524714575 -0.8424810525633006 -2.165558751497842 0.1021102660276925 2.598665033758837 -1.150763958077236 -8.422963367548821 0.3981710285938238 -9.365118670684264 -1.169850626486919 -9.228004543362028 114 566.4733350276947 2325 -1 5.488446844553075e-06
 -10.53017453192063 0.1279401729317924 -4211793.126663175 0.1267410673764894 -6140899.016001688 0.2630758151053988 -3470.140508909107 28066.61163517458 1433223.510944249 1.244786925037127 -6.24261516907269 3023.591440298924 2856 191645 1 -4.681071787557904 0.5839000234722476 4.822292590428271 0.003754279160715625 8.86751042689052 -0.2240288109713511 -6.533220163740912 -0.4498457753587238 6.823475055018324 -0.6231057976779688 -5.764589765821064 117 563.7325999736786 2325 -1 5.898922432818621e-06
 -13.05683230158891 10.14952131320506 -0.1071235800981003 0.1336877631882589 4811409.685561995 0.3478228232145073 -423.2168193751324 2125.461797639207 11602.65925050035 51635.08239189459 7246299.871805725 2910.957607992227 2286 191632 1 4.374708424930167 0.4064199594219496 4.594085086518686 -1.72902315977235 -5.180301163156757 0.06664137531463198 3.037624797578128 0.6327950754925168 -3.177412663206225 -0.9622432669280735 -0.2174006629396548 120 568.8365709781647 2325 -1 -1.93692201902469e-07
 -9.037521748506746 0.09114570638453327 -727914543.0788071 402.8787855530539 26.19957180442949 0.2628865874279827 -5849.419615247757 4863.674903289003 59239.63402512643 0.07391930919371512 -5411673040346.699 2883.64393262908 5321 127767 1 -4.504016804969743 -0.3525973460538854 8.564866769170926 -1.58669859270702 -7.999364677772443 0.04524300223639071 0.9103187375451571 -0.267106216959804 -0.5103692534218993 0.2501064032819582 -7.736805752353398 123 388.8120748996735 2325 -1 -4.071392350338449e-07
 -9.47663640577832 0.2811555132988608 -268.213234440426 5.708209760589074 0.1387629669502261 1.096340288669127 -4.307333300967167 768.6507896985944 1625.932055296338 190.8045672419091 60.91940875459197 3025.360590189233 207 191655 1 4.51832184316718 0.8754720659314192 -3.525511802134383 -0.975719199285118 8.055510233342165 0.5886567727074508 3.899266675536269 0.08509612669645161 -0.9397742878100193 -0.9334492100654019 -2.386807745360866 126 569.6389238834381 2325 -1 6.65882664929354e-06
 -9.095045127089021 1.955294396606475 0.04556533348793571 4.260074457720044 0.06344037713179755 0.3977408306855911 -269.0164676404214 8947.945364736141 228161.7273135314 61.59981285746931 14.94218044299214 2977.241516703863 926 191626 1 -4.489128552179398 0.1257088728244913 -2.510739068017009 -1.80016312841571 -6.395410598287734 -0.2468010518599755 -0.7114073430708623 0.3101119919292241 -1.990838109329478 0.2295959152493694 -0 129 576.9109671115875 2325 -1 8.992311496824885e-06
 -10.22893605087941 0.03689157628920349 -2.364758806535846e+20 799.7984102606483 66.99829289271121 0.5294304547258001 -37.48593739017654 22369.26863612152 1270191.730959149 1.894765990117489 5.469284997127867 2946.307544095586 248 124370 1 4.457031383619245 0.8991646785495631 7.807851389655998 -1.311009357018551 5.28196411667132 -0.3136903505416289 1.643631897548529 0.6743490621338717 1.689798818385084 -1.660126088430936 -7.555469535465297 132 379.6154971122742 2325 -1 -1.827379171059802e-06
 -9.848402697414944 0.211236136247727 -3046.514635758362 12814.68851286425 21280.39259113662 0.2555482974364351 -2295.353288017166 888.2449327359245 2834.833415685612 6.117054575780055 1.450537059232827 2786.105973040767 695 191010 1 4.480050375839146 0.4926636945059331 7.736531487158659 -1.632521264621287 -5.942460679334756 -0.02602307830318384 8.218584672927795 -1.232323759818545 -9.413701080393622 0.1949557234853918 7.108367273222937 135 616.4929220676422 2325 -1 -1.320953781239607e-05
 -10.18754832228578 0.2487541567704551 -1464.165710228106 0.05638178648105765 2323875261853470 0.4485028534943553 -105.2623020257808 136.8795738014942 52.19332870610231 440.3630380121083 -283.1228681226071 2964.592742053087 3105 191631 1 -4.69420736042128 0.6726622873102555 3.264373626478089 -1.587290344703703 0 0.04683981025688053 -7.601118446855809 -0.7857601219891777 -1.106834050163094 0.5998782329140555 4.863646369970048 138 603.960508108139 2325 -1 7.651459773500695e-06
 -9.367777543661658 0.166548063365015 -128544.0931554148 9868.646127537484 7126.880916025316 0.04660113305104904 -4.629198142208519e+19 17190.04243794405 820028.6114693023 3434.708291821225 20349.61142214318 2952.759164434649 654 191593 1 -4.671964328733697 0.2546816276881473 9.469227911838317 0.6439431254392369 9.230598568637049 0.6936357032623812 -4.643369575081699 -1.174773972370446 -2.287644241460984 -0.890674218883186 -7.706033686944696 141 651.7571229934692 2325 -1 1.333818969972977e-05
 -9.05322254204688 0.07052332600881135 -16969947128.30349 35135.63647455188 205287.7245866493 0.3007695014283088 -462.1335702758522 44731.06183055491 4644049.009385687 154.615482361366 61.08674421667654 3074.562499715129 3447 191664 1 -3.765337440762786 0.868070552626981 -4.566064436885739 -0.05401574589519067 3.234215765360225 -0.03235874553578987 -6.722954600528087 -0.666533435910531 -2.10760393227921 -1.648494336674782 -6.156025169077526 144 603.6792840957642 2325 -1 -1.839828267743372e-05
 0.03234049728721692 36592.23727393774 679735.7649113731 65665.09898043731 487284.9417041416 0.5086493049624138 -71.880696575111 142.7793816637658 56.81843168587064 1.483414977377243 9.974948940936976 2932.74407013362 3511 207634 1 -3.553154670900383 0.990664680875355 -5.364608377946245 -1.046642480564558 -1.562305516033958 0.9406890724438521 -4.831871438760843 -0.8378879874229117 -5.330222901470316 -0.9221467029815811 9.337005664581326 147 613.4787650108337 2325 -1 3.836410598734296e-06
 -10.06628891884127 0.4904755715897431 -4.130131975289887 31169.34175753013 67092.54077968818 0.2437293216513842 -6199.131305646125 208.15808185117 126.3239850733532 0.4623226199629348 150.90344659383 2917.661851152746 671 127745 1 4.695208522261408 -1.465459093312425 5.849542775356681 -1.315676588966952 0 -1.86551541244245 -0 -0.2783597644426088 8.454481703324859 -1.728552000941382 7.83150593891931 150 390.0419290065765 2325 -1 -5.016085350241684e-06
 -9.765339330378255 0.263318704137233 -682.6324674126076 91857.46568973501 1152827.701663993 0.09004198089710401 -31717418489.25006 56311.04628500887 6786234.652706387 523.1450671234054 272.0196678381351 3130.066952095441 2057 191650 1 -4.252063399291755 -0.002815320117128414 5.839694354047098 -0.06453762391988876 -0.3532349678230959 0.4602804287526721 -7.768765384758247 -0.437713962117023 6.937040108621421 -0.09686473150004375 -4.484232615458088 153 591.3333880901337 2325 -1 6.251680771115344e-06
 -9.82512683117695 0.1485152769035435 -153914.6277938336 283.5710189254094 3.179475015233406 0.1977450217154703 -85639.41831700003 10710.59702065223 268815.4723150883 0.70676220524753 141.7254186857896 2860.21737917599 666 175619 1 4.504486820679777 -1.870085399604481 -6.944894723806112 -0.6490806552627815 2.203980825579355 -0.8870078713851495 -9.30186803494272 -1.864214069813107 0.8948193971399734 0.2885819927748531 -1.70060136040395 156 542.2632761001587 2325 -1 -6.278610984666729e-07
 -10.43626216335984 0.2649618731454659 -191.408940985831 0.180866190917677 17451.64226914349 0.3873382207278205 -168.8923415870394 277.4232216620668 186.0295181994687 0.05523680849677107 1630678308363976 3079.261915828321 2231 191611 1 4.516885896039284 0.5588748443248415 -0 -1.623031954083849 -6.391534341493721 -0.4052670906533073 -8.901121209451874 -0.2007686771877086 4.239896238505355 -0.5801260493657701 3.115006050526477 159 585.7747778892517 2325 -1 -1.582045665010328e-05
 -10.00617324698717 0.06658013739635046 -59103508950.69182 103.7371043081059 2.856105189770244 0.2759397223498645 -1614.353982010666 382.2224462475478 364.7448641455604 0.09169975619501583 6597190922.976412 2855.303483201695 1081 191571 1 4.421929155692426 0.2394431656782725 1.71508217545003 -0.8728528169113785 1.968126700042454 -1.435621161139059 0.2611519054739397 0.99555046462413 -2.978909702568023 0.04814817011004009 -3.564987419444448 162 588.6402130126953 2325 -1 -1.865939288556064e-05
 -10.34082966926016 0.2164237418094883 -1659.895426084668 0.1215612374445682 -16144117.76517125 0.07893474849131606 -344114838429.6247 2427.848076959357 15410.5795329985 1.120431201798628 13.68748212765745 2783.518324576909 272 125274 1 -3.496147382596888 -0.3799974745801178 4.012585658717486 0.3106200018074396 -9.575318056379452 -1.954570403104868 -2.374491189860298 -1.25215956596668 -0.3636856904579746 -0.9606421343619047 -3.07133464268361 165 389.3955800533295 2325 -1 5.098650654511941e-06
 -10.33393905829226 0.3414018032298754 -127.3412260236167 2.949661281726057 0.1327380127134408 0.1278549879872224 -31904287.73516552 31.58164878359648 4.740095790962682 3888.593627581891 18160.08015819752 2894.998707230812 857 191359 1 -4.464071055374848 -1.345034444110669 -4.780979256485037 -1.861296535620861 0 0.007197388775663817 6.063019650866445 -1.581373564615985 0 0.4123435005342766 6.661605412034069 168 580.4699971675873 2325 -1 5.752248831480897e-06
 -10.13337495495057 0.1675044296739459 -24532.50737256669 0.05783511500503793 -14240560037054.44 98909.08173986754 734629.6973586601 219.2654836341756 163.4633271612675 334.4623210794707 139.7317469739339 2959.188771129321 1521 191449 2 4.606686604394834 -0.1405593976711854 9.585675675737235 0.4220592705324377 -3.97744119705535 -0.7851881183601028 9.756530640712906 0.7887425871737586 -0.355597661678182 -0.4568861014393546 4.098103448319256 171 575.599231004715 2325 -1 -1.596458106281373e-05
 -10.32709314220084 0.05981495862796859 -18200679383520.89 9.155151284281358 0.1530052670620385 3.353626444553444 -0.351631905728197 9595.79347779526 218891.5087105656 0.7730131091560322 49.7980979189791 2911.459215349322 2620 191650 1 -4.67664347190315 0.6776178838059814 -2.446575458103876 -0.9872973333846504 -6.445291255895246 0.9420249949260544 -5.498076702232376 -0.3264875566435342 3.852275268774225 0.1774861542563348 -2.451087882560291 174 563.0106348991394 2325 -1 1.273567819626004e-06
 -10.17208761084541 0.3020140800668019 -182.4321149217854 0.05762975032927225 2120555016917916 0.05362511980987886 -1.431644362768843e+17 543.7864136098395 724.9807168873683 321.2664684470644 197.8454376966286 2909.470158237415 1498 191663 1 4.33609920108708 0.1897053189595499 8.844220054521164 -1.343799820525981 -0 0.6832020229023956 -1.493491349055112 0.6990696533738352 1.831744986148792 -1.849722506286033 -2.501863328099998 177 587.7656280994415 2325 -1 8.061423599828247e-06
 -10.07254106716718 0.215130537194808 -818.1166167297353 1357.522554415342 342.9801674894892 0.1342501059041361 -2288726.693605713 112.7161788814094 34.10520739932507 1948.799805837047 8590.394226166112 2882.011088684677 1865 191648 1 -4.272907570608185 -0.875755660697882 -8.850780532165777 -0.7815204408653509 -9.718504431336472 -0.197493113409779 -7.246706983997635 0.3032292660182234 -6.545569100652959 0.6261666742404128 -9.429428500248601 180 593.5445330142975 2325 -1 -2.126683182210081e-05
 -10.18596825302211 0.05598911593795042 -598225465659409 8357.987822534242 7413.967820204496 0.3812501714835341 -416.4972741700678 48719.46608249714 6075160.544570641 12.1635648240132 2.047324361282611 2889.217568907698 1039 191659 1 4.399378506546519 0.4891538485773785 -4.83717514143273 -0.7286433313215683 0 -0.4877909288306661 0 -0.6817442479743807 2.709546388432753 -1.189431801579328 -0.5713678677163179 183 587.4146680831909 2325 -1 9.872633802927613e-06
 -10.44952090315025 0.1276895633528491 -2241430.233095359 0.06607013390754898 -5295417645034.443 0.2118285192123226 -38109.54599072824 105.5530220901482 30.77419142919898 0.3654949214945797 1815.182849116889 2934.362241875702 1570 191647 1 -2.681596637926318 -1.648939560949351 -9.017249803612128 0.8923071678274059 0.4505743715313546 -0.9499909717462369 -5.084583375204487 -1.589002622983798 0.9295529998465457 -0.7164133426879182 0.6340912394289102 186 595.8094630241394 2325 -1 1.538029012580534e-06
 -7.193146716877927 7.631628964202692 0.0856894202265507 0.05788608903776529 114466193716951.4 0.09817610186734599 -1053095795.221203 42382.96592991806 5020296.700114182 35506.93308846026 1973663.410383797 2809.631836862436 895 191657 1 4.652100420410608 -0.4373929963470671 2.548023969612617 -0.1620770953706892 -6.900083888721537 0.9104905179514331 5.127195167120808 -0.6714556887898722 3.609116690180636 -0.9210718698920317 -0 189 605.3854999542236 2325 -1 -9.702849076249054e-06
 -9.955317583212672 0.2531164549345926 -1347.018128760854 4.443465592842544 0.08476232992960044 0.1622323926736345 -1995235.677106223 97.93332647665844 29.7310743693164 69.13039044812162 19.11122032154231 2791.243966013476 1452 127729 1 4.589096160017349 0.447468258557695 -1.922930021734727 -1.689991562892854 -6.678028869094937 -0.9779362454046945 8.098837902829242 0.8880141368148498 6.189825074799678 -0.2820521587385505 -6.681184437944961 192 401.5667519569397 2325 -1 2.135219397685322e-05
 -10.65571859280258 0.5351154488828634 -3.630432873160348 637.1927625141115 30.63835079415564 0.04644383295450059 -3.030904697931014e+17 11211.24935171503 321598.0688937005 777.4439062308468 536.8408125804395 2938.236034288467 1709 127761 1 3.154313774042262 -0.6607718513042 1.997451953809879 -1.318761369669057 -6.68238825052561 -1.942904100969392 -1.930325300670967 0.6713861595713899 0 -1.156296939853545 9.482673168652441 195 398.8720819950104 2325 -1 -1.234432876379493e-05
 -9.612129814578099 0.168025657422304 -6759.508541684824 0.059543402303284 -12406412619350.1 0.07901095142152383 -42184943273.77498 2799.568797210691 16316.64263073384 2593.323809177871 10242.45716473284 2993.372936664997 398 109046 1 4.331012995480026 0.0894378834033729 -3.026944244752628 0.654466834304002 -7.611029954184067 -0.6272367837397886 -1.880262110379341 0.08026161453354153 -9.198529680716014 0.7316737885974161 0 198 344.980406999588 2325 -1 -1.767780319768369e-05
 -9.984176894353332 0.197598977179214 -9310.053769453449 4535.351769721134 4547.067906587795 0.6715786465763383 -15.03437815078686 29.96289127993427 4.100688494024028 567.3782667441708 582.8277290428882 2884.201713107721 1079 191637 1 3.856990450914465 -1.141036754594071 -1.316053489997588 -0.4394731362850646 -2.00394352197043 0.4154455683696838 -1.158843638257946 -0.8554936405107113 -2.54328566096368 0.008134257654735818 3.671442779788529 201 594.4502007961273 2325 -1 1.454120758049004e-05
 -10.18115277451026 0.1115424203442069 -29677953.85393714 355.7925902793633 19.90597247806282 0.4989406013811278 -46.91747730224927 127.6380009172639 48.56176658266013 1.347660700408829 13.40263603112927 3053.180991293705 1378 191654 1 3.755632289480047 -1.214024219380561 -4.670275646570289 -0.5081213320803766 -7.890770022549527 0.7566728546922263 9.317079373860196 -0.3149540681342798 -0.5936351401743716 -1.771801581776312 2.062375900654283 204 591.9815220832825 2325 -1 4.25057015210159e-06
 -10.0787799561851 0.2667413953011321 -352.2191102264904 6658.236898413707 4752.702697368777 0.4075650629727902 -339.5597374944429 477.3926894915821 460.6413233035595 1.566359084194719 2.697244518922797 3057.780478490031 384 127329 1 4.461439712333681 -1.187361687285389 7.225004079746066 -0.09372155203271147 8.535953946169924 -1.120234932555454 -0.3568424637264385 0.9946056287286327 8.012524592669665 -0.1229855198417233 -0 207 398.0164921283722 2325 -1 1.868575816148468e-05
 -9.937576632734483 0.2400738341779381 -422.3162326434718 2.905969208295906 0.1006127242509054 0.1728291610385721 -147097.7948432273 3050.747279944861 23664.51245640967 81651.90044253755 16552952.95336411 2885.737409929499 143 111907 1 -4.306061497576944 0.4264577281088053 7.495329797271957 0.213743272935869 7.947246245042514 0.8523138302050004 -4.882697055261962 -0.3071748613329328 0.1389209068255202 0.9572392222962813 -9.773551864490416 210 394.2375569343567 2325 -1 -1.705257680397328e-05
 -10.09445192270076 0.1479128915771302 -239250.5596365356 0.117555159424698 -18345165.17640902 0.05117485303717606 -7.085267562160571e+16 85.64463111158882 18.6424403855499 21737.47588090879 308811.0103132613 3162.883569934407 2630 127719 1 -4.515488896359288 -0.01484708822181618 1.045717473762725 0.5969061517320808 5.073626706774805 0.5351057599109299 5.070325920866702 0.9597463648921112 6.617858080823783 -1.875365818262424 -7.574106040730344 213 395.2479181289673 2325 -1 -4.085378485308485e-06
 -9.876714234700453 0.1675492568754438 -29324.61915043244 0.2085686314480011 8526.85376566147 0.04545729566700765 -2.527520233848118e+18 330.1962671050991 275.7623736442807 0.04022730348761659 9.973232113471134e+20 2944.948117405575 3585 303460 2 -4.362281922522479 0.4742047782110417 7.011118329278208 0.7877395586473872 7.681708065346701 0.3484405763966012 0 -1.385727043202701 -2.669755564743559 -0.8433257517028361 1.414655619759364 216 923.9229111671448 2325 -1 -8.280951817402268e-06
 -9.986376350619995 0.2469123017271816 -834.707414373177 19646.20218445499 46749.41194748989 0.5236334860364578 -51.28306436832339 87.84715407715521 23.08719057963592 0.5823251787543097 181.876769525749 3049.065916551892 1404 191594 1 4.493136677145711 0.2821642299205873 -3.601976789532542 -1.800725756796236 -8.320005347564397 -0.179731509682231 -6.112833859047281 -0.9990082384456516 1.4579157182706 0.6117626002709055 7.670121109162718 219 584.4926309585571 2325 -1 9.713432916912019e-06
 -10.04999067968888 0.1423459722168237 -320062.993213237 441.4420512083474 9.795366995349655 0.1980847161404855 -66862.78704144231 17525.89786546875 770089.3761020178 0.8259321457179539 29.35508346810616 3127.221921216977 2149 191658 1 -4.639851112505357 -0.6633462901454132 -6.567477551278401 -1.991513393857636 8.246162500548822 -1.551771930953327 -4.27092516994798 0.2975082912217739 8.298723283209078 -1.855131966698869 -0.06579895659024615 222 589.0451281070709 2325 -1 1.619622246143866e-06
 -9.861016258423168 0.2237766833960749 -2176.237212346947 47240.32398810628 290054.6866508281 0.2250957782706383 -6300.273888368446 113.7111289675512 31.38559829916917 1.120654262094568 21.65077482205023 3026.073722823795 2060 191610 1 -3.531275479804948 0.4389631141669241 -1.166140001437742 -1.034344961241362 7.712132475659583 -0.7143195890833045 -1.922318735845321 -1.44979143312212 -9.122691239330786 0.4086515319292313 -6.912454727335752 225 584.100574016571 2325 -1 -4.059846345162097e-06
 -10.24598516397259 0.2630206810124842 -268.4352618775874 46379.70710113264 105608.2564068417 0.1461901545056093 -979925.9390262276 54436.52827533888 7085101.924216394 3140.154097064978 18592.53284198031 3031.426574294965 476 127774 1 -2.521592967531554 -0.9945544519259624 -9.967384842102559 -0.6893684640410935 9.954624780733054 0.4578182355203441 -1.957083963915528 -1.594262849013079 -2.629545849419546 0.8234879419028722 8.789260747485864 228 393.6573419570923 2325 -1 -1.195781321566649e-05
 -9.265677243939875 0.1981972936864616 -19820.28857260373 9.426945594821024 0.1043126312515224 0.1888881618727662 -277558.4064060994 521.5302398025636 774.859296178407 1.474801251663676 9.123852581149935 3057.515064720178 982 191654 1 -4.343250026157351 -1.963886348545072 -9.602860616139004 0.1032473699061045 -1.211143906929091 0.7627141729165805 3.793790460811944 0.01579433062133977 8.976685985310713 -0.5617611889257201 9.094680723481011 231 580.8382399082184 2325 -1 2.063710542285754e-05
 -10.22558489332009 0.1131381344736769 -27791979.40570982 41195.42560880223 188154.5462137455 0.3082370191543397 -1241.197813359693 91404.02184115286 21960384.2264176 2.057189922452843 5.427122106806958 2957.212060387278 5117 127760 1 4.62329971481189 0.3324840370359281 2.958151190757744 -1.967949717536394 2.871483693484129 -0.166304784092719 -9.318595478590154 0.4347119014975975 -7.811217338024173 -0.9565667391370756 0.6587126326873398 234 389.0564529895782 2325 -1 6.248743192514231e-06
 -9.740451834472886 0.11599539246058 -13179623.03671461 194.7433925616888 4.034233227067945 0.3395008294112602 -685.002448966674 68.92709974539017 15.72254515824402 3816.693628883243 46004.74382683729 2975.931899894028 6255 191656 1 4.133688822960977 -0.691137311104999 -9.798563111972529 0.9335805835663615 -6.919809950947991 -0.6229468784006782 -2.449128368171079 -0.5637817531375262 -9.499502776159204 -1.394070278293023 9.605976183939044 237 583.4077858924866 2325 -1 4.338476423255529e-06
 -10.17876760299024 0.1380813877070806 -84276.35488725796 44587.16953377386 207643.0525631138 0.3492740644288375 -161.5928296276352 19395.35998188487 803610.7265604766 0.3994501454958539 151.5927407872541 2962.742232039886 393 191287 1 4.485010401892577 -1.553626277959163 -5.618377908631312 -1.891434262165847 3.323813554557713 -1.932186151075301 -3.98155906469309 0.5210157233751795 -9.806359137026746 -0.2660069947134058 -7.250481429025445 240 578.6033370494843 2325 -1 -1.87945623476563e-05
 -9.508840239200987 0.3430328485079217 -6.496770145366953 45258.89093683433 184638.7845229408 0.2459722113448425 -3772.149891083103 89660.60152446467 19851671.78205482 1.070606932630732 15.52344195673319 2784.663014488048 2513 191581 1 -3.833371511203832 -0.2494448411815382 -1.698101961908793 -1.941545438958329 4.215717243787812 -0.2636553158295474 8.59839849801846 -0.9189043256284561 -9.667530455748594 -1.222328775206314 -4.99227786196624 243 581.7673408985138 2325 -1 -2.304774786745119e-05
 -9.68078182712995 0.2172427217362853 -3040.778545000505 399.8164272863653 35.62316854017401 1.442735595476902 -0.8121595187888726 7348.020936839461 116516.637583727 0.2380882481349509 -29868.03564845625 3057.956307564927 633 191664 1 -4.190841780330829 -1.312339305490817 2.36227124511324 -1.203175591066969 1.654141218005538 -0.3310409588006342 9.550521629964633 0.2888415526239236 -9.310956624687844 -0.4100450968767433 5.696355569442811 246 586.2777438163757 2325 -1 -5.12738651199984e-06
 -10.42872801744856 0.162480044524301 -83728.09883265752 322.6964222716972 5.30032553207984 0.1819683087394862 -170482.941741331 102.188398630571 30.61720058276962 2.070106538001715 5.603271329744209 3004.325514247897 655 191597 1 -4.689885902418132 -1.913372940243374 3.405384412287826 -0.5476284897948265 -5.501714091267752 -1.286102401076234 0.4868428064522883 -0.41189106191091 -3.106742577987132 -0.05866100868182406 1.241976440130687 249 584.3547139167786 2325 -1 2.967011274024819e-06
 -10.04450773540388 0.2590906219439015 -430.7432050360328 378.8155817047248 7.366338795473496 0.1151105570433146 -103431383.1853875 21251.48612344783 1277113.428842116 0.5185964189432389 673.9782693117198 2879.849728435897 1067 191650 1 -4.415709383363181 -1.514829710242511 1.534719945569262 -1.538770792682741 -6.115559998699729 0.8741975765179677 2.583118740278939 -1.387392899086858 -9.091126243927233 -1.699696529271137 0.9951101909114741 252 585.4726059436798 2325 -1 -4.974142003178889e-07
 -10.24512391191738 0.4327967110367794 -7.664795388045438 6.4092816199029 0.1025823920166552 0.7969654670999032 -7.404068935872425 459.4707484849813 581.5351826212521 4.493965571936512 1.257160960576743 2875.558657068 604 191657 1 4.002701852522804 0.04284155409844059 4.595651056558403 0.6931016346197499 0 0.3204209747683069 -5.327655156896333 -0.1410782613404962 -4.684811037214212 0.03947137784669151 -8.95279234551127 255 593.4264948368073 2325 -1 -2.768719472729869e-05
 -9.212979807066016 0.2596823538696932 -472.110897362641 1.721441033423473 -0.05007395912476481 0.2230273191027231 -20502.04823348145 1021.618997645563 2922.410265647697 1.381301706342605 9.828345482407983 2985.541996993761 575 191536 1 4.693766632828701 -0.8013011335490212 -5.918618878128704 -0.6351786469328307 0.01535860339280859 -0.2551580926201638 5.204342268463295 -0.3109115438223862 -0.8096102528020275 0.3652947207135147 -9.930610162568259 258 581.1350259780884 2325 -1 -4.802024060217899e-06
 -10.58100169860663 0.1592350958066015 -99510.23539842073 0.9238869618451393 -0.5155543019438504 0.371439707485346 -453.3386211859471 1595.091370800349 6203.582403668288 0.04286936956193312 9.995858469632347e+20 3065.314758433248 516 191663 2 -4.448460256817803 -1.182619660812652 0 0.8985731583447389 -6.455958080376037 -0.4053406070663197 -2.382730524282154 -1.348140540620624 1.686006004937428 -0.9702670260646622 -0.09927484227743388 261 583.1479790210724 2325 -1 5.224754890717598e-06
 -10.40897454006511 0.2511072514254785 -689.7041989623694 16965.01714552903 69825.94591165325 1.549771243865961 -1.153084732803027 364.8850571184498 404.0520013491821 0.9973951609412299 39.00257933425112 2991.399435205326 259 127666 1 4.502967045484425 0.1554405348014387 0.71319980753983 -1.289318565744847 9.705795584898738 -1.99420195113176 7.392087779552586 -1.832699271689337 -8.453124463064045 -0.2664907071174811 7.565018482142136 264 394.3208961486816 2325 -1 -1.872039023145108e-06
 -9.496184043496989 0.236450462326093 -394.8493212141745 166.3504431570906 3.322514690461722 0.1280180374027876 -2894065.709767186 94118.14152523436 22152599.49806106 0.6824637179624334 87.57620882756032 2870.146104519619 978 191432 1 4.587066953738073 0.2568008802762751 0.7423112073251272 0.2939997641577662 9.116121661011574 -1.790136696623208 -5.82079673203094 -1.751820558112399 0 0.6713468840528063 7.929499273373334 267 584.2751400470734 2325 -1 -2.166240222018217e-05
 2.126290009898788 11359.56873185009 76988.43157942181 2.159155963226954 0.344102368125353 0.3535370397579181 -281.2517821702161 3612.146730971729 36188.59178438619 3.188494026297605 1.932558321718412 3093.325171968692 304 191633 1 -4.414430802250713 -0.5233871282816915 6.813307523283015 -0.5746255959406925 -9.832680422401678 -1.785771992079035 -0.8489148050737025 -0.5735889613426384 -0.4117913721367334 -0.6981474169581618 2.570675630624291 270 582.4747650623322 2325 -1 -1.862759715664121e-05
 -9.977655832228576 0.2061367017194498 -3636.89640506317 0.08548563969435544 13296364229.44921 0.05247351114132866 -3.268519941325405e+16 364.5215906483144 318.7888025158393 337.4267341339369 104.2741341042997 3132.563232474345 729 191630 1 -4.207508160064598 -1.351086456211116 6.433595079517699 -0.3533660564337344 -4.01194780436581 -0.09955684570770365 4.480740997342667 -1.457302956786827 -0 -0.5927887232454703 -3.096303356020058 273 605.8039300441742 2325 -1 -2.296174603421348e-06
 -10.35659586495531 0.1849365115778215 -5401.486879797283 0.1680384569746887 22342.77435816033 0.04630348755055951 -1.102723726155628e+17 251.6658266756125 194.6882847573027 10905.05274729697 217632.4984951903 2870.091679088043 1593 191633 1 -4.285251064263775 -0.6145549793051757 -7.323836023822356 0.4252069286515341 7.07173860954792 -1.802508002792197 -4.950468435074287 -0.5766182272730314 1.64649443580434 0.6466906661648459 9.216959906125863 276 603.3362939357758 2325 -1 -1.856724311149601e-05
 -10.76638377091535 0.3416609244190325 -17.26626956002334 951.8164755869093 155.4004027520928 0.3675023620528228 -333.4102287640456 352.2464280667364 327.5091563491129 1060.506209922382 3280.837702525615 2892.943379993588 1874 191662 1 -4.681941879361662 -0.6171074711559035 -3.202953009664754 -0.5318714265165045 9.602478073763159 -1.514436514577265 -1.67742112259201 0.8065949537284496 2.483369174401902 0.5266501834452226 4.348224709511988 279 575.5647540092468 2325 -1 -1.104102881875662e-05
 -9.838370548624747 0.2238832715644047 -397.4482973702261 435.0063095980963 11.71143618499837 0.1151703409545856 -13931274.9648852 1662.57196510176 7045.043960304287 0.1354333567240863 17159441.68003402 2878.253677184238 1605 127775 1 4.188850477496099 -0.03687473551662016 -7.306787981950077 -0.06033586581254195 8.986902182610432 -1.506851700900168 -6.35533643917935 -0.2415051143427016 7.101653018866436 0.09613321476808558 7.2625336800951 282 394.920746088028 2325 -1 -1.998132472594068e-05
 -10.2682063438719 0.1924499549173811 -8927.693524770433 4.668144188257032 0.1221410439793284 0.1059719399544958 -749027632.0156612 142.6516226408332 57.54681291119483 776.7661323096145 939.0409940459256 2893.280200806716 1840 191654 1 4.01768877656002 -0.8401889790786852 9.527358437709252 0.03483625890099251 7.782629702167396 -0.9314432972856874 0.2356941268014836 -1.1288346773814 0.8594132755461397 -1.895067117912258 -9.269911552783702 285 583.9223210811615 2325 -1 3.974188737016917e-06
 -10.28322583223226 0.2771509913148806 -489.7387110830184 12738.90606149863 13235.98402071278 0.3013550044942553 -2229.380794370931 101.7773851885714 31.47005514514339 35091.20744340751 2623555.492599229 3059.718212784154 606 191628 1 4.682931286902009 -0.470869155642383 2.972269651441288 -0.8427143317421733 -0 -1.93780696709275 -7.92032784405451 0.5326280858200363 4.873330025432321 0.8793223752741848 -4.100207242973782 288 575.4272210597992 2325 -1 1.77312797278653e-05
 -9.263634306474973 0.1986407336269429 -6725.082681523279 590.0438304008275 25.36659902071632 0.0497715745077696 -5.346666817131102e+18 488.5339560215301 556.1035101203665 1.532381049140769 6.231556235505794 3043.755498691868 2012 191660 1 -4.669749311121313 -1.154497354775248 5.601851567514056 -0.6443937487087164 0 -0.5397778522231267 8.469194752608331 -0.3026959490947281 9.175006845496648 -1.068739057262555 -9.22802832327487 291 572.8490669727325 2325 -1 1.393513013299752e-05
 -9.863052698242257 0.2750039130122904 -280.2787713821513 0.1570318235768721 -261096.8816421416 0.2444901252665433 -6520.721751340767 20019.87607465511 1038730.719592981 67.76744994957814 19.1344696250561 2904.621840050549 2126 127766 1 -4.544773606753281 0.4936057830619873 -7.317849375918323 -1.673542200658671 -2.85757046132663 0.03209765079220796 1.765813057799579 0.1922358514494906 2.984062152040579 -1.192299126661418 -0.3438266968168757 294 373.6572308540344 2325 -1 -4.754778051110189e-06
 -9.714389655774687 0.3053034069322851 -150.9790257701183 3356.8401483348 1244.293897145118 0.2421020911219773 -10733.61559723993 10894.28475922633 271689.0210045057 48236.53938053607 2054549.943112344 3110.790949189945 722 191650 1 -4.625680080500191 -0.6886049682303685 2.572623755043941 -1.086528258707064 8.788296061583898 -0.476677233146491 -5.832119841382425 0.009984126253487383 -3.376122973045845 -1.178538813362124 7.502950150323095 297 572.0382590293884 2325 -1 3.918354392193263e-06
 -10.12561988605184 0.1837185363243043 -6024.959698580829 1260.465635041956 72.61833655127759 0.2185728165854022 -13260.94486000757 78.55849916542572 16.13028360072813 0.07461433911167532 314680515826.7823 3249.784016253397 1077 191427 1 -4.317272661444569 0.8993111634766646 1.547448571628347 0.1752771179701451 -1.487185007685293 0.3745025937483555 4.699692944273541 -0.3657582726263167 5.744029636055171 -1.384535088088775 -2.824041272773094 300 675.2333610057831 2325 -1 -1.369139871833644e-05
 -10.41892461012366 0.05305021248388864 -3534730190627814 275.9416675508994 28.07474344852949 854.9674436253002 -206.3527566428072 95.13273818556794 30.01588143283397 841.5963869523296 1969.322565838586 2964.682953800273 3765 191659 1 -4.578275226462452 -0.05641225235456295 -2.657272816594792 -1.323447761330728 -3.876327912219851 -0.004502490263336145 5.750754524397026 -1.515732126240032 -0.8201431586711152 -0.1287731247147006 8.253617831424666 303 702.0015549659729 2325 -1 6.205439331163355e-06
 -9.537393996061772 0.1798980313654742 -32449.90631811539 4.150115408685642 0.1037453827867566 0.1249140047781217 -92813276.53171065 212.8248188058172 100.7770126675813 0.1731366931841235 2759143.149321185 2851.292703223638 3131 191646 1 -4.600168201799482 0.9958259812167656 9.65245709637149 0.4041165799407035 -0.5990295454104722 -1.508938445815196 3.969679177182326 -1.244257379371382 0.4004393923793614 -1.832600045787478 -6.910158548706971 306 714.8845767974854 2325 -1 1.892722066029929e-05
 -10.14495299027133 0.2928807890439505 -77.92554657112221 0.1044622838662881 -20461023.91137817 0.2378638291206324 -5861.560831367049 366.4714753668549 396.7155091592803 0.03647329877685745 -9.905553294279912e+20 2994.398175262614 1821 127771 2 -3.631677708714123 -1.755149458842767 8.468319867099488 -1.884081491605902 -5.333492212195559 0.5533272524221999 -2.597736341558508 0.6720033867128437 -9.517429164668075 0.6041188214975847 -1.757986006248174 309 443.759339094162 2325 -1 -1.721193235030184e-05
 -9.601319437448842 0.1706737284444755 -9445.128414030085 0.3192853551198543 39.48083576115407 0.04158274580954709 -9.218433350128486e+17 45975.50465477473 5877109.376454323 39.61465623739716 7.499124367508004 2990.193448537172 1821 191659 1 3.480139295973961 -1.970724618340315 5.716834639924327 -0.2375688218982699 2.509985878076743 -0.4686758301493263 2.036409862750991 -1.768452017472122 -9.818799129977441 -0.3530844023764459 9.498450313047714 312 677.0058178901672 2325 -1 -2.66348160856714e-05
 -9.693989876510566 0.08463138415689216 -7746658490.016138 245.4203475420782 12.39394598543898 0.06510428181453919 -166653189793688.8 68334.57304958437 11593499.86380834 1.228248730493626 13.05025526149656 3045.226157578419 1694 191663 1 -4.409232056764153 -1.452667046747723 -1.484122027696956 0.08363498165818942 2.798005450071301 -1.703713491256567 3.432546364782494 0.9049461867783504 -8.490348160135916 -1.198683728652705 -1.775319036913593 315 669.731076002121 2325 -1 1.310763651923808e-05
 -10.09502383120293 0.3054982646698718 -117.649602701288 155.0232497649658 4.524977059235688 0.08358975918144705 -55877186130.52241 68.04959340333048 16.18389777235349 0.1657140008739013 1874377.756537578 2977.196135629078 1826 191654 1 -3.781597030951472 -1.033153329231318 7.375305074905224 0.0614685861023356 -0.2417936396743987 -0.4747495775146264 7.943997630202217 -0.6584059191052374 -1.296052207635636 -1.037112613926356 1.881349878803523 318 659.5167829990387 2325 -1 -2.9586401225305e-06
 -10.34088202236378 0.2689459723375365 -120.4250450884051 1.157927552237058 0.9169824825463747 0.7203997369735889 -14.73313453359493 10079.8645121117 171364.5231722912 0.6701919392234847 167.5433252168438 2977.464765180323 511 191449 1 -4.661332037012006 0.2547813047769077 6.303929230939985 0.6259578271642443 -8.245037606138645 -1.160083104242693 3.139217289753179 -1.205835348129414 8.586356248859907 0.6480835465584124 1.555684705492541 321 685.5660209655762 2325 -1 4.699126210685438e-06
 -10.11889287941149 0.2634626205287747 -638.6179307235532 539.2878202808313 42.02177782086019 0.09816165623116035 -2493602055.563099 8.423656354512707 1.622863052388112 1.020170534812357 27.1853782676598 2942.199689064379 589 191472 1 3.983247363005897 -1.312226749677653 -0 0.0140629677539263 1.889467051928106 -1.397617763400295 -7.752405410592162 0.8670697695880856 -9.993690398531768 0.04297286194319611 0.2605354999815486 324 674.4394700527191 2325 -1 3.027644845142386e-06
 -5.81922684575719 10.54212356055146 0.1249626747432784 66.23801141121773 0.5211302843498131 0.08625159719688096 -166437160174.1329 27175.22676336191 1693501.046129647 1.342236746222918 16.56028534947777 3128.899589082212 817 191617 1 4.214885567700716 0.005054596579532779 7.688083323851425 -1.670232514724819 -0.975964631495529 -1.934325276507105 6.564732371712349 -1.184670460746239 -7.369388505464846 -0.1742367246836185 1.046165088943777 327 678.7865312099457 2325 -1 1.122773032173291e-05
 -10.95161871813285 0.2560721832073601 -631.9646431277455 6514.999300663116 4545.078677955888 0.3166929415645942 -762.287228136959 93809.10085694537 19768914.7391523 1.7945647489855 7.267182750927349 2893.753980211806 555 124571 1 4.348847558545807 -0.1150167922048198 -3.363951074569172 -0.3847961385110708 -4.759743944610306 0.2554829073639286 1.075378455475567 -0.6702542434272347 5.48789212589862 0.5555024828441377 -3.401934753274292 330 373.6550438404083 2325 -1 -6.343383007068651e-06
 -10.06596128784143 0.05523790061178964 -376927050407706.7 755.5118019351743 118.2076737698305 0.07140149112898825 -4634726158883.73 52.32308024368077 10.65614832332892 1375.344226843093 2052.094663832963 2925.823072912731 2374 127772 1 -4.398981051387572 0.1735084954700396 2.132074722803367 -1.356017434814857 -1.661590332470997 0.8503440861606135 -3.484303740826839 0.8390179376559299 6.001399389672878 -1.940073470058074 -2.142142306133372 333 370.1505720615387 2325 -1 2.012457282764151e-06
 -10.1788244353028 0.07494282303411938 -62049742335.44127 91925.86675180805 418933.6044305512 0.09921069481119919 -1183402834.537177 58841.32902769908 7789447.1225404 476.5686683148155 258.1694669782959 2843.232513343688 3296 191611 1 -3.848215523247328 -1.532068050263581 7.465939325567399 -1.946918089501659 -0 0.9202325683384514 4.513308735234219 -0.47344274290597 7.099678497889874 -0.6687989963752363 9.150931412971003 336 551.6632130146027 2325 -1 9.317889592269275e-07
 -9.69577858672776 0.1684546213173956 -16476.8276210706 211.3182491848851 4.679963032767242 0.2411352568450912 -4606.694267585061 78338.1419026318 18711221.24691419 1.704826358328318 8.027295098816632 3140.7380904049 2196 191620 1 -4.206394176142777 0.4565473496520211 -6.030816201352602 0.764369906325332 -9.403331915171943 0.6987043815416074 5.160631248309802 -0.4740819095265714 5.695058641141277 0.2943546242898369 -4.208278003983474 339 556.1155080795288 2325 -1 -2.224692998167654e-05
 -10.31698464057728 0.3375783245552739 -66.2903187526243 0.0777510626355105 -8503402425.558085 0.2242790221384969 -5430.849125545582 20794.73515637002 1030503.33775552 1.686910160696034 2.739400893785342 3046.829143890106 360 191385 1 -3.737980322494923 -0.8150348014469291 4.02824823300908 -1.648918502744514 -3.543952366355844 -0.8843848299992771 -1.094290023187469 -0.4335527108544684 2.420197264148954 0.5942897969319536 0.5517602151121723 342 549.0973229408264 2325 -1 -1.761177363631494e-05
 -9.942774825501825 0.3347848472612712 -54.96797296235336 3.166447642648909 0.1639284155095551 0.07974472714141938 -550404400154.661 1930.351097135753 8489.637550126861 3.401025798836018 3.14967956172644 3129.710625983416 773 191046 1 -4.536707045895503 0.7401004044046284 2.760621782488649 -1.914874400933886 2.262630552740009 -1.460244916925594 3.866548759364544 -1.66100855193317 3.872466946943695 0.05470914652544626 -9.355626938160132 345 557.8643321990967 2325 -1 3.913632637346411e-06
 -10.44396066042815 0.2863576880893118 -69.0110484767855 4.240302671336605 0.09104362316505581 0.1637206370928681 -997749.7669310041 181.5682337922451 73.67870232667745 0.0741781854897367 7975864796060.122 3098.310114279801 581 175676 1 4.038543327114755 0.4893779814503865 -7.716709801681313 -0.06641190161582516 -2.86745460048351 -1.073792897410169 4.025240712805322 0.9416755600988428 3.171379270475781 0.1693079705194429 -0.1522111412566658 348 512.4393091201782 2325 -1 2.515192931907982e-06
 -10.11402542569358 0.1896806190270835 -3408.454008041517 3.792201836780805 0.1066000321162219 0.4371620580245172 -48.56683862688584 2168.945399671994 12076.1278217134 5835.517786165788 61702.09324135258 3015.139153132208 388 191611 1 -4.172914386525869 -0.5267442843785508 -9.223379499915598 -0.3381678797548791 0 -0.8765706179135826 -2.534188652503248 -0.7877561774622368 2.502582677459334 0.4118752566425243 6.927313789517014 351 555.8950941562653 2325 -1 -2.066439090226896e-05
 -7.616093140548306 12.26043920049615 0.09531228412205599 0.1076365470798939 16896329.39803131 0.1118960411908785 -56592127.74843755 210.0236865976379 133.6881288689619 1.469510161659486 12.13679550427525 2983.209025117154 1444 127776 1 4.616797288048094 -0.6257389157174051 0 -0.6814354542612975 -2.303098757446511 0.934004187806484 4.636344941173603 -0.3287652535070258 -5.435838238361768 -0.3267670065790043 -8.788351174124426 354 374.3659291267395 2325 -1 -1.293997595714804e-05
 -9.864612634448186 0.2241507860673029 -854.7995647283692 28.46638907741223 0.249179196941328 0.8832076323853799 -4.317291322116839 166.7538206480064 71.89624049553905 333.030671809336 92.59973370193609 2956.228185117139 596 191660 1 -4.606883449419589 -0.131349561688209 3.074226655435095 -1.510825033338779 -2.098772775001749 -1.341277402508856 -6.193336265277315 -0.6501717144744186 -8.711065697868799 -1.708065813572083 3.820852541153575 357 549.285915851593 2325 -1 -1.175082176997032e-05
 -9.698259945008417 0.2406428687917972 -341.2503593983712 3.263959574328229 0.1167418068869317 0.1762905556124001 -80640.29047131907 2974.006313766743 25294.25360896726 92504.29308206579 18241327.74689569 3114.586286554409 184 188925 1 -4.45237461133488 -1.482049723456177 9.018652452792526 -1.037810244398076 -4.529961821638866 0.1987534317706223 -9.008374304424519 -0.2102060654211657 4.877487291424479 -1.87027803449537 0.5403916484504254 360 554.0596749782562 2325 -1 -2.022277753534815e-05
 -9.574114339430214 0.1561291134883112 -456624.1757091841 2.89144413298673 0.1171968281667952 0.06163782523187888 -5.77066573310618e+16 1122.99165233993 2741.614666711278 5.384155746548832 1.833999435093945 3081.250717955265 560 191659 1 -4.374530132624428 0.9828084964884711 3.677796405673472 0.4508576880740173 0.3871277730685581 -1.825317067282596 -7.082132460114755 -0.3026659701959389 4.310496358424102 0.2895891554893728 -1.97205934453304 363 548.2697999477386 2325 -1 3.237194672731675e-05
 -10.46378829107622 0.1252752125503623 -4844200.245481351 2.34374424304881 0.1966669147123498 0.2209796763253495 -33881.23438481567 30535.78983363606 2090420.73602376 0.8250348174998214 22.4161203352628 3123.368147735623 2183 191649 1 -3.84806227222001 -1.472611747561888 -8.396264803471729 -1.451630165182546 -7.660710803869074 0.9463125792045437 -8.104045257085135 -1.221697252229403 -0.4353031920719799 -0.4141305772237107 -9.200615441449228 366 553.8403780460358 2325 -1 9.494432183417562e-06
 -10.121577934366 0.4063004090985414 -16.33071502053448 553.1715186041777 33.21239648067152 0.2289416861518204 -14739.90153436842 1496.632437858444 5505.218908333821 1.141772562877337 28.6860166617034 2943.855538347598 1018 190719 1 4.604671367354254 -1.477209777532339 0.6537037957638758 0.9959085629547575 9.258362931117723 -1.110262863629832 -5.822720390039965 -0.80475551996863 6.447268428726696 0.710902354485075 -8.459152429893717 369 550.173171043396 2325 -1 -6.121442935518759e-06
 -10.30979213133412 0.1343023977060933 -669586.4803780135 20507.68472287616 39619.29768921115 0.1103434950136023 -157160810.6515059 21379.58845941943 1231942.243547307 536.5235633716904 834.3809503697568 2929.243996578251 2936 191662 1 4.392412400096092 -0.3879162751237706 -0.5156694175017469 0.2361339025078211 -0.1281274562692314 -0.9226586907151857 -4.825973301011777 -1.849139507635178 -3.514811651205933 0.8565294943062089 -2.778624144484254 372 554.3016049861908 2325 -1 -5.930398270815912e-06
 -10.21977168004763 0.1278131533519464 -2129335.490256251 12932.31506554259 21803.75027312831 0.1385478746972663 -10354943.86633349 5125.900604263034 61542.80900787863 272.2482684235956 98.27077970563327 2927.913446003457 1246 127690 1 4.565976916893085 -0.956394806000743 2.840225259698208 0.9825388945886994 5.116705109882782 0.161023710480304 -1.534262134612213 0.1824027606360117 -2.813318317586076 -1.294633488293917 8.436595172299302 375 375.6893389225006 2325 -1 9.380747407553472e-06
 -9.739304267463481 0.05843015277698567 -127215470098444.4 0.04505216875558487 -2.176344183897301e+19 0.2603814841637161 -7431.333006398771 58.49024986451044 11.1344155356663 416.1412709228898 438.2806537449056 2890.055170877673 3561 191644 1 4.531237370422064 0.03650057031660121 7.430306644282144 -1.722448227789239 -2.82617730368282 0.8672150686447138 -0.6124653259542097 -1.464865669892684 -9.393094375544418 -0.2842683690414916 0.7335263638569094 378 547.2445709705353 2325 -1 7.774596899078169e-06
 -10.49830915203066 0.2367736765698924 -758.3579623035621 0.1695713552416045 -33497.18582384071 0.1082853355943125 -80021238.39873466 128.7148857034447 41.036229703484 0.6425221656134559 108.8121270317492 2953.45215660954 2428 191663 1 4.679439840892979 0.7860612066622439 8.428281211570875 0.002534805400109027 2.068584527877844 -0.3732026713606604 3.392650897654425 -0.2099159669282518 -0.3929227325816513 0.5626752747579169 -8.309955278512343 381 549.7992610931396 2325 -1 -1.42244395211777e-05
 -10.22885489329394 0.2567484655249884 -1044.126641522233 0.3026407298845421 -252.2333822515617 0.349106557318231 -776.9270249093573 15714.80859787222 649061.2834506634 1.320294667623358 16.49734682416208 3067.476285796485 1163 191645 1 -4.247554386370534 -1.909748642690179 5.764339119653526 -1.036162016910925 -2.004204793410249 -1.566486798786994 -0 -1.086574279999184 -5.167047681894363 -1.700356004542678 -3.530395147107227 384 550.9674308300018 2325 -1 1.702956918539867e-05
 -5.226702804398739 11.52768590320797 0.1437912126283669 2.586323574538588 0.1812419329351798 0.3950801025914719 -279.0358888394377 547.9140357291099 758.8736810919462 262.4899804675158 200.4462394204245 2942.008394344299 2235 191645 1 4.157342382994882 -0.9915814626390356 2.660046292633809 -0.74924556334385 1.366753706570584 -1.185033946563411 -2.360177901842445 0.9252151750438768 7.306708549168972 -0.9531447134493627 1.615484483156181 387 549.9712991714478 2325 -1 1.352150425437226e-05
 -10.21752994571555 0.1404513565681769 -313864.3363163867 6062.43867282025 5975.920411401963 0.05699463843457823 -2311759585708472 105.4397880328612 36.07642240019037 0.0891219462776721 71560871041.74652 2759.915030818266 3131 191661 1 4.108463788043697 -1.232698987884346 4.998184605462258 0.06388585762170521 1.213324307715699 -0.1219307587584115 -0 -1.148545700326289 4.205360723651952 -1.192302702807457 -0 390 566.3902759552002 2325 -1 -1.220676522221343e-06
 -9.740133984185665 0.2948810989530414 -262.0078721040792 0.04602287774438237 -5.581042147318119e+19 0.06591700515053352 -479260751971727.2 168.8220792374731 70.11057729257867 0.2893475687977073 6576.67287473029 3059.983180954955 773 303439 1 4.542873042483468 -1.70140769221398 2.641279524947562 -1.840352598191388 -6.799044040568477 0.8695635858878012 -9.644719171494986 -0.1034812074107201 8.592550539112519 -0.01681181543348848 -4.485143753706271 393 874.52143907547 2325 -1 1.539526520346805e-05
 -9.720578303622524 0.04178735094508875 -3.672493187424025e+20 589.4890294071996 53.69457605519225 0.05549518118631808 -2.078808235198783e+17 178.8319426936408 97.6699551910243 0.1532863792801147 -22488920.37542957 2790.628334442621 3045 191658 1 -4.565491036381587 -1.232198637493383 7.471829680092561 -0.9126358641303423 6.540019490514371 -1.862910261947483 3.411037216149396 -0.9283794091428961 -2.119702853408906 -1.929162415846704 -7.229232914561576 396 556.7396621704102 2325 -1 1.959038620866906e-05
 -9.562861897959001 0.1054501253217302 -18288144.4492208 5939.320455267639 3684.983066461953 0.06343998734820241 -17440465342585.51 430.5319087383921 454.6927637899169 635.5933938165144 505.2849100935384 2990.341415271946 3040 127762 1 4.651960670769435 -0.6301209270745387 7.022521673319702 0.2370905347356462 0.9407778593290983 -0.6667235167721923 4.579282922221838 -0.2086687284336719 2.33795301229327 -0.9873435204235284 -7.001962000167676 399 369.3267629146576 2325 -1 -1.093036382212784e-05
 -9.290260500728845 0.03667408732729462 -9.999530664785914e+20 484.7167946236001 19.93374735297216 0.2425703308499615 -7513.800011999663 83.3244479685621 23.55464523513394 0.9561872406034153 28.15719848174182 2957.03261632615 730 127772 2 4.42465947027247 -1.234676227792178 8.200558568547665 -0.6626707372133804 1.72452087880377 -1.193215666788968 -4.912486445040529 -0.151415273679918 9.03766564959567 -1.859811469130114 2.252813671973371 402 368.1554410457611 2325 -1 -1.265697590677628e-06
 -10.46731411209647 0.06725720920954842 -64879115105.64214 678.4945088052045 -13.47844022672988 0.2452419309790646 -3935.396617982213 4.984324734395389 1.194692987678182 0.4901031568077253 220.2184150717428 2947.64956497864 3931 127764 1 3.77920099627006 -0.6265383157115902 9.060700321432757 0.8133601023370689 -3.932419533944996 -0.7131073506317342 -2.907888682051455 -0.5862916661682727 8.018693903872867 -0.9280018463420641 -2.016359718021748 405 372.3304271697998 2325 -1 -2.000037607048865e-05
 -10.00455816912692 0.209369224424445 -8548.807315728081 2.145823220750225 0.405464883693903 0.06333671978121914 -686989040735033.8 229.9982997065622 127.9370189796165 158.1476847378725 23.05642684641746 2848.851131745932 489 191516 1 -3.721724901270353 0.2867226506337252 1.934197946800932 0.6663672374191312 0.3341714478675875 0.9536315610015196 9.72079991474402 -1.940484825148808 6.752938272200827 0.8191716186563323 -7.421589495370956 408 560.4278779029846 2325 -1 1.513003931596873e-05
 -9.58431038289563 0.03774469443931656 -9.998946236465035e+20 206.7569537143052 3.896448069591729 0.325239475776024 -1105.418217343044 13810.26908441765 550735.704401703 0.7532845304042272 78.92361764926522 2802.652904762457 815 191449 2 -4.103882225619665 -1.476004011422767 -5.746226433074969 -0.4756618651301485 3.000443842927971 -0.06936526658062016 -6.191542219796633 0.7256804755263406 -5.359936898854603 0.8904885856934897 5.433736339759734 411 548.10680103302 2325 -1 7.182627514459674e-06
 -9.776537812344097 0.132398925711339 -970003.1438689266 118.4958808186479 0.818051037223649 0.1071877107081068 -251845069.4897643 269.142091365665 153.4649331690522 1.272756957689412 5.122518723109436 3040.618039256201 1847 191635 1 -4.136363521595476 -1.343819822538117 1.367278267681147 0.4501154263529061 2.994473392734003 -0.2706342900643328 2.726757460317262 0.8943673815750923 8.47634368277016 0.6382925289810335 5.142222478124034 414 554.352874994278 2325 -1 -4.17738512462217e-06
 -9.992310817387466 0.3194262588594965 -79.21976940834126 6.133414232367444 0.107876706967061 0.2913878468601297 -2546.354278007262 2339.021855428507 15406.138967243 23179.95927909916 738654.0448320083 3025.016456524247 476 190794 1 -4.622058021982647 -0.7537179748833065 -5.917344991074388 0.6870935660600943 4.843531025229726 0.9795408388362876 -2.409609174623238 -0.6346461909294332 -1.913667654049797 -0.3460789005618148 -0.2412286972356936 417 559.4177770614624 2325 -1 3.040701133755609e-06
 -10.18254376846245 0.07638794539175765 -46377288202.20171 604.6867544387561 28.2760123381968 0.2066440531036108 -38579.3001662915 72230.22215858781 12628181.86340619 285.3740146676338 90.30740061920211 2936.853582234362 5875 191664 1 -4.665397411043299 -0.04248014579534145 -9.450569174362283 0.8294916784040707 3.367241585521558 -1.561158828462843 -0 0.4046740128806076 -7.494368666801693 -0.13959010752742 -4.156971773510344 420 553.0546209812164 2325 -1 -1.468597908405902e-06
 -9.986888160290096 0.3002370421716297 -93.19736835591856 2.302928801084923 0.1217703234121029 0.5418488625228653 -44.69081294371589 69.18128630469627 15.46526894517245 749.8801509785519 1244.849674708059 2963.009690804896 1126 191659 1 4.5839953112048 0.1559981962556609 9.931392126034194 0.5095849238986427 -0 -0.369629550105298 -9.947830216826315 -0.3178850926581562 8.016719716293995 -0.07277943914658987 -0.8471905840275773 423 548.0754668712616 2325 -1 5.350776052409582e-06
 -10.36326017199813 0.4029006117529606 -16.62115722403168 0.3837751148647363 -21.51489682096415 0.4120276240637557 -227.6184615103513 831.2919513629423 1394.676113739524 0.2858935039209111 6612.108765441021 2974.634651087447 675 191654 1 3.967097245466182 0.8053611020914072 8.762471862069923 -1.933732658278305 1.022667137586226 -0.5294220480437284 9.765014329170391 -0.1094425088789671 3.292632993831539 -0.2826364211374486 7.776703794892219 426 550.1309380531311 2325 -1 -2.691256055352499e-06
 -9.91054737176791 0.198314095625968 -5798.962322823101 2.408524550883249 0.3422446001856982 0.319910262024014 -803.0608160047426 299.4320912053194 240.1915967673452 399.0453893929612 -199.9991615343289 2904.801257449073 384 191630 1 4.327857508840589 -0.9371131910787689 5.437259242797434 -1.992635709802745 0.4069900019769421 0.6430486521915832 5.271773986201244 -0.7133675878228196 -0 -1.87577494508676 9.783825207229462 429 557.6049611568451 2325 -1 -3.558498163275295e-06
 -9.688954154495837 0.1914212205482773 -12214.15911301235 1887.934187690528 241.8904214808671 0.0786622540588111 -519937914394.6102 265.4438170862549 226.9535703720035 538.1099339141309 1103.090812871904 3165.234316962464 306 191418 1 -4.437352665754299 -1.610946138605673 -5.471077297780538 -1.935501083014018 -0 -0.8280686345510899 0.3802879899136249 -1.935565190853386 -6.392461503370487 -0.02989016415475556 -5.426378712849371 432 548.1768319606781 2325 -1 3.535143389053689e-06
 -10.50223172483837 0.28364607305024 -655.6372042850232 0.06299487654336137 122438905648097.1 0.7751174841563701 -9.532455592360538 76.04859516779042 17.78244695469752 13685.94686977055 472018.1433633492 2958.831974592885 1486 191130 1 -4.687701714762353 -0.8064313013400044 -5.753102923180813 -0.2426736551411058 2.012451930103326 -0.6624580629976933 0.9753324707699824 -0.1241897032681543 -5.054998371480522 -0.3361506495758757 -0.1868147948339365 435 560.2523679733276 2325 -1 7.424970457149616e-06
 -9.161347697822512 0.04079077488300203 -9.99381180341211e+20 2.573094779517346 0.1609852592968837 0.09541375946847205 -36451479200.41377 140.5233313769097 62.32161423329716 174.1511954270495 84.94449436651998 3120.454719370966 527 127576 2 4.443324763977463 -1.867790016823239 4.035050127288205 -1.587024368429171 7.533383107374004 0.3060064740049384 5.094359124894992 -0.0101898282102671 -2.335780554283137 0.6256298323178483 -0.2928031887111748 438 379.5937578678131 2325 -1 1.900104846226626e-05
 -10.06182104776594 0.2744674976976071 -267.8928255123216 85234.85828954937 938020.5482796191 0.8530128054763977 -4.63749002741252 251.8975136047741 154.9671012257662 1.727927024823504 7.201540622525118 3209.864852763144 265 186609 1 -3.727817151091999 -1.816572699502968 3.886822194196961 -1.643680961418871 -6.835143641033453 0.6652781147530343 -4.706050938819651 -0.5066357653505733 1.648317129528297 -1.316064224224959 2.377954479167604 441 552.9577040672302 2325 -1 -6.553202747773738e-06
 -9.696245963718852 0.3371025753688804 -88.05429796518267 2.213883460091779 0.1859992595246271 0.1718375063865542 -597606.7194275158 78.53049437918651 19.94813600957501 1.926921769330428 1.95018292711925 2982.503075558371 320 127139 1 -4.172981135613214 -0.9239348214475411 7.0077983184687 -1.415031505799075 -0.4269427307055444 -0.6985344472766135 1.798110872025228 0.05531894291629635 8.984517877394248 -0.5735041191174099 -4.683292304225906 444 376.1168990135193 2325 -1 8.577821252960742e-06
 -9.676167592099377 0.2430847528904982 -253.6769545538627 25.42634703400048 0.164161368407707 0.2441534010765243 -3870.289627538001 92.94379640936046 23.61055680800108 0.3430694700395895 1712.070744782433 2982.354414855143 2588 191662 1 -4.470500244495828 -0.7778207205600385 -1.151035945519248 -1.536635608527479 -2.282110280793928 -0.6004145059575698 -4.199192366650783 -0.7535572956038941 6.755255932716542 -1.61234713111844 -8.2612278137924 447 555.1318609714508 2325 -1 -1.760086036460421e-05
 -9.608422697334717 0.1369167917141464 -913920.5555490376 461.3010282998815 26.37570627497351 0.06824088131761616 -14893691049302.78 3515.994068864747 31458.76202317078 10894.07790084852 349506.826529158 3201.195310423825 397 191650 1 4.285249366800784 -0.5648706131009718 -0.8199760412397246 -0.02076132071704077 6.354719985898186 -0.4014964285633554 8.60203354347683 -1.462369563570605 0.2386422115678375 0.2279290603529529 1.654818562954755 450 554.3424868583679 2325 -1 1.221426517775034e-06
 -10.72145604021808 0.3323656005179575 -46.78925218674404 0.05080997313911602 2.506076490023532e+16 0.04823914348741058 -4.908269363170748e+17 4827.272347331057 58778.0408699648 1.572578867596958 7.816759466142451 2959.44363161634 1663 191655 1 -4.031020038588601 -0.3438374058964895 -0 0.8578521134646673 -0.6979544269432862 0.1775494780146012 3.821264879315791 0.09975538942489942 -2.304173323698954 -0.002851764598855092 -7.532937416272 453 557.6693909168243 2325 -1 -4.84761076626606e-06
 -9.824052473589488 0.1758735560258593 -15923.04256869876 0.1949597337545791 64915.8908239677 0.129178594441281 -36014791.83754609 138.6840670445593 58.50372479774336 216.4983061154868 83.12084785089353 3085.929680960497 2653 191558 1 -3.827000269023201 0.4957342500840189 -0.3972952282501891 -0.5028913463153728 3.400453455335273 0.7830692002834283 -5.716442025586017 0.2706924200359277 2.378752804423185 0.979595917668468 8.675609968285181 456 547.3323500156403 2325 -1 8.540152558630194e-06
 -9.808131351549717 0.3552923794306017 -32.07917845695196 11853.18324196972 10934.31562635243 0.5402938120757741 -25.42946646802094 14.94620638499654 2.336265554206806 966.9875527293144 1997.521240395316 2906.613911516935 711 191521 1 4.187057185711911 0.9323477182446847 0 -0.8540328787236255 -4.506394953172418 0.7508011650050044 -8.357401909733881 0.03192872489041364 -4.053207863508246 -1.890534902438381 7.993102377686872 459 546.6883311271667 2325 -1 -1.579920983406316e-05
 -9.983568015990102 0.2743202902088751 -197.6019449793602 2.931440989569097 0.1403502777728914 0.4265843590267231 -199.7942558233704 71.14061908315446 14.1302441444974 7957.336456771068 95430.13287879551 3062.899472874402 1784 191655 1 4.695113946200928 -0.8169986766437534 -0 -1.453715971243019 0.478545165561453 -1.024196325669622 -6.069308279637838 -1.516857425135113 9.009490224935968 -0.9794855486257017 8.588914331247693 462 545.9963150024414 2325 -1 -1.724377369030213e-07
 -10.49060389556271 0.3058143340119392 -30.60838822900656 5.288525182949136 0.07787157416193376 1.55348944823075 -0.8106468829380546 42.23115194879404 6.557120756191645 1.318211826189397 18.20130587925594 2834.26043223351 1131 191593 1 -4.534054044440824 0.1752380114026408 4.557433050350821 -0.7875619721155491 -9.502362686479668 -1.513144491878911 -6.86961372056561 -0.07722788246654133 -0.8827705810145385 -1.05224131607842 6.61760185905963 465 559.2110319137573 2325 -1 -1.165219947619178e-05
 -9.544339406729595 0.2165607238989057 -1817.400449045432 139.701627295177 6.999740563638952 5.832488023454463 -0.204857306720427 16944.21367188585 894948.509739448 2199.82658133739 13988.61410177319 2967.311110105702 214 180532 1 4.499535163844949 -1.124181052630301 8.827896326068773 -1.056909285708564 9.030494588633813 -1.822491175548888 -0 0.7306042138844608 8.636344993526411 -0.5029057159403081 -6.45070173532736 468 554.1874709129333 2325 -1 7.70796645472164e-07
 -10.34713400619221 0.2659037363952136 -847.0613008984692 305.7676439578568 8.96275662047586 0.3162064224015332 -1314.777489255621 1191.585935535845 2520.026687624575 0.08976730334774187 341368620093.1008 3056.129472152214 769 191592 1 -4.620793081147701 -1.214426874951702 9.946608144866978 -1.03338663884591 8.953247809046323 -1.692723822431738 -7.047249013600046 0.1400345768846036 3.660548182057586 -1.620611552155989 -5.042732266988508 471 552.0606689453125 2325 -1 1.313077620975021e-05
 -9.630076497587684 0.2471800683527464 -726.047254391207 256.0700119281628 8.964084157650586 0.2429617904618401 -10153.95571577508 2407.217153152213 11108.73820420552 2.85399712688966 -1.255571293425676 3286.719184370223 2164 191659 1 -4.529622783799549 -1.358424650608557 -3.04544199614848 -0.4389670914202136 2.858570704940254 -1.536612968159206 -1.773184162985549 -1.376683440388761 -5.371657574435628 0.8173797419518598 8.180173054235585 474 549.2398838996887 2325 -1 3.372203819946563e-06
 -9.498806465497623 0.03590129857496974 5.168190448877447e+19 390.4835269816675 10.20029088466694 0.1325247178185832 -3294148.467318212 2357.754079004595 13010.69070227256 54.458603339926 8.855010724023453 2958.855378848913 1576 191662 1 -4.675325191515303 -1.097950201426785 -6.297273999792599 -1.476872567041634 -1.250118736460427 0.9663183989762367 -8.542041823220178 -0.214412855056402 6.930639229692499 -0.7727201875428111 -0 477 548.2202191352844 2325 -1 -1.126836342310762e-05
 -9.939058898119187 0.2240148926457544 -278.8891104974486 0.05475068914515557 -3518496218128.979 0.2251571507281413 -3777.82529608737 248.0396282381114 179.348033458935 0.07307175224789524 203344417070.677 3075.748282262497 1029 127767 1 4.598981490867303 -1.855860770069588 3.716660484101935 -0.1925824468833995 4.714836163159894 0.8856386557897657 7.993153717131916 -1.257696129406833 7.142182363177723 0.5717900225318915 5.799743050188479 480 367.2662148475647 2325 -1 -3.073892108815433e-05
 -10.01770939768058 0.1353124259342258 -91577.62991251658 1296.228600344284 69.69070200644909 0.1715692831082035 -112024.5168665032 16517.12280982731 659928.445879738 4.690783841380559 1.546620831694196 2970.225134722866 4107 191663 1 -4.562560040678517 0.8063311378512541 -0 0.2191842234001497 -1.344547934131252 0.7369201872369762 -9.353982662297295 -1.82283790366653 -9.304929751967828 -0.004179198338756731 1.630104576645256 483 551.3282809257507 2325 -1 -1.980879230521309e-05
 -10.07498807095135 0.1585394743328107 -69878.50712056553 1.323923614884848 0.1374480805630721 0.06629360381555507 -32699556761920.47 12597.21739009764 468601.205913498 3.064945992264624 5.198200684574765 2858.654029552233 680 191596 1 -4.66515685527134 -1.668300396206037 0 -1.444149700438413 -3.513719498940379 0.460961789614422 -3.007260593592965 -1.125128577535026 5.585857001507205 0.9034275631457103 2.052255471679985 486 555.9428470134735 2325 -1 -1.296190234152725e-06
 -9.639030665025453 0.2756972044502415 -166.1856518870755 43029.61994768615 104435.777385322 0.05829016224912346 -51791537828858.38 1517.104080349128 5913.836909139936 5085.819736066756 19735.61971760619 3175.812331378009 292 127364 1 4.212847829063982 -0.4452984363993747 9.694724808693046 0.6177780813292553 -0.7213322977004895 -0.6964409513569745 -7.585510244437923 -1.84923279280975 0.9861811223871708 -0.5101810765406327 -2.752453813681534 489 368.5305199623108 2325 -1 -1.877440293859617e-05
 -10.01877870489449 0.1749321150771191 -122354.1161963561 0.2020505912936377 -41283.89069319619 0.05226031351678995 -9.162538116267125e+18 1551.889295684841 5130.287785013667 0.2327043699999018 37823.57848505193 3010.934602273351 3423 191659 1 -4.58235258249906 -0.7136995579114291 1.323140366471149 0.816895210282405 -8.888025458965346 -0.3120928161147614 -1.487392417608956 -0.09198554320074417 7.685370536554286 -1.451352617110585 -9.968547643116228 492 549.5409350395203 2325 -1 2.66757138375089e-05
 -9.678914099516456 0.2485785450344912 -421.527501480252 7756.208108985277 5985.501972339101 0.06665485843420112 -3709520377080.236 303.0809926863487 225.4872670565485 0.4594240774588241 634.4909564906876 2934.778336021139 464 191655 1 4.472196417547067 -0.4560905961258186 -6.304767376616045 -1.606357168014454 -8.46674622643364 0.5077695064903098 -5.169540690187596 -1.948074044415964 -3.494328557976933 0.5780438141389417 4.582276790051722 495 557.7865970134735 2325 -1 -1.305217789083664e-05
 -9.81275486444749 0.1638554162965478 -14876.67021010976 7047.905838643757 5541.183321777515 0.1346365919610066 -2524222.053363236 13435.72541209929 528455.9725453693 1588.69353797341 3052.524939227778 3093.256941948165 2657 191641 1 4.059753453588304 -1.944521163925307 7.64247017196802 -1.052971159714579 1.805030503065764 -0.01571816872603193 -0 -0.411005440430225 -8.12833571427074 -1.37130530157299 6.28959401400044 498 559.0142869949341 2325 -1 -1.804981707781506e-05
 -10.21898883579643 0.1833347123388848 -19973.47354604923 413.859816744583 21.58129900858032 0.4395797064873586 -116.502625342961 48.66558911739878 7.819876790975728 0.1084902903833464 936355716.4427669 2851.125727815358 4742 303353 1 4.417875805208253 0.3276553529295638 8.038853961063676 -1.803244997705944 -2.248283304714566 0.09366331361738259 -5.816746897959465 -1.226034381459796 -1.285887701134588 -0.04585868569552255 -1.464836839631032 501 863.6883678436279 2325 -1 -1.496301152406599e-06
 -10.6636279406464 0.2136003875687359 -4794.754734140942 9434.448224794834 4213.752572885569 0.0641617969215781 -130077680133006.9 624.6757488716372 852.8321244341255 0.08541930069147299 138081237220.8002 2910.073728378447 1690 191378 1 4.530215847408179 -0.9889608861245476 4.250667260946077 -1.995962716016495 8.423602638983779 0.5262185369776082 0 -0.8225385938724585 6.337362959146966 0.6307015836745102 4.549006746831735 504 551.6937799453735 2325 -1 3.866999437438257e-06
 -10.7608734435735 0.2782544273668534 -201.1791071233087 0.0893816514154183 -2406975765.690958 0.133860259311436 -14482701.6666819 12231.51665162566 373533.9877061645 1.731692978458325 11.726806367605 2953.585577804089 1272 191639 1 -4.375752625337061 0.8440684404163719 1.316764988477162 -0.5803837593891181 7.349162916845616 -1.885897524910129 -1.510838722430375 0.9591693400715315 3.54377368624527 0.7363989419184218 8.791470248174544 507 551.6218268871307 2325 -1 1.167365162886561e-06
 -9.887299958819957 0.2473931749785856 -473.2017810658439 0.5069316041297259 4.01384751024302 0.3750777412531827 -167.1434760485187 309.0156451105343 296.5709487360105 5050.841703283914 38970.48419292332 2902.219342570655 1525 127760 1 -4.052639822803128 0.08259184135432207 5.131616240835618 -1.099455268645004 -3.497018204165498 -0.8455153671623066 -5.094951752305794 -1.558051489796716 -8.082621104992327 0.6790527515681659 -3.279445066486895 510 370.4897408485413 2325 -1 -1.943355495117722e-05
 -10.19827445863781 0.044045381723223 -1.340070881531183e+17 376.9581096445532 5.266898081412653 0.08898161575621137 -6481541677.791011 267.231514813256 157.7123009184627 0.05337057501251641 1.223555723884128e+16 3187.109420919816 1635 191657 1 -3.654983693683621 -1.853437266370914 -3.819473205558987 0.8544683102677126 -3.156252732709746 -1.600420203720744 -5.507631716924752 -1.662337300841009 9.439961503629061 -0.2346019670592429 -6.663180299907776 513 554.3456890583038 2325 -1 -6.671532653586614e-06
 -9.732471864511584 3.88283401302039 0.02092713988791938 58433.47264797933 918990.196894926 1.244475497060057 -2.36752785243365 351.8693220931303 365.9273304887184 21417.92899786063 413258.4226328469 2780.361393335028 151 188083 1 -4.581100141595197 0.8213101572988779 0.8338439872510972 0.7157186650762135 0.3722333597498952 -1.071323911155747 -9.341286243974178 -0.3178856861565072 8.249539209554236 0.8189412451268216 -6.579393374827234 516 548.7303171157837 2325 -1 1.267319271175325e-05
 -10.28321289801102 0.03871018949426625 -2.009649263258525e+18 1515.287853995434 197.3674075650751 0.07361182555318195 -234001872291.6202 12687.42239509719 380096.729718422 1.410440227564166 9.661987107050592 2975.245852736508 923 191610 1 -4.457641526877776 0.5300840916834693 9.655162251391211 -0.08169314549467543 8.910980367759457 0.4853789360131424 -9.986269567469389 -0.3654979061426822 -2.714074785617802 0.1463187286901312 3.850745186419156 519 548.4143149852753 2325 -1 -1.611399580590122e-05
 -9.836144742401267 0.2576760178932079 -480.0635891630614 126.2103103382285 2.225219126500049 0.08097149576142777 -259537108166.2184 783.058639948219 1495.833477229676 93623.37657676461 27832361.95478269 2986.31614242539 293 127485 1 4.594577900128512 0.9068994301985231 -7.276822787698256 -0.6495702811225669 -0.8824200995925069 -1.737437644643613 -0.2452607043279369 0.4188907257001997 -4.783441122421665 -1.69951739652765 -3.838254589401831 522 376.3362879753113 2325 -1 2.27827820385015e-06
 -10.8593529676157 0.2681830489461566 -380.843840534362 106.8661360678844 2.65440745793019 0.1233785048871631 -15913367.96436798 13586.38657467877 400868.8768258046 0.1067113397686796 793054019.6835997 3055.303267010399 1083 191658 1 -4.576251933766985 -0.2898504577271837 -6.441855611157624 -0.2879175284658722 -7.237496077049757 0.01740357930104257 -9.160147478907357 -0.2149206130333559 0.8134378976508732 0.6719216517325717 -0 525 561.2033138275146 2325 -1 -1.068586433608144e-05
 -10.32694968265354 0.2276264356942141 -972.9292035509085 2293.96676416608 225.8021221328956 0.06435932525381156 -5941404677000.754 85.13488966025787 22.87668052469557 3.667651165296439 3.094452355157485 3006.307850149285 543 127631 1 -4.168992338449298 -1.561380390993135 -4.47312626373057 -1.827883180635686 -0.7382358218655951 -0.2528224747013939 -6.961336948625549 -0.8387258561949817 -8.605310442015023 0.05320286361932332 9.051160514711682 528 376.691113948822 2325 -1 -1.523647767018201e-05
 -9.453974966261629 0.2806812236445369 -74.38598344971953 2.117884468849598 0.2383821176162854 0.1198375760923175 -53027902.88319811 329.0953522365745 265.4225147194077 0.07455671875019776 4140279111362.3 3032.413084216015 1724 191662 1 -4.245621187445982 -1.035405904764014 0.2155706689301082 -0.3746877476323709 -5.928618557280274 0.1366416080428813 0.8931555585393203 -0.9772499901890361 -1.3024980217396 0.4592216800581905 1.531046792012274 531 554.0295209884644 2325 -1 1.264422924042369e-06
 -9.213817081746724 0.1183623212010419 -6617527.608431818 14798.24609415511 53459.8990578113 1.730399012358812 -1.06515815058373 17555.74075208051 767177.1183779142 1.931543798549166 5.915909095316215 3025.290781114453 3007 127417 1 -3.975008547542619 0.7231559222780368 -4.472729206622475 0.7261814047400774 8.643641139051484 -0.1586565485292919 4.668079997890808 0.4266499952286055 -0 0.7206586731785918 -0 534 370.9951248168945 2325 -1 8.182195618827901e-06
 -9.917453002619952 0.05361287116923823 -3869653734813829 327.2206688646793 11.33039980625724 0.1477224852876351 -3625967.553571464 49366.89337220456 5896121.683093441 5427.264919992226 -9820.315662432184 2987.358775212568 4362 191660 1 -4.097041702612859 0.5398410004338485 -6.434063961963984 -1.627251314581808 2.993038748973156 0.2411833290078427 -4.772695048887481 0.7161714900825844 7.325473756409712 -1.38817284881379 0 537 556.1232528686523 2325 -1 9.067470162959883e-06
 -9.826610550428006 0.2328119139800817 -945.8939374824048 1.494182551012655 0.3198674581274545 0.2584356253846564 -2765.049934014751 208.3122626060306 97.66424993020112 0.08875335342783064 20944384720.59354 3026.470322687081 2467 191657 1 4.425752553911103 0.4558503549046264 -7.713270647858732 0.3010054946719967 -1.175977400214236 0.07298857517641813 4.052153145994419 0.6373489586903212 -8.748151160322166 -0.4791403910387136 -8.582576824682315 540 559.0297958850861 2325 -1 -9.057503316957721e-06
 -9.759883450301439 0.1182315579186897 -4015446.318890631 2377.835951294814 480.070438470693 0.05909969931815114 -473427455930560.5 3170.873725464704 23431.44641825597 36.95244798604619 2.298981475584651 3091.273862053497 2077 191646 1 3.843215563595618 -1.83953098433425 8.43506459266815 -1.143530327457218 8.152591487027799 -0.9572025474625345 3.504157336377412 -0.4586386789699972 0.5848701509753109 -0.7314195196336417 -9.72469844244171 543 1590.037153959274 2325 -1 -5.284135662080968e-06
 -9.735950964295403 0.06395675432509616 -11055913356734.84 511.0935005544987 32.24531487326736 0.2276481236647692 -37403.28698393243 323.7577018805786 249.9117728218868 0.1233788991342621 427549168.1080161 3110.048788463017 3195 191663 1 -4.444200860997617 -1.219882857053041 -4.690062553167197 -0.4556415023635951 -7.304661691078454 -1.480217491961218 5.64991526203866 -0.1097350421234564 -7.274793371913551 -1.144807623538332 8.328669420003871 546 1124.608232975006 2325 -1 1.005171383653561e-05
 -0.5163440211479081 728.7317700225867 261.2655155254489 13174.93998735734 10869.13035021792 0.2270253684788587 -32988.36188218273 69.66638528074735 15.12260711587297 0.06800474390180965 480429837394484.4 3020.442647082197 536 175469 1 -4.518679349754633 -1.207623883771804 -7.509771911300392 -1.238736229939668 7.233254204003368 -0.6117436273690205 -8.784520215747399 -1.538098655744743 8.560049695586615 -1.669392159603138 7.702000660234905 549 1273.655236959457 2325 -1 1.547924246761776e-05
 -9.572972795361739 0.1532703776450759 -103265.9639625162 188.7296294172256 8.83069752102846 0.2198511802395094 -19161.70106057667 2409.740032768414 15978.70646713462 3.20620575583626 1.791902139400184 3102.466034132448 862 127764 1 4.689465226142462 -1.480396254690706 -8.021480152689117 -1.993379788948143 -3.703941426548499 -0.3644576908713528 2.519735721538288 -1.160863653281786 9.44756452457132 -0.616304230749062 2.503972865577561 552 870.5158581733704 2325 -1 6.440048220992524e-06
 -11.1196404247594 0.2501688738004667 -370.402230566018 2.84130269904878 0.06488435794895715 0.2527701738455065 -1829.327493657114 45.79668805214891 7.387541820180288 0.03976391082565937 -3.796458817797284e+18 3003.432213429466 1673 191629 1 -4.465719729499726 -1.37168332924389 2.162252932896913 0.5881301768997944 9.753809058091065 -1.320555864208151 2.785584663087123 -1.653273327798127 7.639200211894005 -1.188191214297247 6.72657583642714 555 1288.12446308136 2325 -1 -3.112200027824787e-05
 -10.37403917345144 0.03778214056166417 -2.913446126465962e+20 18164.4790235563 161848.994577247 2.954584746471755 -0.5392267753729131 368.9956935841068 362.1598983487938 4915.157531039456 44292.93717287874 3224.147039167449 236 191037 1 4.109885318571545 -0.349414595311055 9.317752944816842 0.4299400302130136 0.6992015990506166 -1.600274605238577 3.715028373795396 0.2348011170193302 6.060168276271783 -0.08555000362217238 4.907608094846998 558 1293.678645849228 2325 -1 -4.394999793658011e-06
 -9.665117758231858 0.2797665253405063 -320.3915012710319 362.9295386524739 14.915746800588 0.04655768251024076 -6.764543887866719e+19 26331.00474285642 1852634.508303108 1.301378428562781 26.55681932880304 3029.052618490778 424 191663 1 -4.597564602840078 -0.3943183240791087 -9.434273637348756 0.1511852905590216 2.971671339332689 -1.198105034746366 4.235275828527737 0.9727322190396208 0.5476761668969292 -1.902248124758525 -1.094422858997014 561 1287.799282073975 2325 -1 1.284528672273901e-05


# name: injParameters
# type: matrix
# rows: 1
# columns: 11
 2.04 0.07999999999999999 3.1 1 1 0 0 0 0 0 0


