# Created by Octave 3.8.2, Sun May 31 08:43:39 2015 PDT <charlie@yukawa>
# name: outString
# type: sq_string
# elements: 1
# length: 114
Slope	Lambda	Gravity	Lambda	MagneticField	Lambda	MagneticField^2	Lambda	AttractorTemp	Lambda	AttractorTempGradient
# name: om
# type: matrix
# rows: 187
# columns: 31
 -9.765683474481746 0.1470977424366723 -970315.2301834205 0.0517968758219463 -2.505223328145455e+17 0.09225088937227752 -20560734187.7461 102.1478001019886 33.4465039509439 33.47149766336203 2.488736872018241 2952.961123557457 1836 191655 1 4.563100347511449 -0.21357884785402 6.764109177199588 0.4168279674246937 -9.767350003927096 -1.939336360629533 1.537879647751586 0.5058331243521046 2.327961385306692 -0.842092448481222 2.80391630521887 3 824.8249490261078 2325 -1 1.004587975211232e-05
 -9.651463921218006 0.3307262562221003 -72.08477199611075 2578.130955039043 1400.557447571341 0.919570253296956 -3.623144433649128 320.0420200893968 271.0966802539984 5000.899470458272 53933.94228938531 3019.134340159499 171 187467 1 -3.573931941252939 -1.823932198834859 2.473197486097376 -0.2044425859059321 -0.1678775574658014 -0.07060612071340172 2.412745593443336 -1.60018890478561 -7.637143986963297 -1.901667858572536 -1.980211134941171 6 723.2010540962219 2325 -1 6.474386296547103e-06
 -9.426569475485673 0.2720586381515472 -280.772870665981 6643.888634044575 22945.18590045803 2.517001534620052 -0.8090663271001953 287.6684615859584 229.5641997864151 90.04295167808063 17.50159221111549 2965.583074731458 4744 191572 1 -4.492226809315024 -0.9644366019572015 7.431382951129828 -0.9391478347947029 -0 0.3862423781050932 -1.864904283159875 -1.392589381714542 4.64186739649072 -1.981401518149344 -8.441677854535353 9 722.550931930542 2325 -1 7.666484955981702e-07
 -9.250503744127924 1.074118712988919 0.050981597192105 5.046513291334732 0.114391912394584 0.05624856684960614 -507353054360062.6 78013.81672691286 15123897.16897907 1.442327769451343 9.400660090175192 3095.538382747663 340 191542 1 4.529461497482393 -1.313621565155979 0.9137466580365361 -1.708410463401903 1.162488001073411 -1.271653472872081 -5.522719369866246 -1.887517503157235 -3.958390916098134 -1.945701450740916 -3.492135913867434 12 724.8992800712585 2325 -1 -1.30006564328795e-05
 -9.9974302686825 0.1433687089053296 -192943.005947979 16486.82529923323 18235.88090840958 0.1948341046331276 -62817.48245583871 391.5273763749528 378.1872752742674 0.8481310508950073 51.65788636616703 3017.349267093158 3271 191661 1 4.111903953679377 -1.371310480312296 4.463893463241679 0.4222882555113343 7.727930273318455 -0.3719170095547711 -1.772489217501175 0.7837696890668857 0.4175296389903669 -0.9553755131231264 1.881849656951276 15 705.4366040229797 2325 -1 1.426184230696626e-06
 -10.13668452222872 0.2204449496777577 -2080.739942195671 2054.160025380118 238.5285364652656 0.05661884740203928 -8808183699283095 39017.26020603773 2885367.35700897 6302.262081636625 -30125.08466695964 3029.746525511663 1070 191590 1 3.595663273296444 0.7931714844697222 0 -1.548912382228374 9.850434629458146 0.6061366983370586 -1.933963923131621 -1.805871654171399 6.117451346771278 -0.5525073014203894 8.81257908327162 18 568.6684210300446 2325 -1 5.617453296667802e-06
 -10.25070466492935 0.243806887629141 -2091.25080473257 2338.497041014026 428.3468579928691 0.05780737982055539 -2.966725246747961e+16 8395.450392184577 143820.8700580138 109.692231817993 10.52749842451094 3134.238863571878 138 111611 1 -4.228472987386215 -1.139763769607471 7.71838191398697 -1.754121521941697 -5.764158146838059 -0.5171808420346142 -2.432649444578875 -0.3420917703417441 8.341858447746606 -1.662485143508691 -0 21 330.5473430156708 2325 -1 1.478578082565329e-05
 -10.23319147661214 0.2421805143502434 -2892.367257652693 30593.56678644117 94491.12360073421 0.1304873038967606 -150156460.5756319 45.30441623522329 6.816694207139619 1.622468224313987 8.775325410194476 3041.840682106847 628 191589 1 -4.685708806280108 -1.178205697023404 3.741114694008839 0.1170449139721876 -4.108242754197057 -1.120851685312187 -8.009231872985668 -1.120898098990817 -0.8736518749361775 -1.354582288295502 -1.987443310704621 24 561.2380230426788 2325 -1 2.711912336511476e-05
 -10.36324270929713 0.2467377535241256 -383.9639363312784 3.110301803989577 0.1811462292965219 0.06929001234916375 -29308429267244.75 29157.46519024135 1914295.402265655 0.5912286671665081 111.2536425248054 2949.74726398981 1816 191500 1 -3.818759733212732 -0.4027448603087045 -0 0.03703377681598409 -4.198040012423006 -0.6059741021571465 1.043745509395938 -0.4917814427388318 2.032298410863627 -0.2520786341548042 0.6919892147656395 27 565.3252329826355 2325 -1 6.072361792072039e-06
 -7.646238813472404 189.6463324809706 4.04735544284147 2434.027326175774 511.8252921587362 0.2098069189133952 -25347.47232299874 4641.177320025836 61128.91057805652 1.455274395545801 17.88346683587116 2831.473089985847 5180 191658 1 3.296536547431783 -1.03935891583542 -9.786179702219167 -1.184624904767986 -7.569954519691281 -0.5545195195945247 0.2985400479140301 0.4086706075400297 1.538818129329948 -0.9795804570833226 -7.444135157315557 30 564.4430689811707 2325 -1 -3.396170509852027e-06
 -8.940845512098591 0.2812073980308495 -208.1362979885542 362.85189804792 27.82913602838805 0.6767506098097333 -20.86040802435295 82.90974987968742 24.21285059154412 1.388238457181068 17.12973955280499 3166.90777754608 473 127365 1 -4.544295239477372 -0.6230015965510471 -3.105100525110179 -0.4925251153867256 4.268096078482749 -0.2890203474673853 -1.571391365061483 -1.39450528703488 -9.899367134172607 -1.940663719839491 -3.465005233878683 33 380.8162920475006 2325 -1 6.419524964188172e-06
 -9.784367113762066 0.2412126856594743 -773.3942674653956 791.9129384836069 25.59464103632859 0.1737172099714414 -873049.4201945878 170.3149346852647 93.67722222447969 0.9222975327704304 24.80868580956845 2915.734000948974 1616 127767 1 4.300958203599642 0.9163693568228538 -8.441543017113856 0.4495987588164246 0 -1.927063920846042 -3.21793047344183 -1.676077172416639 7.912451896110301 -1.476092543605747 6.767091923705664 36 378.7527761459351 2325 -1 1.43703936847032e-05
 -9.999720694924644 0.1181289904066475 -2413603.351365714 1755.727485869755 286.6260043136675 0.1955705176711523 -42467.71651980205 1841.428630026253 8715.274117521538 40671.98204195128 6580747.47854751 3091.613482665627 1680 191664 1 4.560272607691114 0.4480705797511701 -0.7149749598343322 0.6114200026685581 0 -0.1070188280628148 4.755764320003899 -0.8830954938837223 2.582075577895531 -0.4344476221127049 -1.362553426086882 39 564.2418959140778 2325 -1 -1.446427013974702e-05
 -10.12634113236094 0.282929289591239 -70.93364417321312 194.9169354760965 3.442864327164622 0.2607219978062174 -3279.302232649429 116.811731939603 46.92576293146248 0.09905060622695094 8334737410.215585 2957.31085805433 1139 191620 1 4.305936566909518 0.2726762636609497 -0.4346766403903666 -1.705267112256044 4.434929779033076 0.5963996790012294 5.813955074259678 -1.302526094581033 3.130164866197966 -0.8907883485781758 0 42 567.4018650054932 2325 -1 -4.259102700869709e-06
 -9.664294530592068 0.205010382327649 -2006.80776104524 551.4440666175409 20.68138008326405 0.2335849163865829 -8171.987096932666 705.627579937939 1311.743440776802 202.8563815395318 53.37579809700267 3036.208342347456 1504 191560 1 4.681582914932359 0.1664506810694211 -2.273304490946018 -0.3596453071875363 -0 -1.99696365129241 -0 -0.1708697721283255 -5.013244805471778 0.7717701959149079 0 45 564.3334450721741 2325 -1 -1.041423144838557e-05
 -9.875181387071173 0.1168839462961484 -35239098.80089024 63457.66716957649 326173.5177959544 0.58715509700492 -20.44982377035972 1264.077009419633 4577.902405604993 2.079364702919065 2.372758596820057 3038.602415559745 604 191625 1 -3.691491910454375 0.5508162212909098 3.412696187983253 0.1865335235157914 2.657751994579538 -1.685802666286697 -0.369322130981919 -1.753903306571957 -6.625059618431199 -1.182363831914557 0 48 563.6667151451111 2325 -1 1.462775412473688e-05
 -9.879778224899766 0.07327828519283708 -52112873683.27872 0.1025698455816998 134095295.8778982 0.2558999241093177 -3305.609390137238 272.0575611942852 175.918962956018 0.1326901202504254 18738772.96126721 3134.114865520476 5106 191657 1 4.528928441464172 -0.821929515796862 -9.378036565062935 -1.015400058684572 3.739885028800259 0.6590366139681501 -2.239441429756881 -1.475280471987734 0.07796693074265049 0.0847448550163538 5.075859601388377 51 569.334235906601 2325 -1 -4.711716402592256e-06
 -9.587679912295849 0.2922988619945705 -78.55742197886335 299.4588557210303 34.23562588995771 2.877601066568977 -0.4503338951416026 843.9191033462272 1557.623399955165 5223.508400960865 57329.64410800158 2938.029332989523 653 126430 1 4.635910351949054 0.0978286808812019 4.393014727770829 0.2342796413665171 8.747830598583228 -1.794999702694664 6.424142234334564 -1.762639735712582 -0 0.08610818531898132 -0 54 379.765044927597 2325 -1 -5.558973444068294e-07
 -9.853298892231033 0.137696047107379 -350108.1742419035 6814.479885159019 7478.429900332359 0.390576158433707 -102.8085718618942 85186.67442735357 19209419.4079628 8.435417730717756 -0.5678301002845729 2919.556347097616 1198 191441 1 3.957250181529967 -0.8259954203879865 2.606294865367853 0.9991592226303441 -4.659322091591931 0.3466519774741345 9.62431567485576 -0.1905676012333802 -0 0.7771988221664357 9.125121843634755 57 564.1648428440094 2325 -1 -5.273547335499191e-06
 -9.911688063502986 0.1606634947643548 -144643.1407617579 24490.37577737329 80936.43262503046 0.1161324123014332 -495358745.2974554 268.6457438613407 191.0774564104076 0.05703002034652126 1.840586817199562e+17 2954.47166506507 1733 191471 1 4.441836474694772 -1.865730061226574 -2.194143792740107 -1.897649802001477 9.323079721660157 -0.3258205682138958 7.709521846513736 0.4949762195721381 1.596979879399503 -0.0285172377167058 -9.044376534546862 60 565.9395492076874 2325 -1 1.860317216058737e-05
 -10.11166178464834 0.05827133828435116 -3201392103050470 3492.22027017555 5115.948284404732 7.709248626130847 -0.3256990056474552 3435.996190640911 25199.36271598211 0.3679999947674638 2798.83189119754 3025.521045091361 3814 191624 1 4.435158738951912 -0.4147289824591018 -1.415945436752275 -1.522234165256871 0.2689845678161675 -1.496032943305363 3.415974179515319 -0.7163922204149937 -0.7629086004382319 -1.591158096139874 8.606556676880558 63 566.0699989795685 2325 -1 2.321822943948773e-05
 -10.58529966393877 0.1105550136930717 -1283348.517652696 76156.07565068641 364698.0842185967 0.03900492215836255 -5.555484058448685e+18 22641.87155996359 1082885.701122595 0.7209392588830428 52.66546782352727 3099.365213070823 5113 191656 1 4.055284897929451 -0.03793403742299083 -4.833013266953841 -0.8964622587010371 4.9619163879289 -1.784089889753853 2.786436330917606 0.6985420227808792 5.847467179196529 -1.513930365177003 4.567046988771512 66 572.6015808582306 2325 -1 -2.825933727386509e-05
 -9.45363712810356 0.2858623845833554 -285.942020530781 0.3416595179070197 -51.30553884865257 0.137155442237937 -6343501.961124731 152.8493792213576 69.01657550020029 2.215773984689356 2.192237733997318 2966.725609443166 667 191641 1 4.416204109111988 -1.14274672046419 -3.397488150897535 0.9583466391397302 -5.633144670836121 -0.8054778447735487 -9.912968246265011 0.5219810686072321 -9.672869813713035 -1.142444009469592 3.942609719917541 69 566.8804850578308 2325 -1 -3.141044093491254e-06
 -10.42795651614861 0.3092578924411343 -302.1725142117238 0.2564447455757304 2166.528162389726 0.2000013952987087 -339663.5130654786 150.723804659911 49.49392212641007 3.913638262381175 2.117103917005142 2972.300765305194 919 191621 1 -4.531048658708289 -1.323188841273208 -1.842727098833425 -1.998538332768811 -0.01250826763841495 -0.3657402990072481 -0.09953630381589029 -1.800298275414308 9.293770300217981 -0.2039861610251315 8.180813209484381 72 565.5689780712128 2325 -1 2.433846005821393e-05
 -9.743357912400768 0.1358095586049922 -1025708.638905984 12.51282160660594 0.1205241311796083 0.3977677302260765 -275.6152689528091 1540.153273797946 5636.76064822946 3932.055379303602 19124.2517075187 3040.56524954999 798 191626 1 -4.05058170851997 0.3799047268728244 -5.170583072014129 -1.32282210870986 0.5578172334285703 -1.400267389609697 -7.174099858875584 -0.7654047857901709 -0.2619782728752873 -0.285755969686373 0 75 566.2331779003143 2325 -1 6.984105418010847e-06
 -9.538211198004452 0.2882000968663397 -211.4592328686837 0.0498163205599195 1.387475669328763e+17 0.1042385360958891 -338570242.3368341 30814.53020404433 2590108.954150064 0.05747160490828761 -5537359285624133 2899.61435286682 2160 191662 1 -3.220761915676747 0.5516712222390455 -6.556837745390554 -1.962929589643599 4.297132686784034 -1.258584707392314 7.179178222577653 -0.06160386063477492 8.306956228838104 -0.768058414155851 -8.668339556767071 78 564.9207479953766 2325 -1 -7.930879807359517e-07
 -0.04673291856922675 10259.38432912727 56168.96785597804 95371.72538360179 798361.7135496507 0.2559415586632742 -3423.558520476369 564.7668617667587 777.472078786209 0.04906993556274445 8.487173130462954e+16 3116.557919592843 2279 191659 1 4.156982388977674 0.769491261375812 5.711726134569886 -1.10123508309023 1.398212987579183 -1.040652837011473 -3.815422390348527 0.4828155329364478 -3.903036422947165 0.6347350985415097 -8.846936008504457 81 569.1407768726349 2325 -1 -1.090427367510149e-05
 -10.15908505727348 0.1205964090711026 -13118181.44069221 45508.04142051085 125482.8348915227 0.251599492786074 -7934.24243586032 83.12517286320259 20.58698414277563 2339.612793245715 9933.109021379694 2957.311259277015 1212 191656 1 4.093570278326658 -1.279161859744629 -8.314291684000045 -1.275602663451798 -2.037178477245052 -0.5101803218212968 -2.714788074436275 -0.8246110542166756 6.538522803758267 -1.482844020790676 0.1112043835667693 84 565.2597901821136 2325 -1 1.414715010165738e-05
 -10.33063683283744 0.2505131773998588 -632.5962395848982 5420.564853737922 208.3223072818102 0.1004841100601696 -1025474835.421149 308.7033563033013 236.3333926574323 0.1030030808046491 2483266252.262669 3150.557238634039 1291 191663 1 4.536745093084457 -0.2685495068295163 5.732405496324734 -1.473851850012763 -5.241452787828115 -1.108480741234089 -2.221522929095643 -1.780078890300435 2.318912622224492 -0.9971846162511984 -9.488958514017302 87 559.334037065506 2325 -1 6.538068379396947e-06
 -9.475820660234527 0.2641496394892169 -298.4077809897503 0.5384595885473696 3.395821174455635 0.08193129035935995 -157721558594.7953 354.749790074341 306.8805299409124 0.1119636453275831 1287370771.437157 2903.234737580684 1686 191649 1 4.600756521105216 0.4875126069256489 -3.329808666349126 -0.3446950767759027 5.560659214331662 -0.446058291152502 2.454123087255964 0.143621771073529 -2.830429509294157 -1.763776188552924 -3.510161114746024 90 563.1696240901947 2325 -1 5.604011822194912e-06
 -9.971227047690256 0.2525266145191548 -1374.988793536541 1.426560004396201 0.3579134831069614 0.3219122231112103 -1483.136112417935 8367.273858827741 165013.5583424291 0.04773151184317736 9.88985619959149e+20 3341.343807710627 1052 191636 2 -4.144920091749596 0.6361946195369361 -3.087032919318485 -1.345610239593412 -3.612526156919808 0.5043487783815364 -7.91512455256499 -1.637815595398861 -6.650717984137303 -1.20344532785087 -0.5620580448557111 93 568.9482491016388 2325 -1 2.67018092908734e-05
 -9.268686119914539 0.04486947351616632 -5.949125437819606e+16 7.845730583165373 0.0957320689351612 0.3799535888742645 -220.5745941972823 9991.638418108687 279637.0279171675 2.291225824683646 4.511232074436011 3210.194801010914 2601 191664 1 -4.484282176701796 0.04542637170754463 7.522414425556843 -1.240582690538421 9.682591633917278 0.6962643048301724 -9.268563684165191 0.8522551645843603 9.500204231933894 -1.77357796244184 -9.263274627819278 96 563.6355922222137 2325 -1 -9.006851404973755e-06
 -10.33491544725019 0.1664853940869028 -158719.0562476518 617.8788595601918 50.60852767327609 0.3610281826952868 -529.7659098269959 31021.76691901266 2509917.687934853 32360.2430645305 1478853.131821654 2843.87004165401 3265 191653 1 2.966296556942252 0.7355420299113842 -9.752720203198871 -0.5887652488057373 7.866699614667015 -0.6270544790907895 7.020383727474373 -0.3686439816511839 -6.47819757705455 -1.575527395522316 9.170005468301568 99 561.9575889110565 2325 -1 1.436891521589273e-05
 -10.04205752676606 0.2031400841166521 -12824.94264488697 4639.120756555647 2987.47357251344 0.1529776912291322 -2313322.599771988 11996.07066850792 355616.4084656894 2195.402452001993 4991.368153406598 2791.902423924376 370 191505 1 -4.543914956167028 -1.419515220138408 -0 -1.252707424786619 0 -0.1838319097512145 -1.867503976336295 0.4259740449605362 0.9592527867506 -0.07882806507779887 1.84307151059547 102 566.6401319503784 2325 -1 1.35405662485217e-05
 -10.23941171155103 0.2527325380774084 -257.927091500922 0.3225628072527859 193.2778147393517 0.4846181696189003 -61.60652589935319 49.89706278787394 9.08523147146532 649.2467161897107 397.6991698716544 2939.990737621921 323 189171 1 4.238125442148772 0.412083099955308 -6.908234391645206 -1.361870431263931 -7.411168751984432 0.2392448404394151 3.325150414100068 0.5347107962386 8.192259021369139 -1.250194415231275 -0.9404657909740179 105 560.4407157897949 2325 -1 1.038523931975136e-06
 -9.831040032467204 0.06463319551421177 -364818960329.5845 13157.51596932659 4138.784457056927 0.2165605685538732 -14128.36638396774 75.28695412405118 20.76891914591626 1.447947091650264 9.615206774528394 3026.455779967116 3998 191648 1 -4.643999371782489 -1.901328900812334 2.410093290345248 0.4648190631865567 9.43820604312252 0.05207651304583385 0 0.5958246627249255 -3.683191115852365 -0.8267386624928426 6.114912709741339 108 563.2839441299438 2325 -1 -1.374514622810759e-05
 -9.895954990098026 0.1775802219021521 -28689.07728635188 19447.52337738255 44348.28616868649 0.2232468797287299 -12726.66808556788 358.995653427238 351.4717764896243 0.4550834669478351 662.0246670230067 3106.238999676435 4425 191652 1 -4.64645525863657 0.2528651341021337 -9.876865490499316 0.9930762850093662 2.997445654348035 -1.96529291366292 1.400314825214011 0.2873367357248409 -5.232360391348396 -0.116924295066446 0.9321167226289644 111 558.8752279281616 2325 -1 -7.333120662658997e-06
 -7.418007008706613 3.205693412726604 0.0809617800869977 73105.18571181461 821429.8823646246 0.09805617271727708 -353890343.8482805 143.3547806436361 51.31888945320589 370.1727868788273 316.5391798879798 2907.951573193192 892 191609 1 -4.269582849014493 0.4785586063197949 -0.2180431482543552 -1.742139319141601 4.378456033026798 0.1460900262680908 -8.752697398969461 -0.4272535492337548 -0.3281513796951794 0.5343675295347952 5.236866589676782 114 565.3299360275269 2325 -1 -1.990987393353796e-05
 -10.31471625213763 0.218813595354104 -6937.552745469889 938.288184765246 134.6340719445153 0.1191825625701512 -109598491.826498 76.73259826347987 22.06631921458172 530.8196062329242 1224.278458157805 3057.6696679616 1203 191528 1 4.50826870082402 -0.2678748902854728 -0.5964856100728877 -0.4939083224035468 -8.024649949066488 -1.143993787898602 -5.446360230225519 -0.7446404971171772 8.077716268297038 0.08947721514523052 8.437889077763716 117 566.7270178794861 2325 -1 7.212069180070553e-06
 -9.739104915410481 0.3170594229703684 -97.94264125329491 1775.553767440905 163.140161699324 0.1982082450990276 -150599.6656799694 54.98588816628268 10.74802832572939 655.3335064740934 395.0016245432019 3170.240203296704 834 191568 1 3.702663265037879 -0.6536678441400047 5.273898778554488 -0.6456539221353985 -6.65473305102481 -0.9943300816419951 -7.536308118923596 -0.1293130486617926 -3.698107448351774 0.6361449484367169 -2.864878325498504 120 566.6198909282684 2325 -1 2.067667948975539e-05
 -9.094165106646027 0.04093374042307826 -3.819122415694793e+17 2.582854670356708 0.1628293086184585 0.252765440936355 -3151.308615876004 83.53450428690412 23.69139691405754 122.1800242475205 41.75113164137409 3120.578137733587 1411 191654 1 4.362769146413127 -0.7669545945542096 7.564734086087281 0.6018426324385389 2.412776749175421 -0.1592654690774182 2.797456388749338 0.8185205968761302 -6.351719900474625 -0.2261670286580113 -3.650088302733973 123 569.8264269828796 2325 -1 -1.636254117931436e-05
 -9.676898128609103 0.3321219920905297 -58.95295000065945 5.607367545661768 0.04879369288320617 0.1100668800022775 -332504530.0578331 2168.397814993241 9781.351204874883 0.8127708065762874 70.84790092955465 3095.006082383623 2634 191623 1 4.537749128099276 0.2965654470712344 6.699170228674032 -1.400952812959646 4.080571937982835 0.2667603437720611 3.238154451679538 0.117748720455428 -0 -0.448924062473866 0.4189377412668547 126 575.718022108078 2325 -1 -9.898145320197857e-08
 -9.729120758462248 0.2136014192045493 -1611.455872989447 1.167341101957709 0.7872971515506587 0.05153426606619427 -1.911075359207126e+16 8562.436603226281 191218.0031600087 5.776044612813102 1.073342226542053 2876.611879549941 484 189476 1 -4.357809069040677 -1.641154617699433 -2.932415566203353 0.1324822959091186 -2.495450490190197 -0.5562780631090547 -4.422816998295453 0.315458073069184 2.171061238463234 -1.477038812690289 9.276091325315702 129 581.0780880451202 2325 -1 -8.394261804042036e-06
 -10.90876410816708 0.2239801851902305 -3901.616093094437 2.804154646111874 0.2350503499011819 0.8412405039041263 -7.293711154053597 89.59096053933435 21.48046567364059 1792.837997667427 4831.338389634516 2911.047268488765 1481 191654 1 -4.689050432136671 -1.095048255977655 -4.853262808492516 -1.326568675699381 7.054503063627415 -0.595021536305822 -7.640872716344635 0.5588972676749249 -7.278706662056063 0.9962762636417524 -5.383739914158754 132 581.1370341777802 2325 -1 4.696476107356772e-06
 -10.02053336269559 0.1600801962209566 -113993.493842301 3064.908731696979 763.790113305612 0.2482532899924631 -6997.980581614078 5315.560114052461 79818.14581777253 6.261991927794906 1.477623600538135 2967.699651855921 2311 191650 1 4.449748723055624 0.9516399522111563 5.128214222454929 -0.9150554086472997 8.967710880706424 -0.9012787789583445 -7.455490150150098 -1.172376117992293 -7.436612168606107 0.2330649536435967 -6.597453285810334 135 622.3612380027771 2325 -1 7.371846966850471e-06
 -9.979159928218484 0.2713012380408517 -1125.150301664349 2.5615505286047 0.1777246296757541 0.3902719755319179 -404.2021499640646 1643.463293451339 6235.807935619046 3320.044780312097 9999.058512951764 3127.189210808935 193 187553 1 -4.414667702989927 0.05605255564256151 -9.976101119089252 0.5545270397338413 -9.868600115358712 -0.8589509806183688 7.6485956708008 0.3683158336099033 2.155881742979062 -0.655460844880265 0.2498561256225358 138 634.9517550468445 2325 -1 2.795555622628233e-05
 -10.0447896166401 0.3270932426910189 -154.2496626518364 2.003477530314001 0.3195163679530825 0.05389647947756673 -3.528914648170706e+17 68235.16394083446 10873190.9069413 2.343829467992176 2.190223168570511 3053.034358790196 3668 191664 1 -3.883291391021757 -0.700966736116353 -9.818512760627662 -0.7787504580982452 -0.362412273759507 -0.6801647172643284 7.89470501213421 -1.443512507077391 -7.510958546253118 -1.041073003797463 -3.952694799107373 141 648.7652969360352 2325 -1 1.47799038657668e-05
 -6.081011653536858 10.42462388520703 0.1165071483865359 3.750561700445325 0.06472099565448849 0.134854988127187 -9161861.734273093 3036.993896410639 21984.55562136585 33110.54077680658 1720627.523580143 2925.124267049629 1264 191655 1 -4.264061266132179 0.8206659193970401 -8.105678778822648 0.1048448173700693 0.1905130785354952 -0.8882808148955803 7.284925649829658 -1.313583793359049 -0.958203458834431 0.1968109575968402 7.187667609221677 144 566.1636769771576 2325 -1 -2.344528048144231e-06
 -9.955904177417619 0.05216289166857908 -36425903677444.87 4.683823621149038 0.06033087316034634 0.07070629437003376 -375228567259.6735 31466.29437675332 2544328.333419467 0.1379400032003958 13579789.85358133 2930.494329831795 4520 191655 1 -4.647337787224885 0.7314600665817772 6.387803352533687 -0.1011035349659722 -3.490140347628799 -1.798259043682144 2.777120733855814 -0.7181452586104813 -2.195070388736515 -1.279323367671522 9.557534780512858 147 568.5608251094818 2325 -1 -1.757162806318785e-05
 -10.20799025738766 0.3826632993020744 -51.74414016690167 1.554542766510606 -0.03694059202598458 0.2202299309072701 -38523.66096910249 66.92979887463491 16.58760627136603 32828.09748159342 2893294.999783639 2836.414680027626 1805 191601 1 3.307551110058776 -0.2963061348711022 0.2034971488788306 -1.79117937667545 -8.414392306518515 -1.442462420527399 0.7922293827422147 -1.195582159927968 1.22389159622827 -1.201856511930234 -0.7933419771125143 150 575.8105928897858 2325 -1 1.625342351517051e-05
 -10.24127247287368 0.3091497600599411 -102.5556215333664 455.81971442499 21.54569998985209 0.2189497110697438 -15072.21118294819 985.4424593708819 2352.702543501588 5.184658347208285 0.9832344637417535 2857.668980273135 1327 191653 1 4.134766762382253 0.4903564120246218 6.15937143436278 -1.167690781199158 -0.3166132524093399 0.1730396023295837 0 -1.371229434817696 0.2850642781471717 -1.771676969011427 -0.9670097944011538 153 581.9329061508179 2325 -1 -7.837615425572823e-06
 -9.178233933309933 0.03725110823672395 -9.997042696506087e+20 2.038397290495614 0.1371828865636294 0.07646392746732203 -831156635294.3381 165.7826578064243 61.05665374436386 1812.150377457953 2983.830998005984 3047.43576457206 726 191590 2 -4.61002751723362 -0.9165829924379283 6.705696151251983 -0.555321427064376 0 -1.233594464928642 4.265174605869189 -0.1946214664144179 4.06146091794523 0.4320929760854603 6.075528678435113 156 595.1189830303192 2325 -1 2.116675050434099e-06
 -0.09673419701616807 4712.874045586216 11151.27996606566 5.872363238593383 0.06796594071522605 0.2326328486842533 -12684.48902949433 56.3661145571605 11.9927523118061 0.03911721133638265 9.95033860508905e+20 2915.18227247895 1972 191635 2 -4.308599854723508 0.4517069870145862 -5.788306365255879 0.7406105347321787 -8.577588824884865 0.2421027632483551 4.792553242842837 -1.853314120334393 -3.157862658155977 -0.4610313569385269 -0 159 576.5710971355438 2325 -1 -5.975302373445872e-06
 -9.686066049102253 0.1332710923887562 -10133679.22705425 808.8336912039091 103.5763617720871 0.2617260211226548 -6378.886723375571 26.21476600732364 2.735380445585908 2.985685976626691 1.828617416397405 3050.309376270828 2051 191655 1 4.211384306160281 0.8118289713356819 -7.559808508335202 -0.5384624373108551 5.583443566909322 -1.509929505137048 4.501657857168079 0.5655315768303861 1.112921506879534 0.1238116904088584 -8.756956129821249 162 596.1907570362091 2325 -1 2.873531722331282e-05
 -9.700988209610506 1.63576376777868 0.07661950719911682 3.113151928376472 0.08219677205015807 0.09236168715874084 -16607532622.84192 71.01720297395117 18.32778451575448 0.1012780857513708 6840402427.649128 2974.78885861491 2625 191649 1 4.130800574228608 -1.736158713871927 0.2958474423642583 -1.944045864909194 -9.472444471019001 0.06564087672437188 -0 -1.225725760789148 -1.523063576374243 0.4756333900600799 8.486450081234937 165 574.5659468173981 2325 -1 4.79700235600887e-06
 -10.10182427098623 0.3025960887034952 -198.1377607890185 359.7338864551202 -6.712846162861433 0.1255947726234212 -49790120.74158946 56.41031914322509 12.07469353584449 0.1123910759410211 -1128894684.275161 2927.312742589663 1922 191664 1 3.988590743696335 -0.8344655085881012 -9.492796657173985 0.7754370577931846 5.336638900239875 -0.2463071440322083 -5.793924037958516 -0.9511980307639076 2.835450241664069 -1.257111739779868 -9.726790796600012 168 579.1769609451294 2325 -1 3.05219729433245e-06
 -10.0243198841709 0.09813207255997997 -1596539658.852176 149.4035073380318 3.501658367554483 0.1471765052950645 -7786242.94256496 715.6736376061845 1313.560107475846 2437.655431631553 12059.75514073701 2930.546228560406 4460 191660 1 3.628319235636175 -1.340347363700696 3.593943260854608 -0.7119462174858802 6.943026806575768 -1.984398231053715 -0 0.8169341823826648 -2.792823208706413 0.4414468393686949 6.784619770087168 171 577.3262460231781 2325 -1 1.943174241406423e-05
 -10.01670008064108 0.05782399288313669 -31459481396883.94 804.3188598547423 80.40054518461061 0.1515461217547888 -1006024.307215746 1535.456828222736 5663.312373780588 3.601477274375733 1.807690991276196 3121.981267444045 5305 191661 1 4.657578684410027 0.2955679041697511 -0 -0.8447191270220102 4.307872309961158 -0.5139526833192978 8.329914825438225 -0.2104203278045889 0 -0.6115074301472765 -0.1782805555487466 174 569.9229049682617 2325 -1 -4.343903580473325e-06
 -10.03224636832568 0.1424856975895494 -147451.5618536306 46336.59685786613 183921.2740126791 0.2214506320611861 -12272.55181941303 137.8640339736536 57.16483133645124 3.910757457290638 2.143061619770354 2789.779206764105 927 191642 1 -3.837639187987232 -0.9530621698948201 8.323263346724584 0.6366686287727643 1.553434696207239 0.5011182267664389 -2.578829167792538 0.9440111784238585 1.450200243267812 0.2422373942227613 0 177 589.2434871196747 2325 -1 -8.569962121949617e-06
 -10.13165276695586 0.3250824942533895 -63.0735455771385 1.968018801555137 0.2367235953317354 0.1476649177242157 -1455753.219415553 293.3967996307701 226.4795069734076 1.009820815491731 28.78522172225622 3073.362539409302 1068 191626 1 4.573683476208624 -1.329121843337317 -2.810600762176389 0.6559662256827371 0.7550033223963863 0.3128045475080218 5.129252227178589 0.5535977978893629 -7.865540715147748 0.488940041089347 -1.314150404990988 180 586.4656729698181 2325 -1 -4.19590579352703e-06
 -10.14773700849783 0.09986215769139747 -169707562.7962831 199.9939967070779 5.408416482010853 0.5117040058239819 -68.70892520611395 4471.571064511836 40949.16601612478 14705.66889581427 697942.2952190851 2874.929680486978 331 191645 1 4.391267537409569 -1.761280743287281 7.231232575479027 0.6476791340404775 -8.967612528857959 0.6098496106174682 -5.40566948485078 0.9786068701627668 0.3254730861299127 0.5367561961466456 4.181752087741705 183 580.8972220420837 2325 -1 8.469914372031268e-06
 -9.749329543295408 0.1907241273430312 -8019.916692776073 154.0603891750482 7.173641417647225 1.438733160200937 -0.7243451012412309 37793.53910452536 3524959.607801166 0.1213466575284468 75715048.89263953 2896.240544493487 509 190996 1 -4.275193814778448 -1.990076893332648 6.931243752064796 -0.4904491351595253 -4.081431884881853 -1.310064070360751 -8.121540245152755 0.3736567132997965 7.702954843331462 -0.8276484236345247 9.495751022275799 186 624.5462019443512 2325 -1 -8.490321942542341e-06
 -6.475116325309461 9.571615744224918 0.1187963280382279 2.840867570812708 0.1395960064716692 0.06904452249668351 -5705943602382.219 40365.06945197093 3783884.731227713 122.281469322795 13.3187858599559 2869.653042988947 905 191657 1 -3.682439133430055 -0.3451575773059803 8.265421357815278 -1.84072517009303 -0.962719135639615 -1.796052429743368 2.927125401414631 0.5751437085413427 -2.487058448897563 -1.553234232573831 5.558331976566863 189 599.191832780838 2325 -1 -3.059223030666826e-06
 -9.918083693542224 0.2299010662386631 -1254.910647077003 2.938707734795741 0.06258829104418433 0.1865842706491045 -189135.8321329342 16027.244190413 608661.0098052673 0.1525205007590308 17661475.86013164 2857.849108233388 942 127737 1 4.03243829219729 -1.05114908557623 -0.9491206932870053 0.3587395545316658 4.913080829504108 -1.29816463325158 2.552800203865173 -0.8160266728549663 -9.30319374221358 -0.3849161758993356 9.420195855442444 192 396.238333940506 2325 -1 8.022693987374946e-06
 -9.947861351332667 0.3117717553580841 -53.68250954060372 1504.364900287314 322.2328127192446 0.2147565148498072 -8333.387252343518 2841.823874915843 17861.4191449527 102.6086672407817 28.44327541924118 3014.048994227143 387 191657 1 4.025973492530921 0.68504821632277 -0.9099876103749223 -0.5693681711531227 -6.548677923080895 -0.2868759307567954 -6.078335082585674 0.259363714003285 3.321244558084 -1.751964995686732 -9.453752977889629 195 588.8039500713348 2325 -1 -1.038599790322722e-05
 -9.681099690071742 0.06365925772704334 89267270881102.25 153.7236382675875 2.053460348311404 0.2915233254554116 -4640.024231573416 11195.16585313865 338468.2171385539 34171.37754821811 1343282.071628701 2851.729117999622 2221 191664 1 -3.69314473440877 0.6127113433170014 3.358949156534393 0.8575598311917005 3.922983201150872 0.3821994941382951 9.007596022407618 -1.203364453134024 -2.751881837908685 -1.678943584237222 1.125533534878824 198 593.1944179534912 2325 -1 2.690171367336194e-05
 -0.008557874040142112 17390.43907390111 152877.4595368216 0.1320878669354922 8555176.552472496 0.05765469134988708 -1.831014992010258e+16 215.3957664207132 110.7110830836002 3675.755263618737 29807.71168537598 2753.141161963036 2999 207635 1 3.943244754532226 -1.159991595434693 2.263949483799782 -0.568940646060482 -4.86401946477805 0.9352818463784152 0.01595331988372362 -1.303400837219257 -6.763359735201178 -1.259116220857275 -5.0017313096522 201 643.6525971889496 2325 -1 1.139762010694028e-05
 -10.18159404750817 0.0480540045812157 -6568623110850170 68700.28968606725 443316.2644697274 0.4603865780022243 -92.13621460714697 87.60978343285208 23.20339454406585 1.427703532725912 18.29494331298535 3052.263411008425 4118 191664 1 4.318425319667594 -0.796497596866093 3.275595259389995 0.3251620971640889 5.814066682511465 0.8115595761466343 -9.486683516535988 -0.7783413639566676 -3.546140243063374 -0.04184271478704638 -2.374945136953184 204 596.2292859554291 2325 -1 -7.584331607305873e-06
 -9.767216697731673 0.2101132483934406 -6245.683613067749 0.4961154214907665 18.75739574589377 0.1125570823159773 -246324122.1725868 19332.14871614516 819702.9297265291 0.06524698181996161 194465819948610 2984.487270510639 1080 191624 1 4.597651847923468 0.8171791162453284 5.500464607135857 -1.335467293385219 7.366037147517227 -1.625808578270159 -0.8145262949262104 0.7387228340108427 2.731922447538035 -1.917586440614599 2.787407312038768 207 588.0488967895508 2325 -1 5.330912194817151e-06
 -9.729594169148188 0.321940448284122 -34.78437003003571 0.1990495582518888 13064.77804402178 0.2026930847124537 -35143.18954093554 65.63692167079843 14.93673990582723 26898.99069974743 1340596.936203416 3184.893642053237 2310 191594 1 -4.600788039572041 -0.9873371308071412 -5.799803028060944 -0.1777116403216193 3.037470095908802 -0.7792175507458579 -5.321645390322717 -1.107634702569447 7.349478150424874 -0.7662412060846266 3.098618023066205 210 584.898707151413 2325 -1 -1.651466213428945e-05
 -9.6394344209619 0.09719458684870036 -765576106.3262769 0.04157369323455332 9.977807119442731e+20 0.2597481033830845 -5217.710169109083 23334.13532740244 1226544.730267762 1.246549182577541 23.18357202874171 2910.574096879512 4702 127768 2 4.641506421278016 -1.41519946955033 4.437220898815139 0.3136751586922539 0.8747987296041346 0.06627476929052807 -1.911209799403954 0.8675780504740178 1.311097162392651 0.2717061069146575 -3.041673527838188 213 393.8504679203033 2325 -1 1.118571839226664e-05
 -9.691693879386781 0.04010888138677469 -2.77018197934874e+19 0.6754098285064631 3.351526189456008 0.750942570310272 -9.432395972906775 9278.348637302548 167291.7777713556 1.682108708215129 6.131872979629136 3142.160312086279 1082 127666 1 3.78512856696058 -1.056973038464347 -1.868976712115993 -0.6204112140607361 8.8827940051277 0.1687940650045516 -0 -1.962455749216089 -0.6517849915828648 0.7325867185884646 -8.522957290842584 216 389.2465898990631 2325 -1 -1.246283328086045e-06
 -10.35787785341177 0.2318193821114238 -1680.370097888492 3.50563239367608 0.1202572188707529 0.3823166015317365 -231.4670372628609 41.0809187640785 6.972583498065508 61676.90000216123 4770223.542568849 2992.746964200691 2485 127772 1 4.170701128795069 -1.034169239211369 8.629657043313061 -1.989600754424804 -4.815352903363401 -0.791948330645682 4.603631500266776 -1.167670246096659 -5.790866045793071 -0.3662013872982675 0.02338254952762364 219 392.2031509876251 2325 -1 -2.545898314168891e-06
 -10.02343432362985 0.06461343676515434 -1675641268408.755 35439.62146684391 144832.9392486264 0.2836804008714709 -2706.544673264259 2638.970738074158 18136.94511383114 0.9502118538220543 27.94046979878204 2918.894278446265 3169 191664 1 -2.826745702218266 -1.293827457385532 2.121839107838767 0.7981360784024001 0.02834389485203026 -0.9096848647030313 0 0.3660566118392659 3.794231163577542 0.5705216494313685 -3.179724943089527 222 582.7515470981598 2325 -1 9.433852538942243e-07
 -9.781025742677047 0.1793900340968632 -9972.150756071946 39927.90457298006 254048.9859365664 0.1319522242274808 -6719777.559659267 61308.46475692336 9254432.678648748 223.8728597344839 102.5763157523059 2996.293331513316 421 191643 1 -3.693391928065138 -1.191643486176912 3.72914817819056 0.5257428169108826 2.514313766979411 -0.02230615571193441 2.535148342890054 -0.7190122552384528 -1.691379276341822 -0.7236091851410881 0.5228919755397454 225 585.3613882064819 2325 -1 -6.757002352089357e-06
 -9.850193916866758 0.08489117792509723 -1206866873.434942 0.3281903595703543 -90.67963144082556 0.07939336947281586 -86902743116.98293 16419.33153919748 592383.4843358414 135.0072683015277 23.39664033336325 3139.444616087929 1044 191617 1 3.800588693534932 -0.008495593603916184 5.308178488041577 -0.2597112492149209 3.868485171474756 -1.567995550163133 -3.833423603800547 -1.485087729437494 7.547826355246332 -0.4716478002174096 -5.946316050996235 228 575.7120099067688 2325 -1 -7.056522306725081e-06
 -9.401681222218704 0.1512901211590376 -180874.7154923302 38382.46286792717 187782.5477547588 0.07444820001067279 -947701013677.2722 2427.375318864905 15394.8260347083 0.1438511061132055 6462805.26774046 3161.201453470983 844 191638 1 -4.570439917872339 -1.129237334604035 -3.172132036302596 -1.660389092698734 8.528596900933486 -1.956279281055293 2.14132103723645 -1.176540845975671 -9.871964447470319 -1.219811659291283 -6.547916998112192 231 579.9168469905853 2325 -1 -2.525053859475406e-06
 -10.10104357126906 0.2354752435055561 -648.099889784348 1.380400496172633 0.7652068862570804 0.4197651115508932 -103.2282094880768 228.4559006220084 137.8203538122208 0.6432898079351275 67.2501676631736 3123.03908300549 1289 127768 1 -4.635477290298835 0.2508549197552226 4.027088179801956 -0.5455210317697308 2.11354043557611 0.6463674171964868 -0 0.5830903277685793 6.100436516784931 -0.3354156759514107 8.965591674711803 234 395.7792570590973 2325 -1 -1.910008163960561e-05
 -9.918746284228463 0.1812327807145161 -11328.00801950858 42.05395896700936 0.2230010434169699 0.1866891681493085 -133762.671422773 3994.037929794196 38209.71165558981 129.6051025685269 44.79752741095169 2920.223890459326 265 174958 1 4.653081643610079 0.5489182027478745 9.002964523849201 -1.675184785709026 -0.1614143693856986 -1.458396605033695 -2.431091333636116 -0.1593307754283986 4.223452597642297 -1.998152685606126 -1.12921737629026 237 533.4199779033661 2325 -1 -1.555889978372516e-06
 -0.09720502033516797 3931.501133763611 8555.505394959157 0.1113238153050143 155801916.832663 0.1644096921931062 -1368265.020670584 69.00575277818491 14.76147814079586 0.1059699276259342 14000013622.48095 3055.476818041201 2664 127773 1 -3.849610849242632 0.410524081933806 7.394988384271938 -1.252576650019622 -4.342722770547544 -0.7031567113416575 -6.431521062325976 -0.412035150064689 3.288058121752583 0.8045442886256993 -9.13246585358246 240 392.7553470134735 2325 -1 1.32888475268028e-05
 -0.07303009817778132 18559.12661891375 168126.7264734493 6170.257902669669 9813.601284810265 1.240266777184365 -1.866053867237773 37969.16048271271 4000648.35226848 44.82557259193175 5.246297271651223 2924.367386688307 358 191415 1 -3.847360210247724 0.9491593892793437 -8.382149698209048 0.6286227131083879 -3.937816240832653 -1.069364946665663 1.717497816564511 -1.612661776686422 1.709764233736807 -1.381922685209141 6.660899235392144 243 580.7445330619812 2325 -1 7.453146757689081e-06
 -10.07688506474522 0.1025010980383426 -155385250.0950792 0.1239887270630998 -6736267.496525538 0.1620626590705395 -357826.4710200882 151.9852714089544 59.30094674584123 2.853046836417607 1.668456219911824 2821.049776335618 1977 127709 1 4.296085049753927 0.3279636922791731 9.593358716656219 0.5420087217048244 6.515833432138336 -0.946250666216077 -9.322638373682789 -1.722849125078283 -2.940588051370626 -0.2573318058349133 -5.975586029858823 246 393.848445892334 2325 -1 2.774326815773599e-06
 -9.810019078617016 0.09476470516500389 -49895128.26168944 11.45528801396169 0.1046470319790385 0.6068127536819186 -29.29704927632449 619.542287311931 891.9116681820886 0.2038312065048671 210938.718511541 2889.59477319189 573 127554 1 4.365740323301636 0.4257865719486036 -9.807526741750362 -1.072023808156621 -2.154193915630149 0.4021577305093906 1.040129938603258 -0.6678653751402203 -5.803538543921141 -0.1019959688829432 -1.009735282158835 249 394.3844809532166 2325 -1 -1.344936948857329e-05
 -10.65549918968917 0.225873975423016 -3523.109486047501 0.1359454672979662 9048069.549814396 0.07768966456418465 -3772308882614.677 13095.81905048258 396233.6986429828 0.3726451858216318 3876.236095544115 3018.802444073594 353 191511 1 -3.674244517173889 0.7271217476098468 -9.114605919797626 -0.5603669449459128 -0 0.3071558919856887 2.867207891131207 0.2942159088028084 -1.79968387302401 -0.2649626907749774 5.332134718229773 252 584.7966570854187 2325 -1 1.634218265993428e-05
 -9.652620914916369 0.2386995665397289 -1066.436276785348 43168.2828563282 292780.1923432854 0.0493373637785355 -1.233046723824596e+18 72.55121478038812 20.29887763971561 1.595587537717593 2.828584691440967 3067.816696681403 1761 191645 1 -4.358165264671934 0.710348957671632 3.16074922917367 0.3494165898111716 -0.9023802799977676 0.476919944675231 3.252599698722455 0.9740649703061215 -3.822694426286811 -1.983674677184355 -0.3614599401387095 255 584.0136680603027 2325 -1 2.880884765343345e-06
 -9.603543945588694 0.1948790422261294 -4643.470370102331 3.370478568753652 0.08372121605698722 0.08857901714803074 -5954018700.218156 3.846848753136588 2.063274976824229 87.68576413597702 16.67897991368552 2746.710875131492 1388 127722 1 -4.063479736766882 -1.594681479843215 5.435592950924985 -1.946117860447891 5.557685613960226 0.03824319494955474 0 -0.7562579754456387 -1.053660883228635 -0.4076192339207925 3.903788784172824 258 390.4958620071411 2325 -1 -9.874246471003033e-06
 -10.18981840607565 0.139808191625915 -254595.2798383059 4609.208273359307 1342.985788173923 0.2367636962792884 -9978.386797343319 47.77336813530813 8.103703648934056 1.687057691773584 6.906345969535742 3088.429628153875 735 191501 1 4.635993072782685 -1.907279468673992 -6.341332205610574 -1.708977768779446 -0 -0.3477172598984435 -6.0226067254313 -1.2789976012178 5.485609270933637 -1.670906206329236 -1.226765425050387 261 582.5926141738892 2325 -1 -5.210192150901513e-06
 -10.29022379317459 0.1902119927346693 -13015.7015836507 316.2986414817042 10.96958634903702 0.247623920339245 -5740.109787978779 356.9475913412616 290.3813151174904 1.49832927671886 7.390760525832101 2953.541326698706 996 191643 1 4.558626897459099 0.5106206017322701 -0.6229227874025098 -1.152404435434077 -5.287179925935162 0.9580268037544277 8.481483827872895 -0.78811065991753 -0.7412414912273571 -1.515524455360262 -5.574088332758008 264 584.6338019371033 2325 -1 4.370606705781119e-06
 -9.745128222408541 0.2484580799028425 -536.0405476910852 774.8547813112042 31.15924756618826 0.3202402263001676 -745.9066153152381 88.9509487379527 25.14618338694998 0.8855479157119857 58.69953571725749 3197.128655992418 889 191653 1 3.161652561795735 0.2459842627447605 2.839775384715618 -1.160533087374113 -9.324555674836802 -1.885161276682187 -0 -1.336876467272202 -6.46669343126055 -0.3189833829427959 1.72956757042965 267 582.70805311203 2325 -1 3.080894472929826e-06
 -10.16352236618779 0.2175221035370187 -2121.565406348143 31438.7864899598 174187.8972646177 2.184155843899123 -0.5105333037171125 2364.135538664953 14079.48742699178 0.05240343750158716 1.646788703250586e+16 3036.489972324888 2942 191496 1 -3.595414177165978 0.7324991327681705 7.440217489770252 -0.9532760570964687 2.563923300999291 0.2453370112115736 -0.08708666259176567 0.1805646878975872 0.8645557848253977 -1.229654240449447 1.979616260425442 270 582.8058679103851 2325 -1 -7.038309431738999e-06
 -13.65939976962687 9.205987765922215 -0.1203025627006299 44016.5790259854 146670.434242652 0.2304978996902471 -35517.65115689723 45064.40908358208 4474693.467905082 65174.53171346612 6133011.072368911 3029.733138165731 1394 191413 1 -4.591176699266732 0.8443478392016308 -4.528475208195579 0.7173150458864415 -9.826550153086711 0.4968226944366809 2.846470389676836 0.7546045706607649 -7.220465992937768 0.1202235088585652 8.427887982299275 273 595.8366508483887 2325 -1 2.539968100707332e-05
 -10.47595311304777 0.2076665953048925 -15625.76894602128 826.0084462136743 41.83288796430041 0.05528946474159636 -1.307836512479604e+17 147.5417616940473 61.56707246271703 39536.71982094851 -561331.6219709831 3008.298071091776 389 191370 1 -4.652214203669226 0.8287769213352649 -8.047556574429017 0.6165370887786795 -4.082981439511111 -1.58732675228836 -4.024783820296027 -0.1841807124795816 -8.751945198047578 -0.513791778166472 5.968290876265991 276 576.5638201236725 2325 -1 1.609759308839802e-05
 -10.54707802882572 0.3703063633791658 -20.02445157069642 2108.485002599085 281.4671431766303 0.05753296136174283 -7290378250759.824 772.7429536099817 1284.151145186756 0.4897878595454664 293.0566009776512 2969.034940212455 3000 191649 1 -4.61098947270493 0.8009178923453883 -4.728923709012662 -0.8238396153622354 -3.886288899961206 -0.4193997196023034 -0 -0.1431311870235649 1.320550465831871 -0.04550838814657081 6.432183384580958 279 582.151359796524 2325 -1 -3.026202066628476e-05
 -10.15303761745039 0.1815065689066985 -4878.804123645757 0.9482366485398085 1.842045565850748 0.08471352787684007 -29617175133.65279 95942.77796643144 23635567.45340404 0.07850842651684047 864866681332.2312 2980.833157952686 1272 191660 1 -3.97766540219664 -1.024376976277738 -0.4031977604199128 0.3541054872105365 5.989596779482875 0.5500696072468596 1.15424375450951 0.3138525421485645 0.2872988727542243 -0.4309035176468115 -2.395501548471355 282 589.1691310405731 2325 -1 -5.002995803175285e-06
 -10.03119300742937 0.06740064927721955 -8099016032057.421 2.292894491955831 0.1914804766044932 0.1001609226100631 -7396468722.87114 3166.57447482197 25057.24754551781 0.1968345239757409 376956.0203887883 2849.025912844455 3683 191664 1 4.335957385623568 -1.019842044911075 -1.580875687036047 0.2443733379542091 -9.567677032427984 -1.5067785731422 4.325305474825329 -0.6080940490810178 -0 0.7886788781691139 -6.116537500322957 285 571.5792469978333 2325 -1 1.511966806537112e-05
 -9.755012618886925 0.03652154543234398 9.997195185901784e+20 136.5642965313353 2.832492409234802 0.07403999174522191 -1497486913826.198 15014.96304327901 502336.0674993384 0.1500564896879119 14456002.14752636 2972.837076158364 2553 191634 2 -4.629236355199121 -0.7644086719647536 -3.513578732307009 -1.910797896756064 0 -1.432086321308021 7.313428139728479 -1.958063221553239 1.168352868910436 0.2152860651231485 -9.788446760956026 288 564.7558319568634 2325 -1 -9.542128033437479e-07
 -9.807871251725974 0.2207702603825941 -2570.265461238745 1.713985900106981 0.413041556106153 0.1815127327995004 -299625.2066096161 167.7916813218493 71.95703966274806 0.04525943003611466 2.424283450383411e+20 3148.812253618896 1368 191662 1 -3.983983743464185 -0.5056683117867893 4.079482321177176 -0.7621637585423882 0.4338645024760699 -0.1721003190639703 4.306149194644028 -0.3055722563643642 1.751177102063157 -0.6904858314708182 2.752990076409126 291 577.0260949134827 2325 -1 9.605425316263781e-06
 -9.766118976177159 0.30021903783376 -153.3032226267451 0.7317670975408725 4.298360313483406 0.2323821675000329 -12625.42924363377 12254.87480413657 353545.3335853016 1.981972787306784 5.743755525114585 2859.789228760912 619 191174 1 -4.385723202701202 -1.291506981678779 0 -1.81082377852551 -8.623870515219934 -0.6607890436563366 0.1728215317874686 0.1965922932076305 6.127618419515669 -0.3826489384835732 -6.101846346760459 294 667.6227769851685 2325 -1 3.100760290311679e-06
 -9.388818415801552 0.1893670759845789 -22308.0903978023 0.04386832092886563 3.843225737810782e+20 1.629801804136231 -1.156662969868932 2785.260366098018 17149.70678746724 1.760712969394509 4.996075028754544 3148.424687677817 2672 191657 1 -4.549624114377848 0.4694632781691758 1.314936634830689 -0.30936057156993 5.216713104709039 0.5185928130812361 -5.820720495068938 -0.2293458687601948 -7.980584811751337 0.6857986882672082 -7.529660476532261 297 691.6922700405121 2325 -1 1.343454887440189e-05
 -10.57049975913253 0.0653007089744269 -250580135983.2964 296.6562412146563 9.704212225803831 0.1796782705034053 -109139.3480344132 6419.63513244845 83969.98572276381 0.8636376211431315 58.92535333375952 2806.595620986067 1683 191515 1 -4.259083700464266 0.01563395652612291 0.9357825618070623 0.4003392998987242 -4.702191777498101 0.4693005929051286 -3.656567320358568 0.4447044320368447 0 -0.8646234312967254 -9.528862773366296 300 712.3207859992981 2325 -1 -1.268607168342844e-05
 -10.73820801028963 0.1442694482548806 -194562.3011224079 72789.77701734941 450562.3876471169 0.2138572875058616 -20084.54808415518 207.1010570497869 102.5977380376095 2654.231262787382 20100.02205173112 2905.719728535155 1369 191650 1 4.313583129510298 0.7528217284659595 -3.44810558980759 -0.0453338057794142 2.110558858138257 -0.4797952431535056 0.6183674188866135 -0.304996171778054 -0 -0.6924265222024033 -0.5569247117871665 303 693.2837748527527 2325 -1 -5.220605264289318e-06
 -10.38511913857819 0.08984291581881071 -283067207.1360873 0.09489510345022474 1912176862.82955 0.04486626682273746 -1.898046331809635e+19 5820.72224131537 70318.99563305601 0.4567298482808951 -120.5371249048512 3041.062434356726 1155 191530 1 -4.692604745369384 -1.329648721737662 -6.236877928183143 -1.135394062996007 1.728802764631154 -1.286263292268744 6.414369168296384 -1.299214307918598 3.151993853867523 -1.677973185258969 5.131775995818137 306 694.379378080368 2325 -1 -8.036820274433831e-07
 -10.31707471387683 0.1997169221783909 -4744.935641965254 345.1250395631278 7.215247905601101 0.285698958029692 -2006.14284980544 25284.1587955541 1633920.066814362 20.95526195365145 1.9701065241599 3022.540058381841 1510 191656 1 4.610963405974987 -0.8883908654403863 7.716740672845427 0.2739328593878855 7.660106158366917 0.343125969009594 4.618143606902492 -1.928850263169298 -5.821633801719685 0.9575250339433578 5.89878499756113 309 667.8525080680847 2325 -1 -7.389280971290589e-06
 -0.1911268520864869 1241.070532859103 795.7733580110436 85815.88205408549 1226290.797993327 0.4442149183060564 -183.0515544951259 668.1660580090236 1065.654104135843 0.1832218036108819 955860.7607647146 3034.802739285326 1810 191547 1 -4.17102056045798 0.3538344773054413 -6.224244526805547 -1.88346384923691 -8.61471735353582 0.8221967912970976 8.12763789046738 -0.2538325931020911 -1.054772016749123 -0.2730108929762035 6.898138698132748 312 674.3747978210449 2325 -1 9.872426060677202e-06
 -9.869969999015741 0.03838624599726556 -9.965964067971903e+20 3399.58696169989 3450.258250316395 1.843294563510891 -0.7091962010288074 4316.237389514355 43344.56572738387 0.348361162306949 3702.262711941288 2930.120311368785 2485 191664 2 -4.623259819693955 0.8659832483002621 7.554944931254337 -1.12342816880486 -3.921182723015411 -0.5158004591700829 6.279351289076871 0.8995162129019447 0 -1.09635584254247 -0.238644838143804 315 685.9232411384583 2325 -1 6.432836692049389e-06
 -10.31777947161134 0.3047545400364977 -67.32657107772981 16.09705922287961 0.1061722511079239 0.04380109859447075 -1.134816383374795e+20 607.0560563244303 841.8594403223988 0.7354745793300701 109.2747243038682 2936.496568621121 701 191253 1 -4.298011674364412 0.9730194345541916 2.162277563833018 0.7783179785617045 4.738246502902741 -0.3543271655009219 2.404196193053942 -1.724364544092271 -5.117160206852699 -0.2322220203918928 -2.530110618563274 318 680.3839359283447 2325 -1 2.1410013502071e-06
 -10.32402479024688 0.2778607000366262 -63.08537879633853 1.097004481984019 0.6766513265116014 0.0548887705612293 -6633678857377273 267.6215301626384 142.5145969415251 4218.520708910948 9300.790607926734 2928.48593460959 821 127753 1 -4.560656398938606 -1.385021519208256 -6.569120319094389 -0.5694870248133315 -1.632506172037289 0.360511058591693 -0.3113402695622951 -1.045268494627036 4.898194012358833 0.5492763385304067 0.5861123293530337 321 457.9252090454102 2325 -1 -4.037040842527205e-06
 -9.428301477692989 0.03314963496383259 9.996845813938447e+20 167.9887131756498 5.314310946238567 0.5212131671757132 -41.18172257781844 27099.18461125693 2079963.779192496 91.38386274121137 17.67405281723171 2832.177613579221 853 191386 2 -3.640187572615023 0.7009775678442636 7.277056865094927 -0.9996035697147114 5.289467284164701 -1.553239131340219 7.0885012375884 0.7476763851364669 2.732362447206801 -0.8535470660343103 9.378318750775481 324 550.2881259918213 2325 -1 -1.159708330294635e-05
 -9.788778070006014 0.321493337287339 -109.4035994974168 4012.011258028046 1787.11488590785 0.08776426358188118 -783551633889.4448 8940.006003455574 204526.6177631873 0.05674393187903908 3.47108694077066e+18 2876.788840686616 814 127705 1 -4.413775703577966 -0.3019174653281791 -9.703241440634903 -0.5141334155722675 -4.315777270412469 0.5345829357612715 -0 -0.4804928108478483 6.801315230187258 0.6801386778806977 -7.229553573544395 327 377.3585650920868 2325 -1 3.120332743526021e-05
 -10.42956913174345 0.2468371503645983 -1653.286420566145 0.05374462188101882 2.47828066117736e+17 0.1838372842757839 -579074.2699497434 2548.012091542202 11187.07863463502 0.1152316759339807 537088653.278827 2994.54595121048 1864 191642 1 4.686199623649047 -0.198417902344822 5.573987045487732 -1.978001003543799 -0.08091821454518833 -0.2686072496392278 7.53125347118003 0.6266206152460015 -9.559759735447111 -1.585382037148984 -7.924607061275168 330 554.3301248550415 2325 -1 2.002768108861064e-05
 -10.59193870146328 0.06409887707466974 -1994502506173.04 2.253129530061947 -0.02094694283905056 0.3172561502086881 -845.365468050546 509.3342602677528 581.3935770536957 1.88957898747191 8.759331242095113 2883.194121203953 3609 191658 1 -3.487344377143076 -0.1130122168730328 -1.131654648322248 -0.8930136385645131 5.479813371724534 0.8194867731608602 -6.750028165134135 -1.847494727150896 5.412113629989246 -0.2574907312437649 0.4590755350653977 333 561.6601309776306 2325 -1 -2.837690741050355e-06
 -10.61255996373667 0.1039526178707417 -430419167.8152753 7014.896153099327 6792.960296354454 0.2902711937789976 -3394.422354326376 715.0260373526124 1153.416277272537 0.889792425872616 22.91096773815899 3045.021066299298 3772 191656 1 -4.676170604169206 -0.5740563474884928 3.909088577209689 -1.421513910485416 -2.66849951609896 -1.198629791164528 5.289167268873034 -0.06195775511629087 8.008187944024252 -0.04318739548426814 3.854975372300808 336 561.7204279899597 2325 -1 1.769070782282559e-05
 -10.15544910126717 0.254383585459891 -680.9386916524229 61.83871779266229 1.037110257688761 0.5330122693642838 -38.09473371064987 42.63251063400772 7.275419694819733 0.1245341449326782 119357306.819146 2968.872437281655 1405 191663 1 4.163835607132354 0.4983325093534092 -0.9832045689148075 0.7157524585327257 -4.052383261943648 0.7938934427353885 -8.703873910742839 -0.6753548446825405 1.896235350785527 -0.4045141272525878 1.626652523796743 339 558.4950699806213 2325 -1 -5.533534161818835e-06
 -10.63752627058269 0.2098170020314965 -7885.759656402839 1.401827267653251 0.573068596271759 0.1110523073127732 -267300717.5190906 30782.36063084372 2181349.85974925 0.3988117479767501 219.2223421762955 2852.628172834457 1084 191653 1 -4.296626614496521 -1.38741797485058 1.488126483142547 0.3648912291133061 -1.630802804993003 -1.241607563974577 -1.487445826484365 0.2938466305515446 -7.348962249033187 -1.012238510548879 -4.756128613716871 342 554.8642978668213 2325 -1 5.168544577306246e-06
 -9.512515156434796 0.2451626488845824 -516.2830166629886 874.2386269425698 33.19109182269131 0.4010306606682721 -211.5996559318222 161.3805815912214 54.9326659591864 16533.41781388949 233662.1497194482 3086.92814467518 1482 127663 1 3.702130923460923 0.2867662163938434 7.572419448699719 -0.2798454755415865 -0.8183394554591645 0.9861956240172808 2.729179246444834 -0.02332225287749884 -3.930773128433792 -1.935111632549504 -7.374534987472222 345 368.2207400798798 2325 -1 -1.72156118608451e-06
 -10.15911695092136 0.2779999228734147 -875.0316887125826 77321.5178667048 486931.0720598919 0.2941638111292336 -2867.754783245673 1008.298826585474 2641.787439410203 39693.30560799698 4692400.062224883 3118.468499778115 1223 191586 1 4.435345056528458 -0.08988569957129226 -6.219664697804603 0.02755128645262012 -0.2361173556349234 -1.713876718274413 6.789677671633214 0.9078092971926943 -2.374683212288469 -1.658752670620326 5.889623395742216 348 553.6618790626526 2325 -1 2.015318316219814e-05
 -9.949190785564364 0.2042387560085518 -266.1891432715341 17867.32099699067 53409.30750963001 1.391331758148417 -1.167290955051047 91.31451695027489 24.39163440822379 1.777971828518079 9.51313958212544 2913.631309857778 1404 127640 1 -3.817598749400806 -0.9110302895544109 0 -0.0739342145028328 -3.258205024196995 0.1487293419936497 8.798010565725891 0.05324493907065352 -2.210785389753408 -0.6878964082684575 1.723177795136988 351 375.2468881607056 2325 -1 -2.546601333614591e-05
 -10.31472243125825 0.03883991435365682 -8.816772920590416e+19 0.04239033452966962 2.596939546510487e+19 0.06662788512975813 -13985321040578.25 45789.45841039184 4364752.768549137 272.8588175541035 -33.94026054635716 3035.882800176023 2658 191646 1 -4.624409037331988 -0.6019178906880409 -7.814984380267729 0.4589728398378812 -7.407857878226189 0.7824738416164632 8.833445172548648 0.1741691522279458 -7.499893528826341 -1.57696621890783 -7.767620750747044 354 550.5272641181946 2325 -1 -2.292889242496901e-06
 -9.505706120619662 0.2234288665111367 -1578.258843771858 9486.237742538464 8787.905753642552 0.4095429012201957 -168.6088029517863 59851.21339265835 10164130.8119485 61143.08826372623 5928532.506478574 2848.873605825122 3211 191647 1 3.580766605991125 -1.062332720611447 -0.2591630122053545 0.2888167992821779 -0.4911073765676011 0.210583766326478 6.11774291437357 -0.07185193034847438 -2.686708646445864 -0.7139543176927186 -1.017731190289277 357 550.2718181610107 2325 -1 -1.073992247092003e-07
 -9.915910320372507 0.06437644812322056 -332353499558.8535 233.7436970066375 6.36662138010532 0.1541382693475604 -675776.8144519295 111.9631469565761 37.56615551403745 53360.29339662428 4418535.120786423 2960.762603604105 4820 127768 1 4.466299813655707 0.7015008781294552 -5.788220674777714 -0.276709293016264 7.247340288286106 -1.708320139663653 6.604284886054103 -1.851126976702687 2.01885615272945 -1.044869695418765 -3.732494641879629 360 373.7660598754883 2325 -1 -1.395305960807548e-05
 -9.7561083900512 0.1745840835522757 -37496.15009415555 0.2681937318648534 913.5435874791683 0.06280990450087381 -341281403410112.1 26291.55017043737 1603888.230003144 2.021260482024157 1.856704940119339 2968.698317024906 349 191577 1 4.621863428169648 0.7285929313203292 0.6600037059376662 0.1268623293358324 -6.449640324199533 -1.623951173922731 9.301760756775769 0.7444295722733876 -8.500325504383094 -1.293063579862244 -5.61941414530961 363 554.1166429519653 2325 -1 6.751801015074254e-06
 -10.00218024856409 0.1094932059075316 -30820931.39990172 35886.41404094381 167230.5097677908 0.2125357139172038 -58078.53230325185 2584.731535397719 16393.81055244824 1.16522904058442 30.28128087423908 2933.286932003735 2320 191660 1 -4.47672383138156 0.9745176392224656 -1.770128259546162 -1.345110333270608 -5.668933624898453 -1.232936546998452 -4.252818355420576 -0.02352301271209178 -8.486101343823332 -1.685774425754489 3.776307070200457 366 555.4703099727631 2325 -1 6.995569487471993e-06
 -10.21959702099046 0.4460211688396826 -13.3944150628799 164.4798650652733 3.549284212974712 0.4217483158176157 -129.6157601982634 75261.65238012308 13233406.20735895 1.550124902900348 3.304831964091939 2951.3067683291 747 191556 1 -4.098341820683159 0.3885178280798222 -7.695393777719039 -1.358364032639194 5.952301364921628 0.04172129292580842 2.591767318483055 0.2601794607540473 3.541100490102323 0.2687699010099464 -4.371254893724326 369 557.8365120887756 2325 -1 5.640489191480964e-06
 -10.70773328582534 0.3557415044390195 -83.40796447378942 0.109733319967396 174880091.4161122 0.7084389465836067 -12.23235426439913 87.10894627237356 19.13280593490877 0.08427725951755484 641314807300.8099 3020.204527880563 1917 191663 1 3.418866335507588 -1.047965798179285 -9.163142232108568 -0.9640206267316512 8.353374625334258 -1.181407695978126 0 -1.153296990287661 0.5801290515609843 -1.155471872510319 3.944597890983778 372 555.9211959838867 2325 -1 8.588190351010158e-06
 -10.33685764346927 0.2158528805823003 -2278.136180670523 0.07567954882488157 -54306545371.08799 0.2859964547410617 -2079.326606600728 496.6057754446865 677.1945805750298 32.32130819447171 2.91295437486798 3191.560225795211 2386 191649 1 3.76229407395148 -1.97212260399612 0 -1.148849836302611 6.802717377695592 -0.7156709964253114 -6.69844996016031 0.8468355053993268 -7.330339126440522 -0.3573272068996181 -8.479577790141157 375 548.1427910327911 2325 -1 -5.192317861573717e-06
 -10.16236285280933 0.04511749747349128 -1.709907002253717e+19 1507.24686881301 187.3643130847496 0.07510136546649852 -20177848101466.03 133.9402373076702 49.56949626317953 2.382862034582338 2.118039151916328 3050.068852766944 2203 191640 1 -4.64532973538286 0.1457567618977449 -1.679666798293066 0.03972107375897149 -5.950934960321668 0.2600822035635426 -0.7055295718969745 -1.933868520195652 3.809239328664932 -1.445521777718401 9.578317214363521 378 555.6995990276337 2325 -1 1.964665639443706e-05
 -0.054373674502718 2146.872269886315 2361.922017877339 0.1058504548143198 -43530989.34232418 0.05076341678756004 -1.368775192755915e+16 76519.14272506282 11680948.23693124 0.1895631447414379 536464.8965776701 3087.560420177798 703 191623 1 -4.350153291935593 -1.049522938217899 5.44255756086646 0.06673748824055893 8.814892434279589 0.2172140013698848 2.307394115011615 -0.4948170433609241 -8.74369400927822 -1.140265278735681 0.4090714603239167 381 558.0360639095306 2325 -1 -1.21872279319128e-05
 -9.702150506662038 0.1479598872500158 -87174.11295845035 302.5362635298534 7.454111673575571 0.05504164498384813 -1974919092176902 460.5696756103617 544.4100920116296 0.3141917788267836 8344.857069146847 3024.101900762108 1545 127774 1 3.741702666027957 -1.596004614342726 2.479928942223297 0.5087367477823874 -6.221112427752193 0.1407193626561827 -3.099623973139908 -0.9994331209755742 -0.6590717825002606 0.9978668823088657 -2.673751333506063 384 371.7772951126099 2325 -1 -7.873004359319738e-06
 -10.01820730619495 0.1839135157650489 -9976.25862650487 3532.145309639287 4148.122244958711 2.494057039129441 -0.560037106264741 81490.61338109354 16057876.61706195 77867.66227540298 15920555.05280634 2963.404791535339 737 115402 1 4.409377159151539 0.01004797657147357 -8.481042704722194 -0.1248371540577366 5.851476255619086 -1.905090485158127 9.931089471412321 -1.145693361258989 -3.527637413719358 -0.5368227023043985 -1.974919018853962 387 376.9689049720764 2325 -1 -1.722795665651257e-07
 -10.23338512760227 0.08734619158884847 -183029009.2526528 0.03520708973870178 9.983182083291637e+20 0.1557419326225752 -279477.1236470597 58365.01091704809 7683376.244861184 30317.00600766628 -231665.2184093595 3030.780575078662 2762 127773 2 -4.152114123338863 -1.178335901817039 -1.990152788976023 0.3798886844897922 1.343867805801014 0.4306173627179133 -1.736866685904162 0.2242521218021593 0.5306042774160908 -0.3747496863756705 6.821454050092999 390 368.5159211158752 2325 -1 -1.943328893605449e-05
 -8.793229767818671 0.03696029355633249 9.995868449777963e+20 3056.890283286199 1590.334843620796 0.2676249210257606 -5489.03384193173 59.1071947530201 10.69406868828664 0.04798555015481353 7.448070128576242e+18 3227.508931076041 955 191613 2 -4.079687840472126 -1.049775794681804 -8.546081035441143 -1.578330610786376 -0 0.2479221660806838 2.019736236082213 0.6189121369761867 -0.5292246221555881 -1.131813678223704 -7.740010201335235 393 546.4548609256744 2325 -1 2.819838988189483e-06
 -9.282801453743284 0.1826019575351073 -5671.866935048103 11097.18727990979 13227.91527181083 0.07891200479648622 -27450546360.10495 1876.502906286524 10319.79374899228 10.60700649069287 0.5624526549337925 2819.760062983677 2674 191511 1 -4.695518248316682 -0.9898351518817687 0.9987778858326903 -0.7498851462890963 2.033411577498816 0.8989505352339378 -8.765203061520493 -1.776052978388047 -4.881665158185325 0.389460368538161 2.995489635495357 396 550.619481086731 2325 -1 -1.720641280453003e-05
 -9.654394839384006 0.1896879835191447 -3887.525711974557 30559.10279480654 60339.7478682999 0.06131940371465326 -20230405875003.73 162.5160739148486 79.27370396830803 2.195212448770608 4.399599869662549 2770.385417795163 704 191663 1 4.164992797272727 -1.541698321048725 1.091378113753671 -0.249378737015622 2.360366616492224 0.8630319831648174 4.42541125124096 -0.04512871854768725 -7.854876150416855 -0.5958221159881409 -6.372690551629461 399 559.7481420040131 2325 -1 -1.263663489834553e-05
 -9.772888434852161 0.2671910051937917 -244.6526547670877 33.29649892884306 0.1133118033823239 0.08697787966058532 -10241469042.17691 887.5445873322732 1993.976462674902 1.269216802149119 -3.309451018028077 2985.598234071594 2033 127746 1 4.202755865648157 -0.9879380051817765 1.183833630038265 0.5915980708975468 9.778587682065229 -0.6199012974243798 8.024522490295146 0.4566243300340243 -3.67616532108502 -0.5424323203001409 -1.52750948107033 402 369.463485956192 2325 -1 -9.077729090632443e-06
 -9.739958172061218 0.1118727773482621 -1450315.03509754 4534.948776397811 4227.037808633334 0.03800278736725084 -1.455253755731364e+19 223.8564365165699 144.346502106697 196.6736838269364 72.36865620258166 2959.157515730491 2844 191623 1 3.807713700168274 -1.653620745998198 7.424840168498379 -0.7200314270341996 3.554412683071011 -0.3039349905851481 -1.188004683271036 -1.527331178818843 3.859549499974833 0.6080416052494755 0 405 551.3850960731506 2325 -1 -3.071477296756443e-05
 -9.761790578933805 0.2183096564633728 -983.7208644384185 0.05754861991015919 -361333879297949.6 0.1025481866455503 -559850049.4171078 232.5915579806362 135.8505164851072 1.306106802143031 6.34400060562823 2827.229780984395 1911 303458 1 4.69218261979948 0.5473402940115557 -0.5470177178935542 -0.2451289054874497 8.672352484090331 -1.865170307590748 9.204318550685407 -1.02626473346543 -5.242911013048317 -1.713520305671297 2.546814217174282 408 873.1672658920288 2325 -1 -4.778148950459425e-06
 -9.708925595997684 0.2481169419526876 -348.4039364081199 2.084924108768619 0.1675986239244331 0.07858511199224878 -52537199662.91541 207.7977697319008 116.8286936526202 1.353018798525301 8.722363020081566 3130.459132725944 1245 127616 1 4.549362155541141 0.2360147037652851 -9.435049991896953 -0.3479823946775192 5.055245865305789 -1.622028139524716 0 -0.7141656210795491 -4.645602748278742 -0.2432590320944161 1.565236050015407 411 369.1243710517883 2325 -1 -1.599455516373818e-05
 -9.543056126101567 0.07071542440042561 -384003047977.1923 11957.08400418801 8487.637739952583 0.09131836250045938 -10162132691.48549 12603.29243579436 412289.2502082207 0.0541714800589863 7.721266255149997e+16 3109.954937581811 1044 191531 1 4.628269039919827 0.8074972709218735 -0 -0.8468620746264932 -5.75877079243894 -0.7600668879936219 -7.229443151416605 0.04577798834703769 6.207966552447452 0.336614179287678 -9.674462437072421 414 554.0772919654846 2325 -1 2.15772452656069e-06
 -10.15304456669298 0.332018441423677 -16.13151844859406 56151.97903783731 409661.5443991897 0.09395710735978123 -1194885839.933842 1913.648803111287 8928.65660264769 5.085670463010458 1.614258187356476 3054.409654014707 1337 191638 1 4.661430297034187 -0.3010359388220785 6.566745013611 -1.803439372170933 1.829384752559151 0.1012076457481452 8.948539362314678 -0.2160015647973301 8.347650583228894 0.6123782400781098 0 417 553.4957940578461 2325 -1 -1.337052125861255e-05
 -9.715734933113486 0.04005841386390569 -1.349785066551086e+18 574.0281268415119 52.39643910006121 0.07335852678319607 -156875610470.8994 12.40822979284169 1.465940280886084 8113.151070289135 108720.5084959891 3014.43197165052 3298 127771 1 4.586247044258339 0.8229080604875967 -8.617786076605588 0.9688287586189053 3.138465381970206 0.5387346378772562 -8.902665814580088 0.5709367341227529 9.707992596052724 0.8299719553385732 -4.721735037416146 420 367.5116958618164 2325 -1 -1.589408393609532e-05
 -0.002409570180854038 80279.67216903435 3483653.756109267 2223.739593430098 562.1908077502508 0.276567276270176 -4513.949780188009 13976.12941609605 386054.8590766996 0.1515598005017211 -5070858.532665253 2872.71891418379 9182 223606 1 4.269137871342205 -0.4434400340254659 2.544347089041639 -1.204659796349478 0.471513485172935 -0.5248137602735454 5.50411922927068 -0.2764006044838743 -1.761496802201708 -1.637538466843362 -0 423 648.6287560462952 2325 -1 5.659077765454535e-06
 -14.65357439491127 8.099964216536465 -0.1400187394531708 2.33513314868083 0.08649199792399016 0.2106212568204195 -47672.79128493621 71.18693439015024 14.98660382682552 85888.9037044703 -5251213.834067781 2901.871042830635 441 111240 1 -3.376729017513308 -1.156575037211411 -9.585363001065291 0.6258759150583217 -8.233832442982886 -0.2497427176825573 -9.278134560131441 0.9195399148879515 5.183939218239798 0.3071358815841338 -0.7867474906656753 426 322.748114824295 2325 -1 8.078966648651003e-07
 -10.50692539550259 0.1781690543505309 -13020.7589124278 0.04139178794857749 -1.818037192170222e+18 0.2709771363244818 -1666.839040046098 35684.36097103904 3091753.267833907 0.2196004108819371 130272.4887471804 2962.411114132931 2313 191649 1 4.658411951701035 -0.2974985708340201 4.614599112038491 0.4584137772426801 3.240537403954704 -0.6608604684205447 0 -1.099080774591195 -1.281603761040908 -1.353347138615709 -5.369880313175393 429 551.1541321277618 2325 -1 -1.487170982873642e-05
 -9.703966588146651 0.2928052212686439 -58.62763168106566 200.149333328273 2.381077520922647 0.3155111963397615 -304.8311060991801 187.963064177909 102.7437053013842 0.231041609655133 -8960.76829646135 3074.862217971886 684 191621 1 -4.194230703535133 0.09269972445430943 -1.337262925216561 -0.7673502284135569 -0 0.2918037704701292 -4.649695779921447 0.569717251991035 4.000005551873492 0.05763701984899544 -0.3704459593497385 432 549.2034561634064 2325 -1 -2.930075297863671e-05
 -10.22158034031838 0.2728135960029104 -293.268873893513 2.786285389737204 0.1282699366154668 0.05157017896685439 -3250064356653002 91179.01858601432 17605349.30324154 2.764934761511399 1.304952974377478 3114.272397909228 615 191223 1 4.348406184794454 -0.8877615667970327 4.102379932831395 -1.566942929127451 8.787765181829602 -1.832324133411811 -9.458122423537905 -1.457493717083747 -0.09508224689558009 0.2917579039837546 -1.782795384006054 435 557.3539052009583 2325 -1 -1.666374580711654e-05
 -9.12884595659461 0.0552923942976928 -752105779941886.8 33893.95999253375 230682.5396822627 0.1136671120724416 -322433851.646 402.2730020429319 453.1743631016537 54057.62973974121 5516608.100639387 2981.37748367557 3307 191658 1 4.116497879733164 0.3171516609321329 -0 0.1156357400743468 -8.499025095532449 0.2426204557270708 -1.463132356629914 0.3624760969444663 6.695415712310762 -0.3635313357320999 6.857598534642114 438 554.8755872249603 2325 -1 8.314253769289684e-06
 -10.56091403971593 0.1902230575479591 -13677.51036911181 1.568347511513289 0.1271387436756777 2.254217330675811 -0.4136644965035018 92.48996552073682 20.26148630586827 1.611589911186615 11.52012254288812 2937.210828277637 3102 191604 1 -4.325739734012537 -1.375675175150048 8.803174071173178 0.5150969916632642 0.4788847586508154 -1.821123360332093 8.266038558404743 -0.7422900763012619 -8.490353168305868 -0.7767148692432189 3.553366551651551 441 557.8627879619598 2325 -1 -5.804279985025346e-06
 -9.923743165849672 0.4909226209293302 -5.214157979882945 306.0737686752172 7.33665149406385 0.2040201203046549 -34580.05249522145 119.1530366699343 41.43218803198741 0.04100146099501077 9.962551588960784e+20 2761.034713209213 1453 191563 2 -4.393605667868329 0.6622110765929977 0.08019443298535123 -1.798179966410261 7.149296922076937 0.6231487152600073 -2.55063928504766 -1.381860960679556 7.796945385215095 0.5915849716260033 -4.511891359935242 444 555.9670159816742 2325 -1 -2.962604326982866e-06
 -9.914619181911357 0.05178074168452573 -4241132890485250 0.1877017258111159 -30957.14474845995 0.2393967956038955 -12884.44419068423 6495.296343674193 119191.8884622318 86703.94743896449 22223561.28687894 3018.50727680649 1147 127765 1 -3.294268183806278 -0.5786280053356538 5.107858731180853 -1.554104840674611 0 0.9008239400508629 -8.34624003221759 -1.782265075381516 9.338836763262233 0.597614428940469 0.04187172108349868 447 376.1654181480408 2325 -1 5.030731392845783e-06
 -9.98273116307441 0.1412707813991106 -301135.7087166726 4.492928160721779 0.09591494932712141 0.2325241036590919 -5671.04361644183 1761.407056494236 7294.10241627657 0.2379520336380336 41087.21939887512 2856.05927338908 660 191511 1 4.297001287843068 -1.192901845379208 7.812580896755346 -1.502950960233968 3.774400205873095 -1.387383745000283 0 -0.8024400756743839 -6.377876997968049 0.3971305593553356 -6.688739658779928 450 556.7760510444641 2325 -1 -5.280410490556579e-06
 -9.960694225678912 0.2546297444504458 -157.1908533902585 1079.025659873897 413.1143727500087 2.088633785183283 -0.5844591838455725 68699.39268977831 12484312.25859851 4059.610005409767 12766.95968175553 3004.86207598051 143 118486 1 -4.66531133665584 0.2931463873305237 7.262995467945453 -0.9895960815807134 8.023569385839469 0.5098068583514195 -9.373691614566352 0.933192846430059 -6.873140520961567 -1.198931140165284 -4.473227785456585 453 366.8831329345703 2325 -1 -2.221119787741201e-05
 -9.689624332433537 0.2576933861165624 -834.8461113960618 402.6182503674983 7.582740008164352 0.215162062995461 -28308.32648240736 737.7150223718291 1570.946389757539 3.903743633035013 1.286664736479674 2901.585582614206 3282 191616 1 -4.643480138920062 0.9072104438725024 6.885726521747327 -0.09935876266084524 8.287216372773248 -1.302543321506001 -6.734652828930368 0.4622021250239979 0.08460531898372281 -1.726715561950415 -9.485576273104037 456 558.4413568973541 2325 -1 7.306278746459147e-06
 -9.648648187530171 0.2159628170972625 -694.8672462648636 0.03413284634070733 -9.71418997836652e+20 0.07069312462742204 -242743289016.1086 42543.96874680274 3833074.867074723 0.4977570948424978 167.3058059392829 2915.125568202741 457 111063 2 -4.297751632292165 -0.3521405141069245 -2.996380843129356 -0.4537633194425404 2.334374141282823 -0.004725264883850497 7.020997920437916 -0.7894943450079781 -5.312371786037013 -1.798535178551663 -2.423115718676324 459 324.0411069393158 2325 -1 -2.304172074215255e-05
 -9.563593902769794 0.2332168042125602 -427.5554807614215 90271.07093559374 573049.0420792291 0.2692024339960838 -2817.169857712497 444.615782203101 599.8039901905003 526.8862529850944 851.2881879801305 3027.54436376669 811 191631 1 4.652210897786494 0.2130680655538715 7.582671233956924 -1.254313427866397 -0 -0.3595878554843273 1.307775933787196 -0.3275716814212526 -4.708134642335961 -0.8178584467038705 0 462 544.7337679862976 2325 -1 -6.839152019463745e-06
 -10.10689488151364 0.05054652275983447 -498597122856860.2 307.7619287837657 4.203292327830265 0.1033595262109194 -497155404.2619576 2349.630541384404 13863.86812619145 1.54806440921457 11.25522866168831 2963.406749918531 2644 191663 1 -4.655541613536333 0.2315762006181301 -2.919120914605158 -1.096112283981679 6.185814599399764 -0.8215101425498671 -2.732216953236988 -0.530924633367726 3.532817366050679 -1.947288957259343 -8.573247632068709 465 556.5469410419464 2325 -1 -1.070157515136002e-05
 0.0206947527814155 14164.66698875194 105083.6060231516 399.2817487221686 18.24476420538325 0.3290398043011096 -707.6930198766149 143.4906404381011 57.85890760237992 1204.50320957304 2827.7800238355 2869.401013549184 5590 223606 1 4.685459300542462 -1.285158904111338 -0.2203261077925092 0.3161202820777991 -8.688418978271724 -1.83930241321076 -1.475996107784249 0.2586124260594396 7.843754238955077 -1.57981157638338 0.8523401337525867 468 648.5322890281677 2325 -1 -4.545994549127165e-06
 -9.628363564471394 0.1322993180031159 -1348261.546593437 222.2864710194279 3.28003697646542 0.3375231582833447 -573.5793828042436 9870.621780537604 225670.9701249809 0.680278036080873 36.1408698736317 2912.851329527102 4039 191658 1 -4.641752549842906 0.6522735978614791 0.9824696072346857 -0.3880716209065085 1.45392030433338 -0.6257967043459089 -3.896190354620862 0.6474880742457074 6.053201980825662 -1.514806093715542 -9.180178095259116 471 549.9939670562744 2325 -1 8.439189446016596e-07
 -9.812497153028895 0.1672537921553443 -16778.23505719072 26.32488117021969 0.06946760419823481 0.3914013215758832 -148.8312647092077 195.8200029076963 87.09704882710257 1752.946567667963 -3415.923377392795 3015.70636265235 1488 191340 1 -4.507012720349982 -1.605101797643169 4.584281055973042 0.2503844638999587 -7.142423735098212 -0.1909822244910124 -6.365552124957776 -0.7665497105639059 -9.039394176568399 0.2336175576370509 -9.209597550624252 474 553.9210550785065 2325 -1 -1.303772961452611e-05
 -9.883821824571914 0.1983574467494668 -2530.638477590192 2934.46272993351 841.8572901887076 0.07895672978203758 -189636490564.4777 6840.182864821835 95850.44910693809 1428.552012548878 4474.7726468093 2887.809077445684 2090 127770 1 4.618576749793506 0.7397083480605646 2.597913975680119 -0.1993528644164427 7.094446317811478 -1.763410603119405 3.958616608300812 -1.249514425077847 -5.101726292744276 -1.137687179019957 -6.361050929990553 477 369.5196771621704 2325 -1 -2.045684080482687e-06
 -10.26374784829311 0.1374907597426399 -141431.0383519336 942.7842726109958 82.94426635204503 0.1442373129519919 -956586.7880066916 1596.940812178753 5258.103841813925 0.4369163756253704 -37.71229535802946 2921.023971565879 440 191594 1 3.80802453720833 -0.4936816350409776 7.630464930765534 0.4438205637404913 7.171200574496813 -1.203745813959757 4.816728928645347 0.5340679669675605 -5.684463303433398 -0.7203697310899919 -1.482129427961338 480 561.542751789093 2325 -1 -1.337225625769891e-05
 -10.15055834525898 0.2686392366006659 -591.0874981067848 61.95461508686822 0.7259517227771578 0.3270570011376362 -865.6699325976289 155.7702999217049 59.43062622069029 1.124070584364793 14.5312865858311 2929.082365780837 804 191588 1 4.482285330571189 -0.8571692460775386 -1.574009062726979 -0.7870052008935353 -9.157130203312416 -1.799237983397425 -0.2272557091595453 0.9667350716504325 -0.825330570474033 -1.28227839047048 -9.322774398649758 483 559.7169461250305 2325 -1 1.560521391856439e-05
 -9.755592879380535 0.2473038579119018 -1704.416612261774 6.10627169676636 0.05168951878296197 0.0971589362696971 -10435364264.91405 23158.36430542375 1322245.189085992 1.696986672772246 9.268809994282087 2818.802645292901 319 191433 1 -4.688775886361389 -1.046917253722601 -8.802689588197005 -0.583063425141134 0.5291050818872414 0.6708114608149858 7.849971218429737 0.6648204801763513 8.724655594294177 -1.122431327865964 9.97694181260249 486 552.4495890140533 2325 -1 1.338285507396782e-05
 -9.705725581037646 0.05482618908413133 -1511495480138785 273.3169796101268 15.40714310996864 0.05846084023451944 -9909201820861238 570.8467225753392 802.073135495836 1.620915676322673 11.3582547867733 3058.574884853762 4575 191638 1 3.683862084965156 0.9807190452358516 -8.460282482591074 -1.844180665110424 -1.107956409846996 0.5179634181830313 5.169450303207596 0.06699402874097293 9.428288087802812 -0.7201157128649278 -5.437325768717879 489 554.2808141708374 2325 -1 1.063926076117e-05
 -9.808413099752315 0.2667986906782488 -497.2128412637847 65723.27614529502 685842.0145599924 0.06474635410732636 -719435907144123.2 5.793358401105984 1.500771846081354 0.05216585042634447 6.163482998913229e+18 2815.640843736637 229 190511 1 -4.432831874698004 -1.147384867304361 0.9031839694470714 -1.927617105460575 6.288222741699283 -0.8422412055162587 -8.083198012866136 0.003164187800599039 -6.462050771168661 0.7979605402393855 -9.179453987017849 492 552.4744021892548 2325 -1 1.841075170261538e-05
 -9.53310867374161 0.2480846063300778 -804.2466069363018 238.9731146161644 6.125904122838423 0.1137922688607806 -192624193.631097 128.0714453876751 47.27302649236462 1.361997157245063 11.15046802227136 2770.71590135977 1029 191651 1 -4.237060779701694 -1.237359100667131 0.009326273433095444 -0.6418149017013128 -7.376064492183781 -1.252076150782537 6.880680766635602 0.8129193769627845 -1.276859595632932 -0.5324747257571314 9.981004132571629 495 544.2856619358063 2325 -1 7.717976571343354e-06
 -10.31763317953866 0.3479712590445681 -29.62939328896494 2.053463272273153 0.08472073321478597 0.2165197000126443 -10647.13948850656 39742.45143558899 3849901.909075223 78822.80822311692 3774712.274054048 3121.454546329593 2277 127772 1 4.505827275714928 -1.847007847324038 6.436209944382206 0.3950596526064079 1.439942750307703 0.02289039311585747 0 -1.680553460434188 9.470834120152334 -0.3488186740173669 2.752100004230666 498 368.9261209964752 2325 -1 -1.714861623178647e-05
 -10.14412580042678 0.2705682958807654 -485.2718371853889 12251.20386137667 17172.62144345316 0.229491949231346 -19125.79394499086 160.800482890025 68.66687775059238 5.355586311990267 1.149910779248798 2997.469974636754 1960 191661 1 -4.639791921872281 -1.494347199836671 -6.95075201926593 -1.86139992318547 3.339657738229844 -0.2137098292132347 -3.290457088970314 0.2488326145223003 2.488365897898447 -0.8384071749603352 0 501 561.6178119182587 2325 -1 1.813745490282454e-06
 -0.2045417003151564 1949.841087566615 1791.149080144604 600.2316593212167 55.39168337005975 0.2050159943199943 -48916.17341667088 1136.205539486266 3805.9463873414 1.560331638862463 10.01871477451829 2778.568772013256 891 191652 1 -4.491573945072209 0.2382455634032281 2.691193071048452 -0.1443765993241932 3.466859505908302 -0.6264148828649551 5.277274943621066 0.6208272632100704 2.310116043976242 -0.1027111470454916 8.798619598111014 504 555.6605470180511 2325 -1 -3.784870444769483e-06
 -10.0651076074837 0.2958512157502807 -81.63200063073262 3.187395999686354 0.1504978350717163 0.09677489432783547 -1027303250.11135 71730.45090979777 11353577.52776141 0.03904033561093573 9.976060686547021e+20 2897.076512960313 524 127474 2 -3.691822630383505 -1.249943129052427 -6.161927283873719 0.3491159430261344 9.664385765085981 -1.518397723687767 -5.781604309859359 0.9859481939696835 -1.943741246105783 0.4354199706136148 7.784071938936872 507 369.6513288021088 2325 -1 -8.489255487637703e-06
 -10.23593385991916 0.3290211916990952 -97.14793976180221 25992.66181810275 74045.52782803141 0.3959321109750703 -323.6928103964983 174.0725841408203 78.90541920885133 1915.464665303577 6852.822512598059 3075.074449925459 329 191528 1 -3.093117818953965 -0.9637571805305375 4.841696618745279 -0.7726119739755354 -5.086594073984505 -1.721796195465815 -8.293750438515682 0.8158365669148155 -7.12390446533427 -0.3857317289988345 -0 510 558.1476950645447 2325 -1 8.791739154173357e-06
 -9.913378399738608 0.1729651140678867 -152008.585144168 0.168245648588619 543276.4105858166 0.1184934751920749 -506948873.8868568 67815.16069731035 9316720.667277209 0.1712987573117121 5939777.277996835 2973.772463734494 2681 127772 1 4.346558268607012 -1.726854004690097 -4.682062779962387 0.7517114614053337 9.160533720069463 0.5433708799860035 9.136868580519664 0.1100304539402472 5.644256093865403 -1.718496177819962 2.404032540671139 513 373.0676691532135 2325 -1 2.727272714444676e-05
 -10.44032171963716 0.1216283905756347 -2284208.316927973 7639.698928071938 9472.322561333614 0.08922191522423299 -9003549496.734842 24906.17306768891 1815307.428827341 1.844112553289439 8.27110365336131 2899.117927011873 2836 191649 1 -4.632956407955894 -0.4719511071287759 4.045550318840116 0.01621563719663758 8.160369748129813 -0.6804837263416665 4.154042024806238 0.1792963610840976 1.492821942957071 0.06746164598228295 9.857281207833397 516 557.749431848526 2325 -1 -2.991164519071827e-06
 -10.23192694067541 0.1391768907867276 -2000796.36965498 5.347652764994923 0.08041866921336008 0.4989144279223595 -80.92108816593084 35485.56636251553 2718998.282634914 18844.14727402514 474032.984307838 2969.00702406038 1086 191643 1 -3.063168229617607 -0.3938450358268444 8.501973513830317 -0.4059014205384841 -8.346882255437075 -0.1328630041542951 4.771474419131278 -0.03704905331783786 4.945468707700793 0.9329874125207875 -2.374600410891611 519 554.1124048233032 2325 -1 1.911098177941777e-05
 5.509268192886117 3111.182560495775 7298.987368227775 1032.749661182818 114.4168828946094 0.2299871215433545 -16062.5908938027 122.8822051050187 45.95253150166533 5.130662326571203 2.412434486839777 2985.023369209862 776 191652 1 -4.430141235874044 -1.98403500104051 4.048776679336287 -1.302628050005967 9.792784695159094 -1.542310957294549 -6.600736214813298 -0.7076138768309354 1.816152522409402 -1.643514252448351 1.639045851773989 522 549.2559580802917 2325 -1 7.784275603638963e-07
 -10.10050605412502 0.3103753650568822 -114.142486969871 2714.739603814175 1157.321935217629 0.1126979817215115 -205205597.7581367 81.36955597577902 19.99798456706528 5.105746166702946 1.737533123960277 2934.08282888373 1560 191658 1 -4.695422148678344 -0.2970793780384975 6.930817756451606 0.1286367930733991 8.948310521360977 -0.7290301434553568 -8.682550417043167 -1.868891250115173 -3.586671987090416 -1.275137081860312 -3.227311163374634 525 551.6359150409698 2325 -1 -2.501619274782065e-07
 -9.656314411859348 0.189371429144489 -19919.09137100865 40133.30380119933 217207.1191423827 0.3962629409648498 -228.5187193841531 75191.01248491992 16550407.90819714 3.251722756634388 0.8741478096217102 2801.045545354718 1099 191581 1 -4.40104876550187 -0.2345624155780204 8.543850569020895 -1.314561933142374 -2.214866994002463 -1.270833213413738 7.579609137190765 0.6518174270177637 2.606582353973989 -0.8116240557982195 -1.028138117953971 528 546.9598789215088 2325 -1 1.653504758920164e-05
 -7.388579825718643 8.074333234761459 0.06127533110999035 2.670510264880378 0.1974825311810295 0.2480323279294395 -16219.5120006149 23421.70805111133 1137822.35330788 0.1146668638246507 2955890315.045021 3038.649202850024 2005 191663 1 4.596479859840644 -0.5793548512676834 7.835282340492924 0.9951632156240038 -7.896652017243913 -1.875518440861575 -1.089050508574073 0.6609172572905702 3.174127340662734 -1.628259218250572 1.740899662729964 531 563.2979869842529 2325 -1 1.826560828250562e-05
 -9.348160372669856 0.1126089128038273 -150217844.3724543 1.333207583915873 0.2057614748002768 0.2873333381299869 -3497.417920602286 13683.56019409133 390137.9810746571 3363.729635709765 23848.00960348232 2807.978956019508 3244 191656 1 4.583485145153879 -0.4498138650578998 -9.608759628693754 -1.45671827732775 -2.920108987819706 -0.6297410143753641 -0 -0.6487497795332384 9.350688338578246 -0.7328209833727586 1.516867959811738 534 554.859836101532 2325 -1 2.574904278899521e-05
 -10.15112547962852 0.1067906824108467 -15387305.7995693 4975.351684179678 1676.626014714311 0.2414116394478799 -5713.103759316661 7486.05927842343 129002.2983951627 128.1964527409267 22.44178836351336 2966.069740619283 1320 127775 1 4.596453465711583 -0.1803555970591253 1.328521061985573 0.6858924642893207 5.792827074658812 -0.9017202766237347 1.528066640184353 -0.5565625213506102 0.2777672590953282 0.05233536603779761 -1.239398082517851 537 785.4657511711121 2325 -1 -1.241260199504089e-05
 -9.913712718906012 0.4178439115627708 -17.38678392930803 2365.484948015114 91.39709511752656 0.1585424669673352 -2123124.521222346 375.011699287102 351.3644985905628 9.467437798244505 2.001017178450142 3046.684460159292 2598 191660 1 -4.683233780413794 0.03388187099713268 -0.2871042327994036 -1.082433852803271 -3.392309112864109 -1.481756195889995 -9.539357523203821 -0.7928482144145281 7.979470253566085 -1.909129817101126 3.842127116905684 540 1421.303303003311 2325 -1 1.242206332528305e-05
 -10.16850149763966 0.03364653313885087 -9.993713069959905e+20 6893.471055371249 11932.69749456824 1.200790378464293 -2.816183589869637 1219.445513255881 2871.765394155589 0.3208601354484459 -2347.984003936526 2968.268385537327 1831 191294 2 -4.647581762928544 -0.2763247050410004 6.503350372335692 -0.7190591580196131 -0.2652054834221476 -1.355925387659124 7.491257097618117 0.5332685609621519 1.197205751143052 -0.3085172261786777 -9.890261216251533 543 1283.165479183197 2325 -1 -1.543754277964152e-05
 -9.734722927028045 0.1201285156157109 -1387388.319916655 71955.09215194822 983809.5590293665 0.8607571823858124 -4.509183179928477 51.50497792722852 8.725472648007745 1.095468828359359 15.53015767211343 2937.206572770553 222 191537 1 4.253296521674136 -0.996504327362489 -0 -0.7152548372526795 4.348935673120503 -0.3298827704607854 -7.041863915911069 0.0739153321410515 -0.5803272031017066 0.2042786546439998 7.92252383329569 546 1286.613375902176 2325 -1 -7.935556642739707e-06
 -10.21389423077185 0.3434861172363377 -49.97832152127194 813.1173794400545 -34.76907792201334 0.09172795259704532 -1691238451.88115 2460.479407684695 14066.50864538268 0.07733621998545313 -289670184735.765 2860.511190370048 1843 191660 1 3.889831512323511 -1.941721184860437 3.93724234382785 0.1128494553561388 -3.931346256358215 -0.03924473943523311 -9.139876239887945 -1.844170102541747 5.116087787908347 0.389044687067766 -4.696623950398854 549 1290.95846581459 2325 -1 -1.136137565225661e-05
 1.667884411503839 60.67210541560397 3.060372387481445 9.193697473585189 0.09171372794439402 0.08403221438866479 -102995437450.8105 214.0523184496249 112.4938185178722 1.927775661540304 4.41838886113343 2990.171517066314 3124 191657 1 -4.504985741285793 -0.754296355178143 -0 0.7127856637806076 4.981077223532862 0.2739379840759724 9.264929274802398 0.2777206073091855 5.191632170071755 -0.7944913537452987 -8.852434866151311 552 1286.476405143738 2325 -1 2.386882918923871e-06
 -10.32328339371388 0.1474359611284854 -783574.1735154492 7174.647595607425 1705.802841508378 0.1447121923234785 -17079664.68239838 20933.61412149819 975243.9357845327 0.04633471161335271 9.999820305030789e+20 3009.455830280752 2162 191626 2 -4.694043504467739 0.01229066426298564 9.796842491404638 -0.1297827690379841 9.314235481156947 -0.1135738250903247 -0 -0.6133741179010865 0.5381137293950218 0.2005987611385604 4.59857597857501 555 1296.186793804169 2325 -1 1.935752361060496e-05
 -18.44879705785161 10.85520543808165 -0.2847758336778781 22151.12009242879 85693.32523993241 0.06707651121649635 -5695599924662.436 4848.451176074306 52196.97532103839 0.03870743603943955 -9.99157808028271e+20 3131.958543867483 1542 191598 2 -4.066754891101561 0.9396409574731592 -0.722103044860861 -0.4578081867042983 8.812521625855002 0.2247439575326036 -1.924748379598712 -1.585292740710235 0.7456173270151738 0.6687840092130477 9.005110553833248 558 988.6073038578033 2325 -1 -8.81971355836595e-06
 -9.958851477640531 0.3069144088622781 -147.5972398327383 0.03892869423968114 9.94235225755586e+20 0.5160186998188422 -54.9046830307835 110.3742715919518 36.21073049122502 1.659413176229912 8.132183037868669 3003.185531716847 545 191616 2 4.159951761532165 0.5031922870269057 -9.504518577528984 -0.3171851895602345 -8.800033320878558 -0.723812135462568 -0 -1.845966289390643 -3.102156704797798 -1.175950695993807 -2.849122954340656 561 993.5786700248718 2325 -1 1.652745114027199e-06


# name: injParameters
# type: matrix
# rows: 1
# columns: 11
 2 10 0.2 1 1 0 0 0 0 0 0


