# Created by Octave 3.8.2, Sun May 24 04:50:47 2015 PDT <charlie@yukawa>
# name: outString
# type: sq_string
# elements: 1
# length: 114
Slope	Lambda	Gravity	Lambda	MagneticField	Lambda	MagneticField^2	Lambda	AttractorTemp	Lambda	AttractorTempGradient
# name: op
# type: matrix
# rows: 188
# columns: 31
 -3.290009650046517 0.4664193126907214 -14.44252209319686 10820.61826334741 11935.76400862372 0.0813581377532155 -492211666685.0523 131.3716427735342 52.85851406199778 43126.16570464348 1346705.885414914 2800.447437189878 1094 126707 1 4.31851127473884 -1.205515335728816 6.578778547995109 -0.05452760497283292 -6.738635656948399 0.5312582430317576 -6.211870352716723 -0.3304574682644388 -9.704547167296314 -0.3637357698406269 -0.1022417287360766 2 563.8595039844513 2325 1 1.893984848189997e-05
 -3.495213321880617 0.03689415731000917 -9.994706415790807e+20 19024.64129172623 78220.31771439317 0.06287181389941231 -176348028571631.8 1216.720558860723 4189.775534531999 140.1899902449054 53.20394030690177 2910.606899854285 371 118639 2 4.633017094658843 0.6466670988953327 -4.576995193435685 -1.512801518159835 -0 -1.725518086789615 -6.249501535859186 -1.555795333161076 1.356204334139409 0.5053426001550605 8.391757826814571 5 466.9650449752808 2325 1 3.362127380204835e-06
 -14.68905437995226 9.711155605842304 -0.3536211967456703 3486.48985068312 233.2617125905046 0.3459280589280238 -587.8592169267856 16.17295921605967 2.265308210889043 834.7923612542245 703.1418197029733 2960.966463061362 1712 191658 1 3.882937802221048 0.07749712574756584 -7.158155961411444 -1.228520984400138 1.063379941576333 -0.9720740312010001 9.817494457691982 -0.9066890897622635 9.785722130966256 -1.832721510583462 -7.200987672375412 8 697.7256309986115 2325 1 1.119367856818983e-05
 -3.39682141826582 0.5651519258446533 -2.065486975111182 0.9529552216527949 1.457091597604005 0.09915423551205944 -229308583.6199449 81.66301957576958 19.8852741527589 0.7046681248661257 89.42770060997744 2925.579556793134 1532 127753 1 -4.03144036437613 -0.9565127508157207 9.945289996436856 0.7739625583606133 9.830989340524278 0.024108578066798 -0 -1.415146478718415 0 -0.9494597616023848 -6.799819056958139 11 464.2926950454712 2325 1 -2.236233401948909e-05
 -7.699923496397738 13.51846635024231 -0.1776244426714125 4712.425787818052 2556.310677857811 0.1503820785215654 -1816369.897477013 719.8899832216763 1329.239796278144 772.7657311239935 684.5848329768113 2841.188481995527 1325 191543 1 4.186479576482659 -1.417499531876801 6.574730105736136 0.1956064663046786 4.90629208043963 -1.714754381359558 -1.696894988094326 0.5194256465399834 0.2951339468118013 -0.2154704354152308 8.219483182595765 14 693.9702048301697 2325 1 3.120335012995077e-07
 -2.606569277506395 0.2339193050252779 -416.492943369369 349.7751601348084 7.826298128472835 0.2770124215601507 -2123.723875585907 193.8463338464632 88.35567072907412 0.1904729976051215 577327.593443301 2928.623235789717 2663 127748 1 4.46219691794563 -0.1135556733173288 -2.825901063465944 -1.344015473250735 -5.685316562552863 0.1307168700073644 1.096582043179862 0.2465039126154212 8.814826360907633 -1.532391255089289 -8.17056772919692 17 389.4274668693542 2325 1 -4.4184502103816e-08
 -2.94952879479179 0.03173066155513274 -9.996571481051532e+20 0.1991454440241608 -5878.452446151117 0.2523920701998705 -1836.19732143095 6668.465573653626 102692.4369272861 1.97618447125836 5.551665362093194 3069.941316281545 1601 191604 2 -4.444247477378986 -0.3733802070823504 5.427777031278091 0.3013209340893166 -8.3308934371841 -0.7357052276688618 -9.99125874814416 0.3248847334811015 3.298187016647637 -0.67892530373926 4.133218432876607 20 554.1127319335938 2325 1 -2.257073513894754e-05
 -3.003386412882975 0.1210826367014138 -5104391.047636401 0.07733693007248935 588459992776.188 0.2529314260176114 -5947.098513470349 7246.233780501522 126527.5549587655 1.116533037078321 19.83847138796224 3061.359026038745 3650 191646 1 3.633218179244259 0.9346303785402377 -5.128517174536094 0.8492205028241173 6.520867437494543 -0.5723300589496239 -4.900541523308764 -0.6202800782580891 -1.021142744806176 -1.235945746009511 9.480930492478221 23 555.4236028194427 2325 1 7.880705936541923e-06
 -3.455489468989404 0.4419429660115471 -23.83229464120284 0.08281086138815778 -182096305105.8283 0.1001371108191562 -4689009983.337066 39408.00700244457 3872267.282196538 225.7692720265395 159.5197645616825 2943.990273556608 2553 127775 1 3.46983317381683 0.3550798652350586 9.947338538249424 0.2485382159706626 4.735093973813139 0.3305008602217229 -6.124269801028495 -1.730353079664629 9.199507274516566 0.6043350359542763 7.359729581963427 26 373.776554107666 2325 1 1.595548256920187e-05
 -12.17062042644434 12.74351395723324 -0.3263777264547281 365.2769792072824 23.07880400702478 0.05818554932253512 -481072976803065.1 22831.63594765229 1167117.462160298 0.04666114838134888 2.599462206776365e+18 3104.639110710629 3130 191602 1 4.265544555548668 -1.961494736812567 -9.682334568404555 -0.03725512842492321 4.981926944636996 -0.000699738674190302 6.901303478655866 -0.06362918234300798 -7.55787146215229 0.8822525201112681 3.003128172090999 29 552.9110901355743 2325 1 -7.084424610050498e-06
 -3.661943191468407 0.6587074308646387 -1.065004889339957 98688.89577208263 -538814.2218758445 0.06200768539014743 -129501143260573.5 20807.76242611675 1053203.096679718 5.836488003573645 1.243586899866194 3145.651680528434 288 127776 2 4.11073259102557 -1.065724553202745 -9.840217706216441 0.07670291199468958 6.511331646252831 -0.2253957913213496 -7.73537145811474 0.2784518898370685 -3.257547341588987 0.1935486478180763 -7.708239156316495 32 366.8394601345062 2325 1 -4.427386810378138e-06
 -5.331786099456788 2.587087804191397 -0.128558270389665 873.33025086589 -46.17840283196509 0.09236187525082165 -1736153647.328911 7.317564992520928 1.58153560370993 1.077581153341159 24.19746804546167 2929.367669626282 1526 127776 1 -3.951366494108174 0.6446771219794662 -1.507054686738916 0.1051575279299812 -3.14210282861179 -1.767830316441262 8.974342080143208 0.3749880665831151 7.721164821662638 -1.747938056845635 -6.936206573745104 35 369.0439538955688 2325 1 -1.290709796032364e-05
 -3.369790311595227 1.313382716706602 -0.1926579956731128 6.115029393944111 0.06954651393833108 0.1574099563408586 -1766983.065434343 8975.900812614826 217079.4706129327 1.822917182892671 6.218668981056849 3034.872575026532 4173 191661 1 -4.238155351782935 -0.3382095759990991 -5.816420280956001 0.4033354869638134 1.854441694475197 0.5280418455921287 -0 -0.9049836532774895 -1.509212685128325 0.05317114143968867 8.65971260426803 38 547.1674840450287 2325 1 1.022495781964271e-05
 -3.354699265225158 0.603208838519058 -3.348339473231561 3612.956452888616 751.4274887158931 0.1300697883850908 -4931247.593696618 151.1234191008882 66.03623185450678 153.3901632567673 61.61840669317928 3027.905027150495 6076 127775 1 -4.625539212865813 0.2993716481539961 -9.104588918541721 0.2220292901837348 -7.86488720695047 -0.9676630471418877 -2.252106018129764 0.3853627312442524 2.140735090333914 -0.9434418028340898 -5.384223501388749 41 371.8908839225769 2325 1 -8.459378271175954e-06
 -10.86178940898928 10.2135222516309 -0.2419249662370168 1.001724821553746 1.073078036874373 0.6367306704277825 -4.595759743727545 1290.584898331809 3683.63779573414 50738.3730013006 3668490.209397262 2814.618726206767 2086 191645 1 -3.596129184394185 0.1575698720463845 8.893109616522835 -1.763012712963149 -7.715222144909688 -1.973325425071898 1.777643276275734 -1.336351672284013 0.9824133273924405 0.9235828488853444 5.344744117444431 44 551.4229130744934 2325 1 2.042207581454618e-05
 -3.064815087269658 0.04703507966238101 -2.071772093059779e+18 0.2661635855106528 2284.276299084607 0.04515701104891561 -4.258659245910931e+20 670.2968604050399 1267.367930671997 0.07367862921946984 68711664938112.74 3071.987027509028 1624 127775 1 4.621006901526894 0.5429485753060241 -1.72104886317174 -0.2785915408998765 2.298743526077355 -1.775215887068737 -8.724818849794627 -0.1878254377364134 -7.952555106398549 -1.97119966771221 8.009986152300634 47 373.7080709934235 2325 1 1.560758338972723e-05
 -3.826752269161544 0.1927458288563351 -19371.05730194597 0.3160666052267894 67.81081416801456 1.06472675131502 -2.351329036093376 1730.996873817931 6379.353324844742 56699.26791882775 -2820603.260903997 3096.137502686654 1416 127775 1 -4.602156113464666 0.3504141748694565 -2.28211179065138 -1.562045554611475 -5.8400633015451 0.147198237961927 0.6607350813025619 -0.2577659969759321 8.706883568740015 0.4213670308337907 -9.430235048133493 50 372.0848391056061 2325 1 9.104388345462804e-06
 -3.381334833986262 0.2891040135510717 -326.6288906348409 643.8753847593149 130.4511969986049 78.62647635287186 -2.036395006768327 688.2213935329221 1057.986374823623 11801.83537436818 368549.587389031 2932.486009551289 304 191487 1 -4.397501366691918 0.3784737250148922 3.326431913829591 -0.7375801434059079 8.471777426131382 -0.9710102175755875 -9.943757926730969 0.6214069382871568 8.092457198720709 -1.265733837234503 -4.642061767422067 53 564.5306639671326 2325 1 3.157351960791868e-06
 -2.561441507146605 0.04270142877363174 -9.985528701032193e+20 54.01050342800783 0.4867745004085963 0.05070624060183952 -2.962140466636817e+19 1509.038232272285 5237.393803866225 5668.148975618828 46384.13830344094 3065.072521985027 1342 191664 2 -4.428290705415827 0.09292170074707502 5.88400854436377 0.8071012148496397 3.366149097885477 -1.557743590454872 3.938508634656793 -1.200943848164055 -6.493119999683143 -1.222973782995513 1.101943966155776 56 552.8477528095245 2325 1 2.918566411459432e-05
 -8.408843384913345 8.848337379030589 -0.158629830358616 226.1786871594593 7.947382489798833 0.0878058895624178 -10124496014.03452 154.1450203607877 73.05863030694277 1.578593010000733 20.94686382635557 2728.613007798504 2406 127752 1 4.220914551330945 -1.834912938886132 7.942190052536786 0.3345069606676887 7.515786873729883 0.5353262904418616 9.13520008556106 -0.3425405101270496 -9.344952797452391 -0.2191530129652968 2.521983258731329 59 367.736072063446 2325 1 -5.765105786644182e-07
 -3.947844078111656 0.3875067994825607 -26.04903663535307 2.33795912096643 0.0764441636350669 0.1381851372123754 -4476747.022151057 84.09684755403191 22.97328963015968 1.298029650035105 9.18031366725257 2925.696969325843 607 191610 1 4.64576669673226 -0.8233955194582948 4.709214148591706 -1.918241958728144 4.295926906780344 0.6738022281400005 -6.140321144559132 -0.6978706514270687 7.902792493417127 -0.8857825807831681 -7.772627545610678 62 554.0534501075745 2325 1 -4.733495588495414e-06
 -10.91786229064809 9.236346999776492 -0.2365311212814114 32896.96002903912 156146.0584959151 0.2730483596901445 -2354.597394577444 380.0315179829669 335.926551832436 0.9377808446207699 41.48140708033709 2926.820938627698 1831 191619 1 -4.649226493581974 -0.9198150274479167 -7.916805635941536 -0.7230305462222031 -4.943780297197076 -0.8986170407384035 -1.130052460287803 -0.2824359920830535 -4.010972729405159 -1.577239104180884 3.178814299838646 65 552.251305103302 2325 1 5.291025442182207e-06
 -4.162444910309345 0.3612076058803317 -82.91525243737446 1.645346946948209 0.6313666950314484 0.08638350596708053 -143368145226.6806 201.1556567667517 97.49451839636745 150.488089695214 23.83418850340405 2975.423935063959 417 191319 1 -3.935663982094367 -0.2443176624297481 8.710293201179848 -1.119653363286959 8.902175373378828 -0.2025271855354917 8.649396347179483 0.1575898518184968 7.154983440541463 0.5780786980772765 -9.483711594830476 68 558.9779448509216 2325 1 1.658462340055702e-05
 -3.637503297709974 0.2333453833929175 -1471.687293478564 0.08815244132722823 -3906237023.097704 0.1462951455937903 -2300189.055004037 75.31702867467661 11.84086198468026 0.55931987233712 279.8110401333099 2988.668853039616 3405 191653 1 4.09612481201093 0.09921311616383517 8.40478490808723 -0.1299148991380692 0.3632123218569845 -1.904820441389759 -8.241356492124158 0.1325451267951285 5.597261324511637 -1.551950546184706 -5.832139289859912 71 555.7597861289978 2325 1 4.427209985268744e-06
 -3.568836782226334 0.3191929809318572 -72.23946247943265 0.1640502844626261 123620.7382758733 0.2063319733185455 -11272.99178381043 48.79364108411988 8.047949105802026 92875.11098658973 9805052.165517172 2864.588150427459 579 191547 1 4.23990844290402 -1.460533137082248 0.8214003291813756 -0.2816321977666583 7.559362611775622 -1.023852323021041 -4.642685153524118 0.2822402477741068 0.8767247028580272 -0.2076444681511003 9.043631968261863 74 557.2474322319031 2325 1 -9.320920251689163e-06
 -3.769085618918338 0.1638263351796316 -10617.69123623109 1.277610277185261 0.7519402614458364 0.2618558066700923 -2013.782937123024 528.2409225565974 755.7079585146868 3.739293572111892 2.116714316026002 3006.510799264628 1193 127756 1 4.410951737524069 0.5031385723281061 -5.199873448968002 -1.589308230876387 9.431435685118714 -0.7688987857601504 -0 0.05836895613362049 -8.840333278350972 0.7552456113576964 -0.8502633194768636 77 370.473865032196 2325 1 -2.062828775698816e-05
 -3.226240820990907 0.21918612117782 -6286.732938893118 0.04863413028086632 5.322995229746925e+19 0.04668609788105427 -2.592417007693229e+20 234.4870998296786 128.8904575909026 0.3123938164829874 8844.783009522533 2895.684386425865 444 190820 1 -3.910121131643271 -0.4054645334195124 8.360885236849265 0.4857325623033452 3.971211367213702 0.9304391446846116 6.856893116120667 -1.851966313375188 -4.807101970093494 0.4863876765127286 -5.041925306430835 80 554.1029119491577 2325 1 2.452873434585381e-05
 -3.17759559398124 0.419312905243625 -17.12608496480606 1.198456693624975 0.5384373896721409 0.07607343813538629 -275923799762.4194 105.1221521166908 31.88391552595219 491.4407928466727 343.3577158001513 2926.013705751732 3720 191660 1 -4.656704611784285 -1.5581839911611 -9.570423197525024 -0.3668577725423035 -0.9039397494822889 -0.6219187560518389 -2.659190458841842 -0.6357171304018321 -6.933581215733874 -1.484645184139786 -4.320972107617994 83 551.3287467956543 2325 1 -7.302980002917911e-07
 -9.797981211371665 10.27522521942858 -0.1881628199874325 1927.85044328507 157.641766144543 0.09071304327822301 -969045616.3177408 5869.349007259186 81179.22733029808 1.972268790668619 6.395130893298129 2958.791054418111 1076 191664 1 -4.442722715800061 -0.9743012997248846 -4.261541638242877 -0.3466968612011669 9.439236645916594 0.3061347059941059 0 0.6706968240196804 0 -0.4939335020753699 3.259010111242224 86 555.7728450298309 2325 1 -2.196863865667136e-05
 -3.520691998972905 0.1634293433614052 -44765.81874121983 2112.321652204811 1325.566112103501 3.332245680505122 -0.3360841705169312 269.1837174997387 185.1475201627552 1.699974635529008 4.580933363127927 3225.863023158547 603 189135 1 4.546991418670352 -0.6073631537346992 -1.960442443104026 -0.2025026951326296 3.791427869182285 -0.7920381915688903 -9.959318009274869 -1.418493095157828 5.206969219599212 -1.147236865140425 -7.222631172040421 89 561.9966559410095 2325 1 -7.464781449100249e-06
 -3.260053374498627 0.1705035845425049 -12350.89271246839 4.791279619019257 0.05226904888134524 0.07839988258956644 -22007082613.61087 2824.186394678292 17195.58133883902 1.274372269413431 3.831187834556058 2900.993781898634 427 191469 1 -3.908434471960157 -1.889067027359353 3.134021568889662 0.8033561668490625 -9.152239357856926 0.6380197077131218 6.256380644913643 0.4075485147723045 2.984777977827013 -1.541691189034891 4.065385926108623 92 557.7275471687317 2325 1 -1.405144535489945e-05
 -3.842130346140499 0.1354445734843598 -1432538.648312825 1.758612191397979 0.3468362061207725 0.1613375564324395 -753139.4693367878 145.490861879534 50.70936455693288 0.3243571148515773 5703.010930719091 3111.750355546685 2072 127740 1 -4.692871754992396 -0.9197424204851244 1.832902449263753 -1.866240969047461 4.757632675292036 -0.1698888626046494 1.142127698912287 0.4662108170930556 -2.477724946892962 -0.9105944394593983 -7.691879939098474 95 397.2542428970337 2325 1 6.051999256217826e-06
 -4.043611575935062 0.4739360874166931 -17.73271456470377 65.08620038000524 0.6690279599678549 0.3232928032819193 -1053.624845307638 4873.309736996386 53153.63100016157 3.876664278340793 1.632183419802485 3017.300488114491 819 127734 1 4.446186605187567 0.7524196507917527 -1.759503492102419 0.1982201643312247 0 0.1340125746248998 -8.347850367167711 -1.189781834249995 9.692472657232615 -0.2304133288331985 6.914192057665456 98 378.8494169712067 2325 1 1.433587498099581e-05
 -3.525115189732084 0.513216297264218 -4.591073735927448 0.6615738476229452 6.115476512507644 0.1963135598748175 -41982.35877137532 570.718565178227 697.4936178745204 0.04087447469942698 -9.989023746349033e+20 2900.246125368425 1335 191653 2 4.569855192480031 0.8057771735859536 -2.965249610909721 0.9478003864952056 0 0.976538710566464 -2.394230813332876 -1.851113627738766 1.146878742601551 -0.5535464219407435 -7.395043129415862 101 548.7798969745636 2325 1 1.495265042731553e-06
 -5.087069840177726 2.149391240332684 -0.1476882421831849 0.04441183622496916 3.829930322880386e+16 0.2530287074738649 -1496.986654686377 163.9350920332463 78.05550419694784 3.283555618681451 2.319861581786724 2722.903655698683 1197 127745 1 4.364234711977461 0.140333674969423 -8.1497834828834 -0.4207221608857532 -8.840153112769471 -1.426516066279491 -8.084303033256324 -0.7629776114046187 -9.354766504155187 -1.085645260929601 -5.044520245729762 104 373.2198760509491 2325 1 -2.259031048704057e-05
 -5.691242258782679 2.393368904049485 -0.1567110381123368 8836.938786436092 6510.603740301704 0.2818379677941704 -4485.507776035039 6374.535146346115 98114.05669665594 77362.62065791579 5160686.308284369 2883.648008615707 270 191428 1 -4.676927999129154 -1.075869389455879 8.799650194030681 0.06696052359392321 -0.1354261388012032 -0.4254267732579766 -9.486120452873292 -1.797586760621427 2.480906050897345 -0.6867657836543106 0.805192046345264 107 558.9604489803314 2325 1 1.530457151530871e-05
 -3.340120497296948 0.2935735391878615 -60.22290100765466 1.753977247832505 0.33087200429781 0.1108897079096979 -113698364.9287778 231.3774939034067 130.5084956590229 1.427910713415089 11.68143740873639 2917.236745124743 301 125986 1 4.362473913432184 -1.846291773923294 0 0.2316126856123266 6.262365380389505 0.8847995129976294 -1.946121763459023 -1.941152607765978 8.556654626301277 -0.3341421607574588 -8.028590208835691 110 370.3482439517975 2325 1 -7.394218949323032e-06
 -2.845335674084847 0.08599488766832027 -2223306795.336713 116.5598615435 2.593360914392046 0.8904190677576542 -0.9327085881818027 460.6994531122856 596.0883207269591 3.230368023583236 0.9676344836241044 2847.413363074456 3312 191655 1 -4.194520947694891 -0.7870143236314471 -0 -1.406647264222938 9.56008372569897 -1.661141978704034 -1.725057523655084 -1.072488291160146 -3.386014970914074 0.4398808964339613 4.772282652074663 113 561.9590890407562 2325 1 -1.249430129899698e-06
 -0.04734973273242419 84888.77176215278 1116904.537388617 5068.345350111018 6608.49269836141 1.786770088251813 -0.8225251451920831 17041.50425882603 788680.5232564827 1.852429457123339 2.20932584272663 2854.284819669805 165 127716 1 4.589995477860388 -1.079523803294249 9.458191165343733 -0.7992285996375728 -6.141612596924728 0.4707409099233368 5.412493849739056 0.6442404843273248 -0 -1.346522973827478 -3.982630674596505 116 376.0900120735168 2325 1 -5.364954284292531e-06
 -11.35054878457678 8.851712796689522 -0.2283812456430422 1.248346861893148 0.5082229802870906 0.06661309265773616 -1059082726657.744 303.4253215170493 228.9933955396056 8865.155863462254 50569.62988847806 2923.347927382981 1934 127769 1 4.563399978219839 0.3465767950990299 -3.051403908617584 0.2715350818242106 5.832447318961827 0.9646125704088617 -5.222392828389856 -0.6540557874658655 -9.00233619011917 -1.082417674156948 8.270350826925419 119 372.9940249919891 2325 1 -1.206695160523538e-05
 -4.045528217640164 0.8606489646751924 -0.6627032178964948 0.3008219374942304 -324.5247115325634 0.6233861416867018 -20.11261246065539 17354.49368897966 689793.8529575547 2.489662692236333 3.804766940796881 2783.61579878764 344 127590 1 -4.639549814120961 -0.5631011794936462 -4.46272319552811 0.5708807349289007 -9.035604997209756 0.204000968585353 -9.604343075510725 -0.08535797845696357 -9.930460929091264 -0.4080638550479803 0.1864082951949717 122 375.7228059768677 2325 1 1.874623784773724e-06
 -3.43937552075627 0.1521131259541401 -62353.56939485441 300.6179691336865 4.983875095319842 0.06123065613931103 -46911586357157.29 2443.976612337941 13407.31225555233 5.456071254582717 1.429262372352092 2992.775864285361 2336 127772 1 4.471400401825449 -1.29214048052778 -4.963741129145625 0.7847011041073904 6.661291919575376 -0.6816700554556895 -6.049794296653241 0.8194957241717611 -2.342841041430743 -0.4685583944690661 1.76231422838771 125 383.9384188652039 2325 1 -1.216297445903581e-05
 -3.59094047916797 0.2591049311941498 -921.1785083517989 0.5682860254281549 4.616457685086401 0.2708507608746141 -5582.37623945502 116.4935956594466 36.96310348586669 308.4666347942672 196.1835204211805 3174.140062130245 1605 127772 1 4.287067568793201 -0.2195875852272211 -9.636249839561918 -0.3183477255114715 3.671833363432521 -1.092030338521017 -7.85025029142955 -1.030341857842465 -7.672939848741196 -0.6144671207343517 -1.696893232768688 128 373.1565279960632 2325 1 1.562563127318844e-05
 -3.375590106279505 0.08845231627467956 -290024215.8721179 847.247152187036 141.311378936397 0.2250074342940448 -7295.380261822852 13964.55421802485 466149.6097902259 3.996406835740182 2.198520762796167 2859.07527911287 605 127738 1 4.587734963675765 -0.8475247838216848 6.34250516092231 -0.918011418428307 3.561949573130473 -1.439191161899676 -7.224915162973943 -1.509330526561801 -8.145466515165682 -0.7063941426199811 -1.370646568751342 131 372.7603168487549 2325 1 -4.803753760836696e-06
 -12.14308211959691 11.13768320986674 -0.2923582363263208 3327.258871394768 1900.328647850582 0.9692941027712147 -4.881368649871694 62.27742949568755 12.46237538383171 0.1768120113327109 2042287.685861102 3024.949595660658 2605 127755 1 4.61128723279393 -0.9633510333562514 7.354971875970309 0.1404658582864689 1.416394398217768 -0.6167332286801611 7.579315674592554 0.1781787129023389 7.362345729162694 -0.2473313903342813 -0 134 373.3859009742737 2325 1 8.331815369298298e-06
 -4.000150683302951 0.7627704131436901 -0.8842838421254531 396.5153990102591 8.05300015199324 0.1559860482710998 -976615.5235860349 1677.081653037835 5695.692992573228 350.5599481441644 102.0632688611764 3026.575696154675 400 127685 1 -4.574951184353045 -1.293451890243837 7.481316037397143 -0.1468312552021783 4.831612945760958 0.8282116204598164 6.855883958114426 -0.2778634914589588 5.636775590327218 -1.976664686824382 -9.830503085351367 137 372.4532680511475 2325 1 1.92100998887641e-07
 -3.828646284754935 0.2537024254945138 -660.4047527056027 737.1633918172831 66.40302055144549 0.1838808497235926 -219526.3221001023 202.1516874511243 102.4853585695798 50.52878887411883 4.618126561138304 2820.574803392827 535 191584 1 4.056951915034911 -1.028329241727431 -3.058708462428996 -0.09362416378519806 5.554160426695619 -0.001768706785515676 7.186828754529458 0.4627386006765781 -7.171199002315886 -0.1271719787364152 3.745565651992573 140 568.9491171836853 2325 1 6.365748198700564e-06
 -12.34468934101251 10.45716891368762 -0.3003909322105021 0.2468673032890019 3764.426180414728 0.0503176909664677 -2.124661435930822e+18 4773.565168307232 51502.54132124517 3027.677374580037 14658.75574870094 3044.402421190226 3988 191663 1 4.609967996460742 -1.871252785992613 4.986702686607527 -1.100151256749338 -0.8015860610998886 -0.4529944512591708 7.192178303163663 0.3262701960163312 -3.719933228875234 -0.9683861759770327 -5.846756767277091 143 571.7186870574951 2325 1 1.120511395130948e-05
 -71.90130976087448 71.02063283112476 -23.65063979893517 8086.167403397653 5747.346122923721 0.9402502853497802 -4.354203544872162 62.33793596352374 8.638359942555102 0.07554188194235209 10129653204619.57 2995.593136350501 2410 191526 1 -4.578306414090922 -1.835109872704569 6.529313344359105 -1.105165493462225 -3.688458372488347 -0.1250945026465739 4.981924204304373 -1.793136516965954 3.083510791718099 -0.2588557800972708 -0.245968442603596 146 555.8960950374603 2325 1 7.488784474825992e-06
 -6.386935288297934 12.37589483896335 -0.1137147835610793 11037.74235670359 9090.180803124187 0.1151683497522087 -920727175.3390418 69.0265811520792 13.71235902412573 7205.95399426074 46734.39310692938 2748.311792355335 452 175634 1 4.510532729060545 0.3356459676087375 0.3378626816201367 -0.7394895570489384 1.161507279611551 -1.994405683913644 -5.192931482561636 -1.9507954380396 9.667314206827671 -1.845303081942816 -4.972984120280701 149 525.1627879142761 2325 1 2.224409609677526e-05
 -3.546688631312279 0.5600582441050123 -1.991083512076031 116.6694933196465 1.082800453766921 0.2598377013544774 -2003.994955012757 4189.0033673033 37846.02850184636 5387.293577777575 56319.40258704487 2877.524532443388 2088 127774 1 4.387010508828839 0.4347878311067261 2.463071774664834 0.9424795685673111 2.041834662553569 0.6091828917638513 3.173118146494428 -0.8793441786977665 9.402384005962816 -0.1594617612913556 -1.093621889405799 152 388.3981430530548 2325 1 -1.136274975657603e-05
 -2.977259731962475 0.1707052435987857 -147817.2825414627 1.547418397085023 0.2841053794590484 0.1151665677510424 -436004516.0193496 1208.742870837681 3032.742271952322 1.630980677701097 3.645434352344142 2985.339195173474 2419 127774 1 4.214738716388204 0.9015420595186301 -8.199490943859601 -0.9683699181951049 -3.079182076417241 0.629072767882513 7.423584503975427 -1.925082073490476 -1.135868498651564 -0.590667769056842 3.269154059784754 155 381.8299670219421 2325 1 1.669607729432841e-05
 -0.4420307661610089 14826.84623729602 36724.11003598892 202.6095513835273 15.49564092959551 3.55828761755609 -0.4540764672639797 33.98038383976834 5.16416834761207 0.7347853118580734 90.88036066427797 2965.359216311927 177 191440 1 3.344274986419394 -1.836841967018529 8.319894575600751 0.9895878565364722 1.151614785139429 0.04734143878864396 0.2338824361037322 -0.8394300802504429 4.908784491707258 0.5303577195155693 -2.043752725571669 158 559.0252969264984 2325 1 9.544787527054066e-07
 -12.64463689051589 12.16136345710657 -0.3511578350129624 42.49067660500778 0.374982166646602 0.2171821949024723 -39893.84217384604 88.25371821960175 23.0955987161383 1386.907596725972 2821.852282839907 2864.653070386337 2506 191661 1 -4.687708259176287 0.9230616208975793 -9.624662024631238 -1.2100506653692 1.587896655043572 -0.9134550919730584 -9.464134573756409 -1.50185879644894 -3.539233601227386 0.6992081910775352 -6.699681631977343 161 556.9096541404724 2325 1 1.854493829292644e-05
 -9.651398325915906 9.901935867322296 -0.1959818375786958 127.643205612364 0.8158001666055988 0.07004802736670253 -1128368598193.119 1912.464155765933 9165.401416497309 1.00918919675874 29.09213732747053 3040.711402856435 1465 127688 1 -4.06415592099739 -0.04698835642350298 -6.358547385949942 -1.241591872006385 4.285498508807386 -1.049688026470858 8.48377020829161 -1.854653879345044 1.488341613764509 0.921370837846637 -1.650052384088005 164 384.9350230693817 2325 1 -1.25588873810201e-05
 -10.38233601971596 9.854964215190138 -0.2540001349886011 0.04515590453994039 6.588617742757998e+20 0.3648311423667949 -326.6178505964868 84.1964129390647 18.72758580878333 880.9101769758556 974.1280470706637 2950.563423811414 3045 127773 1 4.682509222767735 -0.1460389824611648 -4.686034392711243 0.6837766079519434 -4.428729239800415 -1.820047667559455 5.761456014623108 -1.733257675564565 4.137730637232369 0.2937246488908673 -1.161902179923388 167 385.1858808994293 2325 1 2.356468523488902e-05
 -4.200764651077893 0.6346241195291117 -1.841452741086023 23.10026184089961 0.1362032396462201 2.566808152549232 -0.3161302355398362 81.19316121293561 16.7265802688071 0.09599343830206235 6602321059.499703 2866.945782933106 495 191519 1 -4.652567111254141 -0.7943445612182725 2.718966894082718 -0.2861233569971074 -1.553408491152678 -1.467692006029538 -1.433385929009487 -0.7653885406157226 -8.37832607807322 -0.509439848561815 -1.877858793707577 170 568.0082819461823 2325 1 -9.738263436846018e-06
 -10.98798179916771 11.03365997570246 -0.2687818964416762 1.781287764434 0.1335542221272696 0.153811601886074 -2132511.184914188 3358.711597336596 25860.53338703292 0.04376902909926574 -9.998736609071012e+20 2909.907636947067 2623 191656 2 4.662993580437534 0.9149137279003243 -0.05627236913680767 0.6655849324560101 7.998995779119001 -1.045450360465121 -4.780277528134702 -0.8735621140725751 -0.639921780368256 0.9115204538663336 3.414287689285159 173 610.7165870666504 2325 1 1.219546254019467e-05
 -3.920467313992577 0.3139906483526124 -58.92207780507423 4837.715089588517 514.8192063385192 0.1798151220634145 -64240.40154260922 15628.8649384195 478504.3696440531 0.7497312892876802 46.06909651089488 2858.124569178925 229 119924 1 4.498084259489065 -1.296228007340727 2.595775546638682 0.2428442308700589 -7.33123858726769 -0.1818092691534128 6.425527259240548 -1.607312981169328 5.823155030757997 -0.359928756809734 3.65371126205998 176 393.989226102829 2325 1 -1.869351957092357e-05
 -12.09057730748772 10.833369336436 -0.2766321478086886 2.062366057229108 0.1584816353108703 0.1485558700038377 -3008873.925128205 5441.47712775789 59388.18305039726 0.05778830039918707 1.991242863174986e+16 2790.348558389866 3246 127768 1 4.431145564137061 0.4697928467873167 1.485997032290654 -1.339369404555457 9.335810084590374 0.6554699024838886 -5.589537796890979 -1.926488761916771 -5.78308457050534 -0.8476381610713659 1.832585679190808 179 385.4357779026031 2325 1 6.506691253724563e-06
 -3.623789742366039 1.432564461289597 -0.219818563094146 5.456056226634869 0.1973330519623635 1793.049337264918 -835.2186405401175 19755.96291415872 1035317.366669378 6981.045845017989 66640.06394953297 2957.20056539369 210 118312 1 -4.616464448026402 -0.137301869868983 1.870068979242769 -0.8561232000102557 7.262546623279881 0.7497229798477969 8.780937898499747 -1.378811568895335 -6.509936740498026 0.4111162406742377 -6.746584832684158 182 377.0972111225128 2325 1 3.059257713583146e-05
 -3.547394607967911 0.3538893784384681 -58.5056387666041 1.582880985148106 0.4252657776648654 0.09271010501587787 -3002471114.77874 3736.052656631614 25677.06973325165 0.06344329469721786 175538743344735 2816.589455364288 1599 127753 1 4.390420984164033 -0.03800026284799873 5.500642573344023 0.7801425186745643 -6.142525549696152 -1.747008889020748 0 0.3086889960550096 -4.739729989563441 -1.223425997662903 -5.456200607672741 185 381.6373629570007 2325 1 -6.106819255375955e-06
 -3.79268160893832 0.9833578747353471 -0.5059602257762209 53.5958657000691 0.1994189589289483 0.2944791596638706 -2040.87845197201 202.6130785141239 113.1976275596036 0.1196668435847787 -858666914.6372082 2922.418205118369 942 191624 1 -4.368591161493141 -1.12608706909258 -9.276608824632895 -1.096041195812385 -9.421709317875832 0.808772308705171 -8.738570006550837 -0.8155049396095819 -3.810680957684853 -0.8933517022995945 -9.105680549653847 188 552.7660140991211 2325 1 1.419030476956841e-05
 -3.188090679068195 0.03929225330426954 9.995222222541597e+20 0.1610768525253244 201841.1836352854 0.1013383338533752 -3448761005.682144 204.8869707144583 93.85209555216147 0.907023326274963 34.51519799740953 2997.071251305576 1264 191655 2 3.931634485490799 0.6496392449300616 -7.381567093459891 0.5971402733532263 0.9137140133335921 -1.713989866358895 8.377035779071495 -0.5484710739178597 4.492299573420313 -1.67661440331289 -9.983824335134628 191 565.331090927124 2325 1 1.100562637333947e-05
 -4.268702565309924 0.7303483613091215 -1.650581336327144 0.86770267149922 2.527483681932437 0.114534621831885 -20123841.23634935 209.7709199265791 110.8639857999306 9514.122571328313 190971.0557512644 2867.113685330377 564 127739 1 3.717580614345378 -1.791990854649441 -3.547974448680746 -1.123373034927257 -4.150365776637951 -1.905496166704199 -6.098279669284999 0.3179452830031773 -8.071277649280876 -1.160165791572978 -0 194 371.0622479915619 2325 1 -1.221077143982327e-05
 -4.073748966132884 1.180587116376967 -0.250651693612516 0.06645240126828415 15411837074836.46 0.06741678978734743 -33355159676103.15 434.0851101257786 506.6842546945461 1.260851699346085 16.0205842145916 2926.233161709121 1404 191654 1 4.583724711947822 0.1015816644141738 -9.766084894553291 -1.826949224334322 -4.078831332305711 -0.2269721102160691 3.294175991893545 -0.3097864183150811 7.784362579784494 0.5134330075016629 9.05788709801651 197 560.5502760410309 2325 1 6.074873507430741e-06
 -5.474982557941986 11.93358530015451 -0.0905267490415233 673.4238588916205 28.35637511239711 0.09148678232729594 -7938475713.217519 87727.38159541292 19973561.99843819 2.075221653280123 4.549724447194331 2878.070045813294 323 111486 1 -4.336847646002776 -0.8464542583897954 -1.695253656924052 -0.1176183638458017 -3.180810186670423 0.08434317870746837 -0.6353528343768184 -1.510847930780715 1.946610529550104 -1.240865344320385 6.613334306139782 200 322.4082350730896 2325 1 4.594417736247097e-06
 -3.46960275009877 0.3269078019875167 -99.01819778774848 855.1959783900006 81.73154479747667 0.6051239624805231 -14.49438502377476 87870.79076199474 18338157.45321011 0.2167703907328565 251777.5213590483 2942.386521318561 450 127734 1 -3.718716944749397 -1.547265171513538 -8.834750415002359 -0.3414687826497787 0 0.742101695366252 -6.728087113661722 -1.336657602839965 -8.71763237586701 0.1606549568613169 -3.952760980472573 203 371.3011960983276 2325 1 1.425470156076876e-05
 -9.274206649511799 9.636722592342835 -0.1805782617069378 700.5227919937915 27.68010484924278 0.158696024592778 -258933.2801739092 6028.808176377385 85820.85984419387 0.04717171197538507 2.660139687426075e+17 2922.476678166377 3354 127753 1 -4.350856868228624 -1.21806065315616 -5.386285937839578 -1.961537935913894 5.682963162320839 -1.932253039374643 8.756995396595315 -0.160243442054151 -2.662504833625457 0.5046741498463141 -8.719410689064205 206 366.6824579238892 2325 1 -1.748470669666448e-05
 -7.700116038880365 8.754718001278789 -0.1258056893309144 1.132226750472203 0.2859100778185713 0.05898644520886494 -1.817622524421862e+16 53690.86561515602 6793702.251627103 2.06955543509449 4.09774354754413 2813.576375087056 1019 127768 1 -4.697801644305635 -1.503895584925375 -7.894715093570307 0.9497949537829165 -1.880998113755701 -0.4078311335968277 0.5533141875077683 0.1203801761159261 -3.884499399233779 0.81864899216996 -9.333271464328959 209 376.9781818389893 2325 1 2.144858147330296e-05
 -11.20974611200917 12.62651791146873 -0.2932739365752451 17610.44356355631 42215.40532049435 0.1112361904156031 -1070105951.880456 4096.173249684118 48828.03215559961 1.891535657583086 7.222754668032756 3035.296028632595 2690 191653 1 4.652334730579979 -1.825158153732697 2.958922330360028 -0.2161423664595468 9.372769611408273 0.6242488322554713 2.706508983104143 -1.986338994585251 -0.8936055115751609 0.7668912272704094 -1.092516888050428 212 557.4730668067932 2325 1 2.888616453335357e-05
 -4.961559525238653 13.32742171409529 -0.07085903498515225 603.522714560511 49.73372659106453 0.2394338035435281 -6766.903905652023 5946.078792169048 78801.49311647452 73835.50033150484 5965873.523885485 2922.188359403815 1898 127709 1 -3.937062136166621 0.7760515785340818 8.392235348577488 -0.6556244022897992 -4.726948539346056 -0.001588199175006236 -0 0.2129546836521787 -1.220718433506276 -0.02105167345352846 -1.469095307467912 215 374.7313470840454 2325 1 4.378207628262151e-06
 -3.092632026741986 0.2650869875540753 -441.7902847910711 4.986675938798513 0.1785536900266645 27538.84646926843 -128501.3058553367 342.6714197747654 286.0162597682805 2.442879679310961 2.349415938652802 2949.331650957355 938 127769 1 -4.195609407221375 -1.205495434495241 5.09745842427073 -0.4331396762865493 7.977850717090975 0.3112098658006546 7.255242923823623 -0.790828793169652 -1.598773212352188 0.1563167070969507 0 218 376.1188111305237 2325 1 3.868648254298006e-06
 -3.881309542474769 0.5779920638959366 -3.391577647040855 563.6559892066812 40.38619621299319 0.1893240231393953 -28989.37198575179 36052.61923131114 3290994.376489045 485.7836329383634 619.3354004228305 2828.855304938494 508 191509 1 -4.550932386960991 0.8508971065134818 0.7935536787273465 -0.3854709778697565 0.4128167072786204 0.3802011841426571 5.143076532071401 -0.009380687699077449 5.382836188334696 -1.222449877720329 -4.547408490094314 221 549.4312169551849 2325 1 -1.74046271992053e-05
 -3.009733833474356 0.2060084353774519 -4092.434286644394 0.1768989955446476 -39391.38584233968 0.3791048587040641 -268.9283517674527 163.2033578954917 78.30205181761964 0.06569331182147164 532849435127201.1 2818.928710722916 3146 127758 1 -4.678329689102604 -0.2586603380848106 -4.473369873786917 -1.023091151225288 -2.106640315108859 -0.8956232189802202 -5.847834976365537 -1.865571639043386 5.964400258977246 -1.952285579112684 0.5375937333436367 224 370.2721920013428 2325 1 8.691831575524209e-06
 -3.93836236335577 0.3696542931269226 -28.21006884979117 0.08536496239353257 -2492290980.387483 0.09737503688662927 -514888090.6227379 209.6897048065716 88.51028751364306 486.2271488117469 -330.7813823661569 2867.849699139404 1589 191664 1 -4.115070266832614 0.09230176197290121 -9.958859111840249 0.738281338495566 -4.695641025931288 0.5824077445041964 -4.59416493679334 -0.5058016824603282 -4.328696932867965 -1.106188803112792 -5.710980044685731 227 545.8096969127655 2325 1 -1.283961270361544e-05
 -3.31720435513237 0.4819916524687496 -7.54315703440477 273.1891150839514 13.31140511158527 0.3110676240630841 -1419.26311603636 132.2192962751444 42.29640186148907 0.07507565720866609 18906146474197.57 2907.265197028008 1029 191620 1 -2.58077125690675 -0.9064400670206707 -5.760344397370329 -0.2174373205921736 1.332766899890798 -0.07882021330975422 2.369200120431393 0.5859727397860617 -7.008622988045996 -1.979748842262538 -0.9503976193560106 230 548.9187209606171 2325 1 1.255215480339048e-05
 -3.242578939157362 0.1942435503409876 -15632.68937319162 4.591074330209172 0.07682634870009521 0.09454890042189965 -141807038849.2424 3244.598092919332 24002.35424570009 2373.812894192958 14553.07385482227 2792.481738371764 723 191624 1 -4.210822679093535 -1.551308843235848 -8.650070020919156 0.280370734782998 -5.208657910116666 -0.4455848887151844 0 -1.201416689532326 -0.3616761182295165 -1.557057709627502 7.046747780328815 233 550.4842879772186 2325 1 3.306795027229416e-05
 -2.853592076786313 0.3904425389945696 -13.82932985077486 2.987516413553315 0.1569208684652706 0.05752875568577614 -634039410283746.8 229.947212931143 150.4766882188996 3.953864561355766 1.625264710828124 2915.579187954821 2336 127765 1 4.407678266819777 -0.008438736449805974 7.437780692993247 -1.223912100749256 2.042541024892375 -0.1075691937898213 3.885106319840122 -0.2272634199456007 5.784888691426534 0.6373409431389168 -6.128021491429286 236 378.0286860466003 2325 1 -7.396415124345791e-06
 -4.090446028720113 0.9905817124636506 -0.2983031208027192 142.9220626285353 2.824846788928374 0.1043716637221064 -366413685.8796068 28.23514476501878 3.347056247090854 4579.586070577509 -15457.96260781337 2958.037813249458 1120 191648 1 4.653935658411146 -1.811331995864533 0 -0.9482255459871025 3.945843295550698 -1.816438568290006 0 -1.99275920783874 -1.233778497352607 -0.6567886824446152 -8.472127210675396 239 561.7056748867035 2325 1 -4.21607135202494e-06
 -3.615739001911277 0.5443008620828906 -4.166307860101385 3785.368577948926 1261.138236153552 0.4262871268313047 -122.4704175663912 1933.302184044745 10087.9835112701 9411.159668692753 67215.45751555929 2838.813573992856 570 191660 1 -3.374622810348272 0.7921978243859815 9.757655421045634 -1.481463257146696 -1.624504351503848 0.06596984318888487 3.58017015531161 -1.024316874005219 -8.808846368367423 -1.721231391318268 -9.557532814771728 242 563.1123571395874 2325 1 -4.6031499442589e-06
 -3.918355307510155 1.154177411051757 -0.4335338176385479 0.2226514004819927 -21970.34145132647 0.2217537288002799 -26746.78539296231 80.48074540994263 19.88731341168549 1.723574956186926 4.11914584335377 3210.534611682429 4523 127770 1 -3.647190172638611 -1.93733541227086 9.954976864343749 -0.1026656471177647 -5.296679383427762 0.002586018959166621 8.167860831389266 -0.8770374453622383 2.943758309564781 0.7485490463961399 8.590082492067697 245 375.4551718235016 2325 1 2.173155164955313e-05
 -3.395408838210672 0.2646046697008129 -759.2125945450152 1.827203675947676 -0.02202707678161522 0.1012249327094548 -3032786792.768042 126.134972177486 37.78159761378249 0.04722380100397251 2.873923448259591e+20 2899.97084278464 932 127754 1 3.289995753969652 -1.013395126151828 -7.936188898720644 0.239440034785888 -2.152528027384702 -1.494680621951183 3.501543907744582 -0.2662589156283569 7.043183537102763 0.5219599941555924 3.623801022432509 248 374.1713399887085 2325 1 1.639786908120047e-05
 -3.187034919760418 0.1907923453518958 -1319.186998580307 51.09533219800102 0.9461214852385794 11647.74096937518 -38224.40927727849 37724.520067426 3370508.291697897 2.384715035282279 1.634242644484474 3060.968031130735 548 127711 1 -4.539938712595483 -1.075757564949827 -6.404456177135492 -1.688987351472131 1.288690045421732 0.05638467453235883 2.163066336475405 -1.12560571309633 1.397881865571517 0.7637213729698016 -7.973842335459961 251 367.8892478942871 2325 1 -1.396808930493305e-05
 -3.997993444428706 0.3327714669046887 -76.43720314075433 7637.828713043613 6761.842680685523 0.6649809303793931 -10.71355693047662 412.6973760518038 439.5321526614301 7081.560599308968 140109.1832086219 3079.8630060022 190 191419 1 -4.474594672853406 -0.4939263819962605 4.446396493838161 -1.275160321637553 9.418866569627275 -1.526927845585129 -4.781444558841139 -0.6700670871313648 -1.241266161623774 -1.430585983178632 -3.823274630378618 254 546.5776407718658 2325 1 7.375645459331037e-06
 -3.214736934979179 0.03920492644754948 9.992635093256177e+20 0.2215236688521653 3013.641585053024 0.04796424860288326 -7.232858871254926e+18 83.7512926462998 22.96223878058444 405.8768037705237 472.0873948294204 2988.437192114988 1977 191663 2 -4.354648576823875 -1.803164965540812 2.596259712226403 0.04070218728375068 -2.911342925821327 -1.543018787770198 -0.9981592368415853 -1.955461867950362 0 -1.618441982442616 5.423824234042164 257 568.2456381320953 2325 1 1.111542617717237e-05
 -4.21049610857687 2.890068546797084 -0.08111385403010157 0.07587930204672552 -14898587162.84542 0.1795043827398535 -104262.2247059593 19392.92933271929 802002.3011314748 1.406051015872738 12.90187319341768 3053.864718288075 535 191371 1 -4.139811770024728 0.8341810410044372 -9.529281343214937 0.6340972744498505 -3.88826897208528 0.2599396061652567 5.865873761431303 -0.9638328409311372 -6.353686601635838 -0.8980615043253017 4.007843856836275 260 556.7693071365356 2325 1 -5.322488336099344e-06
 -3.849337035840568 0.9324716581394858 -0.7623867907136408 0.1388079345725861 -450207.5952216162 0.04927755340880728 -3.316529868355019e+16 801.187641939428 1595.149235763991 409.5190966639746 581.8199902568018 2895.307953839683 758 191606 1 3.807605998215949 -0.3156294164821052 6.760720563627766 0.3506086557599115 0.9985372014914082 -1.499107270423302 -9.079104151781912 0.5907493333762681 7.460437661081201 -1.541567891815067 -4.095873586165663 263 560.1837940216064 2325 1 -1.10044091938653e-05
 -2.664396764618667 0.3435588369285977 -23.10693942212636 15.53562285648137 0.07699978011013256 0.1725189139531074 -303908.4116892418 114.2122323792447 47.52131517170533 1.453206563213881 13.68584241025965 3088.015122181644 381 127078 1 4.164230510141062 -0.3580782283145432 1.875339532406732 0.6662854321498513 4.907344869793026 -1.473296116964075 -2.423153080510685 0.08166129751954626 0 -0.2626454903076398 0.4182821240582948 266 371.4329040050507 2325 1 -2.485133927023691e-06
 -11.8340868688913 8.74510184584484 -0.2591728767176495 11928.14090958654 18240.19268081984 0.3753839817216461 -394.0128313509881 51515.6681483194 6339155.454150366 133.3007563243809 21.42837288755121 2798.751529422912 1765 191660 1 4.351777457326739 -0.4612343422479315 2.408173523156213 -1.353359226881162 3.011428073280165 -0.4156740953237285 4.598767794345059 0.9714494044656812 0 0.7940950186427584 3.221989770673281 269 567.5300178527832 2325 1 2.11692692336252e-05
 -8.179861436437596 10.72415366922001 -0.1484552019660214 269.6975987741457 2.454638262226668 0.3435551022047427 -261.6088370114243 11.24873227757564 1.521979475247961 1067.574494649768 1846.424345478941 2968.336983748295 2177 191634 1 -4.55147138747367 -1.61894022512739 2.533598943345583 -1.360597163018626 -2.38168760243682 -0.9397998016934554 1.960708502698211 -1.65301907067998 -2.998157701397162 0.8642638193864802 9.669594580531108 272 583.9567151069641 2325 1 -2.437604443438787e-06
 -3.884488781664912 0.5956675642934594 -5.693279274593305 18554.36112846821 24238.51491351065 0.04956216234126219 -4.14456374612731e+18 7767.282523794394 148011.1889895552 21545.59305463083 698809.8049659739 3056.062495041643 1480 191658 1 4.583966884649302 0.8630501758537443 1.718049498632523 -0.1281011066014717 1.965932590865623 -1.804096060899846 6.267311560995534 0.2226084750345559 -2.176213002459289 -0.5041622827230805 5.201453217095238 275 586.7878901958466 2325 1 1.415291567702262e-05
 -3.621228053545638 0.08407687433093554 -5822221170.915963 0.0550693523092206 -6463560744271755 0.2581212196560808 -5939.282739410802 130.0192263994231 39.12669057817014 2.613295818830216 1.423026028202539 2881.159036606417 1299 191638 1 -4.56137864680103 -1.580712884943229 1.876116471491152 0.7041449092062626 4.095788552668366 -1.802090447556566 -6.48257092546947 -0.8451774982741771 -4.354874575368235 -0.9058363407217938 1.163288378217175 278 581.4560108184814 2325 1 5.341514461662508e-06
 -4.494182969554776 1.199423864838047 -0.5929119953169847 10990.4423606463 47446.34841022571 4.406471127323943 -0.4184086632734862 44254.28073222542 3478381.344295721 1.464085637525579 8.501646461888079 2917.094981690155 168 188205 1 4.642557381161733 -1.135412282688619 3.646186433070693 -1.746450639829369 2.611899627249716 0.3424488937182754 -8.874068134473077 -1.475794911857216 4.89841374569118 -1.207351586580143 -8.240790969621946 281 580.47380900383 2325 1 1.514059077093738e-05
 -10.05293828020095 7.78021171417651 -0.1992102141842421 4827.118661041351 1787.201160599248 0.2043843494904533 -63713.40234146655 267.9683008829335 161.85754811116 52996.16171927483 3205233.976196217 2655.722173756389 1596 191652 1 -4.299149932669561 -1.654330948433732 8.217658745372562 -0.3637646103594712 8.38711213953998 -0.6633968906412644 -4.118152097278629 -0.9449028624024028 8.314784819952312 0.3665153638364091 -0 284 582.5514419078827 2325 1 7.216514238095415e-06
 -3.184281176037287 0.4684230783010661 -17.97686844022869 2.240001578054382 0.2440639849274147 0.1082605775227133 -1556780436.648149 34497.41382181758 2740466.209778412 493.5674728770804 451.2161690062606 2728.810330958583 337 191633 1 4.409565020978874 0.04896857065628651 2.513892569249657 -0.963532551153958 -7.557637717591074 -0.2344987266307772 -0 -0.1423239225767414 3.440789931169938 0.03102825505240946 7.442332369626056 287 583.5291140079498 2325 1 2.195131649822846e-05
 -5.473823386534896 3.870948990782917 -0.09936705388009114 1324.08785678934 115.9886806441909 0.05423436589402823 -3884312714113898 85.07160043832744 20.73779388186683 3.701964427812031 1.677288652462073 2845.463946559978 3779 127757 1 -4.238480798038032 -1.468469784273591 -0.3441051389989207 0.8486031135333154 4.778705818979391 -0.3538026979099946 -9.136036958699901 0.7984654508940823 -9.862228650066736 0.4723926967429292 -6.249818686285133 290 395.1270821094513 2325 1 -7.273933203895269e-06
 -8.244821202668875 10.10310174465862 -0.1661375964106823 12977.34551406203 8829.689699285747 0.2135697490849144 -13726.23500182349 55410.33361950788 7776242.326822647 1.656993940006642 8.721179792691606 2782.478789180835 1405 127637 1 3.963308922160977 -1.276756367065765 -0 -1.100523184276833 -6.783775349114495 -1.506335444595933 -6.995865379823062 0.8110016265107332 -8.550489827908738 -0.3986530798292316 7.644381904346748 293 394.638463973999 2325 1 6.216733127529649e-06
 -3.427790250828699 0.5579390133223733 -2.897235681916081 0.08058096251768954 10338101119.19346 0.2139286688316539 -12150.2127576099 2781.607675003962 16109.78630886199 0.1169716534574638 93972788.20700908 2799.52954037873 2115 127728 1 -4.472159335423538 0.7018802383737679 6.355941712592664 -1.793446630479639 -5.851774856231411 -1.990274139664164 -4.771711524128269 -1.500133403825243 4.49768398344774 0.4643824980055928 -5.564020341843706 296 402.0711081027985 2325 1 -1.58774433988384e-05
 -3.455075020396264 0.228261660639935 -2729.433436397272 3499.942976453377 -606.4984376828284 0.2030174286425569 -60122.39598236708 370.1240407655508 277.4424777185935 279.9390756148754 -58.94271884042302 2810.339725112251 2895 127772 1 4.227926166032465 -1.222011236813296 4.809692397462454 0.9358773960113034 2.662200350027092 -1.102996278472538 -1.011229120325933 -1.042465199494723 1.304047657774792 0.2199127428980527 -0 299 392.5850400924683 2325 1 1.101320726980813e-05
 -3.023388544644647 0.3122754694826096 -45.26762804764866 1193.528553163179 146.4373706475916 0.05342107033677387 -1.115301306622278e+17 230.5392451396058 145.1670749400906 0.09801655404774989 35349814378.53897 2957.699220679189 270 126732 1 3.68539722565902 -0.1301083258676848 -1.640773391250095 0.2854487259489113 -8.35481059585276 0.7617896591638553 1.528137251220759 -0.4752890640931753 -0 0.6450043686691912 7.250656124725554 302 377.8751349449158 2325 1 6.37846087946665e-06
 -7.479135185075772 5.907478986111601 -0.1284228952451368 36846.64104437909 225505.9273582891 1.882798653122322 -0.3477559139019852 14338.77360563076 461124.9623174116 0.4793839595704737 501.2605519388209 2957.639604980999 1368 127666 1 -3.111407196841008 0.3928925907285414 -9.622112315755899 -0.1398829004884901 3.40244096335417 -1.762493045585373 6.75481743708644 -1.468019635306096 3.032693403653791 0.9425158926951056 1.662030167933874 305 379.8164691925049 2325 1 -2.01988757616606e-06
 -13.66429787763708 12.28761101227689 -0.3700933226275639 159.9237662331385 2.896744483033733 0.5555666846888681 -34.34129258807197 2421.709903802507 12947.67986910835 0.3424901327106267 -366.5317786747869 2770.897934250081 2172 127767 1 4.416663124286383 -0.01754866098198794 -8.873009347379993 -0.6684413474108304 0.725375600997848 -0.3985980028929302 0.2323106407524489 -0.2991127272265448 -0 -0.8525665598730203 -2.250702791005268 308 385.4924080371857 2325 1 9.367273758146113e-06
 -9.415473375759557 9.394101668025371 -0.1885799218877982 790.1281532516131 40.16192647526781 0.3504934923679918 -395.7704105037631 488.8240634980114 509.2343021293223 0.05889179635158997 7040880326975399 3172.988906937815 2808 191655 1 -4.265717680425092 -1.740677027392291 -3.702687198645104 -1.929515793439655 -5.595036563240551 0.7305248437840346 6.878544165397857 -1.223548893988711 2.145339451164096 -1.30713974759183 -9.233067776757343 311 573.1663811206818 2325 1 4.512100372667373e-06
 -3.334196385040852 0.03780598226974775 -9.99446976723324e+20 0.2395766829636337 2546.86620691722 0.1135625786424239 -234837674.724221 1631.546818135721 7096.570153814675 12010.79359906131 355004.7198662227 2688.190130867715 673 127555 2 4.480397580517726 0.5234816694364937 -6.194976908763872 -0.3122348880947179 9.972317063566928 -1.385578679880349 -9.878445225776021 -0.8142159765299405 2.723891002150245 0.2467430181664216 -9.071577260376346 314 384.6441979408264 2325 1 5.134776625418001e-06
 -3.464926435963678 0.6402625789528221 -0.3501623308242923 1175.171024815022 199.4181545287559 0.2823736852372501 -1357.936346869694 352.008437722501 301.4052122248435 2.527421375308102 3.723478184867404 2945.455057231537 371 127603 1 -4.666173008552978 0.778721745745691 6.420767284477664 -0.1263853646660121 9.675928437149068 -1.367574340211959 -3.91523050869928 -1.929149996954164 0 0.2677680009552157 5.569139825456792 317 378.727205991745 2325 1 -1.810411413026211e-05
 -3.266382662741317 0.03442552937492789 9.998563742851156e+20 26774.80292235176 83689.17927811804 0.4579778803151325 -62.21065411737424 64.3198069168667 11.62561720533833 1.400798900235164 3.930457531336969 3124.806662072087 1039 127685 2 4.284172938182959 -1.50274763000886 -8.359171878982501 -0.8438044108540765 -6.682689202631989 -0.7548084566310953 -2.116704974056663 -0.7885572137071293 -5.795769923347376 -1.277162213686699 9.647273633388766 320 373.7041039466858 2325 1 -7.680465323465428e-06
 -3.322931766819921 0.2041389641973995 -6440.410182665871 1801.004825241531 345.2815579762256 0.186688959296871 -132287.7104169842 359.5205038480378 390.9964697825961 1998.642886906467 12925.26962502507 2922.091275437434 417 127174 1 -4.692647324033985 -1.431899104228654 -5.605188865042474 -0.9062392434805595 9.561483390122136 0.2378437213602313 -6.639810355867972 -0.1562263008847032 -2.049270811191965 -0.9343633155089082 9.75520827276028 323 369.9515650272369 2325 1 4.702586248031176e-06
 -7.545406953832611 5.236790454922222 -0.1416104541256507 1.545428687554059 0.460182522999116 0.1153636677743365 -70169875.7140654 22188.01644313108 1252472.776286936 0.9890451769576754 49.51562233586699 2994.659405108857 1451 127711 1 4.485012588032339 -0.5285129814400698 -7.582034156649993 0.2677152876092758 2.267241983636643 -0.507997303482016 2.512167965970552 -1.557563042190123 -3.228555821673055 -0.4572826253023355 7.039258621563075 326 371.5311601161957 2325 1 -5.602623058727452e-06
 -3.419898801009587 0.4302563452459651 -12.81548879820445 102.9129803490402 1.374749437786167 0.06904901407584504 -5944193191199.989 169.6823815659644 72.26956202158678 457.5368361891176 383.6508126603431 2991.115028696664 4348 191643 1 -4.283121801659157 0.1101624236172864 4.157838403848379 -1.393794025397108 -4.497669929828021 0.6101730147161231 2.082837849731349 -0.9912281729392447 -3.259278937123299 0.3987113539596616 -6.386217744189049 329 567.3319199085236 2325 1 -1.488184357666348e-06
 -0.007039489134246278 17965.58962120759 46660.24793103442 0.1318776184474805 -3096563.075392373 0.06526712766098076 -15741148999217.24 9331.57173268485 224603.9642614367 0.06048675178046257 513420723412227.7 3073.040481742586 10887 223608 1 4.62710629977828 -1.67600503286867 -2.09128276547351 -0.07722624848549933 2.034207101443734 -0.3056796489681508 4.47807753691154 0.6790608743983975 -8.472388289247489 -1.764572656765491 3.89098050384094 332 657.9559741020203 2325 1 -5.86460357395858e-06
 -6.413771695447473 6.703994181564775 -0.0860265943533671 0.08279586198983389 -29514507718.31765 0.05382688911306833 -1.06047101660319e+17 10507.14116635341 232978.4933625995 0.5161367416107899 382.3356314904331 2854.30210991107 856 127621 1 4.430956543210155 -1.875821962474195 -3.303958734500884 0.1317653857937114 8.145186593954048 -0.1922440558172287 4.10379991008042 -1.810745251373099 7.696807751467425 -0.6228125380891569 8.653950311458628 335 379.5306489467621 2325 1 9.182948043100783e-06
 -4.139810986620635 0.5776448098201993 -5.525795882424611 1.213449392715573 1.165462710996227 0.05678965641731363 -1.703784477407862e+16 11005.26067112685 274121.4584991644 41086.8710157394 4579275.732238858 3061.531908826376 1271 127592 1 -4.655342539841034 -1.578717079232633 -3.806311663707459 0.03574089982447192 6.153608548620482 -1.618860332623277 -6.904676851324358 -1.96553425871598 0 0.4871013625445446 -3.48454978004601 338 375.2538709640503 2325 1 8.340835022739344e-06
 -7.247085988306625 7.296799427900263 -0.1228025561487184 1330.689132858318 147.3637711580425 0.4726044125882123 -90.74112174395972 5.018979591262814 1.890269650562909 4.557457670481318 1.262376388005996 2905.546579230881 3283 127775 1 4.682392715697404 0.9600496168501111 -0 0.4362447494651494 5.430773401905085 0.5438566317152507 -4.004139593837717 0.3714986724887366 0.8018273566595298 -1.130404691020807 -7.602505561230567 341 375.5923960208893 2325 1 6.170246118576605e-06
 -3.234059987240469 0.1079529556086599 -56046558.58329073 172.5537565549865 -1.840984079214149 0.05238294823574157 -9.992984803142833e+17 98.99636233801222 29.46706503172719 2.120063451905652 3.946007148302509 2864.673872391956 2408 127772 1 -3.369052517802533 0.2167067248544772 -1.914638134043118 -1.6386935758922 -5.465647751048802 -1.300134103359117 5.571261147585154 0.5634254894376469 -2.546671635533734 0.5364692494878467 -9.308972375452553 344 378.0656399726868 2325 1 1.748277072791449e-05
 -9.654103404967726 12.61624855435488 -0.2155729354623535 0.442000092042374 -12.60860482514306 0.3278612999143067 -375.8114654527361 9740.287674344432 211450.068131839 7.537381625122883 0.5449414542030803 2858.080656201625 5219 143741 1 4.619282842655219 -0.08188688587438089 5.088066080959685 -1.599926665196703 4.713747173714406 -1.886666859089903 -5.771546956493342 -0.6949873687806409 -8.373211242650219 0.7967212195904656 -6.669914792680332 347 417.2713799476624 2325 1 -2.959764980027999e-06
 -3.206735110833746 0.4397375182231203 -10.1863127897725 1450.577064144936 367.7557612868067 0.05088494787427709 -1.130207429700977e+19 15519.71975072052 509068.8826041689 1.489909696256499 9.980298826215478 3088.595385865331 586 191335 1 -4.185773362767252 0.4964427522569744 -9.990054558493046 -1.20337088170754 -2.069754930590755 -1.094775603601808 0 -0.1581717483822063 1.427939945243462 -0.07371505920736612 4.007510350763706 350 550.3739671707153 2325 1 2.120981809795167e-05
 -0.2252564865584905 2517.406887633776 844.3177111584739 1070.252965101112 195.7948292447369 0.1696714831634158 -340808.5985429517 8579.551302945842 192185.7197659741 4633.747374318266 65718.09107572395 2749.91364330314 1934 191594 1 -3.991678924197561 -0.9167695891707979 5.720049499871381 -1.255731945164267 -0 -0.939186760582155 -7.498138838505469 0.5405929407232843 5.964081989759287 -1.994633983738892 4.102632337228123 353 559.8775758743286 2325 1 7.636198121984346e-06
 -2.540825119499313 0.2540962435018267 -1120.770903244063 0.09090306975633204 -7364506512.077232 0.1501660573823144 -3197868.141048696 38.4472631173258 6.265464381692369 0.05556186971664509 5.525700907382679e+17 2917.268295699033 1809 191664 1 -4.613719931151407 -1.529774970978218 -1.484653303271072 -1.65948185866781 1.667071769785394 0.5447570197884031 -9.077034674301355 -0.6309437381141105 -5.076022421424631 0.9401556461827187 6.832616674686808 356 556.2012300491333 2325 1 1.581810314574428e-05
 -2.480638664318528 0.04253564821110145 7.001182673609534e+19 1.938567846862814 0.1454212126260058 0.2474265674017077 -9857.64326579113 15216.06740815284 604550.0315947525 30445.24592928583 2232906.279336213 2893.172168210715 2945 127768 1 -4.509660785158111 0.05417006608151316 -3.081509102959956 -1.252235968288995 -5.642053677784213 -1.261881654554748 0.9108871287563218 -1.866099006809809 3.986740683447007 -0.3397979905892186 -6.184816415740781 359 376.4106531143188 2325 1 1.441123753775901e-05
 -3.699830628197498 1.759409203633359 -0.05988931858336289 3.661162472114754 0.09275644858767838 0.08473923010514986 -50935511846.61312 11721.93259442085 312862.5669111607 1290.212952641948 -774.7689440555069 2704.241685298371 1939 127597 1 4.584550894152775 -1.358507570625849 0 -1.843497741422793 -0 0.6004166571266816 5.899781122709166 -1.647764196242257 -0.3742460738309248 -1.551351478035534 -3.626868387757026 362 374.7002191543579 2325 1 2.94451904820902e-06
 -5.758356029628991 11.32416767760348 -0.09233902819451414 156.548272768963 2.644336213156809 0.3446876628975964 -326.5599227516761 1506.755210461401 5663.491143020976 10884.29003243283 314671.5689472403 2924.968926285103 2199 191637 1 -4.285285497025288 -1.547718470635433 0.699491220123754 0.08884775463585677 -7.920141313590156 -0.1953782195904461 0 -0.1479024077267885 9.345687542640661 0.8928033167505758 -4.54873131778168 365 561.2130999565125 2325 1 8.189384607461907e-06
 -1.204364180847714 221.9048087936664 5.693066188382876 0.1769531173803041 -32425.9083650953 0.6115090728666378 -42.88918791698105 457.5163445636781 495.4945558524416 0.0635297635457114 2.04307206399899e+16 3063.897440827816 3357 127742 1 -4.620080826005884 -0.2272185459046767 -2.244033685204209 -0.5873660236705298 -9.79071115631181 -0.9895593902040964 5.641485313231478 0.8308392754310504 -8.733837565309924 -1.143130802774335 -9.178928063482367 368 372.5435469150543 2325 1 2.163406759412997e-05
 -3.324006265533884 0.4492984579918117 -14.1068718400966 2.214242926800682 0.2256327194695598 0.2047448714143919 -101211.4433022499 13900.5587567528 446208.002248194 187.8878552868595 9.275989389946979 2868.567028078443 610 127724 1 4.698896506520277 -1.382188667595791 2.971034784572971 -1.805942955880463 -9.49655015175229 -0.09605725291960535 -1.441678310580697 -0.7772719606343461 5.663530517343598 0.5347650305322569 -9.551087977174765 371 372.6328179836273 2325 1 2.432002016092328e-05
 -5.100137702817722 8.649297354213196 -0.06962844761395458 64785.49685563653 617037.8391806365 0.04507446691049603 -1.005420209456603e+18 54.61899169569123 11.24342946001571 1.544943369092579 13.63877588318515 2974.979586613122 1644 191632 1 -4.004051961421978 -0.905260183299573 -4.273587830607013 -0.7456985669552791 7.086113376551204 0.7792779387699671 7.37509774394708 0.1562239313593898 -1.147823570399656 0.8228828297225208 -6.72535971894958 374 561.1917259693146 2325 1 -1.094849532850815e-05
 -2.607631395395401 0.04934089090445516 -1351237949061952 0.1465102973299871 -300034.9821538607 0.07515787459323965 -204957912114.0345 298.8568551717897 233.3666344376185 1.201035215108001 13.85101103220041 2947.83065556709 4034 191663 1 4.632977480046834 0.300993688813337 8.923343818954439 0.8494170153344998 0.01051807130435556 -0.4281960003028917 5.070800375139861 -1.121182271576966 3.555055142444585 -1.309065769522775 -0.9067343556934686 377 554.1819570064545 2325 1 -1.052222480192775e-05
 -3.774945496735233 0.8529907361107628 -0.2385041598138824 1596.866956747934 141.9349567093317 0.06964357007320848 -1399340268073.817 68.44684588427214 13.38460775372846 31893.98934755964 1133593.652841137 2894.763553099058 1575 126684 2 -4.484199065086015 -0.01010048649693034 -0 0.7608084086492717 -1.320620855636453 -1.47471458046565 -3.493581807255564 -0.2972836239554067 4.251770087810631 -0.9437076163788003 -7.094218007345498 380 378.1470971107483 2325 1 -1.061085502447699e-05
 -6.661499036951716 8.405021137161642 -0.09397979451925727 3.948901490699374 0.08362057721860856 0.4282326223302069 -70.17870243536692 82.21736481584497 20.78621137820986 5239.371468169919 66496.4942652969 2948.111371448637 1867 127697 1 3.968589490022726 -1.28647288082897 7.832859704649774 0.1331784445743445 -1.222427018896693 -1.770416271891503 -6.531091311547846 -1.321986341354901 0 -0.9311229394878584 9.300753019181949 383 381.9461979866028 2325 1 -2.257760147760553e-05
 -3.924057589867186 0.6987058978727464 -2.289505353746076 0.3761472534996315 -109.607746869791 0.3751372130121581 -301.855976230061 1158.204479025748 3314.90043417288 89038.27587788677 29503390.31737925 2970.08343089502 1142 191648 1 4.562845509454522 -0.4435286592725891 1.562626285524602 -0.638204458913 1.531478517921754 -1.605919798784202 -0 0.3400673327237036 0 -0.4304921173581243 0 386 560.7761130332947 2325 1 -6.039674560794669e-06
 -2.664425561935551 0.05250202606360299 6.418599205694237e+16 186.3354667273565 7.027431858786829 0.8600958326184525 -6.934276828700174 79774.56128965742 17790811.85585783 0.2586862889300712 74681.62370151632 3010.446384176236 3200 127761 1 -4.555953487709072 -0.4625049461066393 -8.654824303904775 0.5183862903214824 3.882722305891923 -1.039422140394638 -2.353068580045725 0.1968228132577398 5.542482043170939 0.7393481602033805 -3.477933916380953 389 379.0262889862061 2325 1 2.250045080699381e-05
 -3.628353343207015 0.2640345979743773 -461.0506681164482 462.4137482760713 22.37132519764966 0.06541750820185577 -148220302060894.1 2695.327644017239 16279.93875891956 1.469969086949789 10.33046168832522 2912.678552175059 462 175422 1 -3.953056361504042 -1.379176734788541 0.4566935236894256 0.2443414922017761 7.555442390031752 0.3402144627926539 -3.852425340117051 -1.2944717363672 3.600505708254175 0.9223266462532429 8.952306928488516 392 506.5515871047974 2325 1 7.363574988711756e-06
 -8.071318883518682 8.287973042622195 -0.1399106623953801 854.6875857434411 41.46321796591882 0.3959053118003009 -177.6167947823901 59.93454890587692 12.96439641615032 1.393365985039878 16.94344909138288 2701.868824240598 1416 127775 1 -3.870754083942101 -1.746582394760393 -2.332146001472193 -1.484647343213427 2.870418248425803 0.8298986218671507 1.877171957345392 -1.430052955235412 -4.094461843625305 -1.661780431713234 -7.963292635350077 395 374.3129360675812 2325 1 8.344021285415596e-06
 -3.461464650734511 0.07588446060422782 154642387094.9576 0.04462344182337079 2.188509139208957e+20 0.06476724035725193 -933037730215901.6 27886.10351163261 1739058.896013885 599.9273533996237 299.5303003697028 2811.214341876914 1812 191640 1 4.514495117887198 -1.393325325055381 -6.175007284616603 -1.918290337870657 3.563389794289795 -0.6157085890696408 -8.528162579470351 -0.7825594043179214 -6.08521940947379 -1.229317822738334 -1.98635829317872 398 550.8988029956818 2325 1 1.959175541330173e-05
 -7.648264999899736 11.10192179818556 -0.1383410816975876 6.324184144303032 0.04850431878324928 0.1795725370646899 -78043.8172843958 61.02474231292432 10.76114800826925 10.51458428670413 0.8955252872536791 2780.838954026004 1165 127746 1 3.915133020626957 -0.01878056575829138 1.985686818664422 -1.801664368206333 -0.8764203592401056 -0.3675042020443691 3.151344417836714 -1.159999995613669 -3.524864093449578 -0.324907381421311 4.506219795571456 401 374.4576110839844 2325 1 -1.267322614710254e-05
 -3.774274760708919 0.2597762000216581 -241.8195046517658 2501.720196013628 336.7678536650738 0.04106942440642052 -3.009545532548407e+19 8298.947250900652 123650.5309006219 757.4847316083727 839.9356150234232 3047.748983618191 1523 191659 1 -4.663364660512136 -1.20610066994562 -8.634953447145678 -1.166486288317666 1.494349828974837 -1.604932810129243 -7.118439220649602 -1.069929523114519 9.082466476751421 0.2335102238544939 4.874955845728218 404 560.3739831447601 2325 1 -1.445266154414029e-05
 -3.439455090728417 0.1691030803431631 -11749.96791586777 535.5318836035653 53.65369940689101 0.08299396719271213 -69130336895.13776 15374.26457127173 618494.4547790081 5033.238394693262 62280.52841671467 2816.246307255674 477 127759 1 4.209356610962709 -0.1985042636420849 2.257460376292047 -1.423785769174784 -9.617045843252898 -1.660088854252355 -7.72706996330443 0.493561795220562 7.169902143388827 -0.02864712336604396 4.600645925472565 407 373.7267150878906 2325 1 5.188831422267838e-07
 -10.21864760194446 8.315509137578344 -0.217921907246419 0.3953642096337036 29.96934903332236 0.1475895388943274 -3730963.36731732 768.1284705278766 1258.472123640262 0.9486826126318515 17.80584542172954 3151.803561005953 1916 127662 1 -4.578988626892706 -1.204508915577739 -0 -1.377074141658714 -1.754548901811505 -0.8534796380094134 1.964627487003437 0.04743495093029448 -7.877534595925583 -1.891959771080684 -1.934523244836896 410 378.2076199054718 2325 1 3.584718462470902e-06
 -3.058783087231818 0.4016120006157051 -9.426079864896304 5550.765490682051 4078.112151769356 0.2334727065885598 -5458.494876770978 2473.819304976095 12149.065630653 0.0357730548986214 9.99669633950787e+20 2935.393081446695 1394 191660 2 4.680147560939234 0.1181228101594836 6.547868732268713 0.661771035484966 4.366229350702695 -1.745294680455306 -5.744428823646596 -0.4509859224495374 2.842889776514061 -1.136054747329506 9.520371235338937 413 556.3192899227142 2325 1 -1.721515773212621e-05
 -4.104823496280936 0.3690723307975936 -48.02653250685957 0.291698955824273 314.8735598277223 0.9025907555423295 -3.828798119215437 46548.12415393665 5102785.674165645 1.948850988092526 4.388946654502677 2899.27878266476 3255 191630 1 -4.001083268138186 -1.034434327942546 -2.202754500746419 -1.031305584935424 -4.600353524413361 -0.7382254069406908 7.363661547671713 0.02729878206120695 3.187485780994737 -0.812869685357966 8.583526313279522 416 551.4833669662476 2325 1 5.747589371020101e-06
 -3.606000081978574 0.5423613176224554 -3.267751715950201 0.05499619476451559 3119212306781446 0.1938147572824469 -42323.0968022793 2067.627170134023 9765.279400132233 28710.61204964115 2441096.852141435 2989.71052187265 1355 127733 1 4.324664080665964 -1.838733778672277 -7.297865635366465 0.5355662578786061 0 -1.455937093564922 0 -1.331417136047302 0.09706860597387568 0.5617945229878867 3.085474852805881 419 380.9224829673767 2325 1 4.662608354152549e-06
 -3.656765795611681 0.9410173832885275 -0.2461075360853446 0.1091323739114319 200113825.3219262 0.05623629494888253 -1.259333700845126e+16 9.066635586017231 1.647635541137639 1.285971721162154 23.39367580497133 2916.23346509342 2192 127765 1 3.215336356052872 0.58603405699745 -2.385476230950969 0.5063367722424332 -9.913565186763838 0.6300537989065607 8.206347107195404 0.1628230016556294 -5.901226772030332 -0.7398636672535677 9.076101809118253 422 374.2296059131622 2325 1 5.058058835840644e-06
 -12.95259997575897 10.07123977847731 -0.3211867303416747 2221.563374403812 485.5708856289306 0.2196257873738516 -37975.59611107507 43651.09339097777 3931067.763323057 202.8100148516359 176.4953579066624 2883.928644984973 1842 127776 1 4.640339236373745 0.5156098132072859 -7.136722683866576 -0.4957054377074002 -2.297771499363289 0.2984894049041555 6.777557727826321 -0.5463301808495888 -7.693622700423285 -1.791325801602793 -6.738658462804526 425 370.0733699798584 2325 1 1.567495075440631e-05
 -3.292529586475462 0.1664706712487186 -13018.51653180223 80881.1909834337 799519.5821628789 0.4098217256931109 -173.9482705763832 141.4029130663442 55.33161919135676 0.3772895174590667 2213.526127546459 2994.040013152502 2158 127764 1 -4.669613129630015 0.2265625380620277 -0.3463735171858797 -0.2491594330202673 9.34555922514115 0.6111920125633382 4.362643980212996 -0.1956575790418471 0 -1.051333678550589 4.563968047332371 428 374.4521200656891 2325 1 6.471323336029501e-06
 -3.19086159242211 0.5784570007869639 -2.409974104738148 858.750284847083 95.03926176925118 0.2457904930347488 -6053.222032326004 3905.223998189596 38162.2614112995 0.5628883318712709 216.6406714850622 2920.890104807779 1930 127669 1 -4.633095732348128 0.9715475727484768 -8.824932913037269 -0.7933048839072807 -8.670855199413575 -1.181114036065808 -8.457451568976211 -1.682639466578078 -2.999154110255154 -0.622585111447326 -0.01275688656082963 431 372.3948600292206 2325 1 -1.080477645441718e-05
 -3.769467261453838 0.4808850624796864 -6.098275754823051 1108.886126613211 24.04839318866445 0.08185436078531018 -135913231278.3499 1141.820557807633 3122.595123855572 1.216044849468968 13.5301618239868 2875.253643002357 397 191506 1 -4.464221997167705 -1.687926570614715 -3.267856104434619 0.6690508869299747 3.8592403650462 0.2801485890728514 -0 0.5837042528636633 0.09859444708887111 -1.894917158391562 -2.358185122731619 434 552.5388269424438 2325 1 2.98530345349147e-06
 -8.857109150613626 8.784237597397917 -0.1586360125918773 2692.181645524641 1517.397238977107 3.88462665628131 -0.2899267240332707 40797.65672169394 3458144.824102582 210.7645552049754 107.0955601324394 2816.427663886518 820 191613 1 -4.355259245390672 -1.032149655747363 0 -1.809181276218077 8.734394352863726 -1.522768289526413 1.097386839235864 -0.443109187220311 -3.972618755074691 -1.687853138034024 5.216452840044537 437 552.6651442050934 2325 1 -1.325956798115955e-05
 -8.585561261760251 7.823477809025404 -0.1680499665351212 0.06450157531202462 -14777998738776.86 0.06704054044649815 -21424107998737.74 18412.95888439198 712216.9092137531 124.0821266519991 15.40248129807097 2915.576689380935 3180 191623 1 4.455581712794349 0.2819280117036297 9.879166411215836 -0.9481339861474646 0.1403202614255514 -1.432166536050078 4.119709809291898 -0.1687107362221436 7.323822635638207 0.3134744385461965 2.669961253948351 440 564.6244120597839 2325 1 1.241275371286205e-06
 -3.694839258191463 0.2242891040703472 -1949.249637625083 0.6095170479999569 1.312835262840944 1.187412334997064 -1.716058299198023 68.94693703361531 14.08868754769645 26179.47006588081 1003286.466816576 2970.672088532267 854 127596 1 4.322477471367087 -1.978262456526639 0 -0.08371682753615421 2.730357145068216 -1.522535622605468 9.474567546212715 -1.870295272651997 -5.982264482901661 -1.53240891025012 0 443 375.1382391452789 2325 1 -1.476888599715767e-06
 -3.614161985267909 0.1332365712872177 -4195666.057590057 0.3497485235773368 -119.3631184865292 0.1688687693061616 -506268.5251074774 3560.204098699093 33630.03571467075 218.6595767110594 81.01442995227582 2959.146183279285 2553 191653 1 4.100787868489829 -1.619344531576603 6.602997746093183 -0.1874455788083749 3.359701356875588 0.701281607708967 4.775101367712963 0.894314349608651 -2.919721763899118 -0.8235632456318029 -8.86801221027434 446 559.2890400886536 2325 1 1.552562048006687e-05
 -9.15630313715196 9.926082793244177 -0.1832824414005381 0.1166335282497789 24201813.17343613 0.1523811836033536 -2006534.774152289 93805.02743252463 18569493.39776475 0.2669473972514664 33010.4422882491 2945.748438152231 3467 127744 1 4.185303342878777 -0.06767633803660725 5.540177468116465 -0.9400692630179472 -2.124514724053111 -0.3805627237360305 -7.883765030786176 -0.3560476557056607 -4.438310853855648 -1.987957838703685 -5.567698096228455 449 380.4001910686493 2325 1 2.820944185314306e-06
 -2.849376962578476 0.4066624517195344 -10.59940625339299 84908.76196347938 719184.2430821308 0.08360498028938083 -6352299536.040035 189.4139097799665 96.56894430432544 0.319273946349187 5059.129088677225 2902.28863193197 2504 127766 1 -4.527263569510032 -1.026146743526182 3.937860689009197 -0.704329159714269 -7.674465283803618 -1.180941387196993 -0 -0.5169334502045135 -0.4634432990120922 -0.2157872551532751 7.416652911845452 452 376.5853500366211 2325 1 -1.652232575139566e-05
 -3.369963890377934 0.4671096645106364 -4.379979917890025 0.03701149534342951 2.097620115180004e+20 2082.783245269724 -205.4656015740268 90.18037405177984 23.97255204732505 4.184299462161197 2.333337649307831 2966.544481952071 1148 191464 1 -4.002984167624573 -0.6380727211288875 7.880165114994528 -0.5829500493173132 -8.879203940897304 0.467537067121007 -3.329052257919551 0.9981287659473107 -5.07587294856243 -0.5740828114469005 -4.861413896731228 455 557.3931810855865 2325 1 -1.833630859828843e-05
 -4.112290257192134 0.9554845721801437 -0.4000018396430042 16229.60620068863 9244.184770581953 0.0866198843826077 -4240607389.794055 18952.41984622556 661094.055454756 0.1089039899050433 502643502.2124819 2817.759613687824 1838 191660 1 4.224971702108891 -0.5782984879721207 3.300471308723103 -1.114155144082448 2.370122106842167 -1.768642446342032 2.561583450581776 -1.017800732014279 -3.093596862321862 0.1997003333151954 -1.454901405613061 458 562.3919098377228 2325 1 -1.668909457614915e-05
 -3.773879264315012 0.4409778607804786 -16.484259629314 0.1416612670416739 -745478.5802270233 0.1267497976877235 -7018886.457379354 2215.34470134984 14097.12484373152 635.3982765899143 1329.835070751335 2967.348964115914 1470 191569 1 -3.953979609551027 0.01295994611268418 -5.273017063334368 -1.55439035931817 4.557570876292118 0.8275776400547996 -3.614306884184923 0.2146153032016658 -3.073671696257726 0.3468504660178539 -0 461 560.3023331165314 2325 1 3.980095092473742e-07
 -4.579225309152686 1.778696545260037 -0.1589113132408608 107.8012181572574 -0.6445741121684621 0.5962585416391113 -17.77041284270573 96.39096165129224 25.06342348127922 19200.5478950064 644571.8141063196 3071.386315249071 5900 127775 1 -1.931902587199405 -1.759443111453101 7.852220229997821 0.60805960715 4.668129853583564 -1.383991078327261 5.888471327331645 -1.297463622279076 5.586344361924056 -0.2809474634264575 -9.354896740299832 464 374.6722190380096 2325 1 -6.133861636106329e-06
 -3.562570797756386 0.4561925907980337 -7.520070064639991 384.0771855581402 15.34474971096169 0.3071523093065702 -703.7113892297187 564.9064512762059 865.2700642294327 2.249869584184367 3.185385248029612 3151.803365701704 1483 191626 1 3.214291667867654 0.6713221031844538 2.143097766175856 -1.308262912111374 -0 -0.5520257393522296 2.032681373534889 0.6231825844450416 -0.3895549775978511 -1.2511047222933 -5.298492627775406 467 558.4656231403351 2325 1 -5.17080624981933e-06
 -3.803979061490907 0.5715788454241948 -3.426367724994786 0.1558593429793679 -185070.4195802888 0.2750457736678634 -1614.209373007104 37165.38088189644 2538842.718116327 1.174507418495412 6.993807800138219 2802.662365382636 560 303370 1 4.561753664257861 -1.727963723084467 -9.442414160394652 0.3916038445096079 2.18277670018293 -1.889405718641722 -6.103017367231723 -0.2869003079394421 1.386727527644782 -1.788222923783137 1.847851271903146 470 884.6209759712219 2325 1 1.595823454996333e-06
 -3.395000331235919 0.1492929881097211 -165998.7695851304 831.1640476180538 50.72878896529076 0.307319313332659 -885.7889406197363 122.5786732523832 33.69224613663445 866.2319383292125 1095.00406886153 2833.915824081031 2213 191647 1 4.589036245355279 0.8874583790971289 -3.45274985825989 -0.3055533419129511 -0 -1.703450420273643 -0.3773531938361741 -0.3075639411686018 2.899013585374768 0.91493088714408 5.867364229869734 473 580.8659858703613 2325 1 -1.845713504265082e-06
 -3.846665651097374 0.3463712793945493 -145.247794281992 53231.1657107201 69725.14066147988 0.2123371172420049 -46379.23999956392 1428.842881706289 5252.871551213327 348.7641361089924 535.5794390016451 2881.129173342049 2777 191660 1 4.626256809940998 0.6814654504449131 -5.412240558513892 0.5628504355012396 9.297885002207934 0.6141957225890096 5.276527428469202 0.748338604331519 -2.605084921316474 -0.597990476902968 4.635522229262113 476 571.3562121391296 2325 1 1.582842815381902e-05
 -7.242397182544659 10.90589071951143 -0.1371891660240013 92752.46207610116 743459.0671849294 1.204064533394519 -1.720211481409248 64.61693606824535 10.89603284302479 225.8995410680106 28.13240459239829 3018.22843826802 1961 127735 1 -4.162498713675255 -0.8949915934493387 5.618096741663237 -0.5590198201019136 0 -1.110376139871838 5.582623609153313 -1.821624025648639 -5.496252834378699 -1.282971401998135 -3.791425810203558 479 383.2090260982513 2325 1 2.220599128183016e-05
 -3.310546056262951 1.341160395427578 -0.2734467784661862 4730.644441332318 4198.569682345789 1.670328131395554 -0.7089430878998498 302.3894734497678 267.1020061016158 2.682218759646825 2.895558721734431 3017.280864465379 3648 191652 1 -4.524688997920162 -0.4476958301057774 8.962273458239718 -0.8619344766082477 -7.426391941350138 -0.1027400420706632 -8.921262091102157 -0.6041940043278444 2.796796668742527 0.3203000657900783 -0.3904666460019168 482 581.2886388301849 2325 1 -6.316257280468433e-06
 -7.810830670196265 12.70342453220623 -0.1745614632232716 1398.123618440131 78.61692523445527 0.5077992561372207 -53.95274408149746 2645.470213868169 20732.22664241303 1.461332175668617 25.03423222081196 2829.573121082439 1252 127726 1 -4.543249995796927 -0.7003177186911387 3.718604151810555 -1.454118884736967 -8.775438454691539 0.5283284505708608 2.084357949912405 -0.9999098587471122 0.03201287057475977 -0.6143595322752624 -0.5716243698404693 485 376.7229111194611 2325 1 1.078803668114978e-05
 -2.908914432198104 0.2153929324394995 -3336.268924732291 1.637918520492701 0.1285004109257746 0.05507977926703075 -6453580761696521 31575.83915063791 2684194.630338941 460.8376132013851 144.8294688999135 2970.172292613664 1896 127769 1 3.756246963859423 0.6444285031929926 0 0.727834974075833 6.28346033812027 0.3071642730867032 -9.490422272830145 -0.3335715863719013 -0 0.3721685952548723 4.372597814219248 488 384.8618729114532 2325 1 1.755063294597396e-06
 -15.75523274376434 11.21086544154756 -0.4333582863174506 436.5447068096369 -13.74230872304141 0.1104082031530534 -633891836.5496621 14629.63730651778 515413.5209922443 0.7608405459217592 36.3274053106193 3123.951955917564 4551 127769 1 -4.184127179466823 0.4958795261119588 -6.583612137383264 0.7840609559754891 -1.520052990056006 -1.875974703599383 -3.395454775635363 -1.57304963389063 8.939475463485675 -1.90436492821989 9.425192797168805 491 385.5401699542999 2325 1 8.267364554894465e-06
 -3.978320068179701 0.4427041267987974 -16.69836573087926 2.795221372530977 0.1412803317213276 0.07097790710098992 -8199544283815.902 3.076191003417606 2.473718003430784 0.0914868428946225 130117277486.5109 2954.579882641753 2018 127773 1 4.686186429650527 -0.3996621777440907 7.521897497411015 0.3738891404359119 9.132844062772023 -0.9897199126155405 1.903872823266147 0.4780899775328868 8.63923845424827 0.4332760949571233 -5.128453018489246 494 388.2080690860748 2325 1 4.06211688266133e-06
 -4.198905702834322 0.7578590274197627 -2.408214298429787 0.1633213843117324 305754.5481760965 0.07159493922973484 -7048537910441.279 106.2354205105107 23.8641884287367 0.8828547922300218 33.9910864680602 2873.153766950486 1545 191528 1 -4.154075047605763 -1.72227423447902 -6.3934991185868 -0.2231138077810914 4.807698932213664 -1.141520005324091 -7.597174804781829 -1.376362581301239 7.376707017683326 -1.683451949744475 0 497 569.6554961204529 2325 1 4.619320533130717e-06
 -4.362261896624351 0.7968308135365371 -2.059648180850219 11571.675435635 4362.032049483848 0.1584298965509439 -2793374.726513698 109.7704100682995 34.8863941664061 0.2063917099515295 279756.2572708932 3019.674154774867 806 127770 1 -4.286927734877315 -1.807140461954305 -9.410444243555361 0.3755706739403974 1.093759907830758 -0.8122954796624366 -6.766042389707549 -1.553957283574094 -8.584558638805397 -1.698692837821856 6.017682664219079 500 378.9018609523773 2325 1 1.7473356436591e-05
 -3.631548265158733 0.4496555350634831 -8.209672746637377 1.854155531439979 0.3634274951025938 0.154550646254996 -665467.619191096 85.19004324961574 19.97350755507139 1.905617070836492 4.940576955747559 2992.549118719141 2661 191648 1 -4.331686330327194 -0.9244115674357021 -7.781643981135904 -1.122978593852903 -2.87767042001042 -0.7981716124637632 4.766319292901305 -0.9107435223525551 6.644972595989978 -0.2618948770812164 -2.273181181577944 503 564.8555271625519 2325 1 -9.200191258736418e-06
 -3.677740499133085 0.4567647499990498 -7.893121118718137 2.778609280850128 0.02757043598814138 0.05357194647318719 -1065443772631001 150.5010853979992 66.64375353051116 25192.09311801354 1518201.417389006 2970.965086711453 4995 127768 1 4.636925903738678 -0.02376664427464802 -1.208090840864618 -1.98336054096325 6.153131975349758 0.6136081832696703 9.267208137308884 -0.6423290963759793 1.936676712920992 -1.3514232408081 4.805797048745688 506 386.5896492004395 2325 1 -1.711494209625561e-05
 -3.3017545816999 0.03856694167684216 9.995419374397945e+20 17357.92766911401 21349.36901787771 0.07559054892935421 -2432474118642.199 45.84713167823989 8.540404924473108 1.198190523967544 26.29035554205439 2818.823026407928 1173 127774 2 -4.436986145424021 -0.3352375619639139 -3.372440676673127 -1.565330903464879 0 0.213836149919147 9.584113459203172 0.9516187202727076 -3.823343426543807 -1.209759553172626 6.908980606173191 509 373.5908811092377 2325 1 1.109606505195311e-05
 -3.374453814275328 0.4938125885034133 -3.490103957556014 1.102301251112525 0.06084285768931266 0.3636174976243297 -269.5948601037394 4.048735615277465 1.74497639243666 1.121661824933273 30.76312501845001 2911.361953729048 854 127764 1 4.22458232064916 -1.966111153681746 4.423286346970436 -1.487436938334391 -1.257360406779221 0.6823195264038313 -4.034686584577105 0.230371055408141 1.899700739200298 -0.08578563818987026 8.782124724035686 512 377.4343428611755 2325 1 -6.795679408255113e-06
 -6.272354274396428 7.386073993578627 -0.07871785438808485 18122.185080906 152924.2290692963 96.60630470221841 -4.748935917194677 8785.67892701263 177292.7508180909 0.07125617728665298 6792620103758.243 2779.007612988294 590 191664 1 -4.385884122693672 -0.9424686466526424 -5.831245741787512 -1.742409733648882 2.54820734137577 -0.2750224832944311 -4.412328409607723 -0.550806405042664 3.405666251198471 -0.7356364550458716 3.192746427113613 515 566.8230240345001 2325 1 -8.796852322591218e-06
 -11.97586645317716 12.58895077720136 -0.3229737816168491 0.07718924880891545 -58995262336.93018 0.2208284993523413 -10353.77296030175 23.32471399635263 2.792299367149678 4215.019149501658 15354.25573745713 2881.894930607863 1609 191623 1 -3.776526715037056 -0.4509535526270074 6.825282497818399 -1.814912673997095 -9.364639753689781 0.4558378442306785 -8.267159568299556 -0.644750421887049 -3.956872101346502 0.5299446053375734 -7.914585606798505 518 568.5281109809875 2325 1 -7.689841803333229e-06
 -2.649711114134235 0.06159208354602113 -647182562515.5411 2.937816391868799 0.08849224875406163 0.746888766130247 -7.531162224697774 170.8576843945246 86.53746752917409 15379.51642857971 490873.2564199406 2877.00769588003 4368 127768 1 -4.350615110762187 0.3746934703800341 9.704669041626527 0.6240929385056808 1.243682591955896 -0.9280771845017313 9.790926243835537 -1.45676267226389 0 0.6469585587486004 4.372009424199987 521 374.0202009677887 2325 1 -1.383255489958452e-05
 -3.448216284279443 0.04415688557872686 -3.475587705366497e+17 0.04021724646972794 9.999969274620116e+20 0.1143446012454393 -122019930.8028302 30093.7502386413 2271419.729679666 712.3064911126628 1083.820473757494 2938.995759338787 396 127762 2 -4.577697733735672 -1.214546470623568 -9.675754674940395 0.3355451084987839 6.590263515479183 -1.027776193879179 -0.2423255936182791 -0.429468113239647 -8.087867416303782 -1.150014614617371 8.218480590534172 524 382.7949788570404 2325 1 1.876062547414763e-06
 -3.619166718302078 0.3792029940077963 -29.61530889008311 11962.08167871692 3869.475813102639 0.3129999916411349 -868.894477916657 5671.621473045366 91886.68331234386 111.8672545591113 18.14516704519918 3075.745909276146 489 191624 1 4.432146588659113 0.8162699876989592 8.698507565305651 -0.6756206609504884 7.646454536565908 -0.9772598518693307 -1.120134697161276 -0.6300997310003051 -2.397329448375736 0.9820835062230295 9.380815285319962 527 566.8405270576477 2325 1 3.508064704216246e-06
 -6.307652796305345 5.690580016088052 -0.1122524863407814 33473.36159990283 151371.1311752897 0.202186354869074 -144847.5155167724 126.9094541293095 51.20304978861863 0.07418131148661807 66205171181501.55 2815.268625829518 1083 127759 1 -4.694843982489351 -0.1811843563019249 -5.264969101308787 -1.358844829154915 -5.38655446767601 -0.2748468611248676 -2.871013793334018 -0.8880464120651563 3.078654834758976 -1.302442976645631 -7.506746123765799 530 380.8660490512848 2325 1 1.946915144969135e-05
 -3.892470513147803 0.04588974881814936 -1.542361772454183e+16 273.8463421619276 5.382511966574585 0.2305466910385611 -6855.177853661936 35047.90353688013 2735036.484419732 0.05177317908221483 2.778516514747679e+16 2713.398834232931 3027 127776 1 -4.670634507123072 -1.561710230426585 -2.109607650256672 0.8589846563812977 1.806534717983922 0.2952225224432827 6.595374931600313 -1.251164895076807 6.805478660187431 -0.6404476859733617 -1.876953879785456 533 387.9617071151733 2325 1 -7.565498928103132e-06
 -8.449630222379382 8.903951852866353 -0.1623825636736125 311.8148371595269 7.36741346312941 0.3958662837958459 -94.67007862907009 218.2905656503909 131.9319287343335 0.07114262007234809 771091085868.637 2923.769142204674 1736 127444 1 2.635367464156055 -1.520692037802344 6.096377096672567 -0.4763195640774907 5.610664824463122 0.7776901134818739 -8.224646290722355 -0.6785531079938778 4.399598341182702 0.9989679041657687 5.355158411974906 536 381.9780778884888 2325 1 -2.161893002254533e-05
 -3.923186287775616 0.06031578032146387 -437022411706.2352 9161.634440891212 6080.440799046758 0.17898013637948 -36522.29591621543 8340.584486190044 141282.1585541281 0.06381849194366264 15995581211203.94 2946.628487063203 2205 191655 1 4.595993937195861 -0.7572881129709357 -5.662069680374949 -0.7624961588586041 4.745894251784662 -0.5836870046910132 -2.718537347194514 -0.60807381215999 -7.562034349638344 0.3960176147310448 -0 539 570.8051640987396 2325 1 -2.069359481329656e-05
 -4.053529602368161 0.041846603919694 -8.74371168611485e+19 0.1298015985578646 10232380.49199451 0.06643163518313487 -165346111152213.2 779.2251004611797 1079.314774011116 0.04346920258031389 9.957127266811738e+20 2942.014184239188 1113 191638 2 4.509795235076194 -1.698879548555236 -9.910151880629842 -1.426757631598886 2.10708864466159 0.07845114208378498 4.344872748281553 0.2101344593083957 1.799969598187057 -1.816369449919794 3.326883091783496 542 561.9816479682922 2325 1 1.077339702108312e-05
 -3.698616925673357 0.6596794986262514 -1.310219255234637 0.4453424428676829 20.70042891222667 1.104496598042044 -1.542645071520012 25.50733744406209 3.042346368386244 2.100990889745822 4.123370193888441 3116.34666612714 685 191658 1 -4.689918723371312 0.6670858509679296 -3.538064414179114 -1.786814859147742 -7.051073661318696 -1.491478601681629 9.829836949095691 0.4344542627301737 -5.143806182752981 -0.3768701156628866 -1.402655816356495 545 562.8430781364441 2325 1 -1.79184398677424e-05
 -0.02485976630560534 9530.464795905089 15027.97391596347 14177.83241118493 25097.19853065661 0.1002509912892173 -169499760.7371165 495.4000760294856 562.3911193021514 96982.45533312844 12598364.66405544 2939.913234840547 3788 207625 1 4.435010756324493 -0.09642719076849815 0.9842684329086757 0.7648388031092868 -2.624129327712556 -0.6053645100915769 -0 0.8067662878321578 -8.712574437686744 -0.3579362306330021 3.909533389957249 548 617.5322179794312 2325 1 -2.420339690140902e-05
 -7.806091149153701 12.6468260113341 -0.177762948572606 67005.90233047327 272730.0794810412 0.2161818027231581 -140764.2121364807 14874.86485350716 604336.4355965079 6.656671945544919 1.310181824688265 2895.072432641572 563 111771 1 4.393241726779601 0.1850254549046175 2.254057765864673 -1.904070624033579 9.862079106698198 0.2951575713767038 4.255535978892816 0.662157247974275 8.6897245636564 0.7110215842894143 4.986498602996321 551 336.963898897171 2325 1 2.9231414950867e-05
 -3.168561950204332 0.1555789841579698 -529228.2368220562 54806.27823313631 95975.03752606321 0.04842284587402973 -1.081906765508898e+20 4050.857073720795 40811.79639296058 295.6841470646608 198.5062591113068 2871.391852389821 529 191652 1 -4.624063224923572 0.62566391790439 2.451922495290557 -1.338112804007885 -7.238637245666604 0.5945112083317969 1.917869564501875 0.6675359120491273 -9.822311191466385 0.07709641234263961 -4.0396738285643 554 571.4939079284668 2325 1 2.550462368211852e-05
 -0.0222808819967237 7416.517130201362 9368.888412957969 613.5420576942504 25.01197335861286 0.3696467294341901 -210.4461992811415 67.12319745517374 13.10128385881669 50510.25731966057 3271970.959106454 2925.166346566879 7457 223603 1 3.592236921469302 -0.8951467611555284 0 0.8065186002799472 -1.357514421189388 0.5623607119812921 -1.323807678849224 -1.3750190244835 -3.25501737585836 -0.5304274816516905 -5.466639294472564 557 665.4655201435089 2325 1 1.844970981163279e-05
 -7.855123981199809 13.52963482614987 -0.1771401039507441 182.2333768645435 2.528856883388011 0.3850964562909504 -237.0094291988447 7706.38233355034 129656.3876171529 6.752256289969715 2.016558830474692 2870.864340185205 1237 191575 1 -4.053100921954167 0.9520687949332469 9.505446829495238 -0.1286414194855326 -0 -1.183828708298163 -0.7216336116096613 -1.722540200229385 7.059276708100519 0.05531469790118406 -0.7111130930220533 560 563.4424300193787 2325 1 1.697851487468326e-05
 -4.411759263866593 3.883070852956043 -0.04833200716878942 2.206965118328503 0.1055730001872912 0.0490717786648757 -8.596192081630142e+16 137.029957129591 50.84189524377785 2.557992445830271 3.032065212336617 2979.257182444322 430 127412 1 4.316413461255847 0.2731495617405572 -2.373973350951764 -0.9785040602328543 -0.4014943793094425 0.536276470760904 -7.602020619644358 -1.410343585349834 -7.095194382391529 0.3005928022387753 1.867025928121075 563 380.7574560642242 2325 1 -6.924842516332478e-06


# name: injParameters
# type: matrix
# rows: 1
# columns: 11
 2.02 3 0.3 1 1 0 0 0 0 0 0


