# Created by Octave 3.8.2, Wed May 27 15:21:32 2015 PDT <charlie@yukawa>
# name: outString
# type: sq_string
# elements: 1
# length: 114
Slope	Lambda	Gravity	Lambda	MagneticField	Lambda	MagneticField^2	Lambda	AttractorTemp	Lambda	AttractorTempGradient
# name: om
# type: matrix
# rows: 187
# columns: 31
 -9.57085922676181 0.2570501087033061 -307.6187356062915 1.985492554949481 0.2970170530192695 0.2361395866975016 -8370.225153667889 604.2169939085915 810.1539109791598 13541.80126290249 220764.8820671572 2995.285138470055 2115 191657 1 -4.201296978264044 -1.014385005767056 -9.142025638210187 -1.043465417632351 -1.197761683460692 0.07903625387751838 -0.4997995195996641 -1.000605264036297 0.8955482220251421 -1.222903929162632 -0 3 862.2733061313629 2325 -1 -6.007395177402823e-06
 -10.4395195454629 0.2515318037551359 -386.9466154604847 18504.00941068463 42646.27371142912 0.3885349763701845 -166.5438453075485 6017.978987296896 85433.34708038691 33.39556781113051 2.448107657443495 2781.516811721927 1401 191658 1 3.95120364557122 -0.200737411019853 -7.687310695880253 -1.044257794964994 0.0184764023097217 0.05038252260753585 -1.802238879287149 -1.131753551736226 0.1344890602513198 -1.787555220704212 2.253353974626227 6 710.689966917038 2325 -1 -3.716574272087601e-06
 -0.02143735226725052 3881.462346180338 7400.251182976658 3.894627428733922 0.09963197723210042 0.09633522902396764 -9905991556.671186 10523.45618514665 321374.7831009441 1.876991035473579 6.222520486539154 3052.769577457255 3556 207636 1 3.95514508254569 0.07938422970665779 -3.455227039003522 0.2490932990500592 -3.863638110582219 -1.716393653255375 8.000743935974169 -1.455527604499325 -3.412382788874678 0.6118177164617489 2.347178591121741 9 768.071121931076 2325 -1 1.112654565269151e-05
 -10.16513493222583 0.08912009529439624 -1084036854.572574 5.919066813078917 0.04418509995471539 0.270569784501052 -2596.868730506859 288.2933561581982 238.093666199096 1.471132712459254 12.44627497186696 2964.862162792292 2724 191634 1 -4.477047027463647 -1.142762516285267 -0 -1.103178638881429 -0.9384419665586936 -0.5749229433071541 -0.2084885602812778 -0.9558546524080977 3.274901419154498 -1.926217401909004 -0 12 710.1598179340363 2325 -1 1.100818083738863e-06
 -9.855303064519063 0.09912197916176863 -21693459.10016843 971.5321168619695 138.9885046715329 0.1026839003312298 -376565243.0575557 10407.39692754497 252693.2794211721 1211.413397611776 3911.23453936505 3017.351590719016 244 172697 1 -4.641594772998611 -1.148917766361907 -2.169049403088789 0.2292317189207465 -4.216616819716731 0.3596308487525093 0.1687278052638268 -0.6649835546893037 4.96993494218272 -0.85438466668014 -4.918846679925512 15 665.037978887558 2325 -1 -1.279166857798844e-05
 -9.759762499521123 0.1028118469090724 -98407812.98987372 777.1158576613076 27.55110344152405 0.07876451836216278 -596697010513.3827 22151.60016242828 1139981.816265032 0.218621969051398 245545.1684476411 2919.857910989414 2079 191662 1 4.036308445222804 -1.515089084440941 5.364354691931547 0.1276585300373165 0 -0.9806708654760437 9.086460784627565 0.1616399082383051 3.485404694561817 -0.1004659839670996 -6.865117517639397 18 564.1228809356689 2325 -1 5.659285870670507e-06
 -10.40013228001824 0.2773793834712319 -227.4987714610367 6.27064998354823 -0.006178421243889834 0.404323867927386 -119.7108810546681 396.406917621501 302.4400085092525 9024.146283946298 -58962.75846368365 2966.656493531829 707 191661 1 -3.865599266364623 -0.4640179583642112 0 -1.924215677214078 -2.505097067330967 -1.613923904634318 3.64700390072282 0.7881796581703302 0 -0.6335721383278301 9.674924545570386 21 563.4703950881958 2325 -1 -7.033382789273725e-06
 -9.589625383166986 0.155422899743948 -26933.44887751562 1.767596304286999 0.2840663129116359 0.7847205073155449 -6.564959951248668 19.05458468894416 2.346032456743412 615.9853241753025 -226.548024035735 3024.812963683244 1396 191616 1 -3.997867207818801 -1.363783553841661 -4.538515628819288 0.173600303129286 6.254292970396598 -0.4568139743479449 -0.09189911285672814 -1.819493725216133 7.90456820529308 -1.554964112440814 7.992532488694799 24 564.3356020450592 2325 -1 -7.675274406285746e-06
 -9.410910991120405 0.1372579450916771 -1920151.746886488 3891.458664224233 704.2659710175441 0.2922606993308474 -3515.503626053619 583.8872746849859 865.6796445983632 0.04556658344723018 9.990139105991359e+20 3111.185271179137 993 191660 2 -3.763658028546393 -1.002848452778276 -9.794231810102877 0.321647354359019 -1.304288346327915 -1.582644532847903 1.053708148249877 -0.859987933757246 -0 0.3309319154391103 7.661159302204949 27 560.5995998382568 2325 -1 1.674366433083179e-05
 -10.23703164804962 0.2739569481609543 -273.5062252591063 5.780925983562222 0.04028427842713012 0.2761153449073125 -4978.548042810444 97579.28991029698 24525298.76518021 0.2033926371458687 761476.6442646879 3116.905140193217 1962 191652 1 -4.165676155462169 0.4289289750864098 -6.93593455762996 -1.549663886062024 9.55929755588293 -1.658401332709876 -0.8757182745218346 -1.554640526944823 3.468068049134093 -0.2054332884034658 8.97631131981403 30 558.2405140399933 2325 -1 8.37856540642316e-06
 -10.06216857962225 0.311894961392415 -286.5996692955476 219.3061375137005 2.94843871589506 0.1164268136782973 -979047408.7550771 54423.99298086829 6165063.670484946 3.878832134115584 1.024801611870141 2944.474359428455 214 190150 1 -4.529712657821145 0.3125796938707718 9.096871472419638 -0.5824679271358617 -6.120272006487316 0.300625556486584 0 0.8893184533512981 0 -1.039254899802357 2.307159023506148 33 565.1108310222626 2325 -1 2.536652399319393e-05
 -9.839160038106177 0.398565104152582 -23.72141825203656 49948.69088975161 242063.3522586693 0.1396101078211747 -7646893.110430675 20.64552788623658 2.946861740383558 434.0242895473731 517.5349663802916 2885.319481244611 1585 191577 1 4.05321030281361 -0.01243131797908692 -2.670200290254137 -1.703301611360084 -9.341631480537938 -0.1955085265101717 -4.50332931337572 0.2780805841491629 -0 0.4028891895366922 7.913468482045257 36 561.5936970710754 2325 -1 1.085232672157429e-06
 -0.03921387465345738 187.0550842187412 19.88517869439987 33.13023556136991 0.3337312610524005 0.1043690927418959 -858599315.1848257 33410.32159049132 2691011.646357405 1.014495859647825 35.04037358453382 2852.173726087389 4974 207612 1 3.044164112533449 0.9399551330940699 1.854985286434577 -1.756090145466049 0 -0.7510828594428967 -2.478670874736991 -0.0985942173365553 -5.022878422479149 -1.635405589721401 0 39 614.8267600536346 2325 -1 -2.78898384536215e-07
 -10.20035401421975 0.08478860371590401 -14331448907.11448 3049.186128053894 726.9044876379802 0.08894075505732119 -65588199064.85726 1872.255416695029 7514.519317707835 0.1494707940254798 34011026.56592524 3063.652585646994 1766 191568 1 4.089287767803782 -0.236160857175828 8.079212574474333 -1.087449781726641 3.994266584602746 0.3710415702694805 6.505205762206861 -0.5051777800252726 0 -0.2191704401455344 -1.850068197216169 42 561.4019849300385 2325 -1 1.04158104780082e-05
 -9.451248263979966 1.205148092011485 0.1168186731886336 2054.940583265474 365.3973928863492 0.052375556048569 -5.735311915889099e+16 848.7201619862192 1847.834153038576 0.09078597649010223 106949218656.4727 2921.647698784982 4011 191644 1 4.695233977929365 -1.007667964507046 -6.977026688342174 0.9950173606496735 -0.8840541307530945 -1.008861408276533 9.120345808899973 -0.6912416929227511 0.1861326004608941 -1.158503302206646 2.802722635855822 45 558.5176651477814 2325 -1 1.24510060379773e-06
 -10.26505233819656 0.5695553857887539 -3.335908720025615 296.0463131927611 9.415654791748862 0.3814906830348782 -249.8555759514185 61.00323752279495 11.15659650958607 2.508012823349567 3.120920892782817 3071.573950871759 1364 191664 1 -3.65449360747402 -1.083749585412859 -1.888183242781196 -1.044258434690381 5.889115593314986 0.5661244505697178 3.104723409170722 0.8911833872864428 4.259519516901021 -1.397437716610686 -3.328230191479873 48 564.1241898536682 2325 -1 -1.003545739371039e-06
 -5.281413721516906 10.31130901904484 0.1519510979467445 3.289010593354185 0.07388372209070256 0.04528586627835456 -9.97291463049793e+20 56.57724147685692 9.164345641113552 1.39914210170445 7.250747875841455 2932.970919749239 823 191355 2 -3.782384405691106 0.1111578940003208 -5.014407697611547 -1.88412058665596 0 -1.591977270140912 0 -0.7212311766406616 -7.084833650897542 -1.523358478240003 9.811755677694176 51 567.5917730331421 2325 -1 2.029907243445212e-05
 -9.513660897238742 0.04989314443782165 -1222527747096504 285.9285042715942 16.52390717163154 0.380640763628859 -141.9309385459922 105.117034750414 30.68134725303342 1.680961123144675 5.857145194079074 2994.861224873055 1327 191661 1 4.687346714860359 -1.100918305415722 0.187868379850876 -0.227182033938771 0.9859280120590177 0.4820084045340169 -9.617415067365984 0.6251877794740411 0 0.231156200698186 1.790619084626893 54 569.4710438251495 2325 -1 -8.898664523482397e-06
 -10.24414934174836 0.2043462147698379 -5275.722922779331 0.1828548828935996 -27912.16079854787 0.195981147675434 -69396.37218740756 38.18731230057347 6.897753138273305 153.0675303512003 58.6690989077487 3008.364893905994 1135 191419 1 4.158647945900133 -1.954160363945856 -0 -0.3396363020932798 -6.781537727723336 -0.9009245749898973 -3.689360857010328 -0.7967650018866053 3.314338940571144 0.2331005875806892 9.664701217574512 57 565.690337896347 2325 -1 -1.698537315009431e-06
 -10.17635120783273 0.1170950835528272 -89135058.0864179 79514.94698326323 353083.4943242215 0.2095957560272941 -135342.1345565872 19381.969512566 966161.9896642066 3.390497712047989 2.072727311606499 2913.990001314908 2526 191652 1 4.679562922392316 -0.4516817125831577 5.474606754009628 -0.2582131338953761 -6.072411677591959 -0.948924684479012 2.638017699227645 -0.01415506302807584 -0.01794030845897554 0.2623329596003078 -8.013407879148458 60 567.4467489719391 2325 -1 2.797149997536801e-05
 -9.717929208803127 0.115158489206336 -44235083.25900321 0.5957763848568725 6.28938503948438 0.1357870984103813 -24214770.92599844 17530.49266277405 760391.5948761327 1.372444413175689 17.42077992743905 2920.920134456515 2385 191662 1 4.627615620204164 -1.305086738953776 1.519000226703269 -0.5035293126221205 -8.986961105924438 -1.111414073665914 -1.176420854438552 0.7640145257446314 -6.426586012244016 -1.052388179275928 -9.118733751832011 63 565.620787858963 2325 -1 1.635921500063742e-05
 -9.832887850053105 0.1069666914490967 -10164480.385286 0.3569865872117877 -38.89693465000279 0.1093906559142 -40662652.28288667 5.331872433185778 1.578753762178166 24402.12703481749 1096788.450012479 3030.097960536724 3067 127772 1 4.52197361973608 0.6167757914920333 2.499584076461669 0.6226953115176133 7.880565480475807 -1.23593551899153 -0.2173441500811277 -1.057930048551558 -7.137814817634361 -0.6967916495552133 -8.164337654037023 66 378.8247799873352 2325 -1 -1.45803797497691e-05
 -9.804523747294819 0.1850568902262054 -9964.899672022477 1.960928839602579 0.242840454916869 0.1500322529576348 -1359706.228954367 2946.838113226623 23654.95060580219 45940.84488571212 5279333.043711999 2966.997858769197 727 191182 1 4.401999891333639 0.9177604111128262 -5.494573666130417 -1.308568003614937 -0 -1.669943111200292 -6.84477357727442 0.6944084097518192 1.227284708100781 -1.239248264657935 7.157558350610701 69 567.9633929729462 2325 -1 -1.539236077277823e-06
 -10.01868705557891 0.2667900835061466 -479.8087441019707 1373.872674993023 223.9567166511147 0.09299893306609405 -7578786360.975368 3281.544033049744 30379.65894773407 0.118584168061342 733956220.0502442 2959.76720059633 2277 191492 1 -4.444602644115774 -1.308479355224751 1.63130718862323 -1.939884849870047 6.561296665257153 -0.8053876379539728 6.154666906316853 -0.2740038222666348 1.491579854353002 -1.892506388089398 -7.321311532312883 72 564.3019530773163 2325 -1 1.118986242533405e-06
 -10.02787733879701 0.1573338698303835 -229267.2218370983 21890.59948109701 12776.12463455642 0.3393018370471007 -995.7707407183058 13737.74208189918 475128.2538839181 255.766114621912 202.2477973971304 3189.862659975239 1263 191663 1 4.644531013419297 0.9353274895414048 -7.724205605424753 -1.908727885474343 -0.9558451288140546 -1.794903175023032 8.181642947001167 -1.753259255592671 -4.109394461532736 0.8208786043442773 -2.033432917959809 75 568.1924071311951 2325 -1 1.944585548429902e-05
 -7.640134665410739 12.34753260352309 0.06514445209124668 746.7692281847955 54.20006619113479 0.3415903935183565 -320.2102936877384 1196.879550231611 4422.928877827928 4.62270859396523 2.057860570559034 2889.125556550206 1282 191616 1 3.877590363160063 0.8388444884144093 4.572949145612591 0.7014930553229392 8.94767037476635 -0.1227007293946692 9.321525406919344 0.4131121204475217 -1.438982878858138 0.9222505134445687 9.872842801461436 78 567.3095591068268 2325 -1 -2.379833916235499e-05
 -10.44284525865635 0.05160263722582527 -4.270990845949873e+16 0.0423122945503669 9.993875438249915e+20 0.1044609141417315 -3443038202.402452 23350.73615978504 1374077.062775737 4136.578250433719 25559.05233704814 2856.902937144911 1794 127761 2 4.147336937472576 0.2974281773805751 -2.061461147745066 -0.9688057110846202 -5.532908596772582 -1.509703974279281 -1.134937660374852 0.2522125459276383 -0 -0.3067097798637963 -5.626899757428857 81 378.2765121459961 2325 -1 1.56251597944669e-05
 -10.63582897273924 0.2340051399735283 -311.6031122167493 0.7909925293736512 -1.357714849219092 0.09033290966483551 -493510502.851453 108.3499203452512 33.63750331015527 1.714612581422367 10.50632939952321 2893.320062662367 3227 191659 1 4.474249897670982 -1.907268290777294 2.468397845467281 -0.8036280167263534 -9.603825812019547 -1.622257061363362 -2.151162549082058 0.7960113013361658 -8.730263527099257 -0.8996316528800801 6.120628644674388 84 564.9385039806366 2325 -1 -3.078788944065509e-05
 -8.312033096526534 3.671477299465876 0.04166687985465325 68412.46063797189 1757804.045128472 1.789039976139548 -0.9748789942155666 83.64104998687995 20.02633551328789 0.2738912738246692 12527.4892021209 2846.107738284627 651 191488 1 3.830931327254959 0.8022577549561309 3.987860303251016 -1.14170747073223 3.096514207153618 -1.002299438514362 6.021338650296541 0.7161730633504853 -5.144401762904262 0.004483518141611366 -1.831315403606693 87 569.923935174942 2325 -1 -5.568997600391864e-06
 -10.11529996388384 0.08675828666111084 -7732850443.845238 0.2498819421594265 3110.165811869977 0.1017157132503165 -5890720915.931889 31845.56347035407 2405040.232522171 0.2473957359198502 117017.2941366411 2942.838225871837 3620 127776 1 4.311242097583809 0.4136526741384916 -0.06184948461346007 -0.1513013112609674 8.54624436624829 0.2121948111809404 -1.475345221150956 -0.9701117344831029 -3.602581183354642 -1.543369990430964 -0.541682919244507 90 378.7049210071564 2325 -1 1.849254274873991e-05
 -10.18653912356595 0.2201526670674029 -6034.635364386279 1288.377220631458 214.1242210811275 0.06898493434268679 -358500721629615.2 516.8235193280317 654.192300847535 45184.35336430512 3440197.144684249 2734.973768737719 1368 191585 1 -4.475337239962541 -1.452614870172164 0.3836167083475166 0.03937629989062767 5.566035855249414 -0.01531280514157541 3.817466709270849 0.7910091991235415 -0 -0.4867874593440842 3.818896049350798 93 570.8701491355896 2325 -1 2.491006661043434e-05
 -10.5452152385604 0.03820081274480924 -9.994882024682167e+20 1.130707035291971 0.9868187014508181 0.2925546374154579 -2311.704603224805 2404.706799454289 12307.02881616553 0.3644808254235342 1813.787170944369 2938.372224181906 469 191513 2 -4.607688316484902 -0.7469314569061636 -6.030697005009447 -0.844690574441648 -3.138814095030741 -1.148170371021367 -1.698674103441648 0.5324611427101815 -2.022710065369532 0.4563964211961844 -4.369085826557056 96 569.5739319324493 2325 -1 4.040255457760081e-06
 -10.32916292915544 0.244823720962226 -313.9641313977513 4129.094468287768 1480.932278066682 0.055965934016242 -2392292295755210 65.39926844398035 13.12408212441673 0.4435458653823854 589.0898501824375 3048.136860434976 1973 127769 1 4.659854386363738 -0.2417850760524623 -2.847848907044109 -1.519705879317089 -9.158787968706473 0.004028217008574998 5.965522121301808 -0.5579369975226438 -4.068509171818456 -1.821246367838874 9.982418272047202 99 383.3343329429626 2325 -1 -6.071453157488305e-06
 -10.07494779505148 0.2481988194080799 -1333.897368570853 5.669451460878387 0.1120445934357401 0.109152993690489 -1004591159.688214 1917.926830673362 8248.134484059414 0.1142219523528141 1366891886.732373 2900.422073045361 1677 191655 1 -4.67376485165776 -0.6513215320911465 -1.357387481589565 0.8389272811047292 9.073510953321932 0.1173937456579201 -6.227156242913878 -1.144798925411351 2.498756211898602 -1.929135405429487 9.230547684331681 102 566.0520761013031 2325 -1 1.094405867700657e-05
 -10.7409630401197 0.244051244243236 -1488.4776669433 0.04607246158744369 -1.259806753380344e+20 0.2763368920845701 -6548.025217616995 3148.061956617109 26008.88455929263 1.132537743128062 22.36781264603463 3126.610802319104 1560 191664 1 4.265012358532478 -1.589829705093803 0 -1.899482806421505 8.900714172486559 -1.851954217739787 -2.300995988312368 -0.3521510181555696 -5.684096622048285 -0.7269474330120627 -2.93741634389893 105 564.8340909481049 2325 -1 1.909585079291727e-05
 -9.5079985404677 0.182659018607368 -1441.339196350036 332.3780894980537 14.96206213813331 0.05357224378483418 -326984468682992.7 3234.63666210209 17565.574026336 0.6257548882692027 48.53973363858383 2936.503843204839 2042 191664 1 4.524714950523543 -0.2390699799550786 7.868800138752089 0.2153499986232333 -2.269064694081093 -1.705532934737106 -0 -0.6422022660310471 -6.072185533314211 -1.500912163106185 -2.176593187557879 108 566.141942024231 2325 -1 -2.271177726338948e-05
 -10.01989958881722 0.1402355931155706 -236068.9207126609 48.41431623619864 1.075165680569815 12.4775812849182 -0.2246460503803994 7781.691689087824 141075.9578282094 0.79468232139992 23.49472947666579 2930.511694394516 773 191605 1 -3.995040279483442 0.8639766631781862 -3.727334462861013 -1.470359141378723 2.281901931629657 0.5280210618032539 6.597767656452521 -1.87444202318644 -7.705970240736514 -1.798775584399171 0 111 570.3007690906525 2325 -1 -8.449373744500246e-06
 -10.23262795422766 0.2098493889923466 -1916.465256274175 1.939970310578875 0.2002967527244792 0.0923942914149179 -2435516341.151688 16335.16420245081 589024.4710973032 0.1647528532853865 1647624.768444972 2909.509231565577 1616 127774 1 -4.118443152655305 -1.100469833674323 -0 -0.9414638129183208 0 -0.5075425625944253 5.649576310076334 -1.970680472323217 -7.946364633264757 0.06970073558374909 8.906118680673968 114 382.5665440559387 2325 -1 -9.507467106783341e-06
 -10.1670572784263 0.2917552511264997 -115.9315142435383 702.6816023518364 47.8984444560159 0.2529050429216538 -4248.651985107967 62.82683599971695 11.95151275976729 1213.555066379939 1077.585439698356 2806.6739016719 1052 191660 1 4.316032927492806 -0.4012023320455195 0.5075553512695805 -1.731142341617164 0.7148989312910263 0.8411916571719664 5.723564525856776 0.2114616463856915 8.375132886918587 0.6941178418860989 -7.211267342748021 117 564.3216688632965 2325 -1 -1.168376684895521e-06
 -10.02607202963914 0.1899478439084234 -8153.157635444067 0.1719477718594524 75158.03746010116 0.1028264212860506 -640694317.7010587 80344.78418009418 17116492.19386971 464.5181346769946 440.1429976578534 2942.600052214149 378 127394 1 4.656716217124989 -0.3933252279694806 9.48941490269279 -1.739554163138246 3.992633576758601 -1.730875504269998 7.910035531489036 0.3742566597404808 9.180175172016741 0.5013486340274325 4.797882250012867 120 384.6286718845367 2325 -1 -3.264882581129906e-06
 -9.853087371309545 0.0348121885424229 -1.555151271927955e+20 1.265804317251088 0.2149955603392421 0.06862327571001492 -1064012024136.374 5317.171503201943 74350.58741376575 72.81822913487512 9.407264043620625 3164.50848087504 490 175593 1 -4.161224093666791 -1.612953539162002 2.281130084740331 -0.5253059187311946 -0.2081522635879294 0.9242438741186891 -7.018546057053751 -1.363712372776368 6.234798642985657 -1.788684975951636 3.928671326284412 123 519.6931431293488 2325 -1 -1.798242553476986e-05
 -10.37038410194759 0.03709752358685205 -7.911628495536077e+19 9.478550280135293 0.05074477871057883 0.0995867642916979 -574987664.6235175 1677.958669130728 6691.535544528017 5.673640852417625 1.455027316283387 2858.045858087872 2621 191664 1 4.100075208314021 -0.2460981704947898 -7.058749642593252 -0.6257491191857909 -9.284599912967803 -1.073507513715429 7.047147439962165 0.1485746273948219 4.694042991921741 -0.1271921395442606 -0.03235763481201293 126 572.7827780246735 2325 -1 -1.042413176247583e-05
 -10.13650973116803 0.3188936759167764 -47.9429799782195 5394.445959098561 2510.275792516902 0.1160944645283685 -388497878.5179136 46.01793785028277 6.78117169778733 1.672236735437723 4.250066209560593 2979.302382192501 744 190700 1 -4.650465379797754 -0.9721490811811009 5.23912364598585 -1.060473489276003 7.606177948799656 0.718444486303127 0 -1.47195164151919 -0.9436840441298835 -1.944721581939407 -7.977302038907876 129 569.4214689731598 2325 -1 1.877575938910943e-05
 -10.01116862577795 0.3234294708811622 -121.5652150742933 199.5665931565926 4.538008735932865 0.3659001731878635 -291.1309442906193 232.550271635365 157.1852510545314 0.9311913195709776 27.7020816640107 3024.333672185735 554 126737 1 3.662991763798329 -1.453728115264983 -4.332369749595057 -0.4040338522640301 -0 0.01610058021860047 -8.538646684795618 -0.4183776449370012 -6.47283693021693 0.5002454614330976 -2.375599989727533 132 378.2540640830994 2325 -1 -6.827568748222299e-06
 -0.1923516584610375 40825.2936091782 879019.3723511276 0.07103296322010165 -824793637256.906 0.3127516175210315 -1071.66940711582 72235.08291942884 12556006.6001692 7515.022540664554 177881.4066873258 2882.957681560508 1875 191660 1 -4.67931759740434 -1.036080972738075 -4.360281156327135 -1.449402117665433 -0 0.5316703339327153 -4.650116022026065 -1.48830777098704 6.391572803306286 -0.7346682558088204 0.3471067331308637 135 564.545835018158 2325 -1 2.918708217287025e-06
 -9.838433448730447 0.1406796241130258 -350214.2996938211 5.715753427439123 0.06851299827872959 0.1494689983018286 -2409609.544010268 107.548041832085 30.78974536230983 0.9596298343969326 30.42937703834312 2945.9213323136 1113 191595 1 -3.996113671152049 -1.532701877803755 -4.526674845065843 0.03948626327701631 -7.70055121290526 -0.9644296500869594 -2.367920386740465 0.02681130009368888 -0 -0.3626063952040744 7.649991635024499 138 571.7181568145752 2325 -1 6.513523791355892e-06
 -9.483523703819406 0.2055000573847261 -8121.626046689078 601.2510541098258 64.35704239538924 0.04886160821855609 -2.810554126192537e+18 353.669292983446 343.5961668958287 0.05903679585619887 -3960266712180640 3143.521083682328 990 191641 1 4.518932870279611 0.2430909591745971 7.304710184106096 -1.981949067003384 -6.844258805554847 -1.423763522977224 6.084572072414721 0.5768629462948587 7.030969153463715 0.07277215113444588 -0 141 570.9350759983063 2325 -1 8.178542351217815e-06
 -9.508886131878311 0.2606116506507278 -882.7141508626721 6.300544674327536 0.1046612644709978 0.4567199822098078 -141.475783000643 75.21520818977189 17.64196276357391 0.1068259961224968 -2163953875.869571 3004.554988112554 683 191590 1 4.695786771848813 0.7208099049075596 -4.950362078313809 -1.77880822181919 -7.080322795832116 -0.6492687021836474 2.261697672539194 -1.485144360854323 -8.57897164358806 -0.9987819713397386 -6.376257624880714 144 575.0084710121155 2325 -1 9.905388130062997e-06
 -8.202280588014535 11.32518748453359 0.06582717190722723 0.1230271005532662 31014261.01471008 0.1214892621056437 -146129064.8557315 276.8330167247362 205.6632835417178 0.04629841889665599 1.095044644533625e+20 2980.784204218827 1624 191649 1 4.336158799777587 -0.5373706274313292 -7.727736797959649 0.8504642741839921 -4.414793341239323 -0.119700674822183 9.355980593063276 0.4717575819842494 -0.258177044806208 -0.1273479525196812 -4.198205971740385 147 562.6226098537445 2325 -1 9.067521035463186e-06
 -10.26176179392892 0.3596027483993235 -58.41709675039694 776.6635692021509 34.83037467171193 0.1610190184916923 -2328461.796705783 247.39014538192 190.8482277623383 0.09836180827780515 51107082392.41749 2814.429182018295 1450 191647 1 3.740703315860709 -1.001363105317514 -9.154898589701393 -1.705277273176693 8.770367281733561 0.7770004503252688 -0 -0.5305713255714561 -2.595466899126665 -1.267269999054093 9.722756786884938 150 571.5350790023804 2325 -1 1.499896978717657e-05
 -9.316598373588752 0.04876004949623267 -2.347400058073962e+16 4910.33500348809 2012.822419142512 0.1677136370485691 -967828.5468367235 374.4587485076375 445.2485747915745 2.022174023534624 8.197857164704526 2922.60753346174 1401 127743 1 -4.631418851596351 0.8952318705979656 -1.812149498776703 -0.1693955593539212 -0.7468000169254267 -1.520795408730742 -7.497096823927526 -1.296596694716428 8.146018224252142 -0.7125624140557988 6.725356804896363 153 384.4276149272919 2325 -1 4.689697149409146e-06
 -9.498290806487901 3.72494064964611 0.01882223797641466 1.394854901382022 0.6399360309107116 0.09255117958892739 -3642140292.717856 1510.001173716545 6443.121865492831 1.769790062151467 6.225170018909753 2908.422524962157 1872 191663 1 -4.321087619155723 -1.00209648441571 -6.117559096018151 -0.2629258004789872 0.04570200502808142 -1.557274197683102 0 0.3762545049101482 1.047229873734173 0.4273398906186019 -4.602667674517052 156 567.5870099067688 2325 -1 -9.728841651771209e-06
 -9.866088667090992 0.04151996207826868 9.996980972990518e+20 772.0560433575359 31.99852645509124 0.07857527492907365 -7106612860507.288 5605.717746696323 83387.23946119449 278.8347230501338 166.1853478752037 2834.825024764516 1344 127759 2 3.688046551363825 -1.920684846626811 9.99300835073328 0.1017742867643605 -2.185054782998488 -1.405328672361254 3.220182531228507 0.5914932672679623 -5.692685464362584 0.97799546708276 -1.419738329368627 159 384.8264620304108 2325 -1 2.288277623047248e-05
 -10.7654869894766 0.1817692142274335 -16406.41111222021 0.04426341614555399 -9.752667654219788e+17 0.1872995933318766 -69941.50696535718 1968.912055168021 10134.26229770316 4399.877010882395 28360.9863334934 3025.358961473643 2261 191658 1 4.62286243697924 -1.257786217452207 -5.293314479406941 -0.4974357723625236 0.6383203807923277 0.8607030210268838 -4.721882632647831 -1.988313317067683 -8.436193611673531 -0.002122768523435121 -7.741703109938953 162 566.6208171844482 2325 -1 -8.474344942289669e-06
 -9.655271429645998 0.1950927546873377 -4235.306639713232 108.6934740505087 2.047151745544678 0.5328398730865941 -34.13045294180386 712.3853415050509 1397.329378697562 4567.995875984391 66378.09500327893 2755.150901784881 1297 191588 1 4.495561460689293 -1.887159249351195 -1.275180856359228 -1.221393509173531 2.994926278874276 0.4023007394353058 1.144465174978737 -1.11504991799529 3.68582660107408 -0.5732586663692674 3.827424126132881 165 575.7165460586548 2325 -1 -5.599320519964826e-06
 -11.04645393472982 0.2771305215524515 -98.22811496214349 273.9277082971942 9.556250825439351 0.2876749105391576 -1005.109027652453 63629.00118767477 10802200.2555348 0.04429162421849343 7.999083966726531e+16 2791.559427834806 732 127692 1 4.563381445407623 0.2843861936691012 -6.349531171407072 -0.780843732811709 2.388039134911032 -1.142952463921455 3.740104010626164 -0.6031943660704338 -4.909187354708821 -1.29583267573938 -0 168 386.2520790100098 2325 -1 -3.283885752212241e-05
 -0.01110339650276 12367.28687876089 74748.0384903201 127.7722591653688 2.800299033672332 0.07097233596666076 -10982891457536.93 167.6060662122696 77.46373103758023 414.2680359830183 -67.28011270822135 2864.707593679909 7188 223608 1 -4.688630880312627 -1.826411960879907 7.672810576517536 -1.184353037128581 4.832463344100677 0.7664967655464512 -7.350590881854693 -0.8142792545925568 4.489803427315531 0.2671043311447611 -7.070591428651314 171 659.3971321582794 2325 -1 7.357782287673023e-06
 -12.66473167872296 9.237340897144378 -0.0900061434903785 285.7115863772082 4.233390510487076 0.2123334282969145 -76058.099835582 1171.509066682302 3020.291727543882 2.450268811675451 1.717102869235834 3068.92103283932 767 174429 1 4.255362855407574 -1.683541078752794 9.957317945283776 0.9949102369248933 4.93560850050612 0.3574091207009262 5.871213518869446 -1.51341751129562 -3.129812181670505 -1.955220602348974 7.394743063951301 174 517.7867960929871 2325 -1 1.219147286201247e-05
 -4.431479479777179 74.14464448914353 2.023189481516741 2403.390375898843 869.5362877301045 0.05072452602155868 -9.924961744623626e+16 1419.565618742912 5025.595912206981 0.7636196603892111 46.51811685372121 2806.70741507809 1448 175639 1 -4.536298469567271 -1.113562387746194 5.859031189582633 -1.3820805866822 -8.685897875656176 0.7058517990847122 -6.266201719624709 -1.733080556130774 -9.228735745610607 -1.351450097724067 -0 177 520.6997218132019 2325 -1 -3.762419714619829e-06
 0.7261368816041641 21003.98452166974 231717.4311848938 0.2040912979829498 6406.73394868891 0.07602036934755696 -32410358947.05229 75.80745977092464 17.29876987667776 2.317404623893939 2.478851462555552 2958.196185737174 2983 191663 1 4.669926909549701 -1.841092996241519 0 -1.474771375850329 7.746623868165555 0.7424499098050812 6.779039961076943 0.1472911035244588 -3.73264459419354 -0.7267039068037554 2.683418258985983 180 571.9020760059357 2325 -1 -2.397623031005294e-05
 -10.3780807868661 0.04939931209569698 -3.060396384753445e+16 0.2044582130891369 -5473.3051653153 0.3558885752110842 -534.2693092737651 9515.647593913824 218282.0773869011 0.2366752202764399 83949.24521455874 3064.095915719437 3355 191650 1 -4.038295265763836 -0.2987040308514475 -3.421247810730287 0.8840441215822805 2.679717847415325 -1.682978386608501 -7.812204828001333 -1.466749425648338 5.430989577600599 -0.7644942261131353 -0 183 570.6970150470734 2325 -1 2.259580869961693e-06
 -9.637356333118037 0.1747049358696315 -11608.37073734171 0.05649862552431269 149352907377171.8 0.07234409781405408 -1059345737289.072 458.0816098688949 516.7812514143701 1.0571289560154 19.1009045427647 3019.769667087386 1843 191653 1 -4.363113371182799 -0.5393339027376031 4.18003318814506 -0.4146038462988129 3.144395192403088 0.8604668806612081 -1.851966637802762 -0.3280788023066759 7.038873289435548 -1.677846829311026 5.475144127439096 186 574.3093631267548 2325 -1 -7.718107070315899e-06
 -10.16976099199324 0.1874280865540766 -22974.84438711494 19633.02159261424 66825.90099047044 0.5511854260643272 -23.28502930968446 28275.6758373231 1922682.381944301 0.0551135324134284 1.670105846461367e+17 3159.372378477986 169 191486 1 4.561190351179913 0.4055225561187354 4.948600741432807 -0.6564751754171221 -7.99183544824797 -0.5339370745520169 -6.745540152279605 0.6817365119087655 6.043990058489367 -0.3200593323506347 0.7521704565884688 189 565.0588519573212 2325 -1 8.497408577089156e-06
 -10.36870471895848 0.2707468477693236 -89.57450856937102 356.1722447157968 24.78773877141639 0.1687711975558928 -194178.3803226437 1163.935477780488 4331.254427304553 1.642487226083429 6.548302347410481 2975.898823484576 1126 191660 1 -4.613095690965684 0.9288205273493584 -0.7400270479354725 -0.7020445487179092 -6.416486572208498 -1.841221440375123 6.19109946141658 -0.2689687677661264 5.342354109149923 0.8321143495532097 -0.9200485855145999 192 568.6203029155731 2325 -1 -1.847513218547924e-05
 -10.34317275969821 0.03739443130021294 9.998557820266275e+20 193.0552954911176 3.758353826181242 0.262333308484941 -5445.77944501819 130.8114473927742 51.41393356328963 0.05188819038677556 6.014138507523474e+17 3029.361586018106 1216 191422 2 -3.632332741362124 -0.06059223034183604 0.7243697670740561 0.2125107675011079 2.480032294173051 -1.124876398562836 -0 -1.271839992455964 -5.054270130360873 0.6451407347572168 -4.158448554368961 195 570.0221469402313 2325 -1 3.125820150495475e-06
 -9.9467245871451 0.1847682443359327 -8009.191948280952 7635.2476005994 5501.813409375593 0.3762799491153671 -230.3755415836297 31033.51736435277 2282890.488148225 0.8774273180821742 2.990895651950794 2971.145740211019 2405 191663 1 -4.377832142299486 0.1914660435626962 -8.13958589054676 -1.187386160812911 0 -0.570767267577633 -0 -1.202435868057251 -2.7486604807025 -0.1322443705944236 -2.465940419349061 198 570.0920259952545 2325 -1 -5.815663209944562e-06
 -10.00802639996181 0.2671642687339046 -399.2252271692569 1.218591225664514 0.5687709731467553 0.04545485183066145 -1.09745441525198e+19 2577.419236816298 13960.79682640612 44221.42723266318 3079744.358177328 2912.344127624113 1071 191662 1 -4.485058095552496 -0.8882638123047553 8.874118165278308 -1.237659786777945 2.429665787363424 0.2755463208909629 -2.936513828130605 -1.937083181103545 -7.5017381787447 -1.324673125222695 -7.184948340832806 201 570.8193109035492 2325 -1 1.12011299366938e-06
 -9.892395986096595 0.3069894604837367 -150.9563155067476 1.956055219580019 0.147485095848248 0.06337326095500176 -179937201666049.8 78.39975402913348 14.64370172882124 0.5023820930019108 -38.62233119139669 3012.300739062326 1860 191663 1 4.659255692958032 0.5616454783626814 3.510937282599638 0.2095051748950914 -0 -1.746001042369771 -0.01430019755192369 -1.934307172366909 -2.106658857239732 -1.874751908675806 -1.215557409694789 204 565.0457129478455 2325 -1 2.990299591851974e-06
 -10.46381038537715 0.2565728380324159 -917.2248517777633 15.6164681403277 0.1215544184443123 0.06618570857467845 -482180828011249.3 161.6512815389575 79.65595852796399 0.09121494213557653 346428404115.7868 3051.462561430076 2193 191663 1 -4.487822822114898 -0.4520325325468502 4.461076099437855 -0.8952917623597569 -2.501013055765776 0.9283936471120988 -6.297595085880122 0.9323325558355977 -4.237989771813299 0.3758974983239093 0.5459918806412478 207 570.835862159729 2325 -1 1.667890556747062e-05
 -9.974584696461317 0.2251571609743099 -374.0264759740884 580.5533396750031 59.79960428106737 0.3105591210253221 -1337.827530593037 109.65953182053 36.90983197218283 1.277352737176574 28.73085648527847 2924.562732130636 2591 191649 1 -3.589199518582451 -0.009092693758717036 -0.6540885401267711 0.8537922401972962 -0 0.6977903852286182 -0 0.09684121001945548 -5.003513947044041 -0.5059154456748018 -0 210 563.8038070201874 2325 -1 -4.525420039083585e-06
 -9.473724579422576 0.03900592993869592 -9.962852506049868e+20 14364.03402420669 9608.932846654727 0.06384833603513841 -564219192260353.6 90.41092270706362 25.93980570000979 2.751487377197577 2.633942591931213 2922.154177870299 1016 191663 2 4.483596297730916 -0.8357226528088075 0 0.4607621554249315 5.387118020283979 -0.1928053919983181 8.604681035269724 -0.1453929272986497 -3.172884239830075 0.407799895914799 -0 213 564.7273099422455 2325 -1 1.247790606173535e-05
 -9.913498185817053 0.4073585954978443 -18.81180786288494 2279.680137288636 875.0563331527491 0.3828283874638678 -281.9610510721307 503.2108645735301 619.8470547504113 0.2036341457599695 235862.1782200039 3088.392766840722 5385 191663 1 -4.664755229719023 -1.88237727257065 3.412812498611348 -1.828980079241453 8.098454387171744 0.6235127359104901 9.421955287009949 0.6029878754867424 -0 0.1703015436024548 -5.73110750732371 216 566.1985440254211 2325 -1 -4.497214655231815e-06
 -10.35115654284418 0.4091455462029328 -16.82853378589929 195.3284884575347 5.065777525266713 0.4264617616865546 -55.97551797447584 966.1535527354398 1976.425621928737 0.04025152351256713 9.930865285033937e+20 3054.882549620729 1483 189327 2 -4.387075221080988 -0.6827478240165714 -5.712721409765428 -0.8874574271955744 -0.3500077092406122 -0.03680562629026518 -1.47995416192624 -1.032714300015859 1.050755117954981 0.7680504869060565 3.142294792809499 219 571.180230140686 2325 -1 -8.242522407879386e-07
 -10.18272653436573 2.465010708512364 0.03928181319001713 1.513941063966635 0.2847414167314388 0.129324134487155 -16626324.96718957 9226.625673013521 233633.6618567649 1.148328744978697 25.40314305872647 2893.394966159 2528 191663 1 4.468101465061318 -1.541626897364178 2.155416686374846 -0.7827480545699075 -4.656584588184674 -0.6916278395745792 -0.8723809461286551 0.7318392409322065 -2.356693674121749 0.3672644478434503 6.702303685151343 222 574.3292829990387 2325 -1 2.141090754638523e-07
 -16.44513796646841 12.69899764182169 -0.2432760793223883 1.534990587912 0.3283147723419029 0.2813904424510532 -3376.530222031879 34751.37090831424 2993255.14202121 145.5943010095683 30.58732522211186 3088.556623448184 1405 191601 1 -3.88372318320407 -0.5888525302154335 -0.09180038872773366 -0.2517579988007484 -3.223010756943656 0.09320357620765707 1.683309212341134 -0.096567170956118 -0.1702538842545609 -1.92190618695583 -9.762460004181618 225 569.353814125061 2325 -1 1.478816905149708e-05
 -0.3916987720620912 245.1604684267222 31.85364624780891 561.5761360376789 15.68864267022611 0.2963402089828922 -2043.258517193236 520.2893467850797 729.8461164942249 0.109161808931174 -430813181.6591737 3101.42186962321 479 174518 1 -4.404028226066232 -1.043757443695374 -3.751620688808015 -1.26192413841348 2.829860347459018 0.4937351186836487 7.590227196239594 0.5241903751254946 6.061892905346709 -1.443239961500606 1.745951938791336 228 522.4923799037933 2325 -1 -6.433386564939474e-06
 -9.758643188455899 0.243771015354906 -789.5479731611689 6756.460493130115 6553.68499811106 0.6496956564924616 -11.6356007483684 83063.19848237187 16754035.06822344 2.632987348079073 2.853845403182324 2914.527845545751 443 190929 1 -4.107335448695395 -1.310455688806284 -3.569912749529282 -1.564057091781461 0.9323350174633775 -0.1215419460710941 2.394198674943647 -0.5350796677969818 2.878369909224716 -1.98769909588923 -7.257354847815535 231 568.5086879730225 2325 -1 -1.089276718073612e-05
 -9.565023169439563 0.2652727337711555 -200.1596726562062 4.366258876218253 0.05998612510634933 0.2462018083622929 -11408.62187341781 453.6208305427344 486.5710046938692 1.198958610638918 10.72031079082084 3125.457800419523 813 191653 1 4.49624466385119 0.7881857610930587 -9.530645085078991 -1.157002414471189 9.808006763847779 -0.3327828634077248 -4.49661874993656 -1.751044717380071 9.196671239288236 0.4993105548252714 0 234 569.0168039798737 2325 -1 7.715136995769292e-06
 -10.36069549344395 0.263014368017464 -126.4697341683718 0.04053603247545563 -1.634708751970791e+20 0.3582734683021297 -331.4451121412156 1122.011191914018 2967.433580323758 2.067567045654331 4.622869689655196 2936.746447456038 1292 191657 1 -4.52743673150328 -0.8975946896697842 9.095067274090873 0.2183800988811599 -3.640254964794399 -1.765883276238457 3.582777961192744 0.6376984569845447 3.824981489548412 -1.79332179493236 6.560524247740524 237 574.2131140232086 2325 -1 -9.765830300389057e-07
 -9.724496534772205 0.2736364957241765 -286.613388363973 2.411754349405067 0.3403035154686571 0.2180361035274841 -33872.50798289693 19477.38241385938 777342.9607089907 0.1014048196427719 -12321620253.80059 2820.257148454993 2380 127776 1 4.697480739856271 -0.7562296758716904 4.101863301602573 -1.130564633940063 -5.901259417430393 -0.7852308992888721 -9.374212631532828 -0.7598101628333733 -8.904450005650375 0.827487223375968 -0.3728021172479519 240 380.3581359386444 2325 -1 5.312374872876996e-06
 -9.696177503080763 0.2157181659997051 -1876.868370205139 2.277033556509111 0.2290996485177432 0.05631248805429315 -2.097769554882052e+16 1172.52514463115 3814.715612276781 1.683156247384336 10.92848773864316 3005.099427639987 1391 191648 1 -4.179891305557484 0.43693545336957 -0.7224832836579571 -0.7250723870630571 8.676723900015572 -1.262788990573856 -3.391441044446124 -0.8148035398446468 -7.329208019805437 0.434192983077597 -7.392419518676181 243 567.9487409591675 2325 -1 1.028899709061244e-05
 -10.43380586963697 0.1988608300225303 -672.9161056591853 4.528283138063022 0.04695394141607762 0.3023714217565648 -345.3838297757998 1349.224132386415 4467.031161116764 1.627977774016302 8.928424109265524 2828.627466659467 1029 191660 1 4.413865792846845 -1.62682962053056 -6.497661835791876 0.5330081299442533 5.347956232067862 -0.03211498063311428 4.266798118277607 -0.4067063220700433 3.630325629216811 -0.7041848375550348 -4.81124592861581 246 566.1755340099335 2325 -1 -4.318789479857952e-05
 -9.242791809051196 0.03570727681906066 9.999867607581591e+20 6.420347855017016 0.07027612786406721 0.0784953395057902 -144787845712.5012 87.18403456271498 20.21551014084752 0.8662178949545599 29.7672767069184 2956.34122997498 1154 191589 2 4.538772667163409 -0.4498623873053642 -8.741401830751096 0.8137372062842214 -7.538314815775056 -0.656385803836768 -6.273816380494726 -0.6386760794746884 6.963493733085669 -1.406747636452442 -6.439969700086659 249 568.7154049873352 2325 -1 -5.343519980115738e-06
 -9.789848979359677 0.1954874108967298 -3933.732812748619 6.052391381611273 0.09187915240622456 0.04596435591805587 -1.246032286840246e+18 25578.95498777927 1714033.635885643 48858.83466527763 6431039.38966772 3109.656919367131 250 188739 1 -4.621542394566993 0.03335115254100531 -8.153632769905322 -0.7195339694760872 1.98015877641827 0.06324902169127841 -0 -0.7639974734016137 -5.516855623341792 0.8670410336963252 0.745794784018079 252 566.9328761100769 2325 -1 -7.640718868212729e-06
 -10.07265853846625 0.1376550784634082 -3876467.127588435 1.701146049978279 -0.1174239239976346 0.7291367702716136 -15.34064668882685 410.8649542825667 398.4020210844279 0.05492978838225383 6.50021152612829e+18 2955.564808426788 868 191664 1 -4.492680031931125 -1.085620225845432 -6.938710266964761 0.1379630372195048 -0.2551288846113651 -1.776617122551746 -9.213558865468352 -1.730165510697697 0 0.5020732691290042 8.272094339149664 255 565.1450669765472 2325 -1 2.755939295404388e-05
 -10.31778037947848 0.1744566965203361 -72626.31087710163 180.6950316984062 2.076811438333118 0.3421896379158682 -665.1895911656746 1456.855237283451 5972.106597959433 0.8807530408095749 31.16689920910149 3074.010338130941 378 127223 1 3.41466350941211 0.407448377053734 4.636187448962727 0.4326869501453539 1.422191243423269 0.2283975835877228 0.7498797221138442 -1.103138784837704 6.223239975712534 0.8722306479983719 2.802691064059659 258 381.4620380401611 2325 -1 1.534567323033919e-05
 -10.22586658776903 0.06159493210615474 -23504272593869.45 1.644685967306788 0.2663280420919321 0.1254772925074973 -63963559.49771905 814.4342749524994 1749.196767906083 2.492885538011191 4.939152003360445 2816.795129861044 3737 191660 1 -4.562842233034746 0.7798032812821529 -0 -0.4933179741160867 4.515489922952259 0.2373748949270493 0.5946154820059704 -0.9473417462096423 -0.6100729299403196 -1.914640374891073 -9.471043544278343 261 566.8435320854187 2325 -1 6.641972095628579e-06
 -9.780766048796517 0.1499598303758813 -367946.3353246831 10.52129246975718 0.08042850722497182 0.06618893870369301 -87717826926051.66 53.12640587682635 8.860242223802974 0.0924513642145906 75446807310.8131 2926.371701052758 3241 127774 1 -3.942993205925756 -0.9777786999525588 -8.774372324826235 -0.2341142330120141 8.269465621504544 -1.223762479149018 6.05756624680877 -0.3002993826585865 5.90823187437999 -0.9227274544373066 -6.002227001943022 264 375.6487679481506 2325 -1 4.794517805904772e-06
 -9.615412686545241 0.03809975330412325 4.078750750383372e+20 125.4638799151421 1.003447590577887 0.1874939729911622 -153039.2996943761 52752.35275697235 6274639.848036431 1.001394065442707 12.10949027644333 3036.491808466846 1644 127760 1 4.357314456815361 -1.969157936098226 -6.488706641225347 -0.3313715527795917 1.655506483776081 -0.2912696985253281 -5.88098419214023 0.07624176081281804 6.08241523043599 -1.969776836352993 -8.48881371468182 267 379.1743741035461 2325 -1 1.538316024055683e-06
 -10.37153860496247 0.275870552449885 -290.0387014522102 4580.127488071466 1985.907097106741 0.3201227360269533 -626.4890327572685 118.0331820611606 41.95098766268601 334.0315803674641 155.6638690765424 3008.551515653792 1445 191660 1 -4.688441775337681 -0.9282430825834709 -1.358733055114237 -0.3304543300872683 -2.035659186279336 -1.963218129692495 -5.644188600962636 -1.45725729245329 -9.44939168862221 -1.716290382466624 -7.489237225220819 270 569.1265408992767 2325 -1 -1.507499328657288e-05
 -9.551422708150113 0.1428586865573043 -75384.93339352147 6158.679504735713 5432.522002313919 0.2475047636668467 -3269.446146732565 1202.905481590565 3234.162107827636 398.6569245378915 324.3778872004995 3036.225942079604 3334 191656 1 4.274588238778146 0.3058283506176882 -2.34010560193988 0.1223341118265866 9.143205339555923 0.4636540667290938 -3.398419714130401 -0.9487145511686599 -1.755092281926106 -0.471229869428794 -6.953651375290606 273 566.1828210353851 2325 -1 -1.438868113490707e-05
 -9.757408591641756 0.1205115575265077 -22033556.01081697 2234.383696816084 427.3295554728696 0.477097634615435 -91.96465797615848 150.5030040305942 65.27259989226532 0.1258234619323629 -208274760.086206 2965.812939472451 1623 127761 1 -4.209521712246293 0.5560920408091596 2.375197940433413 -0.7664004489679694 0 -1.441142090396595 4.231829455242509 -0.8078185873482413 1.252931521156218 -1.037654755026847 -2.44637113181605 276 386.8173627853394 2325 -1 1.028228452626102e-05
 -9.77656400860047 0.3513110510798435 -21.00135653865231 345.915643845998 14.56448598602851 0.1726483379584355 -216408.1178852069 326.3245266011187 245.7868985505404 0.358907039170769 2278.764391521448 2797.178534512421 1104 127692 1 -4.525042120710038 -0.3063442087508453 -5.499639105342389 -0.8711362875828712 -2.661391098877274 -1.928694114629441 -5.379524260544858 -0.4923054678780368 6.100436697705314 -0.0730104471530746 -9.537408543208409 279 379.3540799617767 2325 -1 -4.457478799581963e-06
 -10.44367479040028 0.1669513584927759 -15157.44033030126 0.07465142720712255 89931676112.90794 0.1027506246348828 -365706528.6594096 2904.763886413315 21495.3533731656 4714.17911395702 24279.48356594523 2914.28779117455 1998 191523 1 4.630743105588649 0.0275868872642526 -5.035757887696196 0.281748284179141 0.1303416188465234 -0.2055411855819544 -7.781835223112804 -1.984865560900885 3.243140851491345 0.1745984937585913 -0 282 574.3234720230103 2325 -1 -9.098243749189335e-06
 -8.355554113651891 7.175488611494798 0.0587696317654841 7230.643530065378 7149.227082768908 0.2398990520361219 -13149.57612536961 14527.0888338397 449225.6906856608 1.765666467074778 5.6500375269437 2946.522281174527 1068 191403 1 4.038761032122387 -1.486854370085913 -8.075922871843263 -0.09457730411253709 4.668582405874625 0.8518842124763588 -1.574449758669441 -1.475076353214424 -1.178508936128733 -1.770803868477499 -6.865194199824896 285 569.577577829361 2325 -1 4.855482098246366e-06
 -10.08719604523863 0.03959472784547086 9.998259208759834e+20 290.8993659324466 8.017913663827006 0.05034901717110501 -6.115219291659777e+18 1720.747591309697 7891.207644650078 945.0217555714203 2143.654665296072 2964.762641277591 1059 191652 2 4.421707735587512 -1.596102512541832 -0.4637147055358808 0.6688375019673556 -4.648605275299141 0.9243961216519168 3.91414022238197 0.3063733050756245 0.08601248839752973 -0.001785608745921167 3.906972729019003 288 564.319718837738 2325 -1 1.564951493574261e-05
 -15.66112437975207 13.72969227981466 -0.2550177627289485 215.2254759590278 5.491099741880194 0.05601579628564942 -4614420030332470 38371.67170583808 3741097.619147706 0.9484591689780961 37.78368184639281 3098.270132846465 1319 303463 1 4.440005232290509 -1.621212265278093 -8.848596947965685 -0.3996080080702341 -2.319464771379875 -0.9041087731132773 5.833122817374297 0.5206946018009759 -5.914945032801745 0.1459044502090609 -2.418902298419605 291 890.4641511440277 2325 -1 -3.03140560498103e-07
 -9.146431223908012 0.07628975996143124 -1625820663108.189 605.7390935550426 55.34793276018036 0.0932264310561853 -133369417896.8776 22685.31604028463 1249850.440395781 0.5178260592959343 849.5584693124879 2974.395669350666 5231 191656 1 -4.503455388281679 -1.323790345543895 -9.132758931872191 -0.7368020180433383 2.934987507848581 -1.157272816526731 7.568434314768577 -0.5278575506441046 -1.256801991130668 -1.652444691729416 1.262441391850718 294 567.1495220661163 2325 -1 3.058118102431292e-05
 -10.49606579420564 0.1200232029383424 -9811913.818166722 29319.14550833206 11371.26090722719 0.06202960329784064 -350093007055568.8 4564.091467238813 49086.32087702108 1.578025213932474 6.078256631106051 3114.373553827422 2243 191635 1 3.997424608091507 -1.366321191426064 8.083647412747437 -0.629079496886864 7.515736169009759 -0.1119049412376869 3.533458296749738 -0.8325337211306092 -1.801336995539631 -1.399320904358945 -8.828120959718103 297 569.7431650161743 2325 -1 2.435426279586357e-06
 -0.06888784826047707 1295.18919607535 890.6865539242982 600.1463972533764 103.0292504458078 0.06529695093890944 -97463090087731.53 1878.521514244181 9907.740349480604 1.009239768045983 36.13121153871057 2945.420258230714 566 191641 1 4.583249267116233 -1.038830487972572 -7.438316336957222 -1.477784276544431 -5.333062440693949 0.8334053117821507 -7.438890217337342 -0.7229885950517758 -8.505720909705937 0.2617951861289782 -6.810024227555105 300 569.219731092453 2325 -1 4.130205361044685e-06
 -9.943425981458498 0.2350234597444467 -543.8530064148832 98.91287866230789 1.102970460219883 0.06256178784120067 -26774602423073.13 191.1022595908041 108.7504711955896 2639.193912540229 8930.114765271095 2891.197080565674 2665 191655 1 4.623654991479413 -0.5205934936485113 9.728629019003057 -1.130342055050695 0.2737615235121846 -1.462681889667393 -3.411460016745961 -1.978928877717013 -9.976317345117508 -0.8682982580470933 3.087716550874985 303 572.6008369922638 2325 -1 -1.293230768059461e-05
 -10.34671401334165 0.3077578288400742 -92.10580589244873 55508.75168242178 172488.4596229664 0.2264966614565641 -7627.687364047617 42.77310690487714 5.970375610775809 0.8759441616484848 59.20176113257456 3018.743422893085 600 191465 1 -4.59956629519583 0.8464661895983698 6.119044532580959 -0.4064778780844076 1.171762561640699 0.1173821012418807 2.124898703162537 -0.6463915273799188 0.1082511704171472 -1.480279950188663 -0.8115969368846168 306 571.1721298694611 2325 -1 -1.58904687584018e-06
 -8.60796838993627 1.884198193857882 0.07043194329919439 1.649147756823005 0.3795807476383469 0.2958895650708866 -1305.834532206399 79.87746252406784 24.24601982229276 0.1587495326625299 14011398.86327264 3068.353992008456 1353 191620 1 4.654644371694891 -1.253923923906027 -0.4552017537906199 -1.140078641562043 0 -1.758062602202641 -4.428317031231473 0.830161240799808 -4.259887325350683 -1.300052237234272 8.915804639262182 309 569.6459438800812 2325 -1 6.024028134935373e-06
 -9.393209084622383 0.1443083563044701 -703529.9357140657 606.3392590042125 55.90796213977313 0.4824873500184182 -56.69549513205912 53.98263535984399 11.80778523916198 61493.76518549645 4192479.860624966 2910.364801726355 1537 191657 1 -3.431380745385105 -0.3708266720424956 5.220497871723593 -0.9008469858407224 0 -0.8504706703173426 -7.875669084421929 -1.572651654882327 -0.3339081725848327 0.6908694386567769 4.476273490747089 312 576.2129559516907 2325 -1 1.250132384026168e-05
 -10.06878361326876 0.04349668718871133 -8029627598150189 206.0392909102985 4.08621000763326 0.1514236995211734 -428056.6926567871 1132.748065081638 2965.644932873796 1.340989663205489 9.147766395111546 2980.756233105004 704 191650 1 -4.157854435122406 -1.737127462805133 6.179189960613353 0.1583429997785406 7.47698239677173 0.6144870843562429 5.996952388334671 -0.3455848261451075 9.913739370845974 -0.4337541642412006 3.50664278502296 315 569.1477599143982 2325 -1 -1.816834221219087e-05
 -10.16237941525638 0.1262818548176902 -13018052.7324418 1140.490296646755 90.83565176486992 0.2373208515476424 -17244.42252721775 799.500552831512 1638.624819025135 0.5824101290186047 52.79438901853843 3022.102211773702 952 127769 1 -3.950028858220153 0.3421629225490274 -0 0.1026038144386581 -6.961000047240052 -0.783692058244811 2.544141233758479 0.9453732266959948 8.509927710308592 -0.2623721330050985 4.391593112159176 318 380.4730250835419 2325 -1 1.549891502002289e-05
 -10.52358137115875 0.05032000734575752 -78828891293720.73 3196.356692277122 112.9522605747201 0.1423689434113732 -667534.1535900075 245.7740239174128 175.3915330325435 0.04514841719174996 -2.358103511441085e+17 2863.794125739681 5816 127757 1 4.532844957276642 -0.4457304997358592 -3.164999767311261 0.3777142515976033 6.00558364807151 -1.429942032189251 -5.690525375096354 0.5034689600999949 6.800842057678929 0.3121862430650201 -8.555512896351033 321 378.4357218742371 2325 -1 -2.281983702889289e-05
 0.1223256167926034 501.1295331418862 143.4734899980993 53166.46441488124 163984.5876527324 0.3720713207695462 -420.8039557496042 38823.1116940186 3110245.866506126 1.592856537941194 2.405570539275497 2835.949037966504 1127 207633 1 4.102535440176084 -1.944866062657694 0.2729885044227673 0.3196442853275778 0.5415091467922339 0.5102716338655902 1.731165640617201 -0.6181396411612976 -0.3593415021412234 -0.5981482139579946 2.197420442397455 324 620.7408318519592 2325 -1 3.421404573020261e-06
 -9.767986042844251 0.05393609881875235 -93663465135852.52 23577.80840863851 60995.30139102975 0.122146435770535 -33132329.64551255 25.27411886788158 3.144526492413499 204.6380253700826 56.4875138884327 3018.266712449471 2718 127751 1 4.696691798954071 0.4520670237262112 2.575641890622739 0.1053476875610597 -5.147083082852502 -1.447987561010549 -3.881497119614892 -0.3577626359134545 -4.991728299468917 -1.13948571578798 -1.660521750767758 327 383.014221906662 2325 -1 -5.58139348523356e-06
 -0.1651550517225617 1047.941690351915 547.3029199995282 26773.15887266175 112404.4055568433 0.8263413062735887 -6.764361191475326 140.7652749284595 64.43319442701707 0.70990302216974 134.7460024843443 3150.501948824873 527 127748 1 4.697433048234571 0.8668454396721379 9.416382896878861 0.8448155653557867 -2.082624641444476 -0.002887260963984108 -2.14303642716183 0.9269250461375838 -0 -1.415557839026285 -8.097048176641565 330 384.9752769470215 2325 -1 -7.221468697769224e-07
 -9.597698314766635 0.1995445841310187 -6995.586827094816 15516.83156191024 63703.73435184939 1.783928709788191 -0.8151269926039396 42356.74248573624 4751973.226120376 1.248782715374569 22.10619918904059 2949.298520900222 731 188334 1 -4.622600005293848 -0.753649451808549 0.822801307425352 -0.03764034924532924 -0.6608145297933965 -0.5247439353261054 -4.81638348823612 -1.512267656693124 -8.377076262437566 0.6344332367310281 4.453651749785187 333 563.7149269580841 2325 -1 1.036791848524953e-05
 -9.44873331748939 0.2277428521509406 -755.5758363459461 106.4808602895279 1.126452790743875 0.1115260503053325 -92684439.79668441 462.3556275784226 668.2163415212649 196.4210862615805 130.1980486211048 3030.559860514884 240 191663 1 -4.601250289608259 -1.971283988070245 9.934713395178232 0.3570414533749617 0 0.0126011541201185 8.375403516709227 0.4511019593111127 -0 -0.9695891216326631 2.626625977477006 336 568.5394699573517 2325 -1 -9.821641630883549e-06
 -10.63963466749818 0.2165155056333642 -2301.01254366311 897.7973879745457 99.55193561321248 0.07221374000215139 -9953633868574.039 54.25641653763898 11.02172061366511 2.587193375410258 4.010889735109187 3064.022105033896 1453 191661 1 -4.650290266867666 -0.3186677502577649 -3.585471933835135 0.9986688955252356 -1.030524084271749 0.43298790757287 4.006075982152891 0.3453659114325354 8.439191438771486 -1.45755666346345 0 339 571.5854110717773 2325 -1 9.423019311118395e-06
 -10.38308976494467 0.2393184312743602 -517.3781665388905 6.940968218679635 0.09099361943267291 0.05365794767079329 -4318051412458844 171.3061783809644 86.73093580353094 0.08918907993074671 39103235156.29922 2865.10099123626 1416 191651 1 -4.546298758425094 0.3589679917363848 -7.551988362804817 0.3633756856444164 -8.79294650037947 -0.8729852561705701 -9.396928359680436 0.1108647151742179 -8.893483909682127 0.9387258093217968 1.860142029323632 342 570.5170369148254 2325 -1 -6.973677895463731e-06
 -9.830130570943494 0.03720047312301294 1.500411880530864e+19 62561.38792149095 1253874.800704675 1.291367954976818 -2.210981027605301 64.50362040911055 14.56991389670114 1.162915151641966 22.47285472080064 2955.774636446545 3731 191653 1 -4.616450027018026 0.368793552745617 -4.204295387062362 0.2868685001225519 0 -0.29271530255604 1.173851383674161 0.2270519543787768 -8.730258379666592 -0.1826068350595005 9.50875189143696 345 572.3834228515625 2325 -1 -1.18302267331316e-05
 -10.3060473723978 0.2462181127050462 -754.8551364206033 0.1433758420300792 733282.5916718363 0.3030988720625605 -665.4700520738319 1832.408347921606 7529.842935161648 0.1588067905461049 1980329.596616936 2910.533634563911 824 191661 1 4.380768777723369 -1.930340562967585 0 0.1058988238486296 2.341524690009091 -0.3792456131979245 -0 0.2768752449062508 8.420730944530904 0.09769534136250255 3.759976395345459 348 571.4680781364441 2325 -1 -1.005540067239777e-05
 -9.694612464271733 0.2191704208243107 -2423.536548543856 0.2165055927026195 -6197.804707207126 0.05557410045713426 -3387736073976366 135.2822498684365 50.49987713051608 0.7703548039022302 72.45082977401432 2918.691871433718 985 191636 1 3.475858507282109 -0.04448629556392181 3.367077408545604 0.7595683835574274 4.393554496331973 -1.621707296847418 -2.98734484192553 0.9015038484810129 2.3739961664503 -1.237592496464408 5.545613516336401 351 572.6441791057587 2325 -1 -1.873133915232932e-06
 -14.47220107034846 11.92187214086336 -0.1616231198309799 53394.00355573477 440300.8849448981 0.08731595225768719 -347002394191.7603 10266.77246500354 242618.0712674259 3.692652621655992 1.209741693181723 2949.373202717999 1290 191621 1 4.283810852723764 -1.378135251831266 -0.1033993870723533 -1.245715624806872 8.334056620782578 -0.2125001431501863 0.07997279183230077 -1.145216888134533 1.276271983554353 -0.4150863331937762 -1.657039565770019 354 569.6781139373779 2325 -1 2.093016557444299e-05
 -7.96934268461772 7.90557458494591 0.05294783889486288 9.564039088225835 0.0437807738833668 0.3334388614729049 -356.3234830211598 7725.715011728317 147211.0612405898 0.1106964709617052 140300415.9703519 3038.549137646955 588 127755 1 -3.192977372613893 -0.6725277673834196 4.743828172827316 0.3477145878362098 7.181621213124124 -1.461255619133977 0 -1.844849169597824 4.946852759019217 -0.59695317236603 8.158027922325171 357 382.5130059719086 2325 -1 -2.370543921685809e-05
 -10.15421782079114 0.2994944439328115 -77.86447059860635 1.795620514719477 0.2431382119333083 0.07997528425359775 -492967570458.8254 215.351430606574 106.1920667222684 0.08590455620041552 254142446711.3828 3015.547906862123 1107 191637 1 -4.535743015760467 -0.186211024809376 1.910471451717932 -1.106188747179914 -1.951995805860918 0.9183834705146854 0 -0.7056839460686497 0 -1.930217288842818 -3.657799852959801 360 566.1194448471069 2325 -1 8.534755073785227e-06
 -10.00172698836776 0.03810721957455959 -9.986384173858159e+20 1.477582036488185 0.5158241918343274 0.08682467921216037 -84459549108.73953 74.62219177726485 18.19758194093025 1.399625699410226 5.905469600463095 2884.053718641085 734 175499 2 -4.271029859695036 -0.6082267908310799 8.080828493673762 -1.081545551675342 -4.671847864557129 0.1110804168989458 8.632351688874971 -1.509965499650556 -7.54684974479752 -1.611596872305965 -3.652053208255195 363 518.3765959739685 2325 -1 7.205759864631841e-06
 -10.26621887032409 0.0546795937274814 9384043933613818 6.95953095110294 0.07533871676394548 0.2013788544861789 -201568.2565960072 153.0665864191123 64.42687689241049 0.918308888715513 42.73032129262006 2925.205957148927 2855 191663 1 4.085424112135234 -1.854471160307629 9.053172911794537 -1.032405468211614 3.272010306525738 0.7523671901980791 -7.973899254149847 0.8739933300264009 7.316587309219518 -1.772393920940082 7.09168192009786 366 566.933934211731 2325 -1 2.077538721134955e-05
 -8.663306296490491 3.673273924579285 0.08487828141600509 173.2372753709531 3.629779863435906 0.3724024429373722 -487.6429458543158 74.69121583741105 20.28705036958944 1.442696297850548 17.32715655736797 2945.116383047167 2240 191615 1 -3.336129567044102 -1.900372291663342 -2.688918510856073 -1.622878236065535 -9.772695619369777 0.6087136703734588 2.359936505429758 0.3819118720997103 -0 -0.2343777381938743 2.612910241639286 369 569.7640159130096 2325 -1 1.320878426109142e-05
 -10.37790306283662 0.1575453793779417 -834953.7253232624 7629.753834369368 5442.691134267662 0.1497252727020806 -25160588.29856539 619.1564355496661 970.5242337661552 2.087777301469733 4.658464391977451 3010.419671331254 603 111760 1 3.934615451408769 0.4857412926459723 -0.7964216261427994 0.2644653224332503 -3.191251560042572 0.7541737215230171 -7.413791432543242 -0.0782391495061816 -7.126055101671513 -1.930398430326049 2.236250079814898 372 336.803307056427 2325 -1 3.594923749849366e-05
 -10.40882093320869 0.2227844131941312 -987.1262898492655 3521.984801096545 2032.219666166437 0.2761386046625593 -1019.290872691944 141.2956370073786 50.4460450208926 5113.123257446177 56287.62461720261 2804.454941691553 494 191623 1 4.594500115442131 -1.31787617002225 -4.415745828690089 -1.909426304813377 1.249192440916371 -1.031751286406148 -0.3841649656849144 0.2267115932867302 -1.255337922812323 -0.9037744105667178 -2.885120617906658 375 573.6978800296783 2325 -1 -1.442672726167622e-05
 -10.79680706802205 0.2980139525235056 -109.861209221415 0.04286382389912776 9.971578688061499e+17 0.182678011214192 -32338.6071333258 2201.144700084022 11082.46056584529 271.6753401058751 188.6217924851884 2980.914336170955 1478 191660 1 -3.656153563659987 0.7629673917110527 -0 -0.4369809828297981 -2.687950811981848 -0.3822398138225012 -7.587131618524037 -0.2266052982395408 4.014267561847736 0.3649541690384112 -6.191373259665607 378 562.8438489437103 2325 -1 -1.648609217619946e-05
 -10.53916001331917 0.1472559895441504 -905394.1434597046 15787.17978098559 14827.05249272836 0.05802794116779619 -6.450879005876851e+16 801.1549223381978 921.1358306326224 0.06054043836410371 -2.798657037641488e+16 3154.00093075446 886 127683 1 -4.508703342824201 0.0801455166175202 -8.379951826151792 0.123316320808446 4.250719991213242 0.6881715870014764 3.326373268853001 -1.346699233656908 -9.475200691734607 0.7860718220570826 -3.781151608144272 381 382.8224768638611 2325 -1 2.10919025909396e-05
 -10.35395804254178 0.3104028398086383 -196.8732591594626 24404.2329969747 86093.48003478073 1.430400926719597 -1.394726407470384 43.68615441475023 5.926897218094062 121.6774449177963 25.82684564742606 2854.788815205841 1563 191626 1 4.302613595210165 0.2620265438758178 -5.748514292118177 -1.410742714542581 -0.4265067685014472 0.2979529060074517 6.101075942734336 0.2205122341913447 -4.842062392402009 -1.924185329503596 -0 384 590.5740058422089 2325 -1 1.850266030291327e-05
 -9.896194151132232 0.2724973931144255 -541.1222647126227 31875.58123872606 180271.1448050152 0.1991812942179534 -68409.23753169556 5016.933253590341 54958.73108105237 396.114058260958 209.6788272417356 2965.130947282913 826 191564 1 4.422004655949475 -0.9673990775974124 -0 -1.04846470490005 -5.125416907048521 -1.286499757837806 5.609980004989465 -1.376104417743161 -1.676191941587343 -1.087417293333948 -4.581177647439973 387 573.321704864502 2325 -1 1.362675118851219e-05
 -7.329155795947806 8.391675924447949 0.07477158235582404 56.76383263938288 0.4868441324344099 0.1359964688499352 -1682589.86703213 58.87703868572247 9.818318572075917 0.352080657897077 1566.9489031337 2862.949948180673 2323 191618 1 -4.508956222171618 0.8211104122357366 -2.017409147253674 -0.2763762215954077 -0 -0.6567678358453097 -5.529498021040969 -1.305928760391543 -4.680859670842882 0.5443000493556003 4.233507708648546 390 568.4351980686188 2325 -1 -2.202185641963872e-05
 -9.532694211533485 0.1448574530241133 -369149.6328418379 0.08170953896025517 -75250692144.44872 0.1807289629234264 -250839.8978692606 7292.615881542713 151951.9687472743 3.371092269357143 3.097593171912815 2753.667012342757 1513 191662 1 3.421291351374529 0.2707645853410536 -3.582061008030196 -0.3755714561564894 -2.697130136508318 -1.449714526195192 0 0.3901491294322179 7.212507202592469 -0.8411877832214154 -7.309617725971052 393 573.3160390853882 2325 -1 6.402456078677321e-06
 -9.886486430866816 0.1564677917175339 -29667.60704398757 5.304379115786034 0.1131713531713137 0.03984744444306085 -1.010889509368772e+20 1654.138704409267 8332.281930439416 0.3128422383112527 3603.392611323694 2915.366229773924 768 127179 1 4.547263340882193 0.6540368109228578 -9.488771090435726 0.9551449404498862 4.88320747357728 0.657728273059635 -8.313708082233248 -0.9851689388264209 5.130039899739542 -1.784296422353095 -5.672760237582525 396 385.0019719600677 2325 -1 -1.252862525503138e-05
 -10.11894548233359 0.1705235909285872 -41769.05489567747 1.727356997935207 0.286870063103838 0.2191797179848672 -14365.11271541761 5.912304641172661 1.425768653774923 1.544022622719172 3.835024937319412 2926.071093229876 1588 191470 1 4.596614487178128 -0.6232053564630338 6.998006389976015 -1.845711199901465 8.566387196695251 0.7505170257896525 1.776575245843278 -0.8474712566097331 -1.208417406483608 -1.136519267803397 -5.286234143083919 399 577.5753231048584 2325 -1 -6.068986154484247e-06
 -8.138812676380002 4.225773561023775 0.03268489273689011 93693.60567294277 812978.4473478221 0.09287231508187031 -6907685329.322963 248.1262837604249 174.712361050063 27715.63847224834 620180.5714136992 2972.177769610873 168 118181 1 -4.168912259844769 -1.224162655020472 8.279335910558647 -0.4873409227602936 5.193273868788777 0.7329676257077273 -1.970615332999508 -1.123765133173462 -4.760956059424184 -1.94539599167219 -9.287684991634524 402 386.079293012619 2325 -1 -3.047044213706204e-06
 -9.380236465721769 0.1624370338631831 -55208.75480497842 16582.24197999813 97138.99088848171 2.16489626872948 -0.7587883792015829 3444.197491284614 23127.3328195464 449.6157294008292 -400.0101262466473 3028.297883777485 1335 189242 1 -4.611061789168675 0.5218985445949267 8.235372750660796 -0.3898966970138318 8.575041399837088 0.9695320763566503 8.100693072073593 0.9868331532272823 -0.7378128738130085 -0.2305799022771744 7.317031498817943 405 568.8295738697052 2325 -1 1.688426634601206e-05
 -10.21345141144057 0.2952857304793043 -368.2606544567813 568.3378642120693 13.60054139550395 0.1385709191700893 -28394344.57035034 72.03255923687949 20.30326915975079 0.05772220332616299 2.111400218371271e+17 2837.627185734415 1665 191461 1 4.535403469584938 0.6853596992891933 -1.788133556238269 -0.01985418211677903 9.325509937012269 -0.8500602914710242 7.117368310603325 0.8542146471438476 -3.874894505261542 0.8368246763014713 6.635339798516723 408 564.9109301567078 2325 -1 1.815014503972498e-05
 -10.25709113096635 0.1970240859789126 -3567.044349017284 0.2558627548571457 -694.6921531379952 0.1949062145088848 -32791.84911453341 151.9867872534096 49.85378282217032 2704.288507688328 -4435.913868202703 3012.002275969014 661 191547 1 -4.650577869701099 -1.534340851853225 3.74644597403552 -1.84790598690256 7.408097892900956 0.4399247615987849 -5.201926102657716 -0.4069445969729895 4.920605667389929 -1.469779875853404 9.131290888916244 411 561.3964581489563 2325 -1 -1.9456886582182e-05
 -13.45633954603531 13.35528085763101 -0.1289639830517003 658.8191190104752 76.96650315502208 0.9581782188177506 -4.97134246636916 17166.02412332114 790399.8572892131 5137.153942483981 68807.83436743621 2973.602581933567 992 191593 1 -4.391812982466267 0.9950544720357701 5.464690365738832 -0.934086791471497 -3.345575376007488 -0.4047161719662808 -6.735150981202267 -1.012314838568463 -7.151008499886681 0.6298856624994498 6.534440846499034 414 597.3460199832916 2325 -1 7.838119392509314e-06
 -10.79459965718311 0.2084002977800663 -3634.733171012764 0.2416395502119319 -4944.905414721607 0.09924716178732411 -6658549602.940001 9675.080498465923 221565.974985397 3.896152969269853 2.306116865525702 2731.684523367394 975 191531 1 4.113497685170122 0.06153053902615026 -0.5491391817331417 -1.029972064328562 -1.604701422941157 -0.8763539264975693 3.683122435190633 0.9742177725519463 0.4194301645889205 -0.3448003545309106 6.464323848390391 417 565.5117628574371 2325 -1 9.467075414857348e-06
 -9.899607848869818 0.2354149451409567 -1986.334905675414 112.83521581637 2.044662928341173 0.4323451148235533 -103.4655189371993 58.86724576469128 10.50054485858436 0.08709259126568608 202376352712.746 3021.981049536119 2208 191662 1 4.14760017802607 -1.478375805748726 -5.354468629018342 -0.1842206059519623 9.581135450978499 0.3867988115719219 3.989309347883818 -1.44499227885589 -0 -1.665502644989029 8.412065750814754 420 566.7941658496857 2325 -1 3.390657881809364e-06
 -9.834764996961685 0.2229499167277949 -1486.367619979215 691.0936784459524 30.36254133380236 0.06010592505673438 -968938424543125.5 15023.41247047201 622574.5098881345 0.06095277355127553 5357878719529151 2871.049672761876 1101 191648 1 -4.3386550076844 0.1288091609007748 0 0.4899706277620579 4.719147467359731 -1.374300168055397 -6.280357549982871 -1.523887515508048 6.047163713248548 -0.2063763604034836 -6.600584876315015 423 566.6472368240356 2325 -1 5.603501558309884e-06
 -9.67965594410075 0.1968535384301019 -4489.971431762363 135.1522497612605 2.231124633547648 0.1230550134349087 -66973984.76142339 27174.393251265 1575627.59998917 3.660165086527578 0.6402369506577045 3006.371748678378 476 191558 1 2.793507404436313 -1.113252245328908 5.732451401028476 0.4766536527388876 0.1350345984529611 -0.5067951124503276 -7.086945991672557 -0.5840581605393478 7.123224667505374 0.626821971754155 -3.947106875663495 426 565.5896029472351 2325 -1 7.156614207625661e-06
 -9.989553088722598 0.2788681212272046 -98.13767386509279 897.5432861954097 60.72046650366394 0.06973688712073572 -726036448116.653 276.3767468813973 181.5781562150483 0.7475778314286579 40.56350824358744 2925.590709240508 936 191607 1 4.68776916722539 -1.317615481585594 -9.785702740214834 0.6596762297545702 -6.97205006839347 0.3399777393314589 -9.77256158526855 -0.4911101471894402 -5.118260088478626 -1.708899973903273 2.346689853961478 429 583.1730668544769 2325 -1 -1.672788659870581e-05
 -10.60290589781659 0.1800833475238099 -17591.54560449413 305.8561524017488 10.7005312070023 0.2744767383927611 -3014.004625587518 939.5742192438928 1893.112464143164 0.06791539637045926 101149038675420.4 2893.836217158367 2836 127760 1 -4.456013755001257 -1.764777906050102 8.651741213731928 -0.07825089025597978 -7.303547776851271 -1.085207996563612 -6.675993402414736 0.162372015351452 0.001177123252568357 0.8435289994275776 6.741189686370137 432 378.0460379123688 2325 -1 4.348619160424404e-06
 -10.00444444449504 0.1342447278216499 -1132424.169411769 385.1449043797526 11.88898485446464 0.4643294677690309 -86.06692212846774 45.80945841211064 7.555996092819071 0.5776002921749783 -109.2227539718519 3005.903052286641 1455 191612 1 -4.572680087528435 -0.4066891018577029 7.766297439685523 -0.9472747240262702 7.021706927365541 0.4846168657057665 -1.756705269573946 -0.3730647644521543 -4.297384531619866 0.3632849939737248 9.479325689535187 435 564.2920598983765 2325 -1 -3.210914445906388e-06
 -10.12948341361642 0.1300985909475858 -116303.1155043989 561.5994215872112 21.54671630436686 0.07368003326950531 -78843055518.33163 157.2792146011757 58.46318485619509 106.2328466485469 17.87803994269179 2948.883845760065 621 191649 1 -4.676814791581577 -0.1771751920917773 -2.187809679873324 -0.536184024103231 -0 -1.177397054949557 3.854592781390727 0.6038110720199974 -4.178146519187818 -1.364310973659814 -6.906978660478122 438 561.7049601078033 2325 -1 -2.385207889977338e-05
 -9.89252541595447 0.04852594877327558 -8209987878856489 2442.677169404751 1029.778295030582 0.4970538768252235 -19.51430137834982 47.16634316212826 9.599448955687517 27.62654997725246 1.279557923746386 2924.806687878905 3944 191656 1 4.564229475998207 -1.699481075351982 0 0.1442120004892539 2.730105213534485 -1.401166726150769 0.6309759261740115 -1.129548582182882 6.824305368899091 0.377528778378434 5.172720753835369 441 571.4761600494385 2325 -1 -4.054544700985286e-06
 -9.861307764437111 0.2209327488577199 -4077.158158752134 463.8622354219546 30.38664843928307 0.1057657424984689 -889296445.6066294 1812.785229192687 9145.119887765553 2.925241975308845 1.859169324478847 3011.714519257613 1989 191257 1 -4.21622927147867 0.3848253663975445 0.1912006153924137 0.6580649041001219 -1.056594642955617 -1.016794215440061 9.944355439275533 0.8632835117491893 -8.917066626994584 -0.7077306924015971 3.445214147886394 444 556.0785820484161 2325 -1 8.64930683989238e-06
 -10.34850250035547 0.1100434379935222 -131805133.684278 0.04782821753084525 7.888890499807596e+18 0.696268315328285 -14.67715794394596 9023.568787457547 167101.824198559 641.1891727934321 -177.55646769562 2950.210510419749 2240 191592 1 4.628485185940956 -0.4107392407242188 -4.720909380248866 -1.099150832455687 -4.683325616665992 0.6195077107355731 -5.709917820440856 0.7693716563192101 7.190037503745319 0.002377395675894359 -6.16596798637172 447 563.2674331665039 2325 -1 1.831386561040367e-05
 -9.614647223322223 0.1997903971393229 -8414.310430859685 9151.254001177893 11094.16203694043 0.06630146391451062 -138910807577061.5 49657.81098407021 6327376.040172338 1.34328044061855 14.02846327557945 2867.105962274943 902 191604 1 -4.433226594361751 0.4172006908027606 -1.004245168484659 0.501177291042433 7.835404986924807 0.1047145862613416 -8.30659640826827 -1.731688767760692 0.7715684245682386 0.8642076619282895 -5.06131078556531 450 562.9800140857697 2325 -1 8.457311085196511e-06
 -9.694031297428793 0.06190699401059091 -7474004527305.993 1.932410461633212 0.3504162703208702 0.07916745148415756 -214166260918.9386 1271.08742526393 4086.674583749584 0.6726305118126662 41.50817936907544 3055.490186675686 1815 191578 1 4.150669926974781 0.9481085357422282 -0 -1.582473648979277 -6.798605293236688 -1.308086267619857 7.425839055043625 -1.837054613389411 9.237343892572126 -1.233157599568068 -4.480732447386687 453 564.4360959529877 2325 -1 -1.812310939085555e-07
 -9.722526373912864 0.07133762024879557 -34473480130.44809 0.1695124622900037 105272.1872407289 0.1038751763457261 -304784201.7396916 110.4631932971212 38.63983549143246 0.03957352299173024 9.95677023463394e+20 3000.822140793071 2707 191632 2 -4.429546104702004 -1.307413133393907 -4.90166274951474 -0.3489656428229724 4.115226857314426 0.5777386462924547 -7.698290127653252 -1.620529122763289 2.259531385635513 0.1297229769741563 4.641221718822799 456 561.9112181663513 2325 -1 -9.45534148957725e-06
 -9.874547522962793 0.1666996969246364 -15250.21333370402 46261.96324267346 180047.6979190172 0.03977880223610798 -3.100770926727993e+19 3918.508870752658 41476.06946368074 1494.197054873315 4595.737938781852 3000.413088448851 5252 191643 1 -4.099867940776194 -0.8528120852498287 8.006355464888415 -1.25620615395452 0.55048885673855 -1.803159226056201 0.4658509465642542 -0.5716286612725154 -0.9171333414722782 0.7024575772455126 -9.302504887721213 459 566.2528448104858 2325 -1 -1.902754883877924e-05
 -9.406592112159025 0.06116294996817546 -620682219240.0377 570.9131847758848 93.06953916910945 1.238938573652209 -1.59000231822464 44143.74639999565 5364426.677470134 26168.90889284045 1003619.392888095 2940.002380724695 706 191362 1 4.382711513008079 -0.9304801246548795 -9.230457079512117 0.6510356118180827 4.182308889312957 -0.3281192223472242 4.202925691976926 0.1811863174709263 2.526345656800249 -0.7916492300228049 8.713586041350545 462 561.6330528259277 2325 -1 -2.260880150274977e-05
 -9.73822071384155 0.2164599899278048 -2876.095478255576 510.5894677846683 32.9572800537191 0.09301148709471996 -7551589186.114805 15512.2159875382 566662.5498185297 1.761837139951057 4.570396902908074 3119.325516131257 446 191524 1 4.036123489614318 -0.4478070800086025 8.82931640223917 0.3446786625821718 -3.128869215423047 0.1823370213811941 3.101154563523109 0.02076419778729252 9.451264034181863 -0.4905520941631671 -6.558617883113074 465 563.8694188594818 2325 -1 3.559839825405411e-06
 -10.24242044818888 0.1144299950632761 -8110948.719716542 168.0047938701736 3.802300606902535 0.3358271478111964 -816.0048513289703 23904.65134003859 1232441.700411483 648.9999976354127 927.0495343411994 2970.993925046729 1813 191635 1 -4.418615712569723 -0.4957607087201765 5.714352456032721 -0.7933839740883508 -0.5293096959208659 -0.4945664095092042 5.527604077290649 -1.342079470747001 2.14514581284541 0.02661352231209288 4.785584830609784 468 566.3587779998779 2325 -1 -3.703783906193062e-06
 -10.65581844907324 0.2558428125322703 -401.3802198809054 1.213010776387798 -0.2503087289482637 0.05072008950077563 -1.850028610006157e+16 7418.852497780318 131991.5671226559 1.08759143890744 27.84323687007863 2889.036013503757 1416 191650 1 -3.020056165824596 -0.2749113385688364 4.308222226100725 -0.5514625082040521 -9.125335708857818 0.8937063513429289 -2.669808213536513 0.1336307137052914 -2.457248373795546 -1.5902900215995 -5.295338933822042 471 562.2910060882568 2325 -1 -9.281029135928187e-06
 -10.29929368992059 0.1810154167927936 -43417.67256125135 21461.88168546299 51371.10745944873 0.05102616192247925 -1.609334334178393e+18 969.226438429572 2236.140562006677 76.25695825248229 2.136725343681385 2825.070426463343 2528 191609 1 -4.079181761798737 -0.6856167385224259 1.064982745690126 -1.865653382612878 -0 -1.611245309797456 -4.507555776579922 -1.387493076977941 1.598064609759653 -1.32805921082188 -5.850033603326249 474 563.6467869281769 2325 -1 1.231493060034301e-05
 -10.42502933341294 0.05864128565207947 6480853168283.008 0.04710117920733226 1.874375399599377e+17 0.04358183097974981 -1.520322336683263e+19 1265.818404100699 4086.937428210978 476.454133605748 549.7079585795109 2751.098542924113 2051 191627 1 4.034287410761485 0.2494648195839959 9.294267968865816 0.4594990803429533 0 0.20597225778257 -4.268543853155812 -1.225788305497594 8.593213092625726 -1.215775835868351 -0 477 563.9697411060333 2325 -1 -7.588742598396046e-06
 -9.860013529786489 0.1224686840896571 -2579467.688354892 3.258339988747972 0.115339571467387 0.1481575569288696 -627276.4785547433 4055.054359406605 33877.83949906888 0.06944987238874435 25345009571865.06 3135.414702360957 161 186271 1 -4.464830630305393 0.958487686628001 -4.46162454886353 0.641637264625837 2.616625134807192 -1.316774858828807 3.060299737760605 0.04368060826757515 0.213951282943301 -0.1633025460335648 3.804239915845327 480 565.7196111679077 2325 -1 -3.741167366001651e-06
 -9.817515203776438 0.2296178412125105 -1784.172656545801 1.543308508437053 0.3046017215656282 0.09441050195295475 -3736425529.791386 57.35379047668932 9.505801836550596 1.67259861480617 5.410425450524131 3061.345787959215 1555 191650 1 -4.201497992283648 -0.919345666521993 -3.342130862538179 0.8922805486095062 1.514679287273544 -0.8549786453430057 4.144324828069919 0.8986583899489227 2.925669983820284 -0.1654549990195448 4.67606369229299 483 566.3431770801544 2325 -1 -5.707203247804339e-06
 -9.344497951896976 0.04440382078437309 -1.73491611788653e+17 2.427422895390418 0.1429209805373635 0.08507987561961299 -43791902730.83838 10051.99193250843 269425.2072914079 7457.81814288985 168031.3994601645 3130.98215596546 2132 127755 1 4.260916918044245 -0.9434984559584212 7.775677065492202 -1.684351028128301 0 -0.3466475943452192 -1.838118699205692 -1.91232985871055 -8.097286309375194 -1.368534039716848 -0 486 379.8055319786072 2325 -1 -3.581306724671586e-06
 -9.495813588125808 0.2741521034428713 -218.3245852105429 1.960799186599275 0.1422038269152513 0.08323497370248424 -27195061124.10723 14141.46089843453 489758.3415783489 405.2920169049729 -209.0252601634961 3121.208729600549 1422 191659 1 -4.094028677694835 -0.6175061095049905 7.149674197456035 -0.8958781160487757 -7.66841076191735 -1.923181077700862 5.457066298491433 -0.8668206936654022 0 -0.8273719989199932 -0 489 565.3296031951904 2325 -1 -8.135721055248142e-06
 -9.799286776151407 0.04217485311586451 -66856554322088.38 122.0112997795938 0.5957920735364721 0.1621536463507466 -49366.7180773653 1903.092811681292 8484.428460040457 780.0868614812875 626.6654452211495 2832.992350135769 1092 191657 1 3.585445633751744 -1.915584644840828 8.301223876234959 -0.9691814742530305 -0 -1.195329241939476 -3.466128138346039 -1.177971168559102 -1.027671132225575 -0.1132005856094161 0 492 561.4013919830322 2325 -1 -4.243171725685368e-05
 -9.569775795505588 0.1879847090674812 -7442.197813724113 0.4742668924558567 4.133527454566191 1.016191353403517 -3.072093879840827 62062.98736044671 10099724.03765318 712.2930800106473 1704.854145636482 3160.544317429835 571 191659 1 -4.630088227058843 -1.076791246961056 -0 0.1311467478548654 -7.66286984826157 -0.5362574794852879 -0 -1.390437104320814 9.511919135668981 -1.606436656659186 1.455751786597275 495 564.9993100166321 2325 -1 1.155648822477052e-05
 -9.869322358330001 0.1461527508387807 -100338.5439382926 153.2462767301393 2.271261570425452 0.307359273815175 -1193.551519986143 191.2167473437 82.47953112485705 4.778326960123653 -0.3803783729614307 2975.379170001515 986 191649 1 -4.02783688689894 -1.592736840805574 -8.307611007513254 0.5520041519947636 8.988535848019151 -1.347252188954797 -8.073539290075917 0.5062138996666654 -3.787019323890481 0.02397788404604299 0 498 558.1120710372925 2325 -1 -7.613911756026249e-06
 -10.48132359984782 0.2506596328501448 -302.7140363983033 2687.805823588313 584.3537209039141 0.1880447151178933 -75393.91223997761 1337.108080213127 4178.028750830676 28864.45732656548 2185768.174012478 2734.171463225074 457 126712 1 3.737475269293827 -0.452004755646171 0.5908339841092323 -1.847432334938635 1.689831050014189 -1.548924537953583 -2.729761720875418 -0.4481164140707037 -7.040035438855504 -0.9911144316989322 -2.594155970771031 501 377.75674700737 2325 -1 -3.386037684937464e-06
 -9.743036172790241 0.03463549728844566 -7.606373316438557e+20 6.469552488496787 0.07081571695086272 0.04575422612205646 -1.198363000008134e+18 44292.12311371115 5618499.10199725 1.330744332872108 10.41771435023554 2960.705440768988 182 170116 1 -4.21035902398811 -0.1600639662349454 -0.1553779634241121 -0.1724271934167963 -5.5586229577866 0.6614343112822825 -2.359305128342162 -1.96062133018118 -8.746390496254858 0.2814459127962072 -5.371500643136081 504 521.4482932090759 2325 -1 -1.019885098925052e-05
 -6.647432342295602 10.70354409117805 0.08449334015465609 34.98901428544932 0.2949430059548399 0.07711050668196434 -29887842468.35414 4892.892181091472 60722.698401607 257.5111909075125 119.2524553420817 2787.073798500793 527 175690 1 -3.569591750844512 0.9823967050045725 -1.997345228278638 -1.779950605246119 -2.585841174716109 0.4168580505097763 -2.842733812336249 -1.305569639598975 -4.840902847320341 -0.9283563655659339 9.034577025076207 507 512.1054141521454 2325 -1 -2.359948147062186e-05
 -9.233537695150442 0.09629893950222415 -165151350.1878924 9850.638540139071 6734.22243014659 0.2180112493848012 -27735.33159283422 8.362569893028457 1.413288064659237 159.2282274050991 42.79815813438019 2835.504300594069 1326 191601 1 4.69261575866939 -1.379669415455596 -8.293063509245107 -1.228722769050981 -7.526304674283278 -0.6769490890820107 3.905709639321622 0.742260907490377 -0.4718286494334567 -0.4177124238663952 0.1709156164616079 510 567.661288022995 2325 -1 8.913527928206694e-06
 -10.3080250590486 0.2109769498116023 -1481.934827534495 0.1663512774681838 -130640.7642335726 0.3122419358573095 -1607.418353976717 825.3319265432817 1555.793560117509 0.08088931808955094 -876339552665.9016 2881.06415113204 1879 191632 1 -4.070826087104196 0.3006980786641757 -2.616937580878947 -1.785881787699712 6.68653416161634 -0.8930651548484346 -0.4580605652135787 -1.713741507804468 -2.429720497766163 0.2722921942945407 -0 513 563.5195009708405 2325 -1 3.796978861777207e-06
 -9.972201163205066 0.04998392064660889 -1.00246348837355e+19 3.262315474262244 0.1846894972792032 0.5725027879925715 -76.02287520411321 79.77524360616768 21.04557301196785 340.26003852169 57.07395785405687 2950.526176992335 3856 191645 1 -3.967041653038769 -0.009941236403570057 3.466835181611446 -0.1174676902986356 -5.701262043638676 -0.04657383329541 -6.095376362543016 -1.593498570034853 9.916970480847068 -1.365690431590044 4.330982595779043 516 562.932205915451 2325 -1 3.608905339344927e-05
 -9.823896926064759 0.3051358841231652 -35.19754647952549 422.5076268930272 18.77359452004275 0.06107878708795823 -711536336172782.5 72118.65175276384 12618379.0808636 0.1408826428757939 12615376.777886 3108.372984442429 602 111762 1 4.44558419646017 -0.0502026458262535 -4.386363741953368 -0.3717009467711901 0.03928245177118761 -1.144578223271171 6.053859674295446 -1.419840577694711 -0.4868862065777853 -0.1987179607091276 9.997001942060212 519 331.9895069599152 2325 -1 2.854428674817628e-06
 -9.752723646549883 0.2570381617486224 -290.9118155105235 680.3288927768483 68.30361218661818 0.1753627082659661 -138638.4102669996 3913.253954049325 43854.84480091654 4013.747072381003 39168.3538225509 2879.332586868097 1625 191620 1 4.048461814186366 0.9699401358771924 -6.661740476246626 -1.119011584049828 0 0.2373876142436648 1.946349875987453 0.3950976150792139 7.288411202178105 -1.128720677730582 -2.812803955167235 522 562.3024489879608 2325 -1 -6.462276362939192e-06
 -9.828877392986708 0.2684329371374234 -198.668855897637 0.07319082281290373 331693866876.1242 0.3568097005531756 -439.2884555659411 101.3081492666616 25.58687808814116 0.3426479933647424 1664.658224706137 3012.462913699566 442 174581 1 4.582746388314833 -0.451186026462743 6.272314708871127 -1.9571006446531 6.272030295099839 -1.387573985348235 -9.092163200587745 -0.864806676705971 -5.091171630096887 0.3241982582661879 8.894667397893159 525 513.9405970573425 2325 -1 -1.68764235629161e-06
 -9.981869468900095 0.0678386093814192 -1133823676505.972 17430.14437915118 18563.35277018524 0.2152929712646674 -48839.49309620276 131.3987173247782 57.81184790231777 257.1174249552922 241.0725571522255 2993.072110095894 2521 191601 1 -4.606148882413178 -1.16377217089569 -2.910977208278858 0.6190313981027513 0 -1.322720851141916 6.224956365782582 -1.487300165009636 -2.012434283393131 0.01778326255291813 -5.974386844768715 528 566.087287902832 2325 -1 7.91507186402904e-06
 -10.12058861792518 0.1926205032317879 -4132.701588220162 42.51939879079182 0.3884024028625402 0.4146235532162401 -80.31885597492932 78.55417091616576 22.45445127418874 3.270138909953829 3.733344452263345 2910.594000009835 2815 191663 1 4.453915377404441 0.6502668769228439 -5.704931588353335 -1.656199951135906 0.3059913823915883 -1.270797921759705 9.89126232893325 -0.03169418328673057 -9.249791760157452 -0.1183361492488971 0 531 567.7092509269714 2325 -1 -1.371922760448111e-05
 -9.883493422014244 0.1669359103440013 -60948.10180944215 504.6459110892173 28.85033546094467 0.1302294325496437 -35113837.74376217 44305.73472971568 4929689.441912464 0.9486787447672965 60.64793983150009 2980.213283896054 1368 127720 1 -3.82481685239338 -0.8247951504023296 -1.445670059274347 -0.9330260076460846 1.871001962523853 -1.325878691846675 -9.024666043443082 -1.471249008539377 -9.860829867479948 -0.3891346074916457 -2.245545727071327 534 382.7925879955292 2325 -1 7.788030680667263e-06
 -9.612593947645932 0.04569871606522281 -1.813668563803464e+18 0.1546882311203435 604869.6032515188 0.103744206223435 -2580704691.387869 28423.64064124015 2419927.049189821 0.0458399727867343 4.059489404950866e+20 3090.734557302199 4447 191654 1 -4.65154493198257 -0.5752718998955064 -2.605895961474317 0.6196153801326275 8.206440732406568 0.4714829892779074 -9.180704697410627 0.04981013804752262 0 0.9419274216694724 7.469682488173484 537 561.1096270084381 2325 -1 1.057476147902941e-05
 -9.204290380513656 0.1613558555853673 -144493.3218409079 648.0797791465287 28.98371812115011 0.04685230480737858 -1.087482851050994e+19 645.2076546804013 1141.114425349771 61.55073346995552 14.26938178232276 2999.894646476227 883 191554 1 -4.67695571717043 -0.3802739661955439 -0.4572120201406937 -0.902611176885145 -4.352119502176079 0.8489188378507223 -4.869788017209212 -0.5081271237610103 -6.890144020471284 0.4646220571307698 7.869115963428589 540 562.7950859069824 2325 -1 5.312653095040362e-06
 -7.695110301147166 7.186476634694078 0.05974641050031228 2.793425205423743 0.07877787822125447 0.05492140665233998 -1.200310119522491e+16 156.263795567648 67.47798619330598 35683.51827596167 1274803.661128762 3181.598573866965 1054 191621 1 -4.59728249778911 -1.544174643374838 5.66245855303806 0.4012066484409827 4.10078354349952 -1.376172892511375 8.250647092950922 -0.2154860763821098 -7.66274022128774 0.988002424670845 7.118310758357689 543 561.8736691474915 2325 -1 8.675345718797661e-07
 -9.612367016363921 0.1819797708357585 -12111.79872678416 96.3506643511185 0.9995863247965469 0.04794044969265703 -4.028161349329967e+17 61.02746083890258 13.9429833439481 47833.38628092214 3218910.409936414 3143.621422821514 3421 127715 1 -4.454037768041184 -1.025667025715412 -4.794346245219452 0.7733003433985597 -4.219112122496962 -1.055259418627869 7.89345820054111 -1.113077656616306 -3.251462505131318 -1.888111848709779 4.10733047894692 546 379.6621110439301 2325 -1 -6.718507411706874e-06
 -10.09508693800972 0.09372623019355851 -214694921.643831 0.1376416013380358 2426989.558091297 0.1933396830489062 -54316.61892899501 74.45433653031819 18.98546873533914 1.843460772575751 6.985028904058253 2791.186833208028 1858 191645 1 -4.682556726346847 -0.6316195686138544 0.1546058957078658 -1.654304593839495 -6.055344647811142 -0.1894989440336552 3.492089128140782 0.5954777285818285 -6.690236137489605 -1.876366968194231 -5.862156315993541 549 572.4469201564789 2325 -1 3.515627868943386e-06
 -7.582441231145743 12.06675141878731 0.07574968646902293 6.534438545882562 0.09968895252924023 0.1524399528891228 -496853.7793212803 65.88967497723817 14.21336245438654 3.073705129919299 0.2894431755766012 2906.934692391533 2026 191624 1 4.482687173655663 -1.409417078696155 3.170215178492588 -0.8043415062046551 -8.297379989516601 -0.5646560138054655 -4.7353079194407 0.3121367989148603 4.903668703124336 0.7691288910821825 7.210212312054953 552 572.5454828739166 2325 -1 -1.95115122084165e-05
 -10.45435569411089 0.1261522993038917 -2644509.914074121 0.1026712983287484 -104252911.6935428 0.2905749546211581 -2057.891956434485 46.4989324697756 7.896015208158438 10.22152907728998 2.683437532305199 2845.863546411957 1942 191571 1 4.680724435702083 0.1121777643415021 -0 0.02631380798681526 -2.186788681895703 -0.05883086429333415 -0.6003151622690441 0.5404949211931167 7.284523842239915 -1.040291709360227 2.660652629339515 555 559.5458149909973 2325 -1 -1.590201125915393e-06
 -9.852551108207823 0.03650952198875129 -9.98969165818912e+20 0.04389584715648159 1.302371565848381e+19 0.8706642426273932 -4.331604146409528 34828.32120545156 2908146.613912635 0.08320336434275781 341173844508.007 2903.953046524652 1577 127772 2 3.942059656025091 -0.09513725565852749 -1.929010370592874 0.3215871563221229 -0 0.8291689320325717 -4.293509344837642 -1.532284993059275 -7.837029498491249 -0.6782208872173072 -7.432010358385632 558 356.2993521690369 2325 -1 5.582191394101423e-07
 -9.747797162697939 0.2412582556937192 -417.2498638190245 971.7369103274525 116.0478750518478 0.2438096741976364 -4199.69976518736 18243.14892198396 829486.4402725812 602.5331499621237 953.4759968493739 3034.626484783609 1322 191664 1 4.088277234535113 -0.8087867998457813 -7.477986697033941 -1.883378363685275 -0.745303214300157 -0.2706174338236061 -8.922625779534762 -0.5104616492774321 2.59566970682079 0.3433345998502815 4.187782042707536 561 525.2338750362396 2325 -1 -1.520425267616798e-05


# name: injParameters
# type: matrix
# rows: 1
# columns: 11
 2.04 0.07999999999999999 3.1 1 1 0 0 0 0 0 0


