# Created by Octave 3.8.2, Fri May 15 17:53:31 2015 PDT <charlie@yukawa>
# name: outString
# type: sq_string
# elements: 1
# length: 114
Slope	Lambda	Gravity	Lambda	MagneticField	Lambda	MagneticField^2	Lambda	AttractorTemp	Lambda	AttractorTempGradient
# name: op
# type: matrix
# rows: 174
# columns: 31
 -3.265136412344174 0.2882635126250407 -263.1796136599998 0.1845261348696882 68217.3567708988 0.3057124426915028 -1667.617577432613 38136.70020718666 3092958.357442207 1.891194892954038 7.439563846268121 2781.031355603013 227 189648 1 -4.648122032274205 -1.756244719901606 5.83111423173617 -0.7382318679000548 1.233204912743572 0.2800108775219181 -1.604319906161972 -0.7511786944271508 -3.896702293240026 -0.1132489130246226 5.536314353284614 2 860.3042290210724 2325 1 1.174382659007315e-05
 -3.73080053302837 0.07760100367702624 7825348395.928574 1.925170124783754 0.2019581822436054 0.6704946464269707 -10.08474284010605 3261.04261183261 26449.93486888771 4.423648268367007 1.329218615453807 2932.069923095716 229 191663 1 4.609000948017195 -0.7051796959603491 -0.09618740367457379 0.204709809184609 -4.257951211819997 -0.6577504469835302 -2.325932244295238 -1.949272089918838 4.08468621652832 -0.3440979786405718 -0.1856108332523716 5 709.3603098392487 2325 1 5.718485693634302e-06
 -10.9022812127401 10.61126940983051 -0.2415134061412909 2.245047252805843 0.2545282967706466 0.3916172194415978 -303.5726175472939 17.77409945949724 2.702469681646025 29539.04977553242 3193994.918098129 2883.41889621477 2155 191662 1 -4.634281550354238 0.6321219189687626 5.087707206896206 0.6669233772324334 -3.070106027498492 -0.8823923029918594 9.706474679353217 -1.641097687185196 2.600305794933188 -0.1138623136036099 9.994628745572207 8 712.0852401256561 2325 1 3.351582655630801e-05
 -3.15403342430612 0.5449873750427094 -3.762822541585203 63.17421524611721 1.714968111355297 2.553213827331521 -0.4100552174621191 1620.49754595754 6593.834311640432 0.1441405823832154 -4983225.195537716 2945.659704720313 463 127757 1 4.6761158889895 -0.5907264144596862 -6.213437042791901 -0.8967489199411816 -8.676927994902737 -1.23447011857025 -4.342437684397493 -1.028466637563196 -4.700384091611792 -0.6554724126098117 8.025858020958362 11 474.7103300094604 2325 1 -1.491111419270518e-05
 -3.734169119310688 0.3771515363822283 -20.10224045067867 0.3356290465307454 -121.8570564429223 0.3775740268058731 -192.890293258726 74878.72216762441 13993547.52830557 79.69150592732996 13.42069102772127 3056.120303317282 465 127644 1 -4.085111997516407 0.9990826968883949 -6.775317426968059 0.5278767433794589 -3.612804532011446 0.08171167325923084 -3.351035101166913 -1.37552560572088 -0 -1.534999100861714 -7.360181585612649 14 472.4493048191071 2325 1 -1.127313915013887e-05
 -6.772119332671049 11.3663964346581 -0.1194927388017107 0.2095592521220037 8946.174937838647 0.3975966720882635 -289.7634917533049 75037.0853279381 11195623.15063151 213.0534284669206 -25.68533711358892 2860.31655392288 440 175407 1 -4.290989668920008 -0.540536587215267 -0 0.795550539259521 -6.043028411791095 -0.128977900350371 3.271889769891835 0.7973687437304147 -1.123220323735898 -1.874383093876983 2.761057223124419 17 643.511873960495 2325 1 1.354478630168901e-05
 -3.313391473929499 0.3616099742613229 -36.44409822809159 0.1430980377550724 200100.3747439248 0.1171715184955414 -36701935.88195529 1753.190877463097 6269.849518805915 0.07739447839979778 703411188266.2922 2813.840952264778 1590 127719 1 4.516584056595053 -0.1639139117583568 6.482344480086738 0.6780315898500815 -4.484089844710608 -1.261261242963918 3.858825284766165 -0.5051675774559286 -7.671883709921213 -0.6948819557886337 -2.158243641118698 20 383.8017790317535 2325 1 -1.027746735319292e-05
 -3.334885190755175 0.1890319500605425 -20046.24377887892 164.4667131083847 2.962023627311955 0.05015396300640936 -7.203159395823197e+17 32046.07107266319 1901479.629794767 28055.77713308103 1070195.229141095 2837.327079851361 2193 191663 1 4.411915764161005 -0.7000476372920028 -1.158447263238523 -1.180575875206551 -8.240330277000297 -0.9014220089267386 -1.565757302249724 -1.353163077558406 9.550363317134174 -0.9966302704951655 0 23 549.7665419578552 2325 1 9.681230154713012e-06
 -3.892478784725871 0.5889002664897062 -2.484084933070066 0.2227654467339872 -1775.386146484208 0.247051977986312 -3014.53579424052 11.23058992075038 1.251375468237313 0.03889623054018443 9.999902698537314e+20 2903.605204497499 1528 191448 2 4.680193769547278 -1.123119756821445 -4.561605824605809 -0.9906922909641764 8.502049918449851 0.8425867123112303 -5.131705490538842 0.6942729682129798 -6.416467461577377 -0.7026026984049665 7.466463808665393 26 573.7390358448029 2325 1 -1.394321777715427e-05
 -4.173358229854447 0.5885203438293202 -3.61488478569483 65.25566596655256 1.157390916719338 1.377981792132059 -1.57343669262265 9752.976076229292 246296.5374689995 0.05431895031678297 1.168473248175094e+16 2878.553907774879 404 191620 1 -4.639122285354234 -1.989052067852156 -9.472099574109638 -1.322060989693991 -1.947643151889869 0.840332756605239 -0.149486934340576 -0.3458377305534253 3.383518579168544 -0.3665195129805072 -0.9770816709760348 29 555.9183638095856 2325 1 -7.659723501683046e-06
 -5.835050892565944 13.15268596653393 -0.0992551096690439 4353.004729780126 3041.098273725984 0.07199430702082053 -11538616389156.72 2055.415893177041 7948.321126925412 0.4892024689160516 435.2108284674076 2863.033582331699 1355 191108 1 3.660056207904108 0.3264185364543994 -9.979653116460055 -0.2980410597754464 3.859977188789786 0.104681738229238 2.480548472703031 0.7639455063240552 -9.169533536696555 0.6774375614456734 -0.391167976551158 32 562.7284379005432 2325 1 1.273248012167977e-05
 -7.666869909941338 11.26202733901675 -0.1628847290667115 21.90484618552359 0.501630125120785 4.59883669879948 -0.299764197276736 535.1612480521054 742.3314353562296 1.590710369750572 7.342439709046867 2976.827634471143 1331 191650 1 4.246821763749237 -0.4173044689468731 2.373986954524412 -1.575714095411692 -3.407266179835934 0.1845863884260583 -0 -0.8130427925164883 1.66763968373177 0.956143731539674 -3.150894455544891 35 551.0169320106506 2325 1 1.222935756262605e-05
 -3.202851801105843 0.5383845669975512 -1.500083388563697 1116.743215346873 69.15857860092068 0.2218056862807832 -8157.173784389776 8073.923263175263 128641.3047006036 1.014863179646534 23.03690490586896 2845.216032775596 276 174690 1 -4.680259469210389 0.2288899473173339 0 0.9244683122319466 -5.304619318697516 0.2005954711801898 -8.417138294007712 -0.2503486624704436 -0 -0.2990787724087589 -0.9093943845158128 38 515.7478940486908 2325 1 -5.592980094689489e-06
 -3.460148343973015 0.3086859121174483 -52.13581938825915 531.7339501335 16.53980190288365 0.1544979998908024 -415499.1344021956 475.3233329197627 552.6499402568339 0.2291809245126398 -13539.3023014918 2570.939996931259 1454 127767 1 -4.220206903658984 -1.455973911440752 8.457974715442022 -1.39414922564935 -6.559296298635015 -1.463230041424866 6.652038748773293 -0.6545653491195118 -3.333606740006494 -0.2529813984665985 3.416201916139706 41 375.8816378116608 2325 1 -1.031072046179331e-05
 -11.87034091382761 13.32229316118508 -0.3359777250812735 0.04481201839873195 2.708670341494618e+17 0.2789260560643275 -1347.509300696339 27310.30936652094 1712533.567113014 1.760175748556723 4.032215736991678 2934.148063615066 1622 127758 1 4.078398219070292 0.5883328648131512 -6.888827526989475 -1.81663702132831 8.538196421691167 -1.194720829146851 -8.805851742530979 0.617121506699624 5.16063244567813 0.5079512819308816 -0.3312444047293384 44 374.0481388568878 2325 1 -1.329247390475097e-05
 -10.1626273911272 9.462726812984148 -0.2183027826839829 398.5300973012121 10.9425673355541 0.08047422305806166 -591270891043.5092 107.169740426945 38.69882010583721 0.4348896537459557 801.0237283065312 2926.544243980143 2636 127772 1 -4.651959727176448 0.01350343590703188 9.994794580823568 -1.395938613455074 1.433227043962929 -0.9079994920400223 -6.330796702400436 -1.718097155138098 -0 0.9617222269977885 -9.833149499234128 47 374.0065078735352 2325 1 8.751639807583558e-06
 -3.149708508259982 0.4115218101442475 -5.372765366438048 0.8088660437545311 1.616499927553101 0.3771811762991104 -142.2694126682677 101.9116616113073 25.49884736414338 1.988464118610013 0.7489253963669705 2909.550648650372 2290 127728 1 3.849741592028632 -0.8035399040880984 8.175014820670974 -1.009440810777359 -1.211840067620316 -1.574757043741952 -4.467626767318371 0.7367655460150218 -9.320554662554331 -0.5317730929586375 6.804633080936092 50 373.6234560012817 2325 1 -6.514348238099948e-06
 -9.832110574719017 5.769716784847161 -0.1942524647829231 6639.262019793912 3011.217338578852 0.189734032408865 -252175.3433049053 89.12560439295056 24.66766834147637 0.8272112910646398 79.69728287239236 3015.997699886351 3416 127775 1 -3.729753474861677 -1.937349033031984 4.300996155810915 0.3565907587511292 -7.528894989787819 0.2784608382091806 -4.239659042457303 0.5507077141399854 -4.156932569897799 0.532366767478325 -3.635013113822516 53 375.2489881515503 2325 1 1.759420586804628e-05
 -4.124374398439802 0.6757647207234218 0.2313233289722617 0.2539999285829299 2220.553378140328 0.3770377869923171 -293.3715673212379 97.32938800229599 16.51348100747592 1.569881332666749 2.94834120399155 2816.56784979535 4448 303467 1 3.371410324452053 0.8017973710752222 8.030079351642172 0.1248022119853775 1.958471406302841 -1.609613909487935 -0.5310046608819876 0.8972901186749991 6.261059930465607 -1.147993431982977 -9.253626811047717 56 884.3922069072723 2325 1 1.618211196950456e-06
 -4.019392806615294 0.5174918359232911 -4.824462964159459 0.1737315817627111 46467.80041303908 0.1107540431623626 -287822731.3142357 15231.73655491262 410069.4068355322 629.054037202115 -398.2364585696989 2933.785729085408 2457 191608 1 -4.165074263175764 0.4349169590535622 -7.45440053254516 -1.335664579612045 8.017621929142763 -0.3402946289891835 5.388471004638936 -0.407591900569594 -0 -1.198978611457516 3.060782935924134 59 552.0124020576477 2325 1 1.68396718442792e-06
 -10.11992713995044 8.358698421427418 -0.2109275457979375 2.726072309985801 0.06498956176029005 0.3759793381115063 -518.1349226690681 8624.703752246922 161748.4094272468 164.4162806770605 35.74192278949764 3257.883018765791 2735 191638 1 4.654848033257787 -1.814874801568589 -4.271345163345424 -0.3629194383251405 7.999579428094798 0.3398742241722909 -2.416070237061588 -1.424505159575657 -9.376446761684406 -1.387109218899771 0.5558641703405089 62 558.2016999721527 2325 1 2.420371648461931e-05
 -4.777381406254742 1.520105989721088 -0.2933669262400146 0.09572623639127795 4581112964.061922 0.0740839119962806 -7685617719375.237 79.30959805610298 15.54216321183054 161.8992235264609 30.35428671615249 2994.226585004308 640 190992 1 4.539619995796425 0.5399692491355363 -6.081103485169638 -1.99837299705121 -4.070693436171364 0.06230530104623536 7.74005932160521 -0.2328217350962198 2.43137556463918 -0.6185906611204502 9.272329766992478 65 556.6502990722656 2325 1 1.594016280393852e-05
 -3.96354962127089 0.4593368584334293 -6.088157935861227 3249.208590124048 444.6400739990262 0.08561242239680771 -7594704941.197221 16183.16939843221 674458.2075820853 156.3791028303159 32.47717582980351 3021.798630450438 1229 127760 1 -4.040598082904137 -1.898791068455528 8.225761201022005 -1.656069388642438 -0.9417121397235064 -1.927776140864951 3.563749336629572 -1.601941013973782 -6.807679024417882 -1.265612836895585 3.62551410801041 68 377.610148191452 2325 1 -1.270966165345653e-05
 -3.784461509789721 0.6178786617908927 -2.930980562869785 299.2563319927357 11.78896944025751 0.1010040462114646 -2587832714.631183 192.0163839687785 79.60582531758253 1.783365669642436 2.786399432613134 3012.175051792388 1621 191655 1 -4.6623719258585 -0.3627801174562171 4.951907545484663 0.1381283674532385 9.221592736924789 0.8575996013416911 -9.30566739547295 -1.801722669232782 6.069985090350064 0.1282857785956026 -5.440681434997062 71 555.8439390659332 2325 1 7.707716597445333e-06
 -7.315117811581273 5.598217643749764 -0.1340456986720127 0.4515134679785343 -7.440541795178405 0.2319091772689309 -5149.80418466246 84135.26583981632 16941057.06436452 0.09281844260715776 6268525305.239839 2905.222020656135 2270 127776 1 -4.515398959432591 0.8622179274013781 -3.154292809236256 0.7431608043042996 -0.3427682585134564 -0.7674346117444726 7.018057638162823 -0.1161888505465907 -0.7794123548213534 -0.7252859320590117 6.134047774739249 74 374.4022889137268 2325 1 -8.09684452882215e-06
 -4.181012189680397 1.363314014719846 -0.2095163534803584 66876.94678080095 424673.0000922309 0.04383614715997519 -2.892863996162085e+19 196.3160828659969 83.68587494929727 0.03982319295282992 -9.996359362973166e+20 2960.953041117159 1445 127767 2 -4.545889626815592 -1.944467228884213 3.247696289860665 0.8782780115490088 0 -0.9796067736570624 -1.963282053962375 -0.07338369064366826 -3.839251080232819 0.05134087495969862 0.8077786732210379 77 374.0545771121979 2325 1 -1.782590178658256e-06
 -3.198445016454214 0.316783800038803 -162.5882951493925 1081.345823207554 115.4373040440678 0.2360520379088221 -16036.58233262437 138.8136211530369 51.94814286379081 2.433284450931968 3.551553794133066 2987.49969007187 2205 191662 1 -3.716842140297364 -1.927067275411253 4.038073496190287 -1.165088355605506 -3.089497346910725 -1.40681930336906 3.034283580579775 0.3025849244927085 0 -1.731497987980111 4.355845098813361 80 557.6773760318756 2325 1 1.172833985723393e-05
 -2.832850148089303 0.1186397554694355 -2496788.055634179 2103.934181087979 421.9620105387891 0.2827190097466924 -1470.97617106155 86.05549281112401 24.37967531210006 0.95514105160634 41.56102314358989 2865.724948852962 1133 127661 1 -4.652743759553933 0.117095493069038 -8.881632118478134 0.5778937902171437 3.377895525395303 -0.4469092982506275 -3.805363309422357 0.4977162105179262 2.665037409961705 -1.914805229788588 -7.146309079207269 83 373.0525109767914 2325 1 -6.31480874294573e-06
 -7.816285287246743 5.252578223814677 -0.1431814136205772 1133.337752250634 -27.9469675161407 0.2198445133393882 -29509.39124180743 1053.883160144657 2449.891539702816 94689.99394043318 23413123.84118918 3072.659864987137 4634 191658 2 4.223847696901884 -1.276832522311835 0 0.02498487912889174 -2.628368792480084 -1.561088868936514 4.160137286274526 -0.7878925186038614 -0 -1.471017040637118 3.568537979692376 86 560.0058310031891 2325 1 1.219954220510379e-06
 -9.44963270990308 7.394323338982448 -0.1916526721175432 1.842593192753562 -0.3797521002688207 0.2666272003080344 -2619.162331241928 255.160934597533 141.3119684477588 0.04808108560030076 -7.290238305796137e+20 2930.957344038915 1412 191645 1 -4.508688251705209 0.9165404316187703 -9.88756475899419 -1.952947356405027 3.378188440664709 -0.2638055598920293 -6.555692561761305 0.3067666085723166 -6.056315913400951 -0.7014164853713947 -4.763499530437494 89 567.6730749607086 2325 1 3.089824983183599e-05
 -3.461311680450308 0.3215675308225575 -33.64334730919289 39191.90843829898 73336.5080601847 0.4002902946314628 -49.5375545655433 841.9126326639474 1459.698118731969 3.022961350328093 1.300220930822832 2791.908082563721 683 191569 1 4.591494611854043 -0.3959354630582386 -6.423305293492087 0.5454132312739999 0.6463001971850613 -1.584065404959728 3.946396599923601 -0.9189610881651014 2.34008467233707 0.6499520562364469 9.962739880363797 92 572.5333051681519 2325 1 -3.460302361997399e-05
 -3.726431433219228 0.5381553704123788 -3.716441590528313 0.7754528995221778 2.253193942245963 0.09022698576174196 -5291550868.156081 21350.52782442716 846286.868389656 799.6556309052819 1210.12432687021 2876.213708686593 634 191662 1 -4.404342142690795 -1.440635373790036 7.02839508968918 0.4367333171110586 -2.41483333330428 0.05775572418029907 1.243880170956655 -0.7584458223432078 2.768627125450629 -1.6745289615543 8.900009695134516 95 579.1019821166992 2325 1 -4.769304196616496e-06
 -9.440985574708659 11.19470148000905 -0.2231713419968955 281.6255631243681 17.26020997288308 0.05025106444052028 -1.088298282471557e+19 68.17064298742292 17.69274253645508 29.3099908525325 2.508363307811025 2861.052592878994 2336 127616 1 4.252319129975969 -1.669779994374513 -8.316674746093216 -1.500800546103688 -4.106911008627817 -0.1974707735889032 2.365036584622036 -1.447354582686669 -0 -1.745069507118329 -6.322941385101552 98 372.1948471069336 2325 1 1.93727348527873e-05
 -3.511000900757293 0.8832702551776236 -1.066544375568228 4974.047055211493 6386.823009997413 16427.41361450722 -77262.32230441913 52.80994589191726 9.751626094278199 504.5687279848095 395.7344796839773 3016.175110068402 1399 127627 1 -4.698829941755307 -1.138794041027917 0.2327939142380311 -1.322957725661264 -9.17803144585608 0.9644416952988673 -3.412723180981679 -1.785657588438363 -0.753648362147481 -0.09049447859842458 -4.137772069945244 101 383.9499709606171 2325 1 1.893535534358728e-05
 -3.962250871421541 0.3993537249414176 -16.44064285027554 34607.01335846122 105330.9676048758 0.2766326634204573 -1303.3591463834 14564.12745599268 520156.0294170837 2.285846692380358 4.659835060590933 2835.857494584064 1678 191625 1 -3.429380064520807 -0.6848927949480466 -7.594559600549097 -1.628958164128594 -5.912452794033434 0.1197381630830376 2.497690053643246 -1.804681103071669 2.347856874924437 0.8664949114365741 2.134369314903013 104 562.6094970703125 2325 1 -9.156572083756639e-06
 -3.403606901984646 0.2318172035363613 -499.169334161272 2.138302314279317 0.1160321929118459 0.2439584606632074 -3183.798146286647 19754.43383193489 1069411.500235306 1.565461802436705 12.05911798011287 2858.51631038034 2811 127752 1 4.130610499719333 -1.799219097275107 9.469905958185176 -1.79173721496913 5.271254311874301 -0.1594917934627489 -6.684114091199898 -1.148508036987792 6.929595090616352 -0.6505862618576544 4.10939955891339 107 378.1580920219421 2325 1 -2.208993646695081e-05
 -3.436986032209606 0.2280465486074739 -1575.366505101978 0.04151535826781163 1.155689247558144e+20 0.1490558665069418 -546640.036600918 25723.08334881632 1480499.418569818 2.884395470691896 2.661401521094335 2874.215073156315 1972 127701 1 -4.314943466910117 -0.3147749619759051 7.815466281392387 -0.1741378829845814 0 -0.1137664970148827 -5.816979498667176 -0.7511257378657863 -0.04889531512050604 -1.471095970290426 -0.2796610315411598 110 376.468456029892 2325 1 -2.448601018286622e-06
 -4.259356330400539 0.9857470769617298 -0.6124223360492296 2.853848655259152 0.194226323157247 0.1264983517342351 -63686944.21420398 554.5473040264618 745.271316132417 1.094196666972742 12.387220176579 2965.768265275395 548 191396 1 4.333748916801344 -1.613518847552113 -4.55970142205003 0.7628082156224489 -5.465049206320874 -0.1745426561187635 -4.349425264185861 -1.614900038059519 -0.8755902908510027 0.233696705658394 6.099980176741556 113 561.9310581684113 2325 1 1.651360900862056e-05
 -3.486803467174345 0.2611457932777222 -548.5943022480972 0.1468541510510309 1656660.312452569 1.045245936111918 -3.313819830572955 46.40015764714069 6.990324872470342 0.102570995200871 10098354761.48771 2858.5334848601 2616 191663 1 4.689576762703437 -0.3004061931151875 -2.729760488297042 -0.7514054597125455 -7.811000494955813 0.6652230453480366 2.682512582042786 -1.762347323310729 5.534227405930092 -0.5763705076047119 -8.602235714814775 116 557.0486640930176 2325 1 5.781153327363942e-06
 -10.25155297144634 8.761748912613808 -0.2189977799727248 1.117934118133036 0.9794216110614975 0.3191767541778264 -897.91075416116 107.1928927453047 37.80714334427971 43469.23075102681 6733649.943052162 2763.672568101239 2190 191501 1 -3.514958996377438 0.579351054999611 -7.5559663766611 0.4154450655646852 9.769699811186975 -1.783545454551167 2.235555323937825 -1.325965572453765 -6.091838903844071 0.4035126346895854 -5.493861970127247 119 552.9796750545502 2325 1 4.71929103221778e-06
 -9.664063165410752 6.572049930261146 -0.1806349160646966 32.13465944707756 0.127874567369435 0.8330558285505335 -5.86664464297967 384.9292733585609 280.2139151726077 1.413582928532175 7.990019518348467 2986.729007911402 928 191498 1 3.409549492596567 -1.405797288093919 0 0.7773169500489812 5.325702823207186 -1.767906438339775 3.547394656869599 -1.745840552623905 5.666199957976668 -0.08829458137391022 -2.871833788051852 122 565.503319978714 2325 1 -1.402692940775426e-07
 -0.009780247213365062 11136.13576457945 18276.65242400848 4.868350694298942 0.09916996416331338 0.3381624646590681 -787.053691682651 110.0353726106086 32.77128495389407 7946.524286950643 77829.99442876992 2986.887633388447 3364 207629 1 4.287690952683856 0.5497823008804019 6.606214168920869 -0.803441780062264 -2.061466164699296 -0.6219259110927098 0 -0.3629329256858878 -3.176642354836869 -1.801587303840631 4.584563357059482 125 603.3266689777374 2325 1 1.494314566133776e-05
 -3.930237950949843 0.07185823453831829 -12874221444.22395 0.04213008786977828 7.34156832084262e+17 0.2311456669134661 -5817.480620056326 669.9725907891981 976.108424700219 2.828252101024439 2.144208192177959 2841.143393734538 10167 143747 1 -4.322975652277712 -0.3372491451286984 -6.473748284415296 0.03462737869599364 -6.052472363318945 -0.8540979367736421 -0.2032514137648569 0.02023027115175811 -4.771259603408962 -1.180568499242781 -7.40079470203527 128 428.8376348018646 2325 1 -1.773822849724901e-05
 -8.085464917970423 10.85249994683006 -0.1467887120533602 311.1311773363971 0.9078720087336007 0.3877939814208909 -157.3331815735647 1945.180145524923 9358.112503896133 1.919659824874546 3.234879891718996 2909.010687556758 2506 191654 1 -4.242395576370234 0.1787751374703945 -6.921855634237587 -1.687492294162201 -9.571978693535581 -1.598535285368145 -9.71841193996322 -0.04797831513591254 -7.013371227786257 0.07323472224718629 -8.807314920798664 131 559.4686779975891 2325 1 -1.432731369518498e-05
 -7.851177494416016 5.371160167612528 -0.1374336442396264 1.943381469819722 0.1474619315493402 0.06352368761134826 -8246728154910.345 2667.354057951689 16218.9171015166 0.5180965752129866 171.6932732930942 2936.749676605878 3983 191663 1 -4.171130708822152 -0.6106489536149242 -5.506304890822706 0.3216785279011641 6.437985373623935 -0.7788982995583371 8.535398038800388 0.7332663972441091 -9.688843994443181 0.5685740126692194 -4.875048445038293 134 558.0132319927216 2325 1 -1.279131531805358e-05
 -3.987950877799723 0.778024861745778 -1.187033213430407 8.257559575004356 0.05901183724100843 0.1036397116489764 -1306534490.78615 169.3114052125987 71.26236719136023 2.750923800651037 5.288690509191711 3010.256294464604 2918 127763 1 -4.106655814493825 -0.6201297293039776 9.760263457334082 -1.219104558226912 9.735914153100543 -1.531654826223996 0 0.1304755608948222 -7.875851738767734 -0.115672189060163 1.741800191931057 137 379.9458539485931 2325 1 2.61348218625192e-06
 -3.335866876948858 0.3112484364666667 -97.83840616570221 1.786626134581848 0.4549935954028712 0.09273285811512508 -4546320848.511945 4221.745527048398 45083.66889680007 0.1086481154572929 2054543651.952876 2954.163993016387 362 127688 1 -4.178330000867662 -0.08135853480939666 8.134750973847474 -0.6290158404208803 1.708344067804979 -0.730497073160528 -6.484449817495132 -0.8739225732605975 -3.445818515921358 -0.6734903008215039 -6.665151268229685 140 382.904678106308 2325 1 3.483018076302381e-07
 -3.003740744024677 1526.544955153672 6.072952982072088 7492.188663529789 4119.636216466841 0.2774664506058214 -3400.591197575656 639.5062407863312 1108.394490778659 1.372723201728445 15.10737771756757 2930.357332457663 1264 111765 1 -4.69876107063978 0.1487059622399202 -6.26456520189727 -0.458502319702026 -0.397920343752395 -1.197228521375688 -4.203315172966056 0.1457105306691901 2.443032554707801 -1.427612973372194 9.156704367098513 143 338.6917281150818 2325 1 -2.927911865510356e-06
 -3.995342541550114 0.5023703928299184 -8.522301201035885 0.218764483727603 -5547.854940709584 0.2278281435034485 -9877.186298929697 364.2328484407731 320.3643537079023 680.2003515861638 913.4965912479258 2914.923939680139 1776 127775 1 4.629939449089988 -1.291537938995758 -6.970870328443453 -1.934482534838258 -8.16018551712671 0.06116499535077706 -7.192174612989861 0.8452744071975955 -1.181448072617628 -1.315734642779998 4.990507265444373 146 387.4979040622711 2325 1 3.284716417229739e-07
 -9.367676405999227 8.507323834407188 -0.2193270425982287 1.311399198423158 0.8031518320058615 0.04512526971754665 -9.90737276496579e+18 3008.969184085069 20924.32492604691 72.34713645333051 8.117230482861245 2987.173618609793 2959 191645 1 4.371112639989988 -1.795429544993333 4.663206901112106 -1.114490811157607 3.799628192512943 -0.1538484246125779 5.329395790784217 0.1900602675049603 -0 -0.3873776543698062 6.697541762900956 149 560.2325139045715 2325 1 4.156332902665286e-07
 -3.801430541955485 0.1673964021552705 -25983.3153154164 0.2685720848807022 -49.93737071870205 0.1349036554048799 -4369105.501117655 23797.38152475508 1255113.62357848 377.9656132394752 148.6243206634008 2899.914337498662 2496 191661 1 4.593786398174373 -1.769982898311119 -5.043990830996196 -1.011572217309229 -9.28385627524503 -0.4656551965545628 -0.02817372946674457 0.5211832342488067 -3.909878517922537 -1.026632374747523 4.650887990315294 152 566.820937871933 2325 1 -6.424993848182182e-06
 -11.35986490839153 11.14432069723263 -0.2677149869493284 4.982084266874722 0.07515142228798269 0.2750182076306951 -4823.275288119518 29181.83787820304 1500703.191364124 0.3457786458928103 -2423.276744048627 2962.614713477477 2348 127745 1 4.323668407012803 0.8035694750629413 5.027951335473111 -1.600437024069716 0.797546802864225 -1.691546083769208 -9.61477875825882 0.2655574571031107 -0 -1.307101688169846 5.947642355783489 155 368.6527259349823 2325 1 1.778693712788107e-05
 -6.75568021905767 10.5577923434079 -0.1110813629852413 107.9962579454891 1.225359421321258 0.0373921886369369 -5.64661281518942e+20 81601.46941968206 13657079.38527052 1.866218802637624 6.204325222321989 2963.804194099187 912 127776 1 -4.497647306406259 0.1537439960079298 -4.329836114582157 0.4441058040732617 6.991094496728954 -1.93058418929293 6.486389054853612 -1.150742106064317 -0 -1.626303079545879 -4.039214660325274 158 374.9830739498138 2325 1 -1.808219242929586e-05
 -3.659757965334154 0.3867037902857195 -39.19605558794533 33932.054915694 58506.2415621767 0.04405560071900284 -6.666330356271831e+20 51.13419185680611 8.180812049228786 1.665611828055143 8.77466921410409 2895.047765121619 1763 127745 1 -4.658720608633505 0.1602805171220676 5.976606021985178 0.5503071060797438 0 -1.874984003213377 1.468766548998054 -1.318524338175743 8.352995751874573 -0.9077037631865821 8.239929593421355 161 375.3037939071655 2325 1 1.227455010413378e-05
 -9.470486234838459 8.530219083518464 -0.1774038683524247 55287.14302594489 189525.5342807285 0.1770181665942103 -69224.30451227831 177.8156904728645 67.98861860900436 135.8943255130618 18.92436077565484 3078.368680175383 1577 191646 1 4.330738697460425 -0.5634324624835756 0.6517373787329923 -1.616672772350201 0 -0.3225168956676416 -1.739436661214831 0.1518154008934535 -1.298374998576351 0.6959563620026081 7.685877790692306 164 566.0284721851349 2325 1 -1.901525118956422e-05
 -4.302458185226698 0.2743524830803963 -419.886645387085 12.61774679569737 0.07840799907551844 0.05654863154297322 -1.148438824092911e+16 107.2317391403536 25.12619298278943 0.103331897907702 11397275028.17155 3020.306986235224 2619 191614 1 3.912155066647906 0.879956044716196 -2.759655428861065 0.6029293742345319 -0 0.8215947791906499 -6.041628727099495 0.4370085290261292 1.846267540225635 -0.6640911454511729 7.193586719396462 167 550.7693290710449 2325 1 7.980214746942429e-06
 -3.471245144314751 0.0492769814790852 2.208036325611046e+16 0.2610199408041086 -2458.769623107207 0.05878768053382229 -2757097185572482 91.52011767698447 27.06013114062108 0.5977823265418659 323.8203470595909 3102.316776246451 6409 191663 1 -3.89828982228628 -1.448127019697989 -0.5485463756311786 -1.620671208780626 7.630105371963705 -0.9795830637869338 4.77755357731266 -1.503343288253863 3.594257825996703 0.01576939678235736 4.376522821816574 170 554.7568621635437 2325 1 3.968632618552244e-06
 -3.540587556512196 0.28534166052715 -386.0718671078693 10270.08119344863 12587.84110441365 0.4708067978628143 -104.114386356757 30296.66412978326 2083966.875597216 7543.980167136368 52235.63287074295 2905.96615332482 464 127704 1 3.938516908394333 -1.900447100017895 8.088594228330798 0.5872708910264119 2.836710779261939 -0.07362960711434943 -9.044250288797199 -0.9243968410648113 7.417647316110166 -1.586273661006198 -7.738509307402039 173 373.8801579475403 2325 1 1.080108380486273e-05
 -7.352594989360827 11.72757461846601 -0.162894603756871 0.248344954010448 -4055.989631745996 0.0501271092462791 -6.893906569049274e+17 1675.598103550097 7431.565989409772 2.163325936623043 5.556727993399253 2955.736329462087 2312 191659 1 4.337272887504857 -1.028280182995554 -0 -0.8096915416328745 1.515614752217979 0.8633223433479515 -6.724206762725789 0.1615406802145119 0.4000451773086375 -0.1785466963824068 4.579914183402694 176 575.9969601631165 2325 1 5.468221009292296e-06
 -9.551386232077778 8.940520647234466 -0.201013131783971 97944.00605864835 444405.2618885614 0.3008395987473854 -3161.777294595106 181.7653458344519 95.31156502367703 1.192629482639905 27.20089289484805 3025.774045141461 1519 191660 2 4.294920579339806 -0.3296600551919644 0.6326354447972897 0.5270238175570929 -1.768429663397619 -1.811052142876257 -3.259683293573429 0.8057143861188183 -4.735619435703325 0.553786703259787 -4.606494672109161 179 586.4426729679108 2325 1 2.508982291334176e-05
 -3.595421077136224 0.374362095532089 -34.53072021421803 2.16215455123733 0.2022389179119615 0.08140032375644971 -344729322429.4402 247.2895294320639 142.3923811900891 0.087878817917486 227372284716.6771 2874.954649203124 193 175546 1 -3.701167209676126 -1.825582206903914 4.275976662907848 0.3167628232804325 8.78574549093937 -0.5134051805940842 -0.03815673314581547 0.4616329986557774 2.64459900957805 -1.883867085986719 -0 182 538.9400451183319 2325 1 1.140882344270104e-05
 -3.527496274561722 0.4730464051142435 -1.886224943814667 4694.524327843385 2132.982625581258 0.1363921033019752 -11088220.28275135 760.3348490865077 1570.498738959602 730.9713992911647 1143.54030782225 2897.272469657695 265 190287 1 4.274218338039247 -0.632133754472112 9.692615877857399 0.6723155905143665 -0 0.9160905640967605 7.807883095442088 0.4413236065094432 -3.400352427401005 -1.423467576671158 -6.067472068823593 185 588.2674388885498 2325 1 7.672975498876557e-06
 -3.129794087962056 0.1982140870727175 -3370.761975762315 0.1119311489292363 92151919.52179696 0.1031954919864978 -895979081.2405976 582.8807888339122 893.351887915355 1.699008075783373 4.893349269527466 2893.211266901582 1742 191532 1 -3.839079748281729 -1.879395672580576 -4.521136728940832 -0.04822085863700211 1.174748006272139 -1.610288097239144 -1.8326585061248 -1.572272759429028 -9.232094313809398 0.799977655829208 3.248241128026206 188 591.1958160400391 2325 1 9.246570404296844e-06
 -3.150576182766139 0.05655086977716906 -272091758377466.6 0.2748975836515417 317.4493178822655 0.06115387568305612 -1095389978144765 181.3560363572736 96.47071049582102 0.3806018153292432 1541.135128943785 2869.101473747788 867 191630 1 -4.450127003109833 0.1312883724835316 0.4315817615784505 0.7161527953969018 9.057530549080868 0.07983991384344155 -5.891916417696946 0.8154951087873439 8.501898763947752 -1.099375510832576 -0.2396277333636041 191 586.4518489837646 2325 1 6.137239853988668e-06
 -3.392007190096634 0.2686100245830362 -299.3295444485852 2.84588912650547 0.1314987746176451 0.1443118008392086 -2004489.304231973 1394.90397353416 4282.255005032236 0.07617249505617692 622861684693.5034 3065.914851565195 1610 191662 1 4.414539221874969 -1.199076099553237 -8.986465439305428 -0.04576626848423709 7.467283765430791 -0.2790311481014642 -0 0.3872978068526463 -6.770844486156659 -0.01199725893322425 6.184010003275094 194 675.7927181720734 2325 1 -4.075135523690516e-06
 -3.800500214121811 0.2639208911078333 -343.3485264504351 63250.88313622795 193213.7458415717 0.5780567133891863 -22.33076756433189 87152.55157302067 14776298.83878102 492.1310796717025 76.42928629644618 3003.200282282342 218 122705 1 4.621423398916352 -1.679995765040076 -4.980850446090532 0.5708872128210345 -1.161499569053953 -0.6180298259446779 6.189050920127693 -0.2091125686476403 4.282285776355223 -0.5578344066962035 9.419496293833472 197 460.2522809505463 2325 1 4.755314036619126e-06
 -3.514858782464974 0.2953039110185022 -56.05897934362623 0.0580935303842755 2607230040441.784 0.112157863699344 -14802336.28893864 651.2898373469707 1093.495653411393 79.70143084800166 15.88624857057531 3031.70546503499 849 191558 1 -4.239639978013027 -1.695857932587631 9.05956275650296 -1.586015442055673 -0.2539980138833249 -0.1212079951407414 -8.089709526575978 -0.02846242768158547 1.020517093288634 -1.985716954818756 1.073644212892577 200 627.3448231220245 2325 1 -2.699456410077839e-05
 -4.323360254967215 1.056692401600914 -0.636318323205363 15187.54346146194 15203.56018275056 0.09067677567735122 -40080167570.21439 214.8146625174675 128.5460873531537 135.940383756318 50.81977099553886 2972.633992398769 477 190675 1 -4.540298298726129 0.1226711644393399 -8.97383881825664 0.7517977548200556 1.85787245999759 0.2409509454384473 7.870171380448028 0.382685780905228 -8.901053615860068 0.5143379765693674 8.911425636506307 203 567.0003051757812 2325 1 1.070476599625684e-05
 -4.352015587131404 0.4822095421796014 -4.288366348590626 53288.54162472909 360650.3829234888 0.2553075827124914 -1481.052160043898 2551.871029047282 12813.04295524174 11286.05743347816 257907.5996768334 2750.589605601051 1128 191617 1 -4.388396628525819 0.8684539760997847 0 -0.2164433452109798 -0.07660885959101371 -0.4336405300665112 4.670451193130711 -0.9612422898946598 0.7082884752979504 0.4098212329259177 -7.978985483761171 206 552.0216979980469 2325 1 -3.048150733545246e-05
 -4.605248935855215 0.9417377965475047 -0.9142491088879429 0.09388586481406257 -2312211741.463673 0.1054375633698417 -481775261.0434448 29381.13471743144 1392237.107190767 2.531052976820273 -0.9829240968244093 2846.009535666723 3878 191657 1 4.509056679174853 -1.163734453384292 -0 -0.1089700176521724 -7.925922273503474 -1.160623274961793 -5.558095886822426 -0.3344631686252377 0 -1.395742750092126 3.717145450682161 209 565.3656949996948 2325 1 2.237770305339502e-06
 -9.276450506532951 7.297190934044545 -0.1658897383803588 29.00278807025008 0.4152115015787949 5.264672603330441 -0.1944233486065517 25886.66897391468 1680170.639607298 1552.893083943338 7787.065785666074 2856.364519375128 2274 191590 1 4.590799738192034 -0.6980125595588014 2.82112805563849 -1.249053817048349 -9.235321168427314 0.03389929710544461 -9.7840985040174 -0.6824720994749143 7.271873502711053 -1.830899836962826 -9.326785877843765 212 561.131276845932 2325 1 -1.86494400912523e-05
 -9.233965982324351 9.126162624293798 -0.1937574297436219 0.03717809445960325 9.915920229323478e+20 0.2938408523477903 -904.9002015021683 62.41322694453755 11.00322841482368 0.1911541818449645 -244198.5918038196 3067.477249791656 2766 127767 2 -4.028158593915416 -0.2971316347669485 -6.018545119968972 0.3302654476293019 7.304784841616755 -1.812444983634641 9.841902279329489 0.3702648595395148 8.222145708370048 0.1805859719195934 -3.439574147427694 215 403.9405472278595 2325 1 -1.113741175922185e-05
 -9.395010154251208 10.46963011644423 -0.1982138015752868 75.75815950937351 1.090815143572387 0.07258082520170646 -417812806161.1131 40.25877714438826 7.217583550918651 116.6474145509711 36.77729719311532 2843.762345440044 1351 191596 1 -4.464623018899327 -0.5364029077087542 -0.1067650237227618 0.672503233251609 6.854202466960082 -1.097484447043808 -1.526486169412854 -0.9091710968355189 0.860029020791143 -0.5993850527130116 -3.047358496389299 218 553.5579121112823 2325 1 -9.109601415341001e-06
 -3.277690230909456 0.3030241529065763 -157.7839341521741 0.2318648632518541 7257.683114973993 0.09336261147857945 -19955859674.94773 17648.28031760829 608343.5633203721 0.1034665327214041 16640843121.24252 2963.250273083112 2679 191655 1 4.542986913708089 0.7238611183858676 -0.1176543682635227 -1.874069632872144 -0 -0.6848371781279239 -8.839149886860321 -1.065937969418997 -6.742232613750256 0.584530307514405 1.785383538141549 221 552.3178369998932 2325 1 1.533413679673385e-05
 -3.348823477384517 0.04561514018977793 2.058933563271444e+17 0.04097166462747295 2.720037788832936e+20 0.05529141535822382 -1.213281333301733e+16 1822.593973374748 7578.035768710458 1992.233108849983 5939.685829116074 3042.715802738536 1755 191644 1 4.526359826359511 0.1756705619544542 -3.203524788719516 -0.6798230279317057 9.737089795100616 -0.8384273634271509 -3.239626693426889 0.763979953848692 -6.033003074317577 -1.291975803884561 9.667031467757189 224 554.1262609958649 2325 1 3.577347107056165e-06
 -6.722356220411077 8.912001192337154 -0.1043449125642052 177.7445965895773 1.393616613022278 0.1047689581684944 -75971049.57775699 5275.472440492373 47618.00450500738 38.36141627839088 -3.770365622916379 3057.789480562439 1684 191650 1 4.282564113577261 -0.4325917956421411 -7.478832147815497 0.5562631495731378 -4.820473415533694 -1.282277556087195 4.059324603976334 0.2835687467657268 1.515445977607952 -1.262860704633118 -0.3180874125958524 227 561.526300907135 2325 1 -2.062097079637769e-05
 -3.283148346436778 0.1579777475712713 -47035.84177093098 0.0760374465645328 32758985372.30119 0.2527241717849311 -1554.427884056166 3804.865440508521 30791.31608898308 1.757998713755974 8.377347055583197 2875.262812991854 1178 127772 1 4.694706505437734 -0.7584390125811202 -1.787075400072223 -0.005152516403747189 -0 0.1607678223956439 -7.864066629561387 0.587138612984734 4.205459518498889 -0.2904920652063829 -8.348893976796791 230 374.2535769939423 2325 1 -1.577856646754771e-05
 -3.027740415778338 0.08341818695922391 -33493465324.60185 10613.03152221231 10978.47950938306 0.06879255340225097 -92235603316752.72 1661.312502705398 6571.936839019162 6567.008405440084 41684.70462121823 2788.643561782432 5043 127762 1 -4.6536307826262 -1.977735855814326 0.1145224889086967 -0.1821125084298476 5.840887205984991 -0.1683825619261175 -3.544328126260654 -1.170437146149447 7.493433891588973 0.5535718988045017 -9.550984604053577 233 379.9901151657104 2325 1 1.604003357995542e-05
 -3.505689520367307 0.3960628877233691 -25.85386672803595 2.462191264583525 0.1335454977146028 0.1824340583782222 -192049.5520715197 357.086609572848 336.1322487385689 5077.479581233942 23218.01880782732 2755.793509571574 407 191473 1 4.558615560874868 -1.832360785190899 0 -0.15695482394392 -0 -0.675891677547286 9.88664172725214 0.1778817512754101 7.788553516544734 -0.8536584545897554 -2.140241624655705 236 553.2692451477051 2325 1 2.488848171672869e-05
 -3.49652937424618 0.3282620941328377 -47.43086825286879 0.8581734340202309 1.921845018708355 0.05471304301234019 -868058454063205.8 1049.315318742416 2688.697947496984 589.980563129337 1243.602951122176 2939.834681148663 2517 191663 1 -4.428905485407447 -1.049661443177397 7.559157045944959 0.4905579355140448 -9.933214747392711 0.8373590424659998 5.425691628668786 0.7270000692426475 -2.829194526312194 -1.368639689164649 -0.4379271918688028 239 557.4216780662537 2325 1 -1.117954677606514e-05
 -3.967432796286627 0.1867050757930639 -22277.11073035087 0.155507531772275 783144.0550235674 0.2041852504766873 -109090.2762089615 42.40003883465918 7.250434765913656 2485.168099946314 4776.297193064086 3104.07236128879 2110 191654 1 -3.078429697763224 -1.987716729772566 -9.578786292233643 -1.409250857926498 -4.709947761746468 -1.726171483199783 9.327404312903518 -0.9266357626320154 -4.446084885011131 -0.9325282327649039 0.6165485809605231 242 550.7630851268768 2325 1 1.580047402992687e-05
 -3.416512371428426 0.9551515800820497 -0.4875503242752843 16295.91650869068 27628.77129836575 0.04739984660404299 -1.218370094980545e+17 7353.155522467378 145502.1206271606 29074.18642838245 1466122.119361822 3064.718644993348 704 191597 1 4.15107286232444 -0.2535088264317871 -0 0.8613649771579905 4.996183824548494 -1.066513171467027 -7.129984730291401 -1.040053352960277 -6.144272756726303 -0.6436217710568162 7.535490610423725 245 551.4340360164642 2325 1 -1.281198884687104e-05
 -3.026381362988334 0.2822583737087801 -54.57466018934262 0.5700648191387968 6.942149062337164 0.06407626343461473 -5509542926188.187 1059.062239408123 2152.819681578727 82116.93214165342 10144950.45249539 3146.825730017339 442 191440 1 -4.687813018111313 -1.061776259986986 -4.542652501955638 -0.8445498420156508 0 0.2295478467529825 0.1456933537702998 -0.7949596856435068 -7.878340286420567 -0.5868857343510037 8.774304395768164 248 548.8643820285797 2325 1 -1.540113494444548e-05
 -3.303183531330206 0.097823221011007 -4450378.132757459 1771.585947933778 181.12399172099 0.08402557776196155 -1565033398.732469 73.60008642687873 15.66828567810923 96.88728715188584 25.32418987763422 2791.992436465079 3919 127771 1 4.169515404065301 -1.421066619745011 -8.690250821048854 -0.3679876228676334 2.418441547062255 -1.953224901706292 -6.778286186987332 -0.5265808658489881 -0 -1.460275419110477 -7.842990684310452 251 377.0829310417175 2325 1 -3.368847182435818e-05
 -3.946815143177524 0.8832379913068767 -0.60104090446259 0.1658136724179339 -87104.42205572872 0.05175328763458677 -2.656873087455438e+17 974.1787331435764 2132.866315133852 4.285920901267841 0.8842291642482681 2928.191688223245 1773 191663 1 -4.668669274052156 -1.712437110148312 2.82839237258617 -1.319646080368312 -2.314684984520067 -0.3603584336605473 4.872901361394178 -0.5258418230339146 -0.7141076426918298 0.6867385408310955 4.73730998282514 254 553.6896750926971 2325 1 6.711568021385267e-06
 -3.37409312304079 0.7566441259917973 -1.71217277713157 7814.158732023968 3920.364758576475 0.2147322547620963 -23634.3964076872 84.26427114055616 24.26334615894741 98797.12044503949 17741549.87762426 3039.0481475181 3243 127768 2 -4.186703210919008 -0.7914959727570761 0 -1.161039771357858 -9.320282733693565 -1.704156666794832 -5.196396771083375 -0.9794899913926631 1.542599740314899 -0.9185561300484908 -0 257 377.4599199295044 2325 1 -4.977420869114273e-06
 -3.572837285676361 0.4223812500521721 -19.21583911838749 71952.3306194209 442469.1493881775 0.1474558585619517 -1288202.01981434 2886.827787092033 19804.78454596792 0.9315019871060961 13.03313574897241 2697.155766471584 4341 127776 1 -4.599851971161866 0.643299559446358 9.739290356205551 -1.820994032023515 6.253592190251093 0.3424508165679643 0.3413402392903024 -1.68834437839814 9.298454260343547 -1.69570657094352 -8.982901716116036 260 378.4258759021759 2325 1 -3.024706735753803e-06
 -3.564187917568552 0.1611630808961174 -71282.42993055721 2615.600745358133 735.5587679787651 0.3299956052869374 -1086.664617536927 59.9311492119987 11.4479114818429 0.09751093100250299 37620508544.54772 2846.303910143338 665 191652 1 -4.051231727724513 0.947786513788524 -6.867176371768406 0.3709106989111799 -6.657601281340989 -0.205087852121916 -0.6493572809718957 -0.04672648052123396 -3.505797873638487 -1.623380025803764 -0.9330791866490973 263 552.2695651054382 2325 1 1.876552173679161e-05
 -6.143804809608588 12.92652741386484 -0.1064236475192476 4.286873817709315 0.064216940730105 0.1360957149942011 -3702798.346814293 16371.9313368202 633264.7897356555 2.399369645150754 3.766398528801309 2888.311530937328 1168 127722 1 4.668991403245501 -1.703036373705179 7.688032196407338 -0.829290065208494 4.019709888834591 -1.533959266625829 8.081200638591284 0.8495875512286033 -4.191125741477647 0.6830311065177335 2.371334371068502 266 372.711590051651 2325 1 -1.04154147672557e-05
 -4.334777739525616 0.5168012110872853 -4.3771455326225 2691.572682576934 423.814801095048 0.07309413649050181 -611293145563.0156 5417.722002427881 65165.71295232324 26364.68319493429 291166.6234161714 3007.813562551321 1193 191594 1 -4.050476938799279 -1.16594586958995 4.876873681591046 -1.876888439590666 -3.662092441563237 -0.07208131866144731 4.113146414189356 -0.6013573051472498 -8.021467281946917 -0.2307794984002181 5.194392818037354 269 557.3134009838104 2325 1 -8.530866679281545e-06
 -3.73589287670115 0.2296108020434368 -3443.915221508727 1.010326974654695 2.261422747147138 0.2312255653602294 -16191.201429683 84.95611248322993 24.75668546708948 4242.501583475547 39834.77224677418 2933.507983673127 3410 127775 1 4.564068096996004 -1.553610826806733 0.8443081134615964 -1.783592725895179 1.980709459797396 0.9608637844598378 -3.66690439908479 0.2404524679427902 -3.948840555960401 -0.6058190830361978 -0.9198013507094061 272 376.5580520629883 2325 1 1.274458269219936e-05
 -4.172607738120015 0.196665057494135 -5352.18131638749 888.872450384636 69.12874401748392 0.2699364618702823 -1734.793329207496 838.6797216469161 1804.848760722173 286.4029527552235 -41.34351246702993 2693.076810195697 5351 127775 1 -4.511177766879129 -1.268770247522483 -5.764304092895901 -1.945692437697932 0 -0.7563833967895697 -5.193306307265627 -1.506495274389037 -1.666616619458368 0.8111296776587142 3.173655753504943 275 379.9557330608368 2325 1 -1.110441594045083e-05
 -6.596356028597887 15.24776423071573 -0.136179687112332 122.5460807840284 1.891381868912532 0.1187074195837 -188521498.4352212 44.38680271949122 7.601157561009584 1.001409857588136 45.16008347886142 2946.716805546318 2138 191662 1 -3.612803756818374 -1.560921339264326 -0.1815645520127429 -0.644530838454159 0.9165058145616234 0.9930397234296526 -7.428983218329629 0.08712313764082366 -6.805243593217187 -0.2133462154381647 -0 278 553.7123370170593 2325 1 1.27218787241399e-05
 -5.905926080169758 13.05925450146338 -0.1230287062267555 683.4059151560101 212.9610736212093 20311.82945602048 -159930.9024542003 141.0965903996909 68.05915827866986 2767.50090479662 21029.18237347326 2877.404688965366 958 127771 1 4.578164647508555 -1.653643670792941 -7.598862210898009 0.9553852639973348 2.891878199150583 -1.694231697905581 7.039211325085514 0.2507310757241332 6.521012553478771 0.1504967252773008 -6.531618782953062 281 378.6799631118774 2325 1 1.869629076262573e-05
 -11.23793814810352 9.12792542163046 -0.2471355159043458 767.2936437727951 50.19239458833023 0.06062008483271503 -2723462381585586 26.68551354242357 3.570495559903322 246.6098624157363 141.7272931928574 3028.310697311221 3022 127741 1 -4.431971295006091 -0.9310361101446825 6.731826505116048 -1.551073681630567 8.119698963017411 0.7726363235832601 7.283994869518654 -0.8637653642644185 -3.485485043328928 -0.6708241535311803 0.2372747158551225 284 377.3798739910126 2325 1 1.490187980190241e-05
 -8.704281323457449 7.960250308029384 -0.1694753538954574 1.489295300541321 0.4421190621016577 0.1059124854990781 -47827361.63522771 285.3943279840836 169.1819179228175 0.384960374577169 862.6491492104495 3023.552546654177 2097 191629 1 -4.086656802757116 -0.09069361202694905 2.109261320633834 -1.564364336360716 7.786052631802859 -1.250002012796271 2.169184939954691 -1.447557181625934 -3.028970193840885 0.287878036481886 -1.858141500355306 287 555.2839930057526 2325 1 -2.24024581689204e-05
 -3.754874768192823 0.07704635283758629 -37443095341.71868 0.1021455655614023 -271076624.4508353 0.2211525270735943 -14714.06281181543 2227.581036523427 10754.17209617846 0.05360825486451764 -7.535609958241891e+16 2911.206400555262 5919 127765 1 3.44839289971013 -0.7099074181184203 3.247854803539543 0.288823755460422 -7.746402410467121 -0.7059039553695117 -0.4967780105710036 0.5836425097664093 -6.348488357372852 -0.7393915444820083 -6.870537604747307 290 369.6318740844727 2325 1 1.592614861236424e-06
 -3.796840736868408 0.4450982477303761 -9.516357659078949 364.1811619247455 2.171691751203691 0.07013898949748701 -3303976855721.545 72624.05323495432 13427206.76395859 2816.680202789877 26932.3303031576 3004.447805321801 1759 127735 1 -4.644918132855442 -1.277242454535222 8.787857937864988 -1.077573783477404 0.7738852929695192 0.1771084842901933 -1.209913477608216 -1.766717908455131 6.703338150484437 -0.3789742331098713 1.776799419393442 293 381.205806016922 2325 1 -4.234659890848923e-06
 -3.756481110830523 0.3956319456535621 -25.91558553136857 428.3205451590596 25.99150532914352 0.0989703189154762 -474748600.7546002 91.90912658728341 21.13776658677031 40.55027361983333 -1.594125960408157 2805.215225301321 966 191614 1 -4.610412294843485 -0.5635558515159769 3.670385881935046 -0.6068092201883433 -9.361752865668437 -1.112327544854944 3.96080444090573 0.4523959274776974 8.855072100612151 -1.432460876273028 5.221413877542551 296 560.1656091213226 2325 1 -5.531274968289482e-06
 -3.12178163209209 0.3633474098133138 -8.863815488295899 2.900508017458349 0.1042157099321519 0.1664658896320954 -133306.3974294192 2641.135314276496 13730.4974604315 67806.64486248918 6479315.033408077 2787.685287593856 2949 191664 1 2.55903523020252 0.9666029910381049 -0.3731481339963736 -0.2327071457263257 7.239468594516305 0.08568200948641366 -3.682015151004725 0.05354806184773769 -0.2860602928900242 -1.986621698044758 -3.020504805544049 299 562.0157408714294 2325 1 -1.79787006856399e-05
 -3.468546818927794 0.2192407174859401 -7350.355367901439 67414.60803325733 136104.5729494518 0.2610604711973349 -7073.512612744169 16942.01402081117 645082.3340495756 1.558510323797646 8.317342637828194 2949.799088145533 699 190858 2 4.378204075839906 0.05068550397819479 8.471981728431944 -0.3261138049294257 1.979913451461977 -0.7097339621641598 5.659557870654912 0.2782159118658218 -4.092963071083356 -1.164138346564903 8.44877851254336 302 550.3637628555298 2325 1 1.308492613063652e-05
 -3.688893787852182 0.2297000999807595 -1213.757989148119 0.5063715447130032 -9.459896591192821 0.5106306125025137 -51.44453651551025 7115.368913859981 111325.6363765084 1.21531036506568 30.4218877450617 3012.651948098026 1140 127767 1 -4.416278725919879 -0.5116401874266927 -9.824296312774463 -0.05223931206759684 -3.203756158393585 -1.190160156829391 -5.373643395863834 -0.8873264323616308 -1.208283419626286 -0.02779549162859675 0 305 374.8892378807068 2325 1 -6.665688261878257e-07
 -2.872712418566785 0.03799193997149759 -9.988843151046624e+20 54924.15412916798 711863.5091305349 0.2239181489584379 -24047.23740304497 444.1779022064528 403.5461385328636 0.2208411499166492 233604.8173844313 2883.36176369398 2061 127775 2 4.458572934360175 -1.371677419199869 -5.94993376974444 -0.6337343358415595 9.21447394642003 -1.428423377439394 1.531390926134148 -1.270126689182313 -7.602295659585119 -1.193950070733407 8.700754217819526 308 372.7996408939362 2325 1 4.30458510762529e-06
 -7.71114070045409 12.47061713060146 -0.1439171795473783 780.374284531919 39.30120049253944 0.08454259861951904 -74977724458.59848 232.0316114363363 124.6099203956823 0.045734096032833 4.059975883448829e+19 2935.826305742081 1941 191656 1 -4.474679882851507 -0.5002902254715417 1.326556520627185 0.03890458941252193 9.881291719203286 0.1658630721251155 -3.786032485289321 -0.9610502090308586 5.250614417096172 0.1155597439193387 -0 311 558.0122787952423 2325 1 2.888056374250099e-06
 -4.155474620953143 0.1458027512418229 -92798.36668950591 2240.7563721483 607.9803195355378 0.1456907840573427 -762881.0005584911 92.4064107595005 24.73820252008735 91036.47263190748 13698479.50437936 2849.959100823378 1679 127752 1 -4.518964367402557 0.09465847523939526 2.325113927882705 0.4025459837897824 -0.3531507925104673 -1.852753231927843 -7.733663564883836 0.5889897187564332 -1.471581993870601 -0.6807004810955286 -8.000108914810767 314 378.0013601779938 2325 1 -2.086847633317207e-05
 -4.158651008479969 0.653226709622193 -3.507007363666503 0.04270300808416374 9.925808421422035e+20 0.1304330981805653 -29926245.3720026 11.04377963299246 1.680495464191937 10845.66966413216 196018.4993264825 3009.222504401557 2084 191642 2 -4.663405362299256 -1.904781520842127 9.25754361801822 -1.02248745122372 6.634222294168861 0.5618945868306278 -1.112329733162931 -0.6576057362078878 -0 -0.2190853663089794 4.279355901820709 317 547.983304977417 2325 1 1.595412107625025e-05
 -12.22401420761898 10.55197897354933 -0.2968561330219811 77478.05201592938 1041975.009138837 0.1534601900978272 -3909504.956313649 727.0189172697878 1238.366573821669 28899.6511930192 1013582.959507529 2802.275034428308 2289 191636 1 -4.605173084750471 -0.05415368518007217 5.908501922827462 -0.5912619768766874 -5.881479215266793 -0.9917819544648747 4.45114577964437 -0.8602598145890266 0.08890130755419001 0.5171337631397872 8.127531387534862 320 566.8042948246002 2325 1 1.851203517739525e-05
 -3.456267937972934 0.189500527355834 -4444.714025649612 4.450923578376917 0.07763408210381037 0.1869635650697682 -14813.04313774883 1549.362342614444 5433.432459621102 2.231711782552635 2.623612563910861 2795.995068082298 716 191656 1 -4.190646390906458 -0.4210274751309396 -9.525546583703699 -1.765388009029807 3.00109768324664 0.2871796025154313 -1.813254817475184 -1.697999676027588 -5.082222017264664 -0.7712183884354147 -4.359452531000093 323 558.0843911170959 2325 1 -2.20529085864672e-05
 -6.080144757208227 5.005950237343665 -0.0984644229287648 84.7667549303132 0.4728586963040524 0.2481682516290307 -10058.92204284779 292.6338940170687 214.3753529113261 0.07826966359968401 9178460283599.273 2889.194484189542 3466 191654 1 -4.660499017300865 -0.9714418603675687 0.3876521099159573 -0.06706661849503882 -4.046244406090434 0.7930342462663726 2.354190959039011 -1.270862863965153 -0 -0.1860969015509673 -8.424206741375338 326 590.6281108856201 2325 1 1.199320395792549e-05
 -3.23461657863878 0.4618398664832968 -11.6648046005774 0.04544344241147307 6.525527137676281e+19 0.1516767106174561 -4394748.307587982 50856.87769807301 5878771.194381683 35.03481412176597 4.466043370400472 2934.621500902736 317 175559 1 -4.449686424176822 -1.498387428220027 9.745095926427446 -1.470487390002942 -4.837976755010884 -0.6075591971158651 -1.890497731109953 -0.7469695241847721 5.374383741914164 -0.847656591793486 -9.441390051071036 329 512.5919690132141 2325 1 1.341999900174337e-05
 -8.755756599065208 10.9373160022031 -0.1930735608229189 0.8290169350882838 -0.2188292674082876 0.06051336608445465 -294297793994751.1 89.86206392393318 21.35198289093893 0.09291972052280735 64737505813.21245 2834.859965702029 2873 191660 1 -3.81060225479672 0.6845796125570636 -3.712317097119349 -1.054801798420661 3.323669999646514 -0.1208697756429836 0 -1.042138958650101 -0 -1.693930178102018 3.874005619358505 332 555.6194369792938 2325 1 1.219939954211821e-06
 -12.87127725002022 7.646588280367586 -0.2809556168391648 0.1475135266843342 -182885.7809576435 0.4897569786860734 -31.75943453450835 11687.52575842833 359736.4129024599 2429.985245502733 20883.90195355226 3025.482233432854 2067 127768 1 3.63620637007836 -0.4936520031033274 -8.518502733820801 -1.602353611268391 -9.303626504413089 -1.947681218291041 -0.6561648019825785 0.7355774637403751 0 -1.66124230056902 -4.19611206453347 335 371.2718548774719 2325 1 -2.216735745275451e-06
 -4.007663636413494 0.5866984801773512 -1.457297459826837 13527.97091639016 39083.57375531949 0.4957483278230278 -43.80804074287027 174.4156193829328 84.23254955589947 0.8942695503194039 18.45676449478321 3024.678050774456 1079 191658 1 -4.697427596944237 0.1410187503009794 -0 -1.755334208584152 0 -0.9583473769842001 -4.392802502306867 0.3189237904998432 -0 0.7012653471927184 -5.989785266055715 338 558.226597070694 2325 1 3.188078531151292e-07
 -9.222085078478342 11.32645765213653 -0.2037943892706506 861.6223362216945 -47.92747064637847 0.08966211477117048 -15699395975.81731 4186.907806547047 36046.55836430907 1.081994197717904 15.79093693765739 2984.852192710696 1874 127769 1 -4.31455405324191 -0.2958108326063976 6.329975653591944 -0.7892824684080946 -0 -1.769544252436358 0 0.2387118546018416 7.511797197623524 -1.760493089002658 7.187394219820295 341 370.8949649333954 2325 1 4.65265070769425e-06
 -11.30716632107722 11.52831946077026 -0.2848495006240981 0.2831150234646118 -860.8697412335252 54763.68549313883 186398.7543557147 277.7129762551802 184.3523334050827 2391.522244041666 5482.867463475787 2851.131641194065 1950 191660 1 -4.152550696304342 0.5184546824935244 -5.954973650653357 -1.119300746150235 1.834981630342879 -1.840187361558957 0 -0.8537034290569174 -4.503395035626703 0.3946729541037044 6.881893647043672 344 564.7102150917053 2325 1 2.861349224739664e-05
 -3.184347353781833 0.2079429550191882 -456.8160461498073 1.699650898070627 0.265932448497871 0.1627002572006664 -88531.37881577827 20207.92329353822 862456.3269059159 1.258630917158476 15.79220035626105 3196.746185684135 501 127371 1 4.25463725396229 -0.7098568153402054 6.318829084638397 -0.89875518866066 0 0.5055693647557771 -2.176374074461092 -1.405665407598134 -4.347504110911425 0.6958087653210163 6.01419566028812 347 371.8773679733276 2325 1 -2.443773808756175e-05
 -5.838222609678138 6.23895689336447 -0.08128810358079959 0.04043687104877113 9.979697263161592e+20 0.07923728428282599 -530280827926.202 6984.817477855427 98014.88351896718 5.734285861081746 1.677992267146247 2961.881861262458 1051 127643 2 4.318369403264164 -0.1440779039699223 -0.8198716517045517 -0.1971035751734567 5.016148806605249 -1.426168329996407 -4.110655492118797 0.6899134068110899 6.111178003871239 -1.795581568185887 0 350 373.6161830425262 2325 1 5.630226522076782e-06
 -4.805936016987348 0.6026404368599885 -2.959336652380098 4700.210791949205 -822.8814256529482 0.1407020703765674 -3050793.369808795 49.659536562766 7.86649573898928 8487.352613767205 180360.2634387338 2927.748638293088 1044 127751 1 -4.629015834988063 -1.929420380929843 0 -1.616288055820478 9.091304724910394 0.4433975631998939 5.937531725262904 0.9250783385131687 7.354379653074684 0.920260722041359 0 353 387.2741341590881 2325 1 -4.802155012550635e-06
 -4.137819752272405 1.678393764012448 -0.1385233173816761 5832.221647155244 3490.73867152389 0.05527788093271509 -7.48342583005499e+16 8482.52755829417 158275.7523954834 9446.644671694799 117885.4041329245 2765.354640949606 545 191464 1 -4.693293227383844 0.6835053691055304 -0 -1.140794904354614 -5.970928017966523 0.8334773681000858 -7.077606390133003 0.05810246556915469 -5.280695260482711 -0.5443872436882691 -9.518991766113917 356 567.0351250171661 2325 1 1.385586354618555e-05
 -3.063435572644304 0.4689378137436837 -9.928755752374272 3.063914617626652 0.09523186704543274 0.04892603866783052 -1.203180267300219e+18 6600.426200515296 122805.1950865476 244.9601657619257 186.5576612670411 2808.861679856948 878 191655 1 4.098004015235022 0.3986805563106905 0 -0.5095075369442847 9.011677973462445 -1.179008396045612 -0 -0.7963562859777928 9.309685564732908 0.9488722082732846 5.883251139819246 359 564.578250169754 2325 1 4.146560929432229e-06
 -6.765967985135115 7.269447973759822 -0.1023988908646162 0.0428969637261866 -1.482020243233834e+20 0.2417475700837592 -11063.00727357379 480.6813692054877 628.2259266001399 2.777179126658694 3.413373912293356 2948.132528811559 845 191094 1 4.006401591363645 -1.999496111523109 -6.646357557031038 -1.222527780567097 7.133518583158921 0.6308209050644704 -0 -0.6482850361913597 -3.960726427510776 -1.405146519176768 6.849417973880064 362 562.5092418193817 2325 1 9.665924581554167e-06
 -3.605519938887356 0.5492336698444175 -4.705618319192526 0.04858642876623268 -6.433708660200938e+17 0.1011074753822885 -1665266934.485422 17148.80732919295 643193.6597004875 8543.717836245187 121775.3493131957 2936.367523437866 910 191638 1 -4.098820510241025 -1.034076788589886 0.9181493012179311 -0.1539064309104399 0.166393820187015 0.1800233035184914 3.675669189736063 -0.9052053673137905 -0.305563506527593 -0.1829739088683677 0.2533169640942665 365 554.4653770923615 2325 1 8.606587177401247e-06
 -6.15335389569757 9.246525549779751 -0.08191323657759975 0.1554800798264585 -119149.6609341032 0.338320060875402 -418.5744542702126 76.34287139894803 16.53504332397493 1.207818414272998 20.11672417058946 3016.996216281639 1716 127750 1 4.348934666416352 -1.440289679652456 6.366974356466778 0.1394825281225098 -1.956485987424596 -0.7562850094362865 3.969541213146383 -0.08228058679970827 -6.568945053810251 -0.3855599104477276 0.9313535805786666 368 387.2990560531616 2325 1 9.501580992104297e-07
 -3.751847952128768 0.5969904954276429 -3.158391578184822 150.1692682235861 1.967719540809456 0.1100691128431193 -84407244.02066135 411.9310790051992 482.4859909383508 2.206708201827976 4.322931287620191 3039.464596187456 2193 191660 1 4.61238703226995 0.5710361177713925 6.011494519694152 0.4778435824674667 -9.252221622517075 -1.253566511712223 -6.747874700555066 -1.334924025710514 -0 -0.649050695822325 -1.767205131895837 371 603.0441100597382 2325 1 -5.754962428087477e-06
 -11.10116081905202 12.44699384988741 -0.2833344222853358 0.4927271453478578 12.03442413965873 0.259842275740146 -3060.140975367869 88.76910310936812 21.81900192865551 42618.76340200163 4282088.34290459 3005.432467812276 2630 127774 1 4.649775180493124 -1.893310510221755 2.430544544219196 -0.9634657307989203 5.999514803596623 -0.79731631030318 -8.585132965313562 -1.809637698012393 1.380035263933026 -1.495131406899908 1.356313419461978 374 376.9964160919189 2325 1 -1.942743571371504e-06
 -3.181220792251186 0.05548964229515396 -8013125573362680 0.5870911368245051 9.594648999155693 0.04735042862104651 -1.679908951357227e+20 202.943794062338 112.8992126776861 5.057126320345788 1.656213193130026 3009.14793371158 2050 191651 1 3.526437570192219 -1.842538994581293 -3.867713874472835 -0.48554659664598 1.5646928061374 -0.2292672341614104 4.798884115530968 0.6566110197318906 -7.806720716808854 -0.2673282506646109 5.236387686082935 377 562.060024023056 2325 1 2.166813115558689e-05
 -4.127898436131349 0.8516144203217212 -0.9302180459783039 238.2889047072618 7.948042207962923 0.3490553457093787 -203.7346724719785 27896.62010506633 1821452.371536078 0.09962208225087633 3730222922.693413 2917.557557736819 494 175690 1 -3.551107958600608 -0.5393785021742632 -8.299893820414228 -0.1600319533017372 -0 0.8109063785767345 1.81430545819894 0.5374005910991091 -6.019613465283014 -1.672201600518232 9.922705122912438 380 508.7969989776611 2325 1 -1.13371834739613e-05
 -3.090952418403418 0.06357671587592566 -957329067519330.9 1.506211020074004 0.3567917313860097 0.237923932607117 -22633.79283965229 2901.700272296087 21315.20898514127 435.4965815179318 372.3340993944117 2852.977348159224 630 127768 1 -4.630982410909205 0.7732606572136294 2.09639324896309 0.6214007994998121 0.5490811313471982 -0.8382441814061884 9.513178582133804 0.4660038007333771 0.1010116282688767 0.1950214372733807 4.695533574405344 383 376.7046020030975 2325 1 3.356635263398326e-05
 -4.241135165863826 1.031656624942951 -0.4273571813108429 223.8193267760206 -0.8599728983605046 0.1465629717437414 -4501624.029654055 99.06560415715906 23.97565986148597 2949.388474396512 -2508.199373944735 2975.27256333496 2072 191643 1 -4.546734880307185 -0.8706907026931141 6.823068547819604 -1.394701411775094 0.5568635127194725 -1.432902714774112 1.062566127300454 0.6099794512350978 -4.098294027454803 -0.4622102561617769 0.04455031273009613 386 558.2805278301239 2325 1 7.962841135548455e-06
 -4.035274837982995 0.7953352658875604 -0.9921839003501264 0.7201452676556142 1.948011560841965 0.3179342624461596 -240.3216479678179 345.6043070263024 261.1677252438454 197.8421510069466 36.4954385640938 2739.964307876233 1329 127523 1 -4.31453021171884 -0.1959788403548739 -9.597517732897128 0.4326626613163369 5.913922455586679 -1.337118425005982 2.887318036888022 0.1894287371779342 -4.819954530119659 -1.828729895519478 3.876444366739028 389 379.7739100456238 2325 1 -2.02576493783184e-05
 -2.945557081006533 0.05648157770734713 4574503789121.866 16843.55228493276 12991.19362440472 0.7360075679333589 -4.065348261644449 6392.48437536405 95042.58285026014 0.1857350391218719 381868.7992255141 2851.297562649287 504 175626 1 -3.513958657445463 -1.537889908323907 -9.803283621934581 -0.1721323474137435 -6.686656613682183 0.2199334142864905 8.467840295164445 -0.2644836809578575 3.4253489117505 -1.460721661752816 -4.269213157916696 392 511.4513990879059 2325 1 -1.008964721758796e-05
 -3.388777258154371 0.03488822849059825 9.998859344072984e+20 1.710135759290215 0.2704179323337171 0.3119601610741695 -882.0436820176258 33.36508079847711 5.106159378445233 804.603157083963 1060.692527023824 2832.582772664025 891 191522 2 4.158747094986277 -0.3272888918492605 -0 0.06641820161917299 0.7375985893083588 0.02645580010610661 -3.467851235241945 0.7428619881448717 -6.956697020188071 0.1656915095419049 5.681070631105472 395 550.8376750946045 2325 1 -8.010474586453428e-06
 -5.91476531486644 3.810170713649528 -0.1142103192186794 0.05625291650367697 3.458829399558239e+16 0.2794866747944807 -4816.355437233145 79.74869489482082 19.64101738160658 0.7304796498918025 109.9353819416894 2941.847173523818 3269 191662 1 -4.219647303572006 -1.594488271633796 0 -0.01262916459095113 7.343033417979523 -0.2846300939230168 8.934128565193104 -1.179693596729187 -3.215184667076085 0.7430477981969514 5.58853376308391 398 558.7080430984497 2325 1 1.666362104095502e-05
 -3.376837365472316 0.04054468976973997 -2.606192906452908e+18 1.543040609308385 0.5414256084476472 0.1012432556090216 -475265663.5858968 93.35993590880095 25.0660983202748 60.22273964649159 2.483987498334485 2969.189670259158 4861 127774 1 3.278756262436157 -0.8359100124222802 0.6545931832331164 0.2212081631648543 -2.876850422466549 -1.999538987348486 -2.943109799151987 0.4021030171640367 7.331501163034966 -1.357850605014272 0 401 373.7786090373993 2325 1 -8.17771366004203e-06
 -3.195601229214463 0.03605560586104466 9.974592354371844e+20 3.946707361346097 0.09055262056994876 0.06442202259517864 -31007951381242.94 95.14374696070611 27.58619520004288 0.3761125764847256 -584.9109907579782 2824.284975126319 1560 191636 2 -3.572846140280133 -0.5297093135903257 -1.940728831565727 0.9348661962539784 3.085138094018716 -1.014906768335387 -5.070386471985388 0.8426730577209236 -5.832667038677868 0.8215872447058112 3.647268690223759 404 558.9844560623169 2325 1 -2.553084457555419e-06
 -8.365257201742686 6.32012581612328 -0.1551313609342611 155.5524848306683 10.96009331974137 741.0988656587493 -269.0795300028503 5715.558407592218 79826.92520818142 0.04000131493604654 -5.349056650135043e+19 2924.731010931712 2990 191653 1 -3.987540904059256 -1.557517760917253 -7.450742549966801 -1.207546355671174 3.377315749018926 0.01555860735147615 8.0821723909373 0.6318339806652369 6.433494344138468 -0.0651080492267191 -8.033107337412646 407 547.1645090579987 2325 1 -1.851469897964697e-05
 -4.545178254789217 0.7192774357576226 -1.644820883742608 0.7419004162191092 -0.6110364283875348 0.1255899070721398 -46827277.78508637 5261.146195686566 53025.85426408559 0.04264566368220422 -9.922690688864046e+20 2827.757937752497 331 108091 2 4.659086228756482 0.9115856203563433 -6.545361908970766 0.002842383199802807 -7.95411626841978 -1.762822887693225 -1.822059044389219 -1.486160462717359 -4.355555880432992 -1.241913211640529 -2.465015975024007 410 331.900416135788 2325 1 6.043708360721751e-06
 -3.272282439583972 0.2362305801659511 -1192.710710322061 0.1881804239771277 44248.61561598773 0.05807588471629719 -1.601854146470047e+16 3128.534892688434 25107.42139163814 1.264617252535087 13.84244476638609 2952.598317718138 428 111644 1 3.914324972216837 -1.314433029196403 0 -1.147080929482398 -9.903032989092171 0.386026551791645 5.639824112972602 0.5036686145907562 -5.761884995529252 -1.897844358000782 8.470044341492079 413 324.4513249397278 2325 1 1.221730787282221e-05
 -3.560122658557056 0.03882952570660991 8.409043098752668e+20 0.4266053845400211 34.35791006566917 0.181679703731383 -318587.1145380585 846.2148853761622 1634.141606805944 86.78024207659075 10.34630554187721 2907.243856155341 2406 191644 1 -4.180543458928343 -1.407305764381494 -2.862442175236599 -1.497799981299838 -7.520738681369984 -1.258271089177798 -1.941788790859796 -1.274275945310221 8.923264468610075 -1.916093208472506 3.322162720243298 416 560.8699219226837 2325 1 9.741035814082913e-06
 -4.16409864532378 1.171666463416259 -0.3764446702103749 3.717631658616747 0.1175945759822229 0.07076840886829826 -7285850240869.436 4058.109099215418 35550.79334566368 1.158906168281517 17.2621715227198 2870.948855151945 1616 191651 1 3.888221699182456 -1.875170601126296 -1.250042188240739 -1.102067457485335 -7.331195384981735 0.9515638734811307 -3.049299612063579 0.941491836881176 4.313528066410587 -1.61889376819335 -3.523450327709588 419 558.0426731109619 2325 1 2.136108252255599e-06
 -6.642239646430474 12.37513453787347 -0.1386420762703937 18.69980682540957 0.09509318165190186 0.2283666588703293 -11956.46231676652 35.3670526964603 5.274184308646311 58.34651346602789 7.535195163494494 2826.730590536583 956 191182 1 -4.673781199311462 0.1552332103878129 -3.502008885070339 0.6441100321394475 -1.662030683784514 0.4344895572137455 0 -1.540892291292077 9.87257781736969 -0.004712329346235245 -4.061218910222068 422 552.7380230426788 2325 1 1.695392578615793e-06
 -8.776750555518621 13.7545068800388 -0.2005960271730855 208.3986354185831 4.438610463943594 0.1103360773226599 -79374416.90138964 136.6779704686739 52.97207826221184 51238.534511154 2481922.131961171 3043.353157372331 2778 191648 1 4.639122320957311 0.3418288846936562 4.712948682338856 0.09289998784529717 -6.831396163987374 0.2785013750967277 4.199734996387565 0.6641172987972253 -8.586534751898686 -0.5700594644495212 6.211285638413989 425 557.9808568954468 2325 1 -8.545027516747124e-06
 -6.05959150838529 5.572062393210523 -0.09102698087742774 169.1079135878665 3.689615041025214 0.2959167096962044 -2647.720098490527 951.2345584281633 2047.706012467876 0.7577580214702054 71.10951844265462 2993.857635467392 1195 127766 1 -3.961110040251067 -1.443792269868029 -7.003974403490755 -0.06472267744410945 -0.8478666631004392 -1.320114640121321 9.365816676057834 -1.036104038052553 8.674497062869371 -0.2667213552261974 -1.186631027096754 428 374.7944738864899 2325 1 1.039044918905723e-05
 -4.257075781107662 0.5346410158763703 -4.118782422406099 74120.20874651788 552391.8863406458 0.385458313330391 -205.477335304348 125.1643567799509 36.22320311370393 0.04429259632870432 8.973184765202088e+19 3086.624934822503 2495 127772 1 -4.532438803562914 0.7927559211987321 -8.232374182584008 -0.387521557516294 -9.783589865349457 -0.04423760828960788 4.175182206038604 -0.2109500738970578 -5.18380848569964 0.6058701972478637 2.421686983601059 431 370.6598191261292 2325 1 2.824997662543355e-06
 -5.046701001651288 3.328826495992748 -0.07000170461464907 1.978260364774119 0.2164568478455985 0.04730704857099298 -2.59399544125351e+18 210.0218704484306 109.0851851585842 36914.52036704124 2779763.947270515 2820.136106255964 811 190565 1 -4.090009901437957 0.5088944017491404 2.14958445321246 0.2068326801215834 -3.523786581106367 0.2686322517997527 -2.037689597982905 -0.2656044154021249 1.285519746917327 -0.6730082858249125 7.08605032422402 434 552.2432248592377 2325 1 3.456025258566299e-06
 -3.93134204821043 1.350399047238395 -0.1308954789713185 37468.74977139274 107190.1483394452 0.04243477169894912 -3.643919422346127e+19 38.8365737280247 5.713390842722669 35011.55003331071 994058.0657899189 2770.282121842271 2682 191660 1 -4.082789696395712 -1.103657683773358 -9.63115749317106 0.7750605028698847 0 -1.819257277393469 8.42133588053183 -0.2013456693210216 -7.050455202650674 -1.652900107569742 -1.031495108679269 437 556.8936498165131 2325 1 -5.766015940047398e-06
 -6.674614229550186 8.262519246177719 -0.09154091086228924 1851.916904782974 221.3183902540364 0.1545276379771656 -1168305.171274323 314.9101264145721 235.7809545888297 0.4695706505463968 590.9192572844069 2938.548292672152 363 191604 1 4.022467541895901 -1.562597064376983 3.375157680834508 -1.425816599340683 0.4240226239200311 -0.5028860332233585 7.765997946268167 0.7212100943999111 5.017585739697658 -1.979148821258256 0.9277311431942539 440 561.1509490013123 2325 1 2.967941393728868e-08
 -3.892605550597207 0.07660347982416379 -18054964913.74195 3002.660237890339 132.1931755788602 0.3266171151569329 -606.3145557142208 53444.55008828227 6925898.481859732 6880.713680775257 -22953.25487164707 2783.02377029428 581 127716 1 3.619489871294706 -0.32506557835584 -5.004198464519534 -1.290927736499728 -9.684219222388615 0.468486862097893 5.598783220540613 -0.6851019882796008 -6.118805534093817 -0.5847886723520421 -4.375388795280071 443 372.7481908798218 2325 1 -3.856203858583015e-06
 -3.634865077646957 1.143801487032989 -0.3458107937460614 332.951454425406 3.866872990361478 0.225618151853587 -5024.991949617592 124.3231832149641 33.20609281455467 0.724303826440705 92.09363888292613 2757.479929628035 1113 191440 1 -4.6914594746198 -0.4910705897166281 -4.94623925929991 -1.997177417814902 -0 -1.863302587073036 7.035800893785577 0.9797826678442565 7.71017234206319 -1.325206215155736 -0.57903689708442 446 552.1807310581207 2325 1 -6.444734172633527e-06
 -3.538812396570101 0.882560465496122 -0.8626300125223003 0.0617404170700002 200091113105523.8 0.3782329886963769 -232.3359632185299 4545.904672706643 56873.99472206843 0.6259691587786167 269.0303238364287 3229.214331230666 1977 191636 1 3.881204838310077 -1.647219329999025 9.347072958099346 -1.649666770227362 8.858893100663431 0.3678142216626536 -0 0.7237279358621644 3.911644851122828 -0.04029605262416696 -9.192254350883646 449 551.6329669952393 2325 1 6.266704025556058e-06
 -7.783221888579408 11.45083078848002 -0.1510254634174472 7452.553913329642 7235.867890083765 0.06301288406965992 -144359366041014 14801.38179420879 439850.9258601374 1.140540540016635 25.60217728190525 2905.341113215266 1621 191613 1 4.184385017953524 0.6223872943963027 -8.101767704256174 0.9943410266312611 9.700492619135668 0.5407993431113653 -9.979691127260258 -1.514240845918914 -2.82758640627092 0.9293413231522764 -0 452 551.7711408138275 2325 1 4.162412376349285e-06
 -3.478814545425797 0.839170706437539 -0.8683532885403048 3009.667258531356 2150.256166337853 1.784395889820563 -0.7245479583050394 488.6626540563308 499.5355770420363 20153.83057143562 450884.3258475774 2867.300422944089 946 191595 1 -4.210474301099337 -1.609727495127815 -9.489871576343953 0.7012529734217567 -4.797300636101269 0.1105569910920305 0.3989553426739603 0.6811192140302049 8.248643873093069 -0.5311180562707047 -9.306959018668682 455 555.618567943573 2325 1 2.631975732258943e-05
 -4.421318202288886 1.113389417567703 -0.7566173860791116 0.107321559809593 639976200.8606476 0.1398154502773753 -15776598.34342836 3.524631301544911 2.28246968315829 1.001890291452367 61.70654921187437 2929.378371407803 3345 127776 1 -4.612186885423343 -0.338697977604678 -1.467883789797328 0.5101310319490744 -6.362822405811627 -1.753023748227732 -0.9192104708516089 0.3449473208817192 -9.562473279055425 -0.2963164731766064 0 458 408.0416009426117 2325 1 2.175504532699322e-05
 -7.872593152403053 7.529128326349491 -0.122306273546994 0.03828919508416442 9.990416553545592e+20 0.1422466282951816 -1537340.565564509 71.65546667817146 16.97298256715549 22998.26105025427 1857338.499625532 2848.418526492881 1581 127746 2 4.402403334753986 0.9758011396260153 -7.289108677719856 0.4160265510315612 -9.545559374427707 -1.599579727491997 9.348730515575127 -0.8277325484929525 -7.899427483768518 -0.8621271438920211 1.656172149507153 461 404.7285118103027 2325 1 -8.452364397697931e-06
 -3.781661728295168 0.1822245407961882 -20554.87131482924 99512.21630703239 695465.947845655 0.3867434290641842 -188.6447319794476 24343.091733851 1294980.63106498 2665.52757062976 4558.203788275938 2803.640425184678 1109 191491 2 4.40385862672144 -0.621834316406531 -0 -0.6447925630334037 9.991672524303192 -1.417006987510854 0.6992358756922412 -0.08619898076067492 8.598209832879464 -1.808321461261828 6.564358621964151 464 578.3432419300079 2325 1 5.167452526782067e-06
 -3.394051983270974 0.2858441119449957 -324.3002037939723 1.958995520482689 0.2445449389348363 0.137367774002559 -23208987.18706333 336.3956110851685 240.6473543899838 0.114031848549113 3031536095.0172 2946.307185244399 1815 191628 1 -4.67681646675957 -1.101266495913342 -9.463867532654149 -0.5843363038705567 -4.762009497237142 -1.39024390465628 9.00931252746061 -0.9371591559216457 4.288653427143268 0.0685794291196884 -2.959771128765939 467 572.7415261268616 2325 1 1.554035041310302e-05
 -5.182354430911477 7.172421815020177 -0.05095746151305429 0.04306274833035518 4.729984021629451e+20 0.07278593576799741 -8059247395656.537 1039.765143980387 2185.313577011395 199.7719717197805 44.62861843935636 2998.839274559562 1587 191663 1 3.645673367913449 -1.066594857335675 3.692308816734448 -1.250141023880246 -0 -1.816373685864585 5.193353353358778 -1.184178782656033 5.721406706031837 -1.646782924804584 -1.900237068599834 470 559.6522531509399 2325 1 1.107824089544068e-05
 -6.671870512094141 3.429685887353467 -0.1299957956976783 106.1706685284825 2.033131937810019 1.613588592281144 -1.223200197751256 122.5009066246634 38.19043214093623 22400.54363427143 335907.2212944149 2799.513522504406 989 191659 1 -4.350596034997229 -0.1241051898942943 1.844789350147284 0.956508925240612 -1.015766347437662 -1.954235806892375 8.72958195151177 -1.638563951861294 0 -0.7191220238805746 -6.974798406557001 473 556.4427461624146 2325 1 2.639464250280167e-05
 -3.864155923695759 0.7240695375344969 -0.7710272200888477 500.0679327738488 11.57487936483874 0.07526237799852403 -219410742135.2966 83138.6597190708 14985292.86838422 0.1247846337441674 19706783.55637824 2781.119886069986 1421 127772 1 4.051429409175909 -1.420264535937047 0.6174745960724159 -1.346443416625806 5.331131173396152 -1.169721889701114 -4.267701734210051 0.01404577053318417 1.37877701598495 -0.3598279179257773 6.965512383248048 476 382.1406469345093 2325 1 -1.139508745124567e-05
 -45.06062251953852 597.0325223073381 -798.8990046178324 0.0646846730280629 55524963570667.78 0.4047241474148341 -181.6118362791825 1656.553553485982 5854.816546682581 0.9837958176160516 -8.422379939550515 2786.293177897554 1247 191503 1 4.34123753320205 0.33800427595355 3.292003207849751 -1.39330351303598 -9.686145535816813 -1.621843536785571 5.215041603067607 -0.890195363939581 3.732800700643895 -0.6406085945580912 -6.857149792457482 479 560.3976290225983 2325 1 6.4202962613546e-06
 -3.590345134427812 0.3149993253252697 -38.05917395947278 0.2848661899606551 166.3907542308615 0.09396419441109569 -1097251572.42988 269.0847691838758 194.0489353564493 0.1302525994173337 38423284.51423171 3023.132329937894 2562 127774 1 4.115717227899153 0.7286844511632128 -7.283778228833075 -0.3719328710878305 5.281514706310954 -0.1719756687813528 -5.065214413034906 -0.8719490596484132 0 -1.264527756005959 -2.626836443881562 482 374.4533751010895 2325 1 -1.483667316562244e-05
 -7.197824404671 11.1282603552218 -0.1494603650766741 7.290857642617165 0.06218156336600673 0.1265016322858162 -41736629.10011771 1635.023304835571 7189.162163075939 1.163384294176867 11.95951219008136 3087.754208833169 1475 127766 1 -4.484595277417713 -1.7282890313216 -0.5420180591270913 0.5154154541709732 -0.7908586388032237 -1.79594021667205 1.994287648131137 0.4170921813416184 8.077243258018751 -0.7890244550764658 6.036427460192333 485 376.1068189144135 2325 1 1.464954334689566e-05
 -2.957193465653748 0.07624682241147381 -3334705582.544061 70289.50551163925 662354.6677326985 0.4269217806042616 -84.94198862561066 49962.63834170447 6164371.00392815 0.8659496257330604 80.48342433466323 3073.228826847919 892 190930 1 4.23449989579029 0.9200204355986772 2.252624452118602 -1.046071665919302 3.574597297217796 0.4703475370330219 -9.090683039637755 0.5095979935774184 -0 -1.965450457281129 -5.107925923422246 488 572.8680830001831 2325 1 -1.133580233792157e-05
 -8.562725644231316 11.62531473683546 -0.1911529615871651 0.04453818066578751 2.823729420788711e+19 1479.755122925079 126.2213740268002 64.43693145281441 14.46845265966001 1.689883204537118 9.249401373161438 2941.53653793262 2582 303451 1 4.104614155295902 0.7799317636326126 -0 -1.740579370230012 3.798526085516358 0.5105532822481855 -7.400794024540572 -1.245464854468215 -5.123144288121714 -0.2707591207579547 0.3175560752734938 491 878.1225728988647 2325 1 4.444880652742091e-06
 -2.899026413397015 0.2505224103874361 -453.604024092089 770.316718955318 74.86857825530757 0.1395214723455853 -1010925.998216744 23.68407627486186 3.486925623011106 1.171181561256549 27.07844763395824 2844.365155414594 1092 127771 1 -4.398408118404386 -1.988895486711499 6.912124035886698 0.2345271091709007 -6.213942741080706 -1.423415163158262 -6.604984870433292 -0.6462880349938303 -4.192863231969132 0.3051785375922184 -8.48426013798877 494 374.4830410480499 2325 1 -6.208329812992822e-06
 -3.540695323205352 0.4161757628647933 -17.82124644688161 0.6070923001006384 -4.891831562575677 0.135811134009757 -4436172.403149772 8471.776166299136 220516.580594362 18893.78666512372 199613.0299990695 2785.762139210833 1160 191636 1 4.276260267272586 0.6511371305877001 -3.435756648244377 0.404859172152884 -0 -0.03971262407706894 5.595721873821816 -1.128324271893108 -3.247771044599234 -0.2975489080790386 -8.263625354242295 497 552.1427319049835 2325 1 -4.529855231944632e-06
 -4.131170125797889 0.3389674127592288 -113.2979269928982 0.0653168116501515 68397238114013.87 0.2187236175459446 -28586.59452099239 4924.503500965474 70493.66924007318 14941.09999971612 774134.9671113624 2917.555902677392 1376 191588 1 -4.675139213860639 -1.987433616863771 -6.627134890959337 -1.436233464768419 7.694761530595853 0.03337598119218257 -1.074347731540693 -1.8654485778001 9.686975185278239 0.765964889786098 -0 500 556.3573100566864 2325 1 1.127106699258256e-05
 -3.380678665719772 0.3431738898413462 -38.28174309445259 5.667971657104831 0.07903230559559689 0.05056181327950359 -6.783658447121311e+16 622.4730896470169 1028.206169574723 2.924756573840437 2.091883091929736 3041.072281551491 1357 127755 1 3.950820761092789 -1.221789535477274 -9.187227627663578 -1.908683076690868 -9.118700942572772 0.9926781836202369 -0.1550721871407941 -1.903230675405593 -9.91907759120333 -0.8552695356739139 4.300278457062479 503 381.8445439338684 2325 1 -1.832803233681435e-06
 -3.499270636399404 0.2200972336631767 -3862.916707920143 0.5116166787567381 2.540615308059483 0.2160927755471174 -40094.27635808563 78.6933058822392 20.33080977330562 117.2894493153702 27.54852052420582 2748.217204475729 4849 191660 1 4.697631325269013 0.5887742921371757 2.772285298503451 -0.8417291159437186 0 -0.8808910595825585 3.195319973426466 -0.7414845904170413 7.621112860757783 -1.774349679166856 -1.373168598516719 506 562.0357449054718 2325 1 1.2707811092486e-05
 -5.933376524072342 7.475679758099862 -0.08277032808187858 584.761034223646 26.11421970267077 0.1544239610194031 -379420.9624747182 34271.04966262045 1981707.705917112 274.2384104893449 -46.87626129047494 2949.560556224048 1256 191635 1 4.331988872948211 -0.4163058864269109 3.66671030093351 0.4998372562944952 -7.49672815109963 -0.02671730980909005 -0.9146108386731893 -0.6321405982585704 1.470814722030942 -0.3545892819130234 4.867147388769811 509 567.1963381767273 2325 1 -1.617480660302643e-05
 -3.325171737828023 0.5674955044372164 -2.703194125128573 2.443005851089981 0.2494243466919245 0.04338143514732547 -9.061478105197839e+18 1609.892853972548 5945.506012487202 0.06582238585513624 76101745690280.81 2919.157285461238 957 127775 1 4.239752750500815 -0.9405128960566858 -4.276601385855366 -0.03319194665681297 2.552408754967622 -0.1856705478082273 -0.4726402042284907 -0.4680967999369426 -7.344075298188868 0.5934774535318463 1.01448313608378 512 375.6691589355469 2325 1 -7.863634273371854e-06
 -3.993856257222195 0.3678661074316303 -31.31311424755287 26.54614495697795 -0.07034887392413543 0.05923692702100358 -310006952969890.8 85.38645891657373 21.35256432519126 0.05299368974698159 6.954706802247088e+16 3057.145762921384 1774 127776 1 4.66675303654106 0.2058113241538812 -0.9241208068918274 -0.8551950861428299 -1.301961239660561 -1.199917099482617 5.06176167827525 -1.857795200341169 -5.698879945322703 0.5070584971986936 1.886377530575394 515 374.0842170715332 2325 1 -4.739297652722338e-06
 -3.525117054375462 0.2073964330040949 -421.52476766942 16653.50126905728 19338.04616843204 0.04132778890810877 -4.167838533332533e+20 1760.137241689474 8116.962400688536 1.195975328476619 14.37273666952704 2946.924659851064 1100 127672 1 -3.9408192838014 -0.1580561185957965 1.298245794483101 0.8960987619972833 9.75451119755607 -1.771555531757121 -9.588965462379118 0.5277167205440669 -7.542767740798848 0.998736619240855 -3.051872742494585 518 377.7982490062714 2325 1 1.67663596275109e-06
 -4.529281228366704 0.5223850405024622 -6.70871746826414 1.220921022192606 0.4818118160990411 0.0656385366828218 -1971927397688.302 46.84575677099554 6.523575209099274 1.130068194195577 11.91476558535255 2915.530563185357 3081 191644 1 4.204988400792977 0.5224178771710619 -0 -1.556236336043453 2.691010429026495 0.4185992674113858 -9.424980041262224 -1.698040360307948 2.868239253119316 -0.9742492633852118 0 521 557.2642660140991 2325 1 -1.662570963266724e-05


# name: injParameters
# type: matrix
# rows: 1
# columns: 11
 2 10 0.2 1 1 0 0 0 0 0 0


