# Created by Octave 3.6.4, Mon Aug 26 13:34:52 2013 PDT <charlie@yukawa>
# name: b0Positions
# type: matrix
# rows: 316
# columns: 2
 -0.01363095476552722 -0.01363114418939277
 -0.01359666426956067 -0.01359526237387871
 -0.0135597117484617 -0.01355867599613719
 -0.0135396611222626 -0.01353900114018184
 -0.01351001402209243 -0.0135183249967453
 -0.01348844396241673 -0.01348859929771878
 -0.01345637437667698 -0.0134557647532302
 -0.01344478868491302 -0.01344535163388095
 -0.0134395086537682 -0.0134382471386344
 -0.01344759754207886 -0.01344705132353739
 -0.01342599755438897 -0.01342452576205381
 -0.01340371353266592 -0.01340157359123387
 -0.01338030949438496 -0.01337996091011538
 -0.01336213562029594 -0.01336177846263184
 -0.0133324493160948 -0.0133330277029713
 -0.01331769687108627 -0.01331721635318505
 -0.01332455927140664 -0.01332762888948861
 -0.01336492981328336 -0.01336653796827351
 -0.01340692670574994 -0.01340990892826506
 -0.01342234279622171 -0.0134203853085765
 -0.01339302467562999 -0.01339087468296431
 -0.01338937526148544 -0.013391095148402
 -0.01337862502846966 -0.01337688284172737
 -0.01331744265076391 -0.01331505092374427
 -0.01327344065370178 -0.01327141320593397
 -0.01322255711641464 -0.01322001453724368
 -0.01316956659287671 -0.01316888114382903
 -0.01311977352342764 -0.01312043193236168
 -0.01306131797945334 -0.01305451333052592
 -0.01298506879538534 -0.0129787489851639
 -0.01291880486836059 -0.01291393662302896
 -0.01243931179045988 -0.01243534470732593
 -0.01241992208654461 -0.01241422920371106
 -0.01240406654593555 -0.01240415624141113
 -0.01239196033325952 -0.01239403965862066
 -0.01238175081123811 -0.01238306146469534
 -0.01236611650857536 -0.01236572559109312
 -0.01234979150661942 -0.01234803928464109
 -0.01233140898439054 -0.01233353454703595
 -0.01232471983136411 -0.01232492556693134
 -0.012310438166191 -0.01231012142627975
 -0.01233057422987568 -0.01233467454947489
 -0.01242307460147439 -0.0124291090047259
 -0.01253815753456385 -0.01254339586625091
 -0.01264285615599392 -0.01264867163899681
 -0.01271152168619941 -0.01271733031218469
 -0.01278225438532249 -0.01278449957401705
 -0.01280623407283551 -0.01280662847298718
 -0.01284008212827997 -0.0128381613466229
 -0.0128716528004467 -0.01287472115691971
 -0.01290080600694955 -0.01290067581976046
 -0.01292993163972191 -0.01293171217136358
 -0.01293534896774555 -0.0129371723090891
 -0.01295853025096076 -0.01295999768892176
 -0.01296355266166021 -0.01296352030777354
 -0.01295706004149669 -0.01295787388422995
 -0.0129612846439519 -0.0129605113656067
 -0.01296381321934584 -0.01296235558128415
 -0.01295188394239746 -0.01295145275901091
 -0.01294747474608236 -0.01294676743434536
 -0.01293476993166717 -0.01293454035126291
 -0.01292392466068513 -0.01292395082844855
 -0.01291622481696136 -0.01291582989573493
 -0.01291698166228245 -0.01291771611757906
 -0.01291543178436275 -0.01291622524049462
 -0.01290223245319339 -0.01290140407632001
 -0.0128782777142678 -0.01287869059987733
 -0.01285800229852048 -0.01285723213760687
 -0.01283782992658522 -0.01283790244599534
 -0.01282456167649487 -0.01282740321917877
 -0.01282406291517025 -0.0128230014483995
 -0.01281030027231105 -0.01280951306913181
 -0.01278252496481071 -0.01278151161669142
 -0.01277802652144845 -0.01277722608003619
 -0.0127526802283229 -0.01275032986927293
 -0.01274430250362255 -0.01274360168801768
 -0.01274273822554322 -0.01274353020494931
 -0.0127744236713157 -0.01277756608316327
 -0.01278685450559438 -0.01278796546264039
 -0.01279409659136951 -0.01279422637645539
 -0.01281336819504569 -0.01281496233651738
 -0.01283752105009177 -0.01284026513826568
 -0.01291183309985794 -0.01291521999323478
 -0.01298242582040436 -0.01298603194258025
 -0.01305352146081618 -0.01305625687544852
 -0.01312001708247017 -0.01312231627192247
 -0.01317089333571912 -0.01317399228878005
 -0.01320187881576285 -0.01320370212314325
 -0.01322617110213833 -0.01322662501202519
 -0.01324721926969652 -0.01324888864705228
 -0.01326782515827273 -0.01326812656399607
 -0.01327701020573758 -0.01327716724320814
 -0.01328337101886647 -0.01328425239717612
 -0.01327656966329975 -0.01327567075994049
 -0.01327167442003924 -0.01327341089775809
 -0.01328808933134052 -0.01329006434416381
 -0.01330225290235665 -0.01330327095383214
 -0.01332433347878812 -0.01331484984932585
 -0.01330899032876826 -0.01330741789111344
 -0.01328647535640565 -0.0132852812316162
 -0.01327161860338184 -0.01327356186777711
 -0.01325487904985701 -0.01325265266793581
 -0.01322131958866209 -0.0132234214157631
 -0.01319373323046227 -0.01319582698356127
 -0.0131825571347713 -0.01318214137083126
 -0.01317369646745496 -0.01317657355362145
 -0.01316050511660808 -0.0131571748074409
 -0.01314241084767221 -0.01314503589970675
 -0.01314952443879761 -0.01314784595659968
 -0.01314321464904775 -0.01314550400989967
 -0.01315532370380618 -0.01315008602302103
 -0.01318260870484439 -0.01318131659344484
 -0.01321832082072806 -0.01321617729779477
 -0.01322638508603496 -0.01322816022546895
 -0.01326255996457441 -0.01326646039838543
 -0.01328056092598586 -0.01328045521665228
 -0.01328037827465699 -0.01328428523880059
 -0.01332400888742209 -0.01332927327047434
 -0.01332836614166004 -0.01332992696804942
 -0.01333190811087795 -0.01333308370919428
 -0.01331294471200738 -0.0133190607932064
 -0.0132817544527514 -0.01328108116788151
 -0.01322950239772418 -0.01322735567818548
 -0.01318533381273988 -0.01317905520947347
 -0.01311928068477656 -0.01311910985019962
 -0.01305656961622575 -0.01305468120500158
 -0.01297523239607314 -0.01297285850525689
 -0.01291022330753548 -0.01290998983849872
 -0.01286489756504638 -0.01286296493989854
 -0.01283000599686229 -0.01282788902743822
 -0.01279784554738893 -0.01279775778029468
 -0.01275152996469883 -0.01274995378310379
 -0.01271730788775275 -0.01271404259616188
 -0.01268827630653143 -0.01268550824111868
 -0.01266038662263975 -0.01265793753120106
 -0.01263814104432417 -0.01263536633281347
 -0.0126049661928159 -0.01260280103402037
 -0.01257609466030416 -0.01257501720580643
 -0.01254634437349881 -0.0125458602192097
 -0.01250930842885057 -0.01250440478869164
 -0.01247089920545689 -0.01246935534057909
 -0.01245853341525895 -0.01245620118232644
 -0.01247256987081424 -0.01247301786976197
 -0.0125052201433155 -0.01250106366851811
 -0.01253227193960799 -0.01253283537455302
 -0.01258728603085486 -0.01258659085828029
 -0.01262657420514845 -0.01262853635644911
 -0.01267511998161943 -0.01267498160710808
 -0.0127346659331068 -0.01274372609942833
 -0.01277158157395812 -0.01277456149354065
 -0.01278267975897349 -0.01278256581916055
 -0.01277379006652713 -0.01277323302826767
 -0.01294614246342043 -0.01294348516433849
 -0.01288159964954263 -0.01296318746001172
 -0.01291240086666313 -0.01290951551925169
 -0.01286464997665361 -0.01286293920549191
 -0.01280684947111673 -0.01280355743301953
 -0.01274758125632144 -0.01274519467499161
 -0.01269438214931493 -0.01269743538359291
 -0.01266629205580367 -0.01266608239742399
 -0.0126334027305546 -0.01262980547631794
 -0.01258591529398925 -0.01258458859259725
 -0.01254990106417455 -0.01254961169156223
 -0.01252086231700855 -0.01251872311329189
 -0.01249158744724556 -0.01249210751997406
 -0.01246544597486464 -0.01246520438077007
 -0.0124434203701043 -0.01244224932419882
 -0.01241508969639536 -0.01241401900081794
 -0.01238712664517095 -0.01238621659257274
 -0.01236277724441562 -0.01236098732715141
 -0.01232427217827231 -0.01232528488067652
 -0.01228485357385586 -0.01228411635763656
 -0.0122550323498711 -0.01225198742110085
 -0.01224293301772588 -0.01224663069116563
 -0.01224829236827116 -0.01224426940073498
 -0.01260766361184999 -0.01260691098959582
 -0.01257522168524835 -0.01257349802867479
 -0.01254027928862425 -0.01253934768105725
 -0.01252877372162175 -0.01252907945349587
 -0.01252091204776715 -0.01251907121610937
 -0.01250165283619719 -0.01250099375696339
 -0.0124818252455677 -0.01248199809078625
 -0.01248182321995809 -0.01248094872060953
 -0.01248034274962693 -0.01248181602996844
 -0.01249560150733193 -0.01249597412634208
 -0.01250966463999202 -0.01250967537959333
 -0.01253349444421615 -0.01253366228392538
 -0.01253732819484437 -0.012537567012372
 -0.0125336156180255 -0.0125342808290421
 -0.01136401265377114 -0.01136348988721559
 -0.011319098208125 -0.01131505260601734
 -0.01128219649115009 -0.01127997768879528
 -0.01124873950243358 -0.01124909483872413
 -0.01122278820983235 -0.01122122615171174
 -0.01119473104095765 -0.01119283824549982
 -0.01117909044035415 -0.01117939841115059
 -0.01116795018568382 -0.01116624953329237
 -0.01115569021233713 -0.01115450131003599
 -0.01114005883886921 -0.01114079401344727
 -0.01113093434460376 -0.01112985233879483
 -0.01111542022570777 -0.01111576675830597
 -0.01110492326205032 -0.01110505684974906
 -0.01111759161353066 -0.01111942214154261
 -0.01117854304211402 -0.01118389901792214
 -0.01126974958284146 -0.0112748221875672
 -0.0113566058681171 -0.01136089427296054
 -0.01145420467307258 -0.01145944332166771
 -0.01154709893199013 -0.01155226401114901
 -0.0116156429930055 -0.01162018850856896
 -0.0116775780802985 -0.01168335163507615
 -0.01173640746208325 -0.01174107232647471
 -0.01176276742922366 -0.01176470896023575
 -0.01175900024432381 -0.01176896070367082
 -0.01177344015603195 -0.01177093781870687
 -0.01178272758557795 -0.01178381090316459
 -0.01180203329060283 -0.01179959931983152
 -0.01180638015370468 -0.01180650671212719
 -0.01180022823799913 -0.01180138248356719
 -0.01178874320568805 -0.0117883994983854
 -0.01178177707738314 -0.0117803315425988
 -0.01175967105319606 -0.01175722094944492
 -0.01173088326589151 -0.01172949313213494
 -0.01169661064041614 -0.01169382614303489
 -0.01165265591898529 -0.01165169199749545
 -0.0116200790986314 -0.01161935381764266
 -0.01159297857372624 -0.01159175486517503
 -0.01156654058303162 -0.01156525917166458
 -0.01152162911507818 -0.01151911000123837
 -0.01149274529419344 -0.01148991990333788
 -0.01145770621772242 -0.01145786879482037
 -0.01143904583267186 -0.01143803351466634
 -0.01142428011593261 -0.01142377132845949
 -0.01140975092478976 -0.01141079233135049
 -0.01141024490220689 -0.01141007032092175
 -0.01140221167535457 -0.01140252168825893
 -0.01140459577227212 -0.0114060573053086
 -0.01143549619624167 -0.01143862603563944
 -0.0115189170725208 -0.01152332025864184
 -0.01162663361875154 -0.01163319709357212
 -0.01173212255187205 -0.01173461181757509
 -0.01183639716039083 -0.01184547160123473
 -0.01195676175999414 -0.01196181845188823
 -0.01209059725084054 -0.01209625819994207
 -0.01219048386478649 -0.01219540798446586
 -0.01225306578530276 -0.01225438184241501
 -0.01229313769377609 -0.01229668805602457
 -0.01231220196153752 -0.01231545839924743
 -0.01235160032574117 -0.01235354053294296
 -0.0123951274198048 -0.01239779918946507
 -0.01244257051166322 -0.01244610494319837
 -0.01247226347812172 -0.01247252409528879
 -0.01248822773766121 -0.01249083833918836
 -0.01248645934643606 -0.0124860450132047
 -0.0124854972581396 -0.01248641779304036
 -0.01246782306162308 -0.0124676957713397
 -0.0124437109214943 -0.01244115670387731
 -0.01240052579909534 -0.01239714777327708
 -0.01236199376575886 -0.01236123595083289
 -0.01228258347382508 -0.01227958310908125
 -0.01223241244285165 -0.01223140942160472
 -0.01218242453827957 -0.01217985374131813
 -0.01214155769744028 -0.01214023827637253
 -0.01210274693096363 -0.01210232351511677
 -0.01206921820313301 -0.01206660207675103
 -0.01205001948000424 -0.01204872291869512
 -0.01202140922194518 -0.01202208735550853
 -0.01199897722979452 -0.0119970124904781
 -0.01196182109155573 -0.01196189087536317
 -0.01195206679321375 -0.0119523748242262
 -0.01197024713041813 -0.01197164025895018
 -0.0120269922170211 -0.01202989502297011
 -0.0120865346514513 -0.01209167762448207
 -0.01217400737184694 -0.01217808053577406
 -0.01226189150338961 -0.01226932178385033
 -0.0123274237690431 -0.01233269488572454
 -0.0123976484991874 -0.01240151845998971
 -0.01244311588423799 -0.0124432673075616
 -0.01248493839673613 -0.0124880783289392
 -0.01251091603351971 -0.01250994412789307
 -0.0125258280008525 -0.01252633246705927
 -0.01255845990255405 -0.01256058573036828
 -0.01258827461584168 -0.01258781852862621
 -0.01260552024827423 -0.01260557024403306
 -0.01262120278761624 -0.01261302489418023
 -0.01258986276382796 -0.012588045173262
 -0.01258395331616361 -0.01258352189730606
 -0.01255462233355274 -0.01255144520845596
 -0.01251046883347556 -0.0125138861121473
 -0.01245753488473859 -0.01245277223531781
 -0.01239263904290706 -0.01238920679691792
 -0.01233675276787448 -0.01233693077093696
 -0.01228682212208385 -0.01228368442696556
 -0.01222870693720165 -0.01222334478390313
 -0.0121509303110854 -0.0121443198320364
 -0.01207014752633646 -0.01206755895537913
 -0.01199197181048936 -0.01198833400250682
 -0.01192118089211521 -0.01191975204504502
 -0.01186997610724716 -0.01186707746301269
 -0.01181164994768103 -0.01180997005729388
 -0.01174508894312463 -0.01174067746829317
 -0.01168493987112789 -0.01168175428295905
 -0.01163181224215773 -0.01163005184355061
 -0.0115795067375462 -0.0115767064690624
 -0.01152571546256093 -0.01152267034033299
 -0.01150300179350869 -0.01150515862114188
 -0.01151462476775004 -0.01151765185957369
 -0.01153928437584394 -0.01153981228115781
 -0.01160221525790589 -0.01160519043581417
 -0.01168689467379557 -0.01169173892488016
 -0.01177560315878124 -0.01178080666992738
 -0.01183847116961791 -0.01184001713169634
 -0.01185693405260436 -0.01185688544384709
 -0.0118584709661806 -0.01186073650746422
 -0.01186081424965364 -0.01186500969128795
 -0.01184403655691336 -0.01184582204475652
 -0.01184879330813191 -0.01184311959947276


