-92900 0.141894580534182 2.34651729257715 90.34 2.35080358098004 -1.51039958212474 0.0019795712988349
-92400 0.13759877843752 2.31951438918878 90.34 2.32359213836708 -1.51154353241012 0.000770718104999592
-91900 0.140115880154979 2.30428135674565 90.34 2.3085374224641 -1.51006434595183 0.000550755248827127
-91400 0.144766786557467 2.29387914843791 90.34 2.29844272718039 -1.50776988157483 0.000465113068449058
-90900 0.149935312708466 2.28660897279427 90.34 2.29151940695693 -1.50531902751455 0.000499322737005605
-90400 0.156426555377315 2.28028172400448 90.34 2.28564083093912 -1.50230397007138 0.000445811943719683
-89900 0.163339985574264 2.27488519197502 90.34 2.28074167488442 -1.49911791659277 0.000489641101887803
-89400 0.170857916941036 2.26999018186151 90.34 2.27641117848448 -1.4956698538518 0.000445481557606128
-88900 0.178655503365911 2.26614164296231 90.34 2.27317305431215 -1.4921221854531 0.00047394797959856
-88400 0.186797219823985 2.26217300706821 90.34 2.26987222443071 -1.48840899900745 0.000549786122346932
-87900 0.195175356245578 2.25851179946915 90.34 2.26692941399307 -1.48459280807687 0.000521924232943189
-87400 0.204250435021403 2.25497153165786 90.34 2.26420291687689 -1.48046499198459 0.000493306334697736
-86900 0.2130967404027 2.25208668396572 90.34 2.26214602819225 -1.47645530375888 0.000509448428131106
-86400 0.222076143615892 2.24902013631112 90.34 2.25995782861012 -1.47237187738121 0.000483831604191422
-85400 0.244183772327403 2.24285491996539 90.34 2.2561081327545 -1.46235159534556 0.000526816834143624
-84900 0.254149476807375 2.24021629825969 90.34 2.25458666268339 -1.45783068637567 0.00057464769700864
-84400 0.264249719230323 2.23751027814808 90.34 2.25306017650031 -1.45324095588134 0.000544270785376116
-83900 0.275532129930035 2.23425538944255 90.34 2.25118082345174 -1.44809417107655 0.000544325664651598
-83400 0.286765845876818 2.23190262379924 90.34 2.25024975780099 -1.44301150398396 0.000651288221051072
-82900 0.300501455747294 2.22809403434772 90.34 2.24826692160921 -1.43673597359491 0.000734286594147302
-82400 0.314609780398803 2.22486866269649 90.34 2.24700242104263 -1.43032167920268 0.000709063612703155
-81900 0.32848461213064 2.22116131890952 90.34 2.24531951958435 -1.42397187812287 0.000674646690413271
-81400 0.342914000558266 2.21725183196393 90.34 2.2436121986935 -1.4173547836325 0.00087776248946776
-80900 0.358721107260224 2.21330876530501 90.34 2.24219011757924 -1.41011891717549 0.000852174744087729
-80400 0.375057246914122 2.20955561450438 90.34 2.24116129541151 -1.40265567640442 0.000815629915754118
-79900 0.389487581547583 2.20620756526398 90.34 2.24032417234823 -1.39605518764318 0.000702152552626981
-79400 0.40241798677035 2.2028183988259 90.34 2.23927424275862 -1.39010558514048 0.000658901540627022
-78900 0.3975619334931 2.12272529764846 90.34 2.15963380697736 -1.38565274867236 0.0393197596652428
-78400 0.361720149566884 1.77804745677182 90.34 1.81446802813812 -1.37009841928334 0.0604287375210531
-77900 0.333510150860963 1.74210926153299 90.34 1.77374566943694 -1.3816445034347 0.060955715381382
-77400 0.368711385189684 1.74997548737199 90.34 1.78839657010724 -1.36313841657731 0.061064713795749
-76900 0.35752759362959 1.75154610968521 90.34 1.78766321060762 -1.36944128831146 0.0613273103808992
-76400 0.385995373844026 1.72906826690026 90.34 1.77162905266042 -1.35115871382621 0.0603089323242389
-75900 0.373025866737456 1.77158527769867 90.34 1.81043163179777 -1.36326737533994 0.0601312793062177
-75400 0.403609699007456 1.71432687039245 90.34 1.76119771964492 -1.33957374588176 0.061688963040362
-74900 0.457114340467876 2.01062863096279 90.34 2.06193622886565 -1.34724723255765 0.0510082411011364
-74400 0.509247684666741 2.17049922041584 90.34 2.22943940715243 -1.34034225739055 0.000421499050267019
-73900 0.514951345143218 2.16827449171255 90.34 2.2285845640846 -1.3376225711961 0.00035804243826096
-73400 0.519216346950935 2.1666107373125 90.34 2.22795594704628 -1.33558751155821 0.000221043080481781
-72900 0.523078308241623 2.16483117829711 90.34 2.22712930632242 -1.33371499049641 0.000295889060405222
-72400 0.525870269131327 2.16347746364299 90.34 2.22647126090758 -1.33235328130508 0.000226454561871451
-71900 0.527771008563522 2.16230543739788 90.34 2.22578234382443 -1.33139910767705 0.000191206250249041
-71400 0.529897893292827 2.16067434443304 90.34 2.22470344091237 -1.33029649385096 0.000171855958464431
-70900 0.531682563120511 2.15957286283766 90.34 2.22405964349683 -1.32939918635024 0.000173838510104118
-70400 0.533325638163031 2.15845794615707 90.34 2.22337062624535 -1.32856173461667 0.000204888130071445
-69900 0.535592936298739 2.15697965626462 90.34 2.22248082802812 -1.32741180130813 0.000214537719373334
-69400 0.538819753406379 2.15551010967234 90.34 2.22183495326736 -1.32584289012515 0.000266477018511945
-68900 0.542165154708357 2.153782296945 90.34 2.22097303847067 -1.32419291423441 0.00020285076761407
-68400 0.546208410836854 2.15225502032357 90.34 2.22048312323623 -1.32225920682105 0.000286409947950307
-67900 0.550530324099397 2.15062790061743 90.34 2.2199738747713 -1.32019189980175 0.000289205803384812
-67400 0.556481833237445 2.14841738997045 90.34 2.21931730769864 -1.31734697440898 0.000346169749872362
-66900 0.562288957734867 2.14586398260656 90.34 2.21831041647436 -1.31452416508801 0.000376497140668657
-66400 0.569704876466025 2.14312193490237 90.34 2.21755163956307 -1.31097575291549 0.000422510954047134
-65900 0.577978070951555 2.14024628642566 90.34 2.21691515783976 -1.30703590390831 0.000462906373393768
-65400 0.587561818157865 2.13711838452149 90.34 2.21641690113045 -1.30249351594966 0.000540013467382862
-64900 0.597255395854669 2.13392603733574 90.34 2.21593193503251 -1.29789361149621 0.000506241173884632
-64400 0.608081877662581 2.13035584665623 90.34 2.21544117577606 -1.29275326387081 0.000565617399831913
-63900 0.618913199505824 2.126527905349 90.34 2.2147628497766 -1.28757615806153 0.000496996835143418
-63400 0.629122881399803 2.12289800800399 90.34 2.2141570748906 -1.28269062037013 0.000585393441384763
-62900 0.64034988340619 2.1188935333911 90.34 2.2135396493004 -1.27731364740754 0.000623188266502635
-62400 0.652810658326047 2.11468994616357 90.34 2.21315957943149 -1.27137458044147 0.000678599038580403
-61900 0.666241047696795 2.109861379854 90.34 2.21255331593061 -1.26493080177515 0.000692924157473657
-61400 0.679583492372247 2.10510988350938 90.34 2.21208529328183 -1.25853229701583 0.000633402652639266
-60900 0.69304383695056 2.10000014078962 90.34 2.21140461047986 -1.25202996171786 0.000670889906474066
-60400 0.706978664096103 2.09441694544572 90.34 2.21052056603355 -1.24525206010056 0.000726797351374357
-59900 0.721432105905262 2.08880987373144 90.34 2.20988483229983 -1.23824368288065 0.000748015856801505
-59400 0.73590048632602 2.08318457724261 90.34 2.20934549327088 -1.23122249383856 0.000741470852834957
-58900 0.749821737451735 2.07770400053738 90.34 2.20886544447691 -1.22445344619556 0.000786165421046608
-58400 0.765975747585512 2.0714052428669 90.34 2.20849236495526 -1.2166050390631 0.00085231672693565
-57900 0.783160650983341 2.06447540297928 90.34 2.2080306371867 -1.20821661517001 0.000872968692936742
-57400 0.80041385032039 2.05744658177458 90.34 2.20765685029186 -1.19978018770244 0.000890471828800872
-56900 0.817268722305752 2.05029336844999 90.34 2.20717717031716 -1.1914882597462 0.000795065025239848
-56400 0.833194913791572 2.0435600128273 90.34 2.20688724007251 -1.18365479938435 0.00082280498694807
-55900 0.84983611219479 2.03595028843618 90.34 2.20619921914901 -1.17536777580481 0.000745757174475815
-55400 0.86461631943587 2.02919123953237 90.34 2.20571495584306 -1.16800354258848 0.000736405027385071
-54900 0.879278074495637 2.02240885634323 90.34 2.20528173132239 -1.16068151333307 0.000719012419820958
-54400 0.892797294149661 2.01574313877003 90.34 2.2046104893925 -1.15385220029529 0.00066147492708431
-53900 0.906123065222512 2.00920092025379 90.34 2.20407516824561 -1.14712209180328 0.000692550468596628
-53400 0.92041538811924 2.00177052774971 90.34 2.20323619533949 -1.13982213372564 0.000766606752631052
-52900 0.935186150405029 1.99452456527169 90.34 2.20288478531711 -1.13235587398916 0.000754254225049268
-52400 0.949270818949723 1.98730342792171 90.34 2.20238280104501 -1.12517357196616 0.000736816300682718
-51900 0.961689841607105 1.98066545350902 90.34 2.20179085977174 -1.11878449750404 0.000589594780327561
-51400 0.973316454847748 1.97482908192587 90.34 2.20165729033779 -1.11287612167198 0.000656817524744976
-50900 0.983953349876109 1.96880092731137 90.34 2.20098643478658 -1.10733041392715 0.000483639561428644
-50400 0.99277458746904 1.96414426241447 90.34 2.20078714670456 -1.10279909312015 0.000462207943145299
-49900 1.00032455063653 1.95960394840283 90.34 2.20015836730044 -1.09880560776192 0.000433817227282567
-49400 1.00791265385281 1.95554602865232 90.34 2.20001095178512 -1.09489496617245 0.000399517186180027
-48900 1.01477159709481 1.95141629387983 90.34 2.19949697574014 -1.09126286663144 0.000439560861360215
-48400 1.02160068763668 1.94734970354328 90.34 2.19905407684074 -1.08765447872122 0.0003469480688411
-47900 1.02693670489314 1.94408140146246 90.34 2.19864765057274 -1.08481473400783 0.000350762344108942
-47400 1.03205561293988 1.94088493626348 90.34 2.19822044481785 -1.08207650710277 0.000299861332166998
-46900 1.0371157855996 1.93762604664065 90.34 2.19772697334318 -1.07934739440849 0.000333230344357818
-46400 1.04160001028393 1.93457080027667 90.34 2.19715606243767 -1.07689180884264 0.00027456492376161
-45900 1.04589517176719 1.93173354566229 90.34 2.19670007096165 -1.07455790119288 0.000276863987080946
-45400 1.04939720691681 1.92935839691207 90.34 2.196282841899 -1.07264080763004 0.000255020550220123
-44900 1.05195199717875 1.92771275071614 90.34 2.19605998407192 -1.07126079277512 0.000188507501460366
-44400 1.05336133511233 1.92610459420614 90.34 2.19532435191969 -1.0703463674933 0.000228390079151879
-43900 1.05484845497071 1.92489334028383 90.34 2.19497599859843 -1.06948716263057 0.000162097169038092
-43400 1.05553479671245 1.92439028741189 90.34 2.19486484443941 -1.06910279071115 0.000206906365353489
-42900 1.05688814990038 1.92314804814373 90.34 2.19442725477034 -1.0682898289506 0.000198267918512597
-42400 1.05878268466619 1.92147093071886 90.34 2.19387130683333 -1.06716484553686 0.000217370415227583
-41900 1.06190456937091 1.91971074692693 90.34 2.19383925261574 -1.06553129791324 0.000246139729234808
-41400 1.06661568091149 1.9166676065985 90.34 2.19346386451892 -1.06298033446443 0.00036436066519141
-40900 1.07242963509154 1.91295595281224 90.34 2.19305854906392 -1.05984081024916 0.000307310569634916
-40400 1.078507716263 1.9086841910914 90.34 2.19231709279499 -1.05646961608648 0.000398018551013525
-39900 1.08745019282983 1.90352321140632 90.34 2.19224737159114 -1.05176006006007 0.000593121726362714
-39400 1.09819335683518 1.8967356261753 90.34 2.19171957252737 -1.04596767995201 0.00061121933108736
-38900 1.10774152402062 1.89064280303363 90.34 2.19126025216139 -1.04080351627167 0.000500882131631347
-38400 1.11737671878347 1.88416828084583 90.34 2.19057545914877 -1.03551428972013 0.000505101958286678
-37900 1.12557142914485 1.87889503284326 90.34 2.190241444807 -1.03106806608606 0.000402500551232515
-37400 1.13350179648467 1.87371853105658 90.34 2.18989667707378 -1.02674672003746 0.000474286806987517
-36900 1.14097191682781 1.8686882868751 90.34 2.18947775245466 -1.02263830331236 0.00035407229659879
-36400 1.14717628959889 1.86459634344853 90.34 2.18923113522065 -1.01924545193141 0.000359119136622448
-35900 1.1530743777096 1.86053248626781 90.34 2.18887223313474 -1.01597756495322 0.000371419979190254
-35400 1.15977039503838 1.85600192700762 90.34 2.18856357510205 -1.01228644268035 0.00039282322906417
-34900 1.16522633801661 1.85171977231263 90.34 2.18783421080784 -1.00913441541325 0.00032998917182206
-34400 1.17035578548257 1.8481522095813 90.34 2.18755554315605 -1.00628123726615 0.000325195143085242
-33900 1.17537754764634 1.84468217326116 90.34 2.1873190667707 -1.00349283509584 0.000325168229018565
-33400 1.18003298230738 1.84094654763084 90.34 2.18667830980397 -1.00077933233334 0.000336723193358648
-32900 1.18506799631578 1.83749948284399 90.34 2.18650188779791 -0.997989880870273 0.000314144147234958
-32400 1.19033007115335 1.83316500459862 90.34 2.18572176005479 -0.994891853593903 0.000305667915859404
-31900 1.19567240118639 1.82939466029281 90.34 2.18547873795804 -0.991902152719192 0.00033845322505998
-31400 1.20131640148025 1.82528084975293 90.34 2.18513415536443 -0.988710090198387 0.000322627576651504
-30900 1.20684596098453 1.82114299766846 90.34 2.18472858531707 -0.98555463771832 0.000362599631883953
-30400 1.21254093990759 1.81659532984216 90.34 2.18409572211393 -0.98223089989029 0.000330583742726304
-29900 1.21758350814477 1.81305278264489 90.34 2.18395741532717 -0.979409959404924 0.000305755123125197
-29400 1.22250420198286 1.80926320130371 90.34 2.18356356799098 -0.976571593437163 0.000348097306492428
-28900 1.2274067607695 1.80561666631646 90.34 2.18329542253503 -0.97377593110629 0.000361588400817397
-28400 1.23232345918442 1.80160821685148 90.34 2.18275359926012 -0.970880660500049 0.000306092092974598
-27900 1.23791833664885 1.79756995701777 90.34 2.18259010319948 -0.967720277135934 0.000306814701583764
-27400 1.24286137139083 1.7935238734992 90.34 2.18207063893611 -0.964802901906731 0.000392926466712517
-26900 1.24842969028675 1.78889169625085 90.34 2.1814468117524 -0.961495368127951 0.000377818957634893
-26400 1.25403967188179 1.78468251157009 90.34 2.18121690020904 -0.958281859000559 0.000368301764090731
-25900 1.25928671378418 1.78034922373122 90.34 2.18069860043834 -0.955170704956686 0.00038545949323515
-25400 1.26489431292161 1.77599503711661 90.34 2.1803935412499 -0.951917835700975 0.000339559743242242
-24900 1.26980324462048 1.77186545959008 90.34 2.17988703536148 -0.948984592824344 0.000334059414381672
-24400 1.27516666221973 1.76754824749991 90.34 2.179512978552 -0.945830520268791 0.000396962914478424
-23900 1.2797514440723 1.76351553937477 90.34 2.17893341252582 -0.943041264175889 0.00038008887070795
-22900 -1.28935941123656 -1.75576712677223 90.34 2.17834016967009 2.20421034267056 0.000351700774539817
1100 -1.40833081921264 -1.64190654061296 90.34 2.16315805812977 2.27976740043249 0.000470688685684614
1600 -1.41353497140974 -1.63717552703603 90.34 2.16296667143163 2.2830176920611 0.000400352230175234
2100 -1.41877890476682 -1.63283370660178 90.34 2.1631180027974 2.28616438122449 0.000468277300985939
2600 -1.42397070459628 -1.62749961663766 90.34 2.16250955366772 2.28959449736145 0.000441779119891271
3100 -1.4292762239878 -1.62231297416971 90.34 2.16211237233781 2.2930208871089 0.000485813346423191
3600 -1.4339987227252 -1.61718540031768 90.34 2.16139791703845 2.29622857426464 0.000515121664835432
4100 -1.43937337352737 -1.61195951449517 90.34 2.161066677544 2.29969378784492 0.000470406279512901
4600 -1.44467537458846 -1.60704364201724 90.34 2.16094336003754 2.30303910002389 0.000455894686272894
5100 -1.44953762111774 -1.60204279925864 90.34 2.16048615956968 2.30626023239562 0.000433442685322595
5600 -1.45410301836305 -1.59734589207171 90.34 2.16007626877638 2.3092863492147 0.000460834688697781
6100 -1.45869420275895 -1.59291046543248 90.34 2.15989641604567 2.31224062544409 0.000525349377117299
6600 -1.46374590950121 -1.58887532608231 90.34 2.16034184549915 2.31522661545636 0.000421745136184264
7100 -1.46857017376876 -1.58370778287427 90.34 2.15982145021752 2.3184905044948 0.000442365949275024
7600 -1.47306739154903 -1.57847117521095 90.34 2.159050437349 2.32166702397689 0.000437120389216042
8100 -1.47748716452513 -1.57409282154786 90.34 2.15887390372504 2.32454747322515 0.000503071393263216
8600 -1.48153517670815 -1.5698308105459 90.34 2.15854470733475 2.32726613391808 0.000437078896883422
9100 -1.48551645808885 -1.56560468488849 90.34 2.15821156900746 2.32995172988093 0.000357598336572459
9600 -1.48903860209627 -1.56176864890877 90.34 2.15785941878685 2.33235939758263 0.000337733757582929
10100 -1.4920677738535 -1.55863260244973 90.34 2.1576843678331 2.33437842838645 0.000380467851990876
10600 -1.49445588313899 -1.55507097304108 90.34 2.15676705228999 2.3363202238432 0.000292612370876969
11100 -1.49652169987835 -1.55273426775641 90.34 2.15651591797321 2.33776173087473 0.000299078736090329
11600 -1.49774344299325 -1.55054887817631 90.34 2.15579155871877 2.33887326619729 0.000310463544830268
12100 -1.49978769933057 -1.54969359035564 90.34 2.1565976368003 2.33983058051518 0.000307998634873871
12600 -1.50056151285555 -1.54794769212813 90.34 2.15588193355484 2.34065169199278 0.000278808450497535
13100 -1.5020272397847 -1.54647272797545 90.34 2.15584408699402 2.34161606147627 0.000224815151072805
13600 -1.50349157574082 -1.54448666324546 90.34 2.15544101549236 2.34274537325406 0.000248130383407779
14100 -1.50453053037325 -1.54264523320539 90.34 2.15484719466521 2.34368693623824 0.000237715647111944
14600 -1.50530578771204 -1.54142906432534 90.34 2.15451829299875 2.3443386557184 0.000238019610855289
15100 -1.50596681963416 -1.54010377872988 90.34 2.15403243037265 2.34498807557853 0.0002288815742957
15600 -1.50699309684492 -1.53958548673656 90.34 2.15437964734819 2.34549686802159 0.000235577958305883
16100 -1.50749600617985 -1.53852378817779 90.34 2.15397299320051 2.34600850618801 0.00023859256522166
16600 -1.50799468240532 -1.53736314836677 90.34 2.1534933044054 2.34655110599396 0.000265396406660174
17100 -1.50878595836047 -1.53583282731188 90.34 2.15295553637193 2.34731122453347 0.000302513139880384
17600 -1.50985806701315 -1.53460983583926 90.34 2.15283504495335 2.34806458891292 0.000193799168996756
18100 -1.51070132941299 -1.53324547437448 90.34 2.1524544574462 2.3487884038741 0.000246901800339323
18600 -1.51164154381882 -1.53162889530542 90.34 2.15196357541978 2.34962686351923 0.000175817061715776
19100 -1.51280742064557 -1.52987376321031 90.34 2.15153434165472 2.35058556748109 0.000248033487086832
20100 1.51803799834056 1.5245583669234 90.34 2.15144546260461 -0.787541187912812 0.000309930524744445
20600 1.51966980202593 1.52304461045287 90.34 2.15152531768024 -0.786507306940203 0.000257627994842856
21100 1.52125898611653 1.52069020578109 90.34 2.15098293921612 -0.785211184492498 0.000274970714641392
21600 1.52259225402611 1.51836809330284 90.34 2.15028575747048 -0.78400907655518 0.000315062644073823
22100 1.5246278723035 1.51669413348593 90.34 2.15054673131168 -0.782789521232606 0.000483436655342195
22600 1.52628889474491 1.5138711810231 90.34 2.14973573793477 -0.78131362694031 0.000425897395391248
23100 1.52882483182823 1.51150821778105 90.34 2.14987498679208 -0.779702594353941 0.000353146429576407
23600 1.53048305187539 1.50884350098711 90.34 2.14918288718035 -0.778278433131429 0.000434021118992099
24100 1.53329503025061 1.50547151836689 90.34 2.14882250137258 -0.776242233205785 0.000495849975169355
24600 1.53608035517998 1.50205950680698 90.34 2.14842398505488 -0.774200710999431 0.000406801790403049
25100 1.53908253683398 1.49892073545748 90.34 2.14838041937914 -0.772179131546185 0.00037323991454484
25600 1.54170463786607 1.49515251902605 90.34 2.14763456983903 -0.77007031928659 0.000372352636477638
26100 1.54463519851325 1.49180420929516 90.34 2.14741185974112 -0.768000925381178 0.000434829204303378
26600 1.54805892709686 1.4880396663848 90.34 2.14726535167381 -0.765632189968636 0.000497073600852514
27100 1.55165919982184 1.48452761275759 90.34 2.14743300371199 -0.763291272488426 0.000429056473932385
27600 1.55481571599272 1.48036060152437 90.34 2.14683940276015 -0.760872344321492 0.000542349113267626
28100 1.55828917198839 1.4762063342164 90.34 2.14649721283698 -0.75835484550629 0.000524308950134815
28600 1.56231652709393 1.47192417252608 90.34 2.14648403220183 -0.755616205740923 0.000487855199248742
29100 1.56632349742862 1.46782297249405 90.34 2.1465958113204 -0.752945562913379 0.000550413545431674
29600 1.56906883933307 1.4629933224039 90.34 2.14530335476464 -0.750427814197639 0.000434837303923741
30100 1.57311262158221 1.45876823280969 90.34 2.14538762866666 -0.747702017662477 0.000455672395937995
30600 1.57697741798579 1.45471906283773 90.34 2.14547554836232 -0.745093289031599 0.000443081085284958
31100 1.5809908844425 1.44953363864704 90.34 2.14491956638462 -0.742047619092936 0.000430606130869335
31600 1.5847427942451 1.44529123329397 90.34 2.14482551107268 -0.739407515776011 0.00052298446506795
32100 1.58852079517603 1.43998349307619 90.34 2.14405008734371 -0.736391011724146 0.000486455578120099
32600 1.59287881562097 1.43576312959631 90.34 2.14445300381292 -0.733568011911913 0.00045118784749685
33100 1.59679977965736 1.43032891182228 90.34 2.14373746814028 -0.730460506866737 0.000489500525233378
33600 1.60012931999616 1.42533765082948 90.34 2.14289553165419 -0.727688861718284 0.000449801098247248
34100 1.60446876313793 1.42061396980616 90.34 2.14300351448469 -0.724696048909091 0.000513666739173935
34600 1.60803636122824 1.41584812537042 90.34 2.14252347785202 -0.721926796264883 0.000645419214648262
35100 1.61225745223947 1.41126411601029 90.34 2.14267134610981 -0.719019259826443 0.000466411085940618
35600 1.61626263965811 1.40607078334648 90.34 2.14227448477902 -0.71596374623676 0.000367687422421698
36100 1.61957197837985 1.4016840891817 90.34 2.14189908236088 -0.713404492516165 0.000534423811007174
36600 1.62334095181343 1.39773730668968 90.34 2.14217306125034 -0.710859982804036 0.000502507866998029
37100 1.62689091371303 1.3931190876708 90.34 2.14185780049814 -0.708144584201038 0.000438726498593113
37600 1.62964773420306 1.38915030120748 90.34 2.14137579535634 -0.705899447358845 0.000489211903073294
38100 1.63250633926873 1.38535172321957 90.34 2.14109232514154 -0.703683167511412 0.00031776989084829
38600 1.63456495311949 1.38220319709762 90.34 2.14062800692539 -0.701939461406024 0.000452267168109782
39100 1.63715725398002 1.37932773909586 90.34 2.14075427971047 -0.700131909183751 0.000299750251890264
39600 1.63863717859312 1.37688764666531 90.34 2.14031572311356 -0.698814523174611 0.000607889783172374
40100 1.64098095346005 1.37380925936786 90.34 2.14013326004329 -0.697008744521344 0.000398918533405823
40600 1.64251591575119 1.37070970103131 90.34 2.13932316820001 -0.695437233307183 0.00029088192275811
41100 1.6439796461453 1.36826526509493 90.34 2.13888263179758 -0.694121304459972 0.00024906515929734
41600 1.64559210696261 1.36579746857429 90.34 2.13854532513613 -0.69275201064853 0.000482101765377116
42100 1.64816716613286 1.36327044152486 90.34 2.13891591799533 -0.691074007655339 0.000411287301170596
42600 1.65102186164114 1.36010830814879 90.34 2.13910443819659 -0.689084340525671 0.000416329315323491
43100 1.65341245605103 1.35608785366575 90.34 2.13839823622367 -0.686922386589464 0.000346304058373356
43600 1.65556599378218 1.35291374800074 90.34 2.13805387427384 -0.685135755454253 0.00050451097925402
44100 1.65836995143587 1.34873485120202 90.34 2.13758662857727 -0.682791922484918 0.000330045562271412
44600 1.66087956081726 1.34554835610332 90.34 2.13752691074356 -0.680894590910081 0.000468734692430301
45100 1.66480722597219 1.34077741874873 90.34 2.1375844278708 -0.678003713879474 0.00042098350497828
45600 1.66786444601167 1.33558742088703 90.34 2.13671841127966 -0.67521451884087 0.000403706648264695
46100 1.67086544444634 1.33169529170394 90.34 2.13663372700875 -0.672914679995533 0.000436258757286751
46600 1.67383514689738 1.3275942341213 90.34 2.13640598891248 -0.67054715884275 0.000514541832052699
47100 1.67675206170712 1.32233583656819 90.34 2.13543193314879 -0.667769041635124 0.000408560410638973
47600 1.68097803937862 1.31773861112325 90.34 2.13591250198088 -0.664853823782553 0.000510782616341655
48100 1.68415429001685 1.31266236292163 90.34 2.13528877475932 -0.662065152002366 0.000376018605000464
48600 1.6882235808978 1.30768353522679 90.34 2.13544728040816 -0.659054767785513 0.000533423742821488
49100 1.69349203341701 1.30053728075456 90.34 2.13525466534541 -0.65489793735462 0.000695561431454473
49600 1.69946459289314 1.29197416124255 90.34 2.1348014277248 -0.650012567567265 0.000698276357008083
50100 1.7053087908564 1.28332418986605 90.34 2.13424437412108 -0.645128888140073 0.0006744416686178
50600 1.71228648407168 1.27475116389443 90.34 2.13469331131775 -0.639954475110885 0.000835950733220107
51100 1.71839358725097 1.26509394262545 90.34 2.13385547879252 -0.634615198774634 0.000707402788273874
51600 1.72448879794927 1.25684056660443 90.34 2.13389545763495 -0.629807027066837 0.000873641969129064
52100 1.73055205079585 1.24756963439727 90.34 2.13336363360395 -0.624621103923405 0.000666359928342483
52600 1.73618766936535 1.23905197975054 90.34 2.13297853523659 -0.619836675248084 0.000532176631789265
53100 1.74119090945469 1.23132327781987 90.34 2.13258125230171 -0.61552388334011 0.000652814484351783
53600 1.74652572281197 1.22272341337612 90.34 2.13199546107913 -0.61078568060883 0.000657148510608504
54100 1.75193910235558 1.21478196024225 90.34 2.13189723703853 -0.606277824195436 0.000704690754711385
54600 1.75721949934136 1.20746646538484 90.34 2.13208715438521 -0.602046969010602 0.000575664230828771
55100 1.76079374734598 1.20054166922314 90.34 2.13112527089183 -0.598419078739096 0.000491369767924046
55600 1.76422712458574 1.19468158131625 90.34 2.13067159080426 -0.595238896463887 0.000444338037843495
56100 1.76792305976919 1.18973569946217 90.34 2.13096761585868 -0.592344621587395 0.000663231983235187
56600 1.77250750912124 1.1839399388343 90.34 2.13154794660081 -0.588888021919121 0.000609966194215766
57100 1.775268217267 1.17719821040614 90.34 2.13011099941335 -0.585536292479565 0.000508958925495076
57600 1.77994647308574 1.17093907726167 90.34 2.13056512918728 -0.581874400495924 0.00057867518931133
58100 1.78291096655422 1.16492699119258 90.34 2.1297479685325 -0.578751040235451 0.00065849741959366
58600 1.78753163628811 1.15827857896065 90.34 2.12999498055981 -0.574951443200756 0.000616859510279614
59100 1.79111103250586 1.15155441077675 90.34 2.12935583962464 -0.571387211238544 0.000556722219289907
59600 1.79458716000159 1.14536043591253 90.34 2.12894189751536 -0.56805693124639 0.000771079767274286
60100 1.79823708965098 1.13962419515844 90.34 2.12894338505912 -0.564863324340822 0.000541463024773144
60600 1.80197596530894 1.13384011282487 90.34 2.12901638814777 -0.56162848461729 0.000426007127658406
61100 1.80403646367063 1.12827825844705 90.34 2.12780623900241 -0.558900393578193 0.000481860221197883
61600 1.80754113613099 1.12316504780241 90.34 2.12807534721182 -0.55598999193979 0.000539373335338895
62100 1.81036339776315 1.11769958682118 90.34 2.12759676591707 -0.55310796156392 0.000562652221235918
62600 1.81297355796218 1.11226191411664 90.34 2.12696960191359 -0.550287936230675 0.000386659481014817
63100 1.81503422858758 1.10796163295529 90.34 2.12648259598932 -0.548057471824651 0.000708203872944678
63600 1.81809957561584 1.10309503239151 90.34 2.12657111739563 -0.545353130066538 0.000405204817060911
64100 1.82092477066338 1.09901517870567 90.34 2.12687596804349 -0.54302410997911 0.000482879478254038
64600 1.82267977488653 1.09467770696434 90.34 2.12614224451355 -0.540850977517824 0.00035527364493042
65100 1.82468903532512 1.09147315998289 90.34 2.12621817662223 -0.539072389584926 0.000435488199501097
65600 1.82619072602357 1.08817081150443 90.34 2.12581473389021 -0.537376613142414 0.000366826095738815
66100 1.82903343610211 1.08371068456374 90.34 2.12598028170938 -0.534889931682544 0.000362526439256444
66600 1.83099266557224 1.07865835646805 90.34 2.12509717221535 -0.532374583849834 0.00045725839751175
67100 1.83395674034961 1.07421423311381 90.34 2.12540197235677 -0.529865134689577 0.000581816978503776
67600 1.83645550991135 1.06829385845514 90.34 2.12457539473108 -0.526866194369375 0.000376170141112029
68100 1.8391104110272 1.06368974193429 90.34 2.12456183036523 -0.524364643120825 0.000406389469304531
68600 1.8407944837892 1.05905882065808 90.34 2.12370664574051 -0.522080015769037 0.000355836719928131
69100 1.84328252505713 1.05515571068828 90.34 2.12392185378349 -0.519902956950319 0.0003688003434579
69600 1.84469190162574 1.05149065626173 90.34 2.12332776841667 -0.518075186418361 0.0005358685021882
70100 1.84733854695116 1.04816496391866 90.34 2.12398434519613 -0.516097808464871 0.000328255914358348
70600 1.84781685708382 1.04539808622043 90.34 2.12303657434262 -0.514853111146043 0.000213023573565125
71100 1.84859726118972 1.04364003260253 90.34 2.12285099612025 -0.513951293186438 0.000301015427731626
71600 1.84893273081971 1.04191357064869 90.34 2.12229501526021 -0.513165190131467 0.000274746979806126
72100 1.8498666074298 1.04130120718254 90.34 2.12280820362171 -0.512697902144727 0.00030268138149381
72600 1.84969337697823 1.0397511820108 90.34 2.12189729000486 -0.512101381801062 0.0001712598240595
73100 1.85001332096186 1.03996435302216 90.34 2.12228064668487 -0.512115069407702 0.000535392556535181
73600 1.85018154690322 1.03814302508114 90.34 2.1215354574048 -0.511327854459164 0.000320879785873071
74100 1.85075771610481 1.03648648202774 90.34 2.12122802903124 -0.51051389005637 0.000407064894632606
74600 1.85188441131996 1.03367923615784 90.34 2.12084149246325 -0.509099434019797 0.000303244652722171
75100 1.85352333038263 1.03191948192325 90.34 2.12141616696146 -0.507998573227166 0.000433612424684156
75600 1.85415138287569 1.02895865740312 90.34 2.12052664903431 -0.506634555841055 0.000404372977252374
76100 1.85605376110898 1.02560498113797 90.34 2.12056623133111 -0.504816408030125 0.000495753720045645
76600 1.85966324498551 1.01852719323035 90.34 2.12031719987829 -0.501071373271506 0.000730219342884949
77100 1.86538945150938 1.00783017970403 90.34 2.12023571258593 -0.495349013821842 0.000835922980866798
77600 1.87073705483615 0.997296941814914 90.34 2.11996658428627 -0.489778568955007 0.000845708964869035
78100 1.87704867731245 0.984915255604654 90.34 2.11975701383984 -0.483223412974538 0.000851812302107907
78600 1.8822947421887 0.97353410821154 90.34 2.11915128207556 -0.477317459162147 0.000964134908469209
79100 1.89036422256829 0.95848897127798 90.34 2.11947587908609 -0.469263185982561 0.0012229387719751
79600 1.89976518615685 0.939611549700009 90.34 2.11942860857903 -0.459313077888346 0.00153921790060849
80100 1.91309252901972 0.912926656161989 90.34 2.11975425559714 -0.445241340107477 0.00211666713656582
80600 1.92618451280444 0.883854363993147 90.34 2.11928886990835 -0.430199718452623 0.00216528994452577
81100 1.93905507895757 0.854603664666244 90.34 2.11902855641261 -0.415119997812981 0.00208966908787143
81600 1.95150837445472 0.821963802677866 90.34 2.11754797548475 -0.39864259985195 0.00297325706270889
82100 1.96668425142784 0.784951202293611 90.34 2.11754464765125 -0.379751115751245 0.0022182751042471
82600 1.97646225145814 0.758651570961557 90.34 2.1170628799262 -0.366500972826629 0.00148189537216644
83100 1.98363628118552 0.739862487320149 90.34 2.11712290530783 -0.357001115187783 0.00150161675818794
83600 1.99077129597187 0.719494638151313 90.34 2.11680015287084 -0.346807684521869 0.00148225971596055
84100 1.99783417810324 0.699920346813623 90.34 2.1168915643181 -0.336977290650945 0.00138045095948576
84600 2.00452962531322 0.680436213258553 90.34 2.11686855025814 -0.327244803953767 0.00156468430748515
85100 2.01101029426541 0.660137870020161 90.34 2.11658791716201 -0.317179256075826 0.00135964758307413
85600 2.0158987304428 0.644931211129509 90.34 2.11655001322668 -0.309632574092791 0.000960877820926814
86100 2.02039432118123 0.631091757105492 90.34 2.1166648338714 -0.302757944254289 0.00118019428904503
86600 2.02358240417953 0.617957923573654 90.34 2.11583499872095 -0.296383577250247 0.000839363802259303
87100 2.02706180226829 0.606254130863569 90.34 2.1157796722259 -0.290612764749943 0.000812499513519747
87600 2.03047048503387 0.593544713596034 90.34 2.11544456737383 -0.284395018037998 0.00100553980234442
88100 2.03466488998493 0.578387531229339 90.34 2.11527618783434 -0.276960839971313 0.00112478735833832
88600 2.03792683421576 0.56379129528436 90.34 2.11447544470374 -0.269899024441975 0.00111250660459579
89100 2.04183052019443 0.548078071814784 90.34 2.11411008369991 -0.262243139015669 0.0011528864994749
89600 2.04507006995855 0.532418016189425 90.34 2.11323934635983 -0.25468855242802 0.00135416675528538
90100 2.04888734228233 0.515004500071989 90.34 2.11262135188943 -0.246256498281148 0.00104737764486301
90600 2.05311672303344 0.500591741738512 90.34 2.11326296761581 -0.239154166320466 0.00127079262794903
91100 2.05604868253293 0.484913105939438 90.34 2.11245755111368 -0.231614569873525 0.00100380713920765
91600 2.05940321940581 0.472068455873082 90.34 2.11281571537354 -0.225333009870225 0.000927926286240427
92100 2.06170674368446 0.459501909919326 90.34 2.1122918127412 -0.219290465530639 0.000891342377537859
92600 2.06499759831398 0.445418703390734 90.34 2.11248974018166 -0.212444544193768 0.00107036244273099
93100 2.06851085636833 0.427899660707436 90.34 2.11230567923943 -0.203986407335377 0.00133129361355582
93600 2.07213702775993 0.410320324686368 90.34 2.11237180218457 -0.195489017371902 0.00146975046152232
94100 2.07602454877683 0.388634690481269 90.34 2.1120877940487 -0.185059470188841 0.00186738782412158
94600 2.08013571904272 0.362039146093793 90.34 2.11140639218075 -0.172319792390693 0.00177373931132109
95100 2.08410884257753 0.336998452335987 90.34 2.11117920238589 -0.160311476838628 0.0017918190410242
95600 2.08610250582839 0.314012588286456 90.34 2.10960365244893 -0.149404296969778 0.00166890117894944
96100 2.08946775500105 0.289115196678138 90.34 2.10937504871452 -0.137494826008655 0.00195742796470108
96600 2.09152987057904 0.262146378936162 90.34 2.10789419172636 -0.124686937161279 0.00166575804232566
97100 2.09498038674494 0.238189445055037 90.34 2.10847742045809 -0.113209176340279 0.0016620101461929
97600 2.09766302455233 0.215630817787519 90.34 2.10871686438785 -0.102435936427915 0.00160122274154294
98100 2.10023362378368 0.19146986696683 90.34 2.10894333362179 -0.0909146696597857 0.00158857040926106
98600 2.10205918938908 0.167195076294012 90.34 2.10869794641908 -0.0793716124306452 0.00223934288751596
99100 2.10422980204693 0.136373623986902 90.34 2.10864430977389 -0.0647187723851237 0.00212190321913997
99600 2.10674870446688 0.103521864501689 90.34 2.10929061065629 -0.0490987200950557 0.00284996720730938
100100 2.10809817375412 0.0626657856619272 90.34 2.10902937648532 -0.0297174666986589 0.00309831238988913
101100 -2.10835707709449 0.03561286046655 90.34 2.10865782913327 -3.12470297467063 0.00305012740681289
101600 -2.16038182789953 0.0600345753101312 90.34 2.16121581350665 -3.11381093076542 0.0418269044466186
102100 2.10364717498243 -0.109033046969497 90.34 2.10647089753052 0.0517841441846992 0.00194431758254779
102600 2.10186347671727 -0.132428620781079 90.34 2.10603119975939 0.0629221667698659 0.00173532746977081
103100 2.09960622744647 -0.158521946579065 90.34 2.10558199030084 0.0753578262746273 0.00203396677576524
103600 2.09672652554573 -0.191570979293556 90.34 2.10545994097123 0.0911137246790104 0.0024988361752912
104100 2.09287573247242 -0.225690013967721 90.34 2.10500945698036 0.107422157826893 0.00218153272685433
104600 2.08971694963667 -0.259639515309413 90.34 2.10578479610546 0.123612781762742 0.0025319591432043
105100 2.08504291560121 -0.294727960606974 90.34 2.10577029389778 0.140423103385695 0.00262632312225054
105600 2.07956670570232 -0.328749674793434 90.34 2.10539165765954 0.156788150398482 0.00227010226347473
106100 2.07508314783124 -0.356663717585851 90.34 2.10551159527925 0.170216045120379 0.00153434721151598
106600 2.07119242892939 -0.378399159898388 90.34 2.10547476875555 0.180703371008009 0.00171754659110496
107100 2.06548978248281 -0.406117554178699 90.34 2.10503670023897 0.194143901727833 0.00214044097475736
107600 2.05936943202089 -0.435555215591348 90.34 2.10492536764867 0.208427744260258 0.00209188065887223
108100 2.05149476818686 -0.469435412238913 90.34 2.10451904010441 0.224953119377558 0.00238790098006945
108600 2.04340935738174 -0.500038154545662 90.34 2.1037014897168 0.239991575453846 0.00179967646128107
109100 2.03755508848675 -0.523148456467676 90.34 2.10364327919986 0.251324294200108 0.00162070125568577
109600 2.03025985816204 -0.549026741433212 90.34 2.1031845982873 0.264105031999151 0.00191251014008188
110100 2.02281350249873 -0.574405768951183 90.34 2.10278778132639 0.276680519907594 0.00178679927522739
110600 2.0143723789909 -0.601726076891849 90.34 2.10232498744916 0.290278769441841 0.00190431057405188
111100 2.00683547550386 -0.624400899274705 90.34 2.10172907596481 0.301642709355841 0.00131109806825686
111600 2.0017474955176 -0.641064217784794 90.34 2.10189351945693 0.309931782254203 0.00113168533035258
112100 1.99697983794103 -0.657633971182777 90.34 2.10247732762962 0.318129052854387 0.00119185955611008
112600 1.99069535798607 -0.674375520045451 90.34 2.10182072269351 0.326629984497623 0.00118746458908313
113100 1.9846090983568 -0.692726028365562 90.34 2.10203297396966 0.335827445320013 0.00130882704049481
113600 1.97792092956102 -0.711163416342975 90.34 2.1018859646375 0.345158023642925 0.00120616462008793
114100 1.97092341590972 -0.729802470341356 90.34 2.10170187160253 0.354630172971353 0.00138818617260839
114600 1.96317380709368 -0.748518833942677 90.34 2.10103113770967 0.364264990878125 0.00133229482137206
115100 1.9558128666164 -0.768553704786664 90.34 2.10139924011683 0.374421602061021 0.00149450718087954
115600 1.94676766865945 -0.789135819129194 90.34 2.1006284052089 0.385115896388651 0.00155327499290937
116100 1.93763447385261 -0.809094100082852 90.34 2.09977632548111 0.395558851061488 0.00141524310392446
116600 1.9281080836902 -0.829849925901062 90.34 2.09910735359331 0.406432180307306 0.00148622162717683
117100 1.91880122629155 -0.85046805894292 90.34 2.09883159526916 0.417208786891571 0.00154666614174276
117600 1.90776945929059 -0.874517156961023 90.34 2.09865780145813 0.42981548103473 0.0019232176031417
118100 1.89706849486181 -0.897668250883438 90.34 2.09873227517027 0.44196809561035 0.00127788252864893
118600 1.88884169131252 -0.915854758521627 90.34 2.09916956760216 0.451475692838498 0.00128841796049918
119100 1.8789504157209 -0.934692216897425 90.34 2.09859576981046 0.461609083908868 0.00160087554938704
119600 1.8664368450696 -0.959542926807323 90.34 2.09864459235463 0.474867158265477 0.00203696721284568
120100 1.85208207688579 -0.986970995926719 90.34 2.09864712763298 0.489618405491877 0.0017301294020652
120600 1.83982734557726 -1.00829700127471 90.34 2.09800560159248 0.501336340696733 0.00145307129146244
121100 1.82873328041901 -1.02816338705877 90.34 2.09794789291828 0.512182120227327 0.0015057397539526
121600 1.81673802225927 -1.04895625875734 90.34 2.09781940936505 0.523624400498455 0.00141120196270724
122100 1.8057084156434 -1.06696070792745 90.34 2.0973764646783 0.533688156049469 0.00110527851405224
122600 1.79495553511292 -1.08365592574895 90.34 2.09670587790546 0.543152498462353 0.0013750892388326
123100 1.78330238414072 -1.10135510433746 90.34 2.09598436519268 0.553255207717215 0.00134800380902805
123600 1.77107239378815 -1.12107767911726 90.34 2.09607074943892 0.564326958276413 0.00138563025696903
124100 1.75936534484349 -1.13850065665768 90.34 2.09560257726655 0.574340000438803 0.00124432781217451
124600 1.74831168311532 -1.15439072365148 90.34 2.09504455422077 0.583574190511143 0.00108514394954897
125100 1.73764889913993 -1.16949413839648 90.34 2.094550127456 0.592396762586201 0.00110353349920149
125600 1.72766827348679 -1.18431084599702 90.34 2.09461925971261 0.600925721199878 0.00115797011733476
126100 1.71539911235307 -1.20220617063701 90.34 2.09473000441093 0.611283971196877 0.00155649633697589
126600 1.69830741952801 -1.22781885901521 90.34 2.0956591425557 0.625973809430658 0.00207836314967536
127100 1.67826959337047 -1.25379406655754 90.34 2.09489579439331 0.641626788798096 0.00194650375348696
127600 1.6589642632753 -1.27959311255943 90.34 2.09511836432553 0.657007167850906 0.00189185359777256
128100 1.64025745104814 -1.30270669322353 90.34 2.09463343673501 0.671199655635238 0.00172294096302846
128600 1.62195379542786 -1.32443367807122 90.34 2.0940054159701 0.684761354299125 0.00164973551246375
129100 1.60412987939159 -1.34614990726902 90.34 2.09412326351561 0.698177469482598 0.00157219152524496
129600 1.58646123643822 -1.36635756058679 90.34 2.09375075835062 0.710995568803702 0.00162006786474245
130100 1.56870965138622 -1.3856470881037 90.34 2.09305227434064 0.723513689423291 0.00124181364020717
130600 1.55626263650843 -1.39912617622809 90.34 2.09272727578125 0.732278710646962 0.00112308199034513
131100 1.54444683384819 -1.41051624148065 90.34 2.09161948978881 0.740105213063933 0.000864768792710213
131600 1.53523492437311 -1.42110029786772 90.34 2.09200199082473 0.746810532670116 0.000738766935940764
132100 1.5278070517779 -1.42888347996715 90.34 2.09186576691367 0.75195310595116 0.000669247946368303
132600 1.51966193576653 -1.43685860031215 90.34 2.09139547582677 0.757398460875084 0.000682322723524876
133100 1.51283252986766 -1.44453922736872 90.34 2.09173512731244 0.76230970091314 0.000528915357429474
133600 1.5072345812604 -1.44960525026648 90.34 2.0911985712857 0.765910453957771 0.000474812125362124
134100 1.5012979700156 -1.4559927140733 90.34 2.09136567300113 0.770079509625583 0.000735516948806895
134600 1.49232805990708 -1.46480021538499 90.34 2.09109605455558 0.776089453446482 0.000857910104814472
135100 1.48465973208176 -1.47257939529863 90.34 2.09110128772452 0.781313181065104 0.000598468958568427
135600 1.47732831513574 -1.47925226852925 90.34 2.09061862247774 0.786048899295724 0.000565876249892793
136100 1.47133976169312 -1.48465504144794 90.34 2.09022517601237 0.789902633325397 0.000449473493674741
136600 1.46671284362337 -1.4892365471993 90.34 2.09023253710295 0.793017802537305 0.00052448160671273
137100 1.46113660868036 -1.49316180371347 90.34 2.08912717690781 0.796237941992685 0.000510364202643115
137600 1.4560403989662 -1.4981641791617 90.34 2.0891504376528 0.799656121708693 0.000487131632656757
138100 1.45085350385517 -1.50280590567229 90.34 2.08887564966715 0.802985514528083 0.000460872347235088
138600 1.44622679420418 -1.50707970901111 90.34 2.08874632006549 0.806000259691018 0.000384207934936905
139100 1.44159841850529 -1.51117749867606 90.34 2.08850746533064 0.808957758927465 0.000396431282640659
139600 1.43578514210926 -1.51628904287844 90.34 2.08820770898274 0.812661690177954 0.00052909748648628
140100 1.42993136069457 -1.52160354036926 90.34 2.08805675937272 0.816447336780943 0.000547577558034448
140600 1.42403484128783 -1.52666238757955 90.34 2.08771963511669 0.820164927118315 0.00046814924372325
141100 1.41766689666744 -1.53226317691028 90.34 2.08748889176011 0.824225757215799 0.000600143024677654
141600 1.41065464352237 -1.53874498204646 90.34 2.0875063216825 0.828800182534752 0.000707299516597007
142100 1.40343871369748 -1.54465567575412 90.34 2.08700775747103 0.83326267643796 0.000496108350019799
142600 1.39691693590283 -1.55029602496207 90.34 2.08681448404628 0.837393335161905 0.000584352329738571
143100 1.38994692227392 -1.5566993386683 90.34 2.0869272334581 0.841928447339634 0.000584761203584241
143600 1.38246798458503 -1.56309496915658 90.34 2.08673994810211 0.846643191858615 0.000634415214292676
144100 1.37402447390913 -1.56977863360352 90.34 2.08618029264477 0.851797437905962 0.000686791498111065
144600 1.36528538958353 -1.57687160579392 90.34 2.08579199734042 0.857189907554061 0.00075100199990049
145100 1.3542520693875 -1.58582295119514 90.34 2.08538559982982 0.863999487864295 0.000811641562379213
145600 1.34477051658636 -1.59411062564918 90.34 2.08556861049632 0.870037318921031 0.000689018981558968
146100 1.33590247482308 -1.60149998823584 90.34 2.08553054030811 0.875572131013344 0.00075193517893376
146600 1.32760406585031 -1.6089225172118 90.34 2.08594444366417 0.880906425718973 0.000621527788756625
147100 1.32013213862127 -1.61408790633634 90.34 2.08519270879264 0.885246921300941 0.000386649619412416
147600 1.31559782694667 -1.61773775123248 90.34 2.0851554076446 0.888038367515347 0.00048380201911157
148100 1.30954415036429 -1.6220957765037 90.34 2.08473033985321 0.891610198683788 0.000470988974454583
148600 1.30298962031806 -1.62768271632056 90.34 2.08497793169742 0.89573949553485 0.000552378959660664
149100 1.29583635489402 -1.63336051259121 90.34 2.08496005303632 0.90011975728002 0.000505741623692743
149600 1.29079300153855 -1.63708765466492 90.34 2.08475479658332 0.90312608601929 0.000375296549505604
150100 1.28675317885048 -1.63963562823745 90.34 2.08425975748404 0.905405043499992 0.000475659593156068
150600 1.28215618992421 -1.64268353759798 90.34 2.08382669626252 0.908043469514875 0.000291194665866958
151100 1.27898042863603 -1.64508369447387 90.34 2.08376853288886 0.909953590641081 0.000267186207683653
151600 1.27573018176083 -1.64743073286221 90.34 2.08363036938764 0.911876466617048 0.000242697558723036
152100 1.27311483539278 -1.64911485034037 90.34 2.08336294814666 0.913363945510307 0.00030805639251795
152600 1.27084704935276 -1.65068345893968 90.34 2.08322060868879 0.914685770829222 0.000168344307169607
153100 1.26935853529936 -1.65137269691074 90.34 2.08285930279498 0.91545390618814 0.00017164189534921
153600 1.2678032898151 -1.6520833765825 90.34 2.08247560966419 0.916253997173661 0.000231749086752259
154100 1.26518044471047 -1.65408573308535 90.34 2.08246996858881 0.917838558489126 0.000277037288058047
154600 1.26132549025303 -1.65678042019862 90.34 2.08227360188703 0.920095266179331 0.000393009446107796
155100 1.2587058337212 -1.65934382693799 90.34 2.08272953401084 0.921841592395222 0.000335020453834099
