# Created by Octave 3.6.4, Sun Mar 22 22:30:11 2015 PDT <charlie@yukawa>
# name: cI
# type: matrix
# rows: 320
# columns: 6
 0.0361818498250395 0.001980853718499104 0.03358760273217553 0.03874516956007852 -8.273218424386543e+18 4.497760988410895e+20
 0.03655194941359833 0.001980142943098059 0.03376379690383031 0.03913909656055799 3.286874971637533e+19 4.172403837375795e+20
 0.03691567950036029 0.0019319196113533 0.03402927191140444 0.0392197482052597 -3.363707093292661e+19 3.204628029182957e+20
 0.03729431124611644 0.001881713520456243 0.03426578879751385 0.03970874809774667 -5.524000627636824e+18 3.01749576000945e+20
 0.03766712016358217 0.001790594439070791 0.03452418413170168 0.03985792255949978 3.251126742763458e+19 2.581763042881991e+20
 0.03803021528132331 0.001654812245015542 0.03517319881293242 0.03997061089781889 -2.446799139495739e+19 1.217549781267664e+20
 0.03839096101200314 0.001575409842066279 0.0353351880078899 0.04058438477312989 5.610067485390393e+18 3.044985155199327e+19
 0.0387533294851353 0.00144179064315792 0.03551344095550287 0.04077071510487225 3.419000155398757e+18 2.944426049997636e+19
 0.03912402165834606 0.001251549563832395 0.03633325471242769 0.04107382355366426 -2.242493016622992e+18 1.907232054084407e+19
 0.0394503141954339 0.001100944649040263 0.03794443552994571 0.04122764276874533 2.216333784029861e+18 6.950756536568044e+18
 0.0396988324826824 0.001156096798076701 0.03818298047146643 0.0416722098386732 6.63340609752433e+17 3.611976790471869e+18
 0.04006022126777867 0.00145660733821434 0.03821762916659954 0.04360381224791054 4.619013181226672e+17 3.551017727620292e+18
 0.04045184438741174 0.001695861335441702 0.03853712599153095 0.04409197596109549 -1.213100853262441e+17 2.704200334623736e+18
 0.04082802736585365 0.001858812375877736 0.0385746796905926 0.0441798706681597 4.028051555829777e+17 1.675945893207687e+18
 0.04122974165433215 0.001983955773365737 0.03874516956007852 0.04460039401777009 5.54684416195228e+17 1.512691666138586e+18
 0.04165193869266581 0.00208854578569305 0.03913909656055799 0.0450781251350834 2.20760887754329e+17 8.712883621760499e+17
 0.04213959102150165 0.002302879194082376 0.0392197482052597 0.04645388149309561 1.613909456638598e+17 8.523895464082089e+17
 0.04265881094329047 0.002469500789680884 0.03970874809774667 0.04700804703209206 4.225203696116693e+16 7.249472614622007e+17
 0.04316244464522138 0.002592177740677775 0.03985792255949978 0.04726325362671038 1.767633260659387e+17 4.525768404502015e+17
 0.04372197413243246 0.002730089632084222 0.03997061089781889 0.04825086486766569 2.161155821183292e+17 4.046227509304757e+17
 0.04429318024833651 0.002784926936064247 0.04058438477312989 0.04853870263637963 1.376367214679321e+17 3.07479078267835e+17
 0.044849557550517 0.002824427393600989 0.04077071510487225 0.04893004430583726 1.017523920568911e+17 2.878650637607539e+17
 0.04539422924194328 0.002768892040005193 0.04107382355366426 0.04894079047626652 4.107896707397134e+16 1.818562575787494e+17
 0.04594031883844403 0.002661628580308846 0.04122764276874533 0.04926516750117547 6.729244248973504e+16 1.375880842295017e+17
 0.04647677064456424 0.002446133093805975 0.0416722098386732 0.04927441986054848 3.972430459593167e+16 9.932629014354451e+16
 0.04703678211443204 0.002218596122194402 0.04360381224791054 0.05007238188669012 1.375240774797056e+16 2.232953052519462e+16
 0.04754874945083542 0.002255572870479062 0.04409197596109549 0.05128332229396122 9540066388108300 1.779513684832569e+16
 0.04804586075949119 0.002260998783895333 0.0441798706681597 0.05154864559093215 7234229990863214 1.649284699185027e+16
 0.04854309654508559 0.002168302133102846 0.04460039401777009 0.05163840745207554 3136367549410336 6958214263734998
 0.04902173336222417 0.002023387768768323 0.0450781251350834 0.05177994627484889 1920998282979429 5560478900731759
 0.04948263129637964 0.001840011578531689 0.04645388149309561 0.05199159414741524 582859214578116.2 2289756682741674
 0.0498614964445215 0.001754942252626067 0.04700804703209206 0.05213685871522363 456891529464904.4 2266634197857316
 0.05024368077130301 0.00171286776204954 0.04726325362671038 0.05274081193381477 753707571479798.2 1848172465576086
 0.05062045268015246 0.001630021293084123 0.04825086486766569 0.05291483225945226 382988195601700.1 1262182151202179
 0.05094771659406495 0.001612994219497477 0.04853870263637963 0.05315982357635306 109367432150595.5 726632491453913.6
 0.05128079645766368 0.001595765485348047 0.04893004430583726 0.05353490059036058 132564148725022.3 715845184588280.2
 0.05158795569995007 0.001553836618366193 0.04894079047626652 0.05353743294013315 -26986644646431.38 335153164756326.6
 0.05194338158060801 0.001514321424658696 0.04926516750117547 0.05427217868613563 17426905296926.74 288711037791476.8
 0.05233381635888419 0.001529392737810219 0.04927441986054848 0.05512168917531819 80911660663735.84 102180905810731.3
 0.05272706460847114 0.001442438400178065 0.05007238188669012 0.05517314360435264 68849610647077 98552789130654.59
 0.05311609998839008 0.001462117474598481 0.05128332229396122 0.05590791258547421 51761770986985.9 84533630657265.33
 0.0535026881086107 0.001691527232780242 0.05154864559093215 0.05708214409727046 37634421234547.43 73114381420936.8
 0.05391926620016888 0.001928733791915846 0.05163840745207554 0.05779731696430498 29249239974559.55 68794190943825.08
 0.05443948948638336 0.002288422690421811 0.05177994627484889 0.05944175674529263 34844713113987.43 61877316974459.36
 0.05502873284494691 0.00266212022097053 0.05199159414741524 0.06061859665330211 26100743249876.79 56159854692593.88
 0.05575433307279347 0.003203435835177516 0.05213685871522363 0.06287559756511375 14776928084570.31 39761444134901.98
 0.05648873413974604 0.003557990403552762 0.05274081193381477 0.06315287471951198 17072405653064.63 37646233209960.32
 0.05720634602421838 0.003823672187530858 0.05291483225945226 0.06350499020090006 8786965442825.746 23347081475299.76
 0.05809475988999028 0.00427664744616281 0.05315982357635306 0.06624104024603061 3297548100920.661 11497398078426.88
 0.05904659651538204 0.004670553006303952 0.05353490059036058 0.06743737295722949 2592971967567.862 11341316019503.6
 0.05998243100158599 0.00488855047630973 0.05353743294013315 0.06757241788341997 3795682114369.1 9848385179615.982
 0.06094728986931833 0.004953466376066093 0.05427217868613563 0.06801031595611834 2035113430567.319 7624083356965.769
 0.06187806862668489 0.004921217671304715 0.05512168917531819 0.06823386004663397 447836351714.6379 4646670108804.856
 0.06277601819532201 0.004828313418792148 0.05517314360435264 0.068590932704875 1158777818480.155 3498342463329.363
 0.06380735703505075 0.004739732582070467 0.05590791258547421 0.0706432262002836 319026087948.0657 1497612202117.25
 0.06479477272591513 0.004513928397697446 0.05708214409727046 0.07071914794843999 172005938894.3044 1400263552748.335
 0.06585318841478231 0.004436970263085572 0.05779731696430498 0.07295837943027804 292704543974.432 1292927847296.245
 0.06691946347431063 0.004281843335067934 0.05944175674529263 0.07379144285722984 -17590487884.50998 451171084859.7925
 0.06795704832621127 0.004225755927329564 0.06061859665330211 0.07500552952380214 74220113305.70816 253697242274.1218
 0.06893761668924346 0.004106098112580479 0.06287559756511375 0.07532712209878521 13810687964.88774 103830267433.4552
 0.06978462614878216 0.00407660759557092 0.06315287471951198 0.07558073945819394 -8260625300.424155 54490144417.94067
 0.07064001686957647 0.003929155158880321 0.06350499020090006 0.07598373553142679 1711272780.673394 38953574680.84787
 0.07148553398616909 0.003637904216511717 0.06624104024603061 0.07618774694978951 7828643888.780655 29990877555.94891
 0.07217323776997035 0.003549625506969456 0.06743737295722949 0.07655659700304954 9576641647.167988 28530072071.14898
 0.07284212093373715 0.003538770512929385 0.06757241788341997 0.07747062041373153 8383299065.759294 28348000076.0459
 0.07356114789623223 0.00348690150385094 0.06801031595611834 0.07835782232084636 12634239143.68684 21247804152.37813
 0.07428711760542379 0.003380652914591554 0.06823386004663397 0.07889986159399143 11964439564.96191 21404573981.01496
 0.07500709930818322 0.003140914610397307 0.068590932704875 0.07903358558802565 6549561223.769603 11282366183.13751
 0.07599193718168677 0.003297493548527973 0.0706432262002836 0.08336350080742806 6883274170.070251 11015856811.28639
 0.07685748985175499 0.003491508667712257 0.07071914794843999 0.08362651625130703 7144766771.518428 10769982285.77816
 0.07781466840882348 0.003652829113197771 0.07295837943027804 0.08507682630446722 4596595382.277906 6573375849.4203
 0.07865250211648626 0.003892796341302414 0.07379144285722984 0.08552588504521963 3310175241.300661 5078911234.606464
 0.07950285414364822 0.004140362637937364 0.07500552952380214 0.08654672326465927 2095524311.245318 2986464986.358815
 0.08032584029709122 0.004401247112061462 0.07532712209878521 0.08735032182544733 1472346848.424651 2237991085.614917
 0.08120327492430993 0.004639038024294165 0.07558073945819394 0.08848864150706569 1155945149.940023 2051713492.347702
 0.08220578545098758 0.004951519594389785 0.07598373553142679 0.09061839735835873 1000338125.175326 2038742295.526833
 0.08330596223751595 0.005291952674084195 0.07618774694978951 0.09248638732935235 766317775.2869095 1920346885.978437
 0.08439335571245647 0.005399515965844013 0.07655659700304954 0.09249864907389714 536630093.9018423 1768626812.523236
 0.08565848157156161 0.005649566081565117 0.07747062041373153 0.09553348488962703 609370926.4909064 1722294351.837362
 0.08688470591155985 0.005740851138567797 0.07835782232084636 0.09586398551370492 334518088.9131367 1433722076.344276
 0.08805242417670907 0.005663429819859697 0.07889986159399143 0.09587359629808465 86986941.71980914 1082582295.460843
 0.08921886240129699 0.005441156420769767 0.07903358558802565 0.09639643496281025 -87348193.34734616 826246658.0673416
 0.09045780737318454 0.00505868005785359 0.08336350080742806 0.09761776016633893 103126566.9943108 321533352.9405943
 0.0914413891473253 0.005014902421707023 0.08362651625130703 0.09811722741953971 44730496.89908537 231725126.2790855
 0.09253274079523426 0.00497383427738166 0.08507682630446722 0.09999679096994113 86017840.73459354 153672847.8510624
 0.09377814659788468 0.005301581216458107 0.08552588504521963 0.1037579133442237 81293702.48592189 154668365.1536916
 0.09503068093181639 0.005430498094881881 0.08654672326465927 0.1043139000541953 41090148.57113647 39401998.03598236
 0.09626369535385777 0.005466176697744089 0.08735032182544733 0.1050419395952798 36214000.56810641 39187453.03870696
 0.0974505282214668 0.005323444517371208 0.08848864150706569 0.1051528148395825 34546071.93533859 39618477.87585945
 0.09862525191820477 0.005145799612021284 0.09061839735835873 0.1061094969581357 26761389.55680501 32527982.04529556
 0.09982203464924184 0.00523734026800013 0.09248638732935235 0.1085701383239149 22336417.82665759 30655929.6392153
 0.1011007869521559 0.005644185067159708 0.09249864907389714 0.1116676718730633 18078285.17710088 29011102.48682575
 0.1024301640249403 0.005819008992638227 0.09553348488962703 0.1124393051656629 13945814.18605397 25956556.98063473
 0.1035572440810237 0.006021531717117376 0.09586398551370492 0.1124396857308772 8711669.685839394 18268348.83539099
 0.1046957161355133 0.006077193504272267 0.09587359629808465 0.1129410663310501 11782326.60854604 11578523.924992
 0.1058837027920348 0.005970227891914687 0.09639643496281025 0.1136933961459064 10304203.60859907 11858375.09789769
 0.1071460742762308 0.00582095460069298 0.09761776016633893 0.1153320072257501 10263284.88914546 11889781.92766878
 0.1084838029554886 0.005780379294574711 0.09811722741953971 0.1176836903552054 9216218.419117451 11931050.15462667
 0.1099272903360931 0.005709804098677582 0.09999679096994113 0.1197695381286079 7097903.888186892 10078198.21058678
 0.1112533252371142 0.005546155778321809 0.1037579133442237 0.1198873144852584 4876051.713335657 6531259.279170265
 0.1125047579440311 0.005843893694606857 0.1043139000541953 0.122529403947976 3647986.111249497 5567777.266950919
 0.1137278513471004 0.005926459138779264 0.1050419395952798 0.1226603011002351 2328297.057760437 3576516.066991511
 0.1149383788929168 0.005879832025511802 0.1051528148395825 0.1231998527825266 2135744.053120183 3575451.160629171
 0.116221541053401 0.005688874210929869 0.1061094969581357 0.124400247246845 1284822.977079549 1779297.507261737
 0.1177652673452491 0.005887203365128757 0.1085701383239149 0.1292653913358576 1083335.212844616 1750010.067154946
 0.1191450544561673 0.006002435769116091 0.1116676718730633 0.1292669449876869 861514.9968812354 1578655.763003462
 0.1203763887748635 0.006248389744217403 0.1124393051656629 0.130137686653506 920956.2911921908 1520362.381042825
 0.121626185839325 0.006419943230583137 0.1124396857308772 0.1311862611325861 690220.1383078292 1264142.402996327
 0.1229362464558826 0.006416427506764825 0.1129410663310501 0.1320905949792407 549634.2549689474 1176117.75481812
 0.1243187499777003 0.006342671772698071 0.1136933961459064 0.1336786191583166 385879.828578525 974464.7274552004
 0.12575755467396 0.006206631842426566 0.1153320072257501 0.1352754665898016 538212.5713371888 694140.7568471894
 0.1271552119054685 0.006049765372112997 0.1176836903552054 0.1362968656983778 443369.1448136697 653657.0849323812
 0.1285461985911081 0.006114792808388671 0.1197695381286079 0.1385484906397995 343930.5910299012 601154.1528259127
 0.1301556350179992 0.006780567518241548 0.1198873144852584 0.1439110845319741 267983.0785709166 547605.1388084545
 0.1317817102845459 0.007061054367716437 0.122529403947976 0.1442784434834581 162177.0426399452 379260.851795555
 0.1332400643190295 0.007269564526284068 0.1226603011002351 0.1444047144652311 202213.0972235948 330857.8998983419
 0.1347104141071659 0.00720703210312152 0.1231998527825266 0.1447155479222802 236608.5662012889 278609.7096936433
 0.1361707897034135 0.006921769095767851 0.124400247246845 0.1451054867262414 190147.8057099899 230827.8556833556
 0.1377975845673255 0.006824648628005134 0.1292653913358576 0.1488021702055247 152159.0167868278 203254.1388020196
 0.1391341425062375 0.006995354492187672 0.1292669449876869 0.1493137604195373 163621.3372011754 193370.5005527691
 0.1411168780876474 0.008122846771166788 0.130137686653506 0.1590079787088358 131648.8202410329 170530.034701099
 0.1431561698850363 0.00896566873320608 0.1311862611325861 0.1607270636143391 137527.384932632 164064.5668204371
 0.1451579931095643 0.009441731031742355 0.1320905949792407 0.1612136095005068 105054.3913723475 127507.0794377505
 0.1471825706345577 0.009692195475173566 0.1336786191583166 0.1624592578541408 87174.45199141347 120023.9367954089
 0.1491199621789792 0.009704564319573601 0.1352754665898016 0.1627394923246395 56842.07464155038 54478.16502786104
 0.1512826876112611 0.01000890586165879 0.1362968656983778 0.1677163480740297 44589.68648017503 46974.52295557732
 0.1534072870757644 0.009983030176566331 0.1385484906397995 0.1681658576659272 42011.33121292537 47831.07609216504
 0.1554339263615868 0.00983570714317593 0.1439110845319741 0.1689480799271365 45661.34486522643 42697.4345562552
 0.157108257722918 0.009871659229697885 0.1442784434834581 0.1690260549519413 38449.24256155291 39267.96837621703
 0.1589762517918604 0.009921438054069942 0.1444047144652311 0.172298354517595 31719.50507449373 34545.37714036337
 0.1609037712834823 0.009694258198518308 0.1447155479222802 0.1733175068395605 26675.88552556183 32147.49733933988
 0.1630015665999364 0.009339126999782532 0.1451054867262414 0.1761824776690899 23373.46518885354 32634.63280971038
 0.1654026127528275 0.009034242175593014 0.1488021702055247 0.181121179019608 16270.41977128035 22630.07256261598
 0.1684998045599558 0.01073927436024748 0.1493137604195373 0.1952600473124496 14153.37163981688 22410.30282804163
 0.1716451493222259 0.01159377037481847 0.1590079787088358 0.1964939318535878 8707.081984586261 11357.11340048224
 0.1741636279307564 0.01270263777593488 0.1607270636143391 0.1967851578367942 6884.232677055285 9947.15590069059
 0.1766300109572358 0.01347549671652848 0.1612136095005068 0.1977228090115298 6566.719404107983 10020.84828416396
 0.1791412534150601 0.01390053347194685 0.1624592578541408 0.1988822463678716 4586.910546932746 7474.88738427439
 0.1816042098306339 0.01400619555660778 0.1627394923246395 0.1994036040877465 3955.735337974785 7351.272452204627
 0.1846233879020682 0.01452090257111747 0.1677163480740297 0.2080271633961546 2633.990468244727 5781.092778076601
 0.187724984268074 0.0155815989590787 0.1681658576659272 0.2142402935641162 3474.437918912475 4163.303836589862
 0.1909368338422021 0.01621448494074906 0.1689480799271365 0.2163436012778497 2883.271229142694 3903.820089202686
 0.1944406357705846 0.01679178801337039 0.1690260549519413 0.2215051088528736 2101.097199851545 3079.565121839348
 0.1979522521512669 0.01660403284347762 0.172298354517595 0.2217003006621765 1753.338428769371 2877.171697523112
 0.2013209576066074 0.01614713375600322 0.1733175068395605 0.2228289363477024 1192.723184427972 2132.235603204337
 0.2047403858350522 0.01519625911219693 0.1761824776690899 0.2246089302662331 801.8970980843259 1634.421166757279
 0.2081684550864374 0.0140505765372897 0.181121179019608 0.2276035164398673 1088.904243977324 910.4380558590847
 0.211498930517816 0.01306791913544673 0.1952600473124496 0.2310783104902864 932.3992301633061 773.0062431876827
 0.2142723328965722 0.01377095335056442 0.1964939318535878 0.2368610829937938 850.5996671712704 771.7587206647478
 0.2173009674239318 0.01455499791537777 0.1967851578367942 0.2419234497639815 693.7407697855264 623.5052417356925
 0.2203828194299036 0.01479288271852154 0.1977228090115298 0.2430129379263714 590.4491809645392 548.4214381022706
 0.2234627553382765 0.01454532572566395 0.1988822463678716 0.2439218476371231 453.8083982472734 339.1082010246961
 0.2265667179816418 0.01387774224572653 0.1994036040877465 0.2454416860183512 385.5216860190947 267.7591741434933
 0.2297772389096198 0.01266213483768565 0.2080271633961546 0.2475614180074157 337.0520687515273 232.9624929783515
 0.2331274560102104 0.01313561528214329 0.2142402935641162 0.2582804199050139 308.837895258181 215.7760078209486
 0.2361829233228634 0.01374482532240382 0.2163436012778497 0.2600723032539108 287.7804770735514 219.0606352370682
 0.2395946852231043 0.0147810131033035 0.2215051088528736 0.2675200297814647 264.0353863778423 225.5215149970784
 0.2429689854184806 0.01607692762141392 0.2217003006621765 0.2721196117835178 250.106179616885 244.6564493070848
 0.2465114358471222 0.01688940737296725 0.2228289363477024 0.2748370570917998 189.6954824287027 160.3039081002396
 0.2500652998185315 0.01715660431927102 0.2246089302662331 0.2761368959188422 172.9796914269829 152.513128199474
 0.2536876920519541 0.01713405276366046 0.2276035164398673 0.2789448137675714 147.0401158976363 161.2779865615713
 0.2571904656082004 0.01678781578476858 0.2310783104902864 0.2801451197835608 143.3462182682598 163.0036759382072
 0.2605013899674651 0.01615557341606213 0.2368610829937938 0.2807421758792585 114.9393638496699 123.8433547586724
 0.2635068219479985 0.01562828522536387 0.2419234497639815 0.2819425627017945 101.9712911522597 114.1179212528447
 0.2663315825590667 0.01527373475301968 0.2430129379263714 0.2842948589300052 89.53102995609873 111.5094991178689
 0.269361999285427 0.01481934225160803 0.2439218476371231 0.288469188821775 75.7396612620024 100.5141793312367
 0.2725537164021432 0.01408628982610625 0.2454416860183512 0.2917976043878653 69.56461546112193 99.66672631178393
 0.2761882337415388 0.0136166807886627 0.2475614180074157 0.299959446109286 57.35860434103612 93.09767065146808
 0.2797671799705442 0.01256992071893985 0.2582804199050139 0.301245611442497 48.71692064803412 88.22963974701675
 0.2829902787858232 0.01286184563329333 0.2600723032539108 0.306626902134199 36.94027094635319 71.17166774675306
 0.2866226888754885 0.01359984007026812 0.2675200297814647 0.3145584545988905 30.87531607764076 68.44132689436108
 0.2901477488471622 0.01506819870310654 0.2721196117835178 0.3203959293565701 27.62179295842558 69.06404589731495
 0.2941558360598702 0.01769696998511604 0.2748370570917998 0.3322409199741372 37.91411058198498 49.67370482211587
 0.2986688556640636 0.02078137946721126 0.2761368959188422 0.3425323511547023 36.35726575487122 50.27826760644415
 0.3036466856467206 0.02373192318499634 0.2789448137675714 0.3508043456586977 29.53027566617515 44.09952966843164
 0.3085537921720425 0.02578087999568207 0.2801451197835608 0.3525514116473994 36.40499969265382 31.32044232900135
 0.3143592107004857 0.02857950256531232 0.2807421758792585 0.3672263977102067 34.10062260265862 31.77006494578115
 0.3204674408967155 0.03060113665906653 0.2819425627017945 0.3723656288227075 27.7880579926527 26.59260475300001
 0.3267266426795364 0.03173918463750636 0.2842948589300052 0.3758305894441064 21.81620940603698 19.71595589262601
 0.3332933352190828 0.03251337322394924 0.288469188821775 0.3827952470232007 20.62184638301385 20.07933608207071
 0.340339454382313 0.03354168071811622 0.2917976043878653 0.3941609762702282 17.67584057553123 17.22981941370919
 0.3486035060388684 0.03591448734150515 0.299959446109286 0.4157583792361975 15.76088731262992 16.23926069388259
 0.3573183718860274 0.03899576729023212 0.301245611442497 0.4306824338166711 14.61626781510101 16.4972701162826
 0.3661060031744235 0.04028797514458833 0.306626902134199 0.4330600807684387 12.29626140037695 15.72007396392514
 0.3749117764097418 0.0407909774465047 0.3145584545988905 0.4387135006639734 7.946736434179863 8.080977102709806
 0.3833807901350425 0.04055220716357885 0.3203959293565701 0.4415936604784002 7.018146036259912 7.663349051153289
 0.3926639792310324 0.0410392023856416 0.3322409199741372 0.45964376579642 7.357861246190272 7.066602615284249
 0.4017469643789043 0.04178132134866962 0.3425323511547023 0.4684856971922158 7.15067855792932 7.167656205678801
 0.4103646264037751 0.04202568808199472 0.3508043456586977 0.4717972815277638 6.739690334262691 7.330537432513291
 0.4189013209634679 0.04206845019519275 0.3525514116473994 0.4788547640540891 5.392199415785973 6.169069023778272
 0.4276899987265969 0.04097325240835938 0.3672263977102067 0.4843815780943335 4.179227659250901 4.948427049283532
 0.4357673843325621 0.04013632340678348 0.3723656288227075 0.4883871817996857 3.392981839385347 4.494833670803828
 0.4437322413638204 0.03847591438489428 0.3758305894441064 0.4918384842915813 3.141602256943724 4.447491909029654
 0.4519454202830504 0.03601657953158021 0.3827952470232007 0.4990282732325562 2.959307644275395 4.426339238438295
 0.459943847361435 0.03273557803587225 0.3941609762702282 0.5027716531989701 2.594405294461156 4.328315738406903
 0.4682004808770321 0.03050107796334746 0.4157583792361975 0.5180104790041848 1.686490032288992 3.018988358270579
 0.4753243132866086 0.02984967793563036 0.4306824338166711 0.5226158653798434 1.127540918374769 1.822512051998877
 0.481577139155038 0.02965329834544215 0.4330600807684387 0.5244748218431144 0.9658458978563231 1.734760035727438
 0.4879630479677466 0.02875941175591903 0.4387135006639734 0.5288487129590675 0.9295932759804579 1.737596645256051
 0.4955317408761975 0.0297929585555373 0.4415936604784002 0.5522438942907352 1.206400906570443 1.35728759304189
 0.5037454184066065 0.03082592837604259 0.45964376579642 0.5647988234345357 1.033654873824229 1.149551016961733
 0.511734099102407 0.03394944083498874 0.4684856971922158 0.5794739762334283 1.191983351551664 0.7437891537773371
 0.5193575623385603 0.03630174696927912 0.4717972815277638 0.5828376457345157 1.149518368338575 0.6817966402433269
 0.5270210853628148 0.03765280233488985 0.4788547640540891 0.5867501268915813 1.084807898291302 0.7233545840212215
 0.5342711288276725 0.03818216579892793 0.4843815780943335 0.5876054160269542 0.938062748939577 0.866211188401805
 0.5416160739581906 0.03849520804449554 0.4883871817996857 0.594555755052106 0.9581094694972516 0.8689755510545538
 0.549739151562184 0.03930792703569252 0.4918384842915813 0.6102333458595849 0.9702943268112969 0.862321723016517
 0.5603745163193222 0.04384310407197111 0.4990282732325562 0.6513689556486567 0.8556055315944943 0.8041066232640097
 0.5720207415263404 0.04925207892477641 0.5027716531989701 0.673721651337828 0.7298442078897021 0.7288982555806895
 0.5887422511690394 0.06433180103674051 0.5180104790041848 0.7535942978394561 0.658770876928305 0.738218412907839
 0.6055681467548805 0.07638699703726286 0.5226158653798434 0.770398912791799 0.6199978251184219 0.7741700981305764
 0.6234698406662254 0.08637082482964006 0.5244748218431144 0.7911412740500186 0.4854971124847632 0.6768932858151466
 0.6419276518491048 0.0930310996576835 0.5288487129590675 0.8013419895863053 0.4411838879359322 0.6811440555778339
 0.6605074999754257 0.0965962031813654 0.5522438942907352 0.8075464348538809 0.4165208324699762 0.6836530204708415
 0.6789032738456841 0.1006935699926621 0.5647988234345357 0.8281805023446102 0.3557832107822833 0.6526755991097173
 0.6967398720566017 0.1027138754548014 0.5794739762334283 0.8323477965983003 0.2864268567648021 0.6066525366251531
 0.7148223590489468 0.10445546638268 0.5828376457345157 0.8507112811186047 0.2777636763878235 0.6113948127093438
 0.7351955784975723 0.1066532805074289 0.5867501268915813 0.8884359374638973 0.1659739592798187 0.4370199179464247
 0.7553923899259792 0.1052094909796957 0.5876054160269542 0.8897022983176851 0.1568812978191336 0.4374412905320869
 0.7787540058773753 0.1041921108493226 0.594555755052106 0.9380296552978958 0.2225850320579495 0.3461164378051569
 0.803651377863342 0.101621493109791 0.6102333458595849 0.9680163348416032 0.1468636204891068 0.2134677917338917
 0.8276900517904973 0.0950344851897587 0.6513689556486567 0.9708134547669145 0.0901797759862776 0.1922903279284362
 0.8502855502619683 0.09029188036968747 0.673721651337828 0.9903014327207216 0.04087599959929056 0.1889048605173944
 0.8720460874133527 0.08379924052685112 0.7535942978394561 1.000129708608595 0.02645562373756754 0.1774745913592519
 0.8893625103501882 0.08440879486269977 0.770398912791799 1.013340641891992 0.02369448938936175 0.1770458041562286
 0.9088952388305915 0.08870419815896557 0.7911412740500186 1.063389839997849 0.04591816835023319 0.1518570087305645
 0.9279663941775574 0.09225966657023361 0.8013419895863053 1.077208604254509 0.04833774513024775 0.1519383302254195
 0.946724086151395 0.09327344953998691 0.8075464348538809 1.08270736919387 0.04695389973663065 0.1518194858812065
 0.9657978206868026 0.0920246572317291 0.8281805023446102 1.093652452884994 0.03028508572518981 0.1499907991863311
 0.9848083965744598 0.09101350386403269 0.8323477965983003 1.11333914065947 0.02313570538506184 0.14113161089231
 1.005253438650571 0.08873574553872728 0.8507112811186047 1.13902342773996 0.008034019057982483 0.133827800439489
 1.024885967434208 0.08458151350701115 0.8884359374638973 1.145199212873166 0.007223409997056835 0.1345252185445997
 1.042822381494049 0.08206872827855551 0.8897022983176851 1.157482148361515 -0.003765395922685732 0.1289417528080812
 1.063341697424674 0.07948727387441901 0.9380296552978958 1.197492037277056 -0.004402983794417987 0.1285511052579005
 1.082311564395438 0.08137669021681378 0.9680163348416032 1.222577659859358 -0.02476153310040054 0.1222624365740551
 1.1011295474997 0.08558646901289348 0.9708134547669145 1.250286081405524 -0.02706827224776065 0.1205751616738827
 1.121118078906774 0.08795676030246324 0.9903014327207216 1.270641425873027 -0.003662468485059665 0.1108317138543179
 1.144261243490874 0.096348112307467 1.000129708608595 1.337448901482222 0.01281176805508062 0.07857831231675802
 1.166784652189164 0.09967993268132741 1.013340641891992 1.337980839082953 0.01075949991445002 0.07762502939485348
 1.188635473662641 0.09956519015177544 1.063389839997849 1.341102963994145 0.01128504345908461 0.07779153121287911
 1.208084222711093 0.1018199947414309 1.077208604254509 1.355121075724626 0.01202289395977394 0.07800867711953484
 1.227159348149484 0.1023505808638747 1.08270736919387 1.363335485830381 0.01750916198746525 0.08496412700067123
 1.246237489037364 0.1001490211092246 1.093652452884994 1.368879482512062 0.01389297229662911 0.08466178647286984
 1.264776312341142 0.09551725082773917 1.11333914065947 1.371734802441664 0.02121594216711557 0.08149063261268576
 1.284688548999162 0.09278641151725826 1.13902342773996 1.412022690529775 0.008516647794547466 0.07608040268631186
 1.305227977957323 0.09233727454387979 1.145199212873166 1.447114862112384 0.01455930517051009 0.0759238662069044
 1.330064270693477 0.09623909060681284 1.157482148361515 1.517743603915469 0.01865087061138138 0.07040464365027009
 1.354668990689608 0.09614342100683786 1.197492037277056 1.526552948303484 0.01795474710427196 0.07084543103292223
 1.376733930477227 0.09547166090134158 1.222577659859358 1.528466134091327 0.01462917243108351 0.06965227614644469
 1.39764241848837 0.09362429450564183 1.250286081405524 1.536204980026507 0.02022225659197685 0.0597820457947535
 1.417091733768399 0.0910947917483636 1.270641425873027 1.542025810605965 0.02011602179020601 0.05974641164652592
 1.435619550009111 0.08736717185675467 1.337448901482222 1.548558669483707 0.009114178342561676 0.05606283114517281
 1.450957226365844 0.08907955327980006 1.337980839082953 1.567514046833212 0.01532689105948509 0.05479624042648693
 1.467383889467385 0.08947585011070414 1.341102963994145 1.584380785606066 0.0120504730045615 0.05530690587296405
 1.486160469666955 0.09062751995937839 1.355121075724626 1.6227516669877 0.01345861525733116 0.05627364405898416
 1.504373442461401 0.08986019105573118 1.363335485830381 1.628315667641322 0.01325776169213037 0.05618285944060908
 1.525612220947167 0.09177290954619485 1.368879482512062 1.68191716311687 0.005424350274278389 0.04174250134081332
 1.548092150015435 0.09193725577151365 1.371734802441664 1.706078418536078 0.004092590829803161 0.0424054722799753
 1.571547531659767 0.08854824919075391 1.412022690529775 1.723565527106635 0.0006106163433627267 0.04147744113154905
 1.596821502595586 0.09371642849583992 1.447114862112384 1.791132254567055 -0.002607806936345679 0.04709832068941334
 1.619774423949476 0.09655061919887024 1.517743603915469 1.791408682420737 -0.01114698969279374 0.04751339620758602
 1.638025934809281 0.1016283553551862 1.526552948303484 1.791516266812541 -0.0066965745468541 0.04725962252787564
 1.65705363583396 0.105896004276349 1.528466134091327 1.811968463673678 -0.002619559852083798 0.0478638524299395
 1.676346131033533 0.1071495474346386 1.536204980026507 1.817853562084918 -0.001573751116011722 0.04844127607586628
 1.696213004855129 0.1069361699236817 1.542025810605965 1.834208087350447 0.0005181090049641062 0.04698492777465497
 1.716951441618084 0.1050456228337301 1.548558669483707 1.853102362050295 -0.001089754543182813 0.04601017805730532
 1.743453231202114 0.1095755722832647 1.567514046833212 1.946085513244163 0.003480353779683262 0.04419460356439083
 1.775483970199663 0.1237753588190888 1.584380785606066 2.047975131796439 -0.003599300934309208 0.04500571485704444
 1.808915178663762 0.1356271246337271 1.6227516669877 2.08584891256755 -0.00332724597337714 0.04491891409270204
 1.84202536482381 0.1470734780067031 1.628315667641322 2.119404459388424 -0.008884973291612339 0.04168920039699605
 1.881759113043878 0.1646697450440172 1.68191716311687 2.224321890942339 -0.00955977274938144 0.04099432373684151
 1.920151228406197 0.1810654070463163 1.706078418536078 2.257798893551667 -0.01067590887286014 0.03991299288452173
 1.95862132937058 0.1932268623821957 1.723565527106635 2.283129933001815 -0.01003601000544027 0.03974734511164458
 1.99787264294412 0.2016830955464613 1.791132254567055 2.312335230709731 -0.007179428973493664 0.04101327686904149
 2.035372208892448 0.2125004896281272 1.791408682420737 2.353625743791977 -0.004053937447615726 0.0349978964228493
 2.07405188201695 0.2176632594625008 1.791516266812541 2.371603779288259 0.001001560629639697 0.02933574586812016
 2.113588546415161 0.2165356608664396 1.811968463673678 2.384566232785714 -0.001669984354056355 0.02911714905781927
 2.160940959942644 0.2234194088376971 1.817853562084918 2.522254666585931 -0.001661063483028065 0.02912838361757386
 2.209401054261976 0.2225189843167006 1.834208087350447 2.544754976874886 -0.0005836274695775606 0.03066381909307108
 2.260696223148314 0.21849959022261 1.853102362050295 2.603635620645517 -0.002424990867717712 0.03242430683024786
 2.314587236099201 0.2103246265917587 1.946085513244163 2.6614675563136 -0.004227513599599231 0.03219885765088838
 2.363048897305798 0.2029700818473482 2.047975131796439 2.67301043134313 -0.006981082081736632 0.03185801260151744
 2.413808793519761 0.2134816305260272 2.08584891256755 2.809373575005876 -0.003444120103007678 0.02857380311780374
 2.466813578813481 0.2246481256814988 2.119404459388424 2.880920691973353 0.001131413543564968 0.03192234511470844
 2.519246026746628 0.2295015629348212 2.224321890942339 2.90589117838563 0.004864181532143776 0.0320094431449213
 2.564852726380734 0.2346230974467943 2.257798893551667 2.908422385453926 0.001416469343944839 0.03241629017742587
 2.610444489216925 0.2371265575799754 2.283129933001815 2.941675336094527 -0.002085019127887779 0.03331086686005851
 2.663526451929212 0.2475143558638649 2.312335230709731 3.07935937368613 -0.002052391210580367 0.03329736113270886
 2.719077376397547 0.2564116629917712 2.353625743791977 3.145599097734753 -0.004482713509506292 0.03213867218203809
 2.774438601693988 0.2614688418686554 2.371603779288259 3.184044123238599 -0.003770160371963617 0.03115011867671221
 2.828776079733156 0.256416297036866 2.384566232785714 3.186665949875771 -0.004966823414234558 0.03122582040017292
 2.891754484661555 0.2555303039502294 2.522254666585931 3.329242306711687 -0.003032975461719514 0.0312500277989891
 2.947115326767787 0.2596809128310753 2.544754976874886 3.352667298179428 -0.005039086242240916 0.02972563470167816
 3.003420328173254 0.2577629915449494 2.603635620645517 3.38932999795688 -0.009905186614888007 0.02643974771624226
 3.056045998542625 0.2507991994766962 2.6614675563136 3.393020676186092 -0.009304300104065097 0.02571511789671523
 3.113351335832477 0.2523997920019433 2.67301043134313 3.52104761566138 -0.01033762070680025 0.02618451808188226
 3.169947360855817 0.2415553670236904 2.809373575005876 3.521950806693236 -0.01101507435396405 0.0266505176053836
 3.220960250891189 0.2407658535894303 2.880920691973353 3.574566925536436 -0.01157738226628948 0.02660057146458932
 3.270262394914851 0.241876837528503 2.90589117838563 3.620452852328294 -0.01534917337215177 0.01980933878321173
 3.328556812634076 0.2529070474699441 2.908422385453926 3.780307444174017 -0.01895582060275152 0.0149661985311083
 3.404509863630273 0.2865577414683031 2.941675336094527 4.047718150396862 -0.01554089437598829 0.01858558041719931
 3.482116624854471 0.3090113336122409 3.07935937368613 4.105776754457506 -0.01116686959322808 0.02133874607904282
 3.575959281665666 0.382875495902265 3.145599097734753 4.486999225854056 -0.0110306012507717 0.02132115578207026
 3.665933496201341 0.4301741257619437 3.184044123238599 4.49521231576987 -0.01152111710890196 0.02130485979466551
 3.760890513262338 0.4714316300277251 3.186665949875771 4.608399379153554 -0.009385786138667791 0.01982655235691804
 3.861945650275701 0.5010822742332091 3.329242306711687 4.702493005076223 -0.01020031987889552 0.02032648789892387
 3.97006104567106 0.5504571081440568 3.352667298179428 4.950973237642065 -0.01118574318735449 0.01957656098417405
 4.368920331799292 1.470254565824861 3.38932999795688 9.335556590102914 -0.01153755226483403 0.01935846860524658
 7.558406040574984 12.16794209003715 3.393020676186092 51.23161562959228 -0.01390480647577323 0.0230984092402295
 12.40198944661294 21.37125022636627 3.52104761566138 76.04677176675536 -0.01339627742356519 0.02269423142054544
 21.15143385369258 37.92775911726334 3.521950806693236 134.7627137218561 -0.02054058006571464 0.03889715561378211
 32.26855915273827 53.59473144119702 3.574566925536436 170.2788302923785 -0.02755099845761121 0.04932651696399982
 45.54315894749229 68.55219355401785 3.620452852328294 202.6935638468467 -0.02361099398497098 0.05278471836141133
 135.6798660674699 344.196772909303 3.780307444174017 1355.671059651993 -0.8031438779716249 3.013805232674855
 561.2150156124911 1647.543566327711 4.047718150396862 6386.807550619491 -17.2493352476738 63.55097704440399
 1115.889342188714 2582.075067711356 4.105776754457506 8324.162616793747 -52.54985793960825 146.369170026976
 1849.326078311825 3603.986478558583 4.486999225854056 11005.65681860111 -22.91211075145227 194.7800501886457
 3143.082171571877 5742.933046022047 4.49521231576987 19410.82839812664 -618.7189476078214 2309.434922673219
 5266.127936687462 9290.451720484758 4.608399379153554 31850.18168904954 -1433.681574831575 3770.341759407738
 8898.688757185673 15597.72377311548 4.702493005076223 54493.0207068523 7.828601538210205 7057.853652861478


